0.067752
0.069437
0.039500
0.026866
0.032427
0.042881
0.034806
0.026452
0.032124
0.042581
0.034765
0.026478
0.032070
0.042510
0.034744
0.026471
0.032021
0.042450
0.034705
0.026446
0.031973
0.042409
0.034669
0.026420
0.031930
0.042370
0.034637
0.026392
0.031898
0.042332
0.034611
0.026369
0.031869
0.042295
0.034575
0.026340
0.031835
0.042259
0.034540
0.026315
0.031806
0.042226
0.034508
0.026293
0.031773
0.042184
0.034472
0.026267
0.031738
0.042145
0.034435
0.026239
0.031701
0.042100
0.034396
0.026211
0.031665
0.042057
0.034360
0.026186
0.031630
0.042010
0.034320
0.026157
0.031591
0.041960
0.034276
0.026126
0.031550
0.041911
0.034230
0.026093
0.031507
0.041860
0.034181
0.026059
0.031463
0.041806
0.034132
0.026027
0.031419
0.041752
0.034084
0.025993
0.031370
0.041692
0.034033
0.025958
0.031318
0.041631
0.033979
0.025919
0.031265
0.041566
0.033919
0.025876
0.031208
0.041499
0.033856
0.025832
0.031152
0.041435
0.033796
0.025790
0.031095
0.041367
0.033734
0.025747
0.031036
0.041296
0.033671
0.025704
0.030976
0.041222
0.033604
0.025660
0.030913
0.041149
0.033535
0.025616
0.030850
0.041075
0.033466
0.025571
0.030784
0.040998
0.033395
0.025526
0.030720
0.040921
0.033326
0.025480
0.030655
0.040842
0.033256
0.025434
0.030589
0.040763
0.033186
0.025387
0.030523
0.040684
0.033116
0.025340
0.030457
0.040605
0.033046
0.025293
0.030390
0.040525
0.032975
0.025247
0.030324
0.040445
0.032904
0.025200
0.030258
0.040366
0.032833
0.025153
0.030192
0.040287
0.032763
0.025106
0.030126
0.040208
0.032693
0.025059
0.030061
0.040130
0.032623
0.025012
0.029995
0.040052
0.032554
0.024967
0.029930
0.039976
0.032485
0.024922
0.029867
0.039901
0.032417
0.024877
0.029805
0.039826
0.032351
0.024831
0.029743
0.039753
0.032285
0.024787
0.029683
0.039680
0.032220
0.024744
0.029624
0.039609
0.032156
0.024701
