23.442574
22.854858
23.278217
22.052334
23.090628
22.219057
22.470791
25.210632
24.599495
26.483559
23.234745
22.718519
22.102537
21.242451
21.856062
22.681601
22.689785
22.039505
21.937281
20.527405
21.733517
21.955931
22.740849
22.773777
22.973099
21.209206
21.719427
22.174400
20.952612
21.098629
20.494457
20.884338
21.091999
21.508404
21.087261
19.519894
20.526587
21.172729
20.955978
21.509043
20.040920
19.386650
20.378351
18.805792
18.752382
19.332777
19.536709
19.453760
19.073654
19.963120
19.682526
19.045624
19.360920
19.157444
19.677204
20.800690
18.268864
18.938831
19.146923
19.624096
19.199017
19.305285
19.385933
18.969141
18.907993
17.897142
18.677855
17.708061
16.794918
16.502996
17.433071
18.933556
18.528610
19.121323
18.279480
18.405155
17.695402
17.883076
17.143322
16.702034
15.881894
15.770519
17.890709
17.135799
15.994579
16.626352
16.369701
17.229160
17.408213
17.010323
17.718035
14.510116
13.980281
15.014444
15.935022
15.326475
13.734985
14.609949
14.446198
16.265953
12.728916
14.565662
13.648268
14.965368
13.957925
14.629031
15.578543
12.575668
13.093063
14.000559
14.033321
14.861160
14.690012
13.606011
14.084827
12.611632
13.325642
12.471996
13.045174
13.089508
11.940585
10.236647
14.402443
14.980062
12.212095
15.224100
12.255446
14.783214
10.846014
12.442893
15.262865
7.588171
14.367197
10.429317
11.825330
14.057371
13.987089
11.781599
10.360458
13.514214
11.753677
11.951038
11.266003
12.210842
10.775335
11.060398
11.414410
12.304928
12.899675
10.048086
10.042971
6.722274
8.963913
12.418127
11.888300
11.093626
12.578898
12.114853
9.344437
11.445574
10.647161
10.240753
9.673837
11.636702
10.954885
8.984102
10.175909
10.102783
10.702000
12.782768
10.114000
12.177061
10.665210
8.981336
9.320507
7.334128
9.155202
6.219429
11.188107
10.148352
8.430103
8.546875
7.504921
7.755469
8.804512
9.610190
7.994350
6.964695
10.535924
8.869947
8.163528
8.586477
8.466846
8.735649
8.310919
8.343112
8.148643
7.863474
9.335312
5.955597
6.112359
7.947468
7.539161
7.954225
9.496712
8.902787
8.837387
6.760543
8.480387
7.846754
7.940488
7.061284
8.135417
6.064686
7.670433
8.548994
6.531817
7.759080
8.481310
6.712073
8.605902
8.165706
6.717916
6.553086
8.147621
7.410806
6.971229
6.009101
8.365896
7.629213
7.865669
6.347414
6.459010
5.620918
6.071675
6.639537
4.983409
7.759250
5.657843
6.767414
6.390858
6.155693
6.326388
7.137084
6.744587
6.410081
6.374789
3.277286
6.063785
6.372555
5.836115
5.308613
7.122248
7.100030
5.700162
6.598369
5.651362
5.422492
7.225850
5.032361
5.743788
6.039154
4.755883
5.323762
5.314516
5.933972
5.657454
4.601218
6.026059
5.511337
6.600062
5.505460
5.073839
5.173115
5.021876
6.649011
6.344048
4.199075
4.968308
5.878743
7.222035
5.379367
5.372285
5.785951
6.039665
5.206654
5.063467
5.307981
3.825187
5.836467
5.156111
4.002705
4.523909
4.860271
5.326477
4.949805
4.776554
4.833024
4.733413
4.155785
4.544916
3.974966
4.310174
4.183717
4.581431
3.653204
3.768950
4.929535
4.538900
3.264323
4.384310
3.618066
3.196806
4.323882
3.194668
3.874506
3.851306
3.587909
3.556520
2.880682
2.820519
3.584085
2.535098
3.546780
3.599441
3.353678
3.864495
3.079336
2.759277
3.018984
3.044457
4.799409
3.427974
2.798793
2.542558
2.675159
2.644889
2.734770
4.618799
2.497524
2.660032
2.664114
2.332760
3.761389
2.741783
4.196531
2.610332
2.604035
4.498492
4.124681
4.437815
3.732247
4.265784
3.780166
3.800871
5.134323
4.768652
5.926474
4.303526
3.819912
3.662657
3.424725
3.499607
4.020635
3.872623
3.660144
3.590455
3.039790
3.540326
3.594681
3.889480
4.016802
4.051791
3.384492
3.555859
3.771383
3.189761
3.349736
3.041305
3.281520
3.199814
3.405077
3.304546
2.649213
2.991284
3.293651
3.270625
3.475965
2.941200
2.768641
3.069952
2.568733
2.704427
2.838116
2.885588
2.816883
2.761148
3.139518
2.998730
2.816569
2.938819
2.926411
3.140188
3.586530
2.678922
2.848106
3.040765
3.192393
3.101022
3.121954
3.175176
3.052739
3.129610
2.813931
3.000413
2.672393
2.452229
2.380630
2.710972
3.275406
3.112262
3.412734
3.046098
3.053414
2.777285
2.956339
2.732378
2.618928
2.238196
2.268103
3.005448
2.804563
2.411648
2.632589
2.756037
2.979048
3.065292
3.025008
3.241910
2.132376
1.868988
2.275521
2.532478
2.605374
1.926582
2.293059
2.143990
2.898069
1.731311
2.280488
1.907204
2.414216
2.185274
2.420768
2.835646
1.667686
2.123318
2.357073
2.202722
2.638975
2.548044
2.194072
2.373787
1.998667
2.197527
1.781664
1.994630
2.151803
1.641242
1.047862
2.495285
3.103897
1.689821
3.023702
1.703057
2.867406
1.351796
2.059702
3.154662
1.052456
2.947120
1.190459
1.787748
2.701549
2.739986
1.873310
1.881986
2.796961
1.778611
2.105636
2.287337
2.039711
1.438493
1.896445
1.830400
2.178626
2.697807
1.562477
1.665980
1.102778
1.038891
2.391062
2.122682
1.774571
2.563118
2.407253
1.276273
2.121135
2.025723
1.738821
1.453044
2.258727
2.057498
1.123727
1.887891
1.687766
1.940157
2.929237
1.845492
2.677156
1.946263
1.334759
1.736623
0.799010
1.598888
0.705609
2.494678
1.981062
1.263666
1.334938
0.923468
1.199949
1.307513
2.035450
1.160189
1.040864
2.377233
1.863160
1.308852
1.515833
1.352347
1.545429
1.316087
1.430798
1.251587
1.439817
2.047189
0.868177
0.666731
1.345469
1.237106
1.728223
2.031237
1.788376
1.829938
1.383906
1.538651
1.397858
1.490977
1.342970
1.532763
1.244453
1.353886
1.793000
1.002104
1.581030
1.854609
1.108983
2.204332
1.789859
1.180986
1.091506
1.720056
1.362987
1.480208
0.887627
1.821866
1.492324
1.689826
1.236388
1.163353
0.732402
1.116383
1.633573
0.851587
1.744301
1.296710
1.238587
1.629553
0.965635
1.417620
1.462845
1.262249
1.184566
1.269305
1.001103
1.217342
1.160443
1.093991
0.841563
1.661900
1.777099
1.121699
1.387245
1.159176
0.936979
1.630707
0.714821
1.150550
1.267597
0.843797
1.409624
1.421824
1.197918
1.048059
0.831972
1.226924
1.183346
1.552225
1.125151
1.502062
1.098878
1.054852
1.605130
1.525184
0.735516
1.019413
1.264629
2.025720
1.150719
1.205982
1.369700
1.385606
0.975953
1.490662
1.101457
0.678599
1.363452
1.025192
0.718851
0.808652
1.145257
1.300225
0.943630
1.521888
0.984174
0.841893
1.086143
1.051885
0.725556
1.143701
0.759933
0.990704
0.755314
0.914919
1.024277
1.049807
1.083105
1.065683
0.672478
0.755443
0.890754
0.578171
1.091293
0.810522
0.902013
1.165790
0.542647
1.284280
1.161298
0.824635
1.280286
0.695672
1.025244
1.052433
1.096911
1.421511
0.892200
0.862900
1.338420
1.280797
0.844136
0.881589
1.308037
0.784564
1.178497
1.274065
1.078008
0.792874
1.091835
0.454487
1.255414
1.220325
1.679431
1.048876
1.278048
1.530041
1.266526
1.546060
1.076530
1.422441
1.097800
1.050183
1.805632
1.575904
2.435314
1.486640
1.048833
1.080730
1.097133
0.966015
1.373940
1.170409
1.139407
1.091727
0.877228
1.106293
1.110837
1.221841
1.397468
1.354709
1.109393
1.163218
1.291893
0.940795
1.100515
0.910783
1.081890
0.908957
1.020509
1.026062
0.707996
0.801999
0.972550
1.011343
1.074888
0.869003
0.859347
0.899417
0.770644
0.968466
0.916851
0.884891
0.811649
0.835080
1.023373
0.912072
0.877839
0.905321
0.943727
1.023955
1.203759
0.866553
0.841484
1.005541
1.008458
1.021008
0.984372
1.008319
0.975485
1.072745
0.986242
0.944604
0.828288
0.834656
0.824132
0.923401
1.115367
1.018275
1.197201
0.980667
0.923686
0.794751
0.937020
0.893570
0.873232
0.637702
0.693173
0.906798
0.875288
0.735152
0.801462
1.037330
1.008178
1.044306
1.104647
1.138109
0.764804
0.582467
0.736803
0.738891
1.047876
0.685636
0.840953
0.676410
1.029677
0.701486
0.773844
0.571776
0.761252
0.804100
0.868460
1.053062
0.538934
0.971645
0.944087
0.694470
0.971331
0.894984
0.787006
0.839773
0.846360
0.841040
0.580368
0.637800
0.813387
0.521276
0.315197
0.766657
1.362947
0.424509
1.135943
0.400969
1.052189
0.404654
0.778533
1.230687
1.140180
1.235438
0.263416
0.552853
0.970905
1.036312
0.645762
1.162197
1.237143
0.477252
0.835497
1.329503
0.622417
0.319318
0.824890
0.585020
0.725547
1.193129
0.681173
0.810498
1.241411
0.318496
0.900077
0.705910
0.511779
1.032867
0.968211
0.431669
0.798730
0.945908
0.689815
0.496398
0.861281
0.822554
0.257566
0.853030
0.596762
0.705910
1.292446
0.779367
1.149296
0.686413
0.455824
0.868302
0.305722
0.718389
0.554193
1.183677
0.837979
0.481545
0.521150
0.326264
0.603748
0.359634
1.051318
0.430191
0.636796
1.142302
1.039326
0.533982
0.648420
0.456257
0.614335
0.446856
0.574499
0.395895
0.742622
1.029506
0.639045
0.292751
0.549299
0.532640
1.040221
0.878241
0.755279
0.839932
0.968081
0.549253
0.577870
0.656326
0.768359
0.624665
0.973938
0.532503
0.804500
0.457085
0.784481
0.884555
0.506120
1.301445
0.881601
0.580660
0.499813
0.775813
0.547512
0.855011
0.387111
0.796164
0.612800
0.779327
0.708047
0.561940
0.273431
0.623398
1.107959
0.639482
0.843181
0.982985
0.498463
1.158533
0.330121
0.875511
0.635736
0.494159
0.504778
0.629886
1.380270
0.652773
0.462709
0.553052
0.391128
0.839994
1.006776
0.610970
0.646485
0.670851
0.439343
0.727868
0.269744
0.592887
0.637803
0.521402
1.077004
1.095115
0.559111
0.443308
0.526237
0.540143
0.665176
0.769352
0.567461
1.245700
0.641980
0.635520
0.787995
0.780464
0.478340
0.584527
0.577275
1.120347
0.595963
0.663048
0.732393
0.655126
0.391228
1.145118
0.521533
0.475967
0.667133
0.452430
0.441265
0.373609
0.707382
0.742893
0.389669
1.232817
0.471094
0.310088
0.848975
0.652032
0.409577
0.852403
0.367106
0.540554
0.545629
0.717511
0.444246
0.613406
1.121369
0.680632
0.417919
0.681080
0.446516
0.428397
0.877954
0.496894
0.712656
1.077343
0.474596
1.496691
1.046343
0.966121
1.218590
0.390497
0.927718
0.777431
1.117063
1.674398
0.850025
0.796146
0.801019
1.218990
0.847326
0.982837
1.521121
0.808518
1.308839
0.747747
1.249470
0.800012
1.200708
0.445828
1.012622
1.333269
1.426984
1.136153
1.453687
1.103659
0.876560
1.138340
0.751186
1.026963
0.752741
0.680178
1.217596
1.039236
1.781487
1.073668
0.654560
0.749384
0.852849
0.643403
1.006394
0.778380
0.809558
0.766807
0.668464
0.795387
0.781309
0.822711
1.014337
0.934681
0.837926
0.848849
0.943675
0.668747
0.823730
0.676162
0.816227
0.613346
0.684876
0.723062
0.524720
0.528173
0.649318
0.707176
0.715618
0.624130
0.669686
0.614436
0.615092
0.834940
0.711944
0.646880
0.571513
0.614070
0.735615
0.631357
0.648263
0.637314
0.691772
0.720463
0.801384
0.667670
0.572585
0.723010
0.666559
0.715239
0.653437
0.664780
0.662972
0.762238
0.755318
0.631477
0.589102
0.673507
0.683179
0.698815
0.749720
0.673684
0.807932
0.642612
0.559638
0.484813
0.607002
0.630781
0.639847
0.456312
0.516783
0.537877
0.561425
0.510687
0.523225
0.795484
0.672169
0.688760
0.780002
0.749223
0.638133
0.483951
0.542912
0.452000
0.846631
0.598059
0.672046
0.498941
0.706232
0.678401
0.578725
0.433831
0.504344
0.645764
0.647531
0.740600
0.462921
0.890626
0.766575
0.477149
0.694173
0.621863
0.600274
0.604550
0.747332
0.665895
0.463609
0.460033
0.638313
0.424369
0.356789
0.447693
1.035136
0.267149
0.751930
0.228325
0.690863
0.357519
0.609830
0.826768
1.464725
0.902491
0.215586
0.390696
0.626531
0.700672
0.482474
1.182121
0.946850
0.280033
0.647362
1.256609
0.377400
0.183670
0.704406
0.397502
0.462065
0.905909
0.622742
0.759748
1.551325
0.312812
0.615754
0.444218
0.305921
0.728011
0.692348
0.373688
0.563121
0.796738
0.550329
0.389822
0.590748
0.609595
0.178333
0.710788
0.433409
0.487483
0.928533
0.623249
0.823452
0.455123
0.362315
0.777086
0.351006
0.620306
0.718750
0.928466
0.638466
0.414433
0.439936
0.321859
0.599237
0.226671
0.904839
0.373294
0.698790
0.898942
0.944876
0.457429
0.535890
0.331336
0.476421
0.330545
0.459454
0.281560
0.683485
0.854082
0.748181
0.346619
0.451359
0.464381
0.976296
0.642876
0.562908
0.666535
0.998976
0.372430
0.461303
0.531677
0.738123
0.471398
1.050571
0.408864
0.619674
0.434325
0.667121
0.702688
0.457745
1.142765
0.718038
0.531609
0.449583
0.598936
0.416113
0.790472
0.366441
0.583974
0.454783
0.606303
0.673822
0.500942
0.264009
0.600112
1.069828
0.715416
0.669260
1.019312
0.381109
1.137138
0.247900
0.825840
0.482075
0.359981
0.402541
0.542771
1.661110
0.589611
0.352659
0.496849
0.366188
0.678364
0.865827
0.562137
0.515616
0.630141
0.392906
0.535202
0.242482
0.522150
0.539921
0.534839
1.085003
1.106004
0.456397
0.350442
0.541115
0.415969
0.602625
0.611089
0.486577
1.277829
0.596893
0.604904
0.612230
0.629214
0.503653
0.546186
0.445107
0.908208
0.511967
0.581054
0.616232
0.504182
0.291766
1.133661
0.424919
0.514894
0.524294
0.355367
0.448379
0.324522
0.657454
0.648701
0.296587
1.234272
0.389818
0.222093
0.867618
0.609926
0.397499
0.848545
0.324985
0.479764
0.569408
0.745546
0.334709
0.554354
1.235080
0.638844
0.422746
0.750995
0.381070
0.468973
0.895680
0.477348
0.737096
1.136942
0.542353
1.662675
1.095133
1.105950
1.286082
0.368518
0.979963
0.766661
1.210324
1.850222
0.918642
0.855303
0.694348
1.278976
0.928940
1.097140
1.674966
0.895131
1.431864
0.642281
1.385726
0.879116
1.313729
0.517510
1.002932
1.445935
1.413400
1.238691
1.586926
1.029182
0.814215
1.069250
0.710061
0.961564
0.703699
0.622656
1.084490
0.924008
1.625049
0.999315
0.586949
0.702663
0.835367
0.598678
0.945846
0.708924
0.761015
0.719625
0.660426
0.751919
0.731450
0.748651
0.945630
0.852219
0.805927
0.802161
0.885146
0.635435
0.788220
0.655101
0.783806
0.571122
0.628155
0.676807
0.519384
0.491719
0.595719
0.659755
0.648805
0.596093
0.660179
0.572183
0.616645
0.844024
0.696201
0.619087
0.543003
0.590866
0.689815
0.587554
0.621845
0.597132
0.656879
0.667427
0.714005
0.650124
0.531044
0.676374
0.598702
0.659718
0.588663
0.595452
0.604249
0.703459
0.723817
0.571548
0.554434
0.665409
0.681790
0.668651
0.669888
0.600683
0.719469
0.571485
0.479158
0.423383
0.537555
0.585156
0.603825
0.438410
0.500022
0.453803
0.495493
0.475612
0.470011
0.754318
0.597816
0.607495
0.708596
0.655998
0.635686
0.491273
0.516338
0.392998
0.817770
0.608896
0.653710
0.477172
0.633462
0.710232
0.550652
0.424957
0.453227
0.629367
0.609289
0.668807
0.474038
0.901001
0.742874
0.438521
0.634326
0.563364
0.571704
0.558613
0.748949
0.640510
0.459360
0.433565
0.612140
0.425598
0.406408
0.371064
0.954598
0.246223
0.651393
0.201982
0.597854
0.374978
0.584651
0.718614
1.612831
0.818319
0.232002
0.366489
0.537866
0.615015
0.457585
1.221931
0.876153
0.242123
0.612346
1.262986
0.321867
0.167167
0.693013
0.361678
0.399483
0.833994
0.632413
0.771987
1.691298
0.340377
0.544808
0.380857
0.262474
0.649359
0.623175
0.382103
0.508009
0.771967
0.528792
0.379938
0.522187
0.561201
0.177344
0.687287
0.402433
0.436459
0.826362
0.594917
0.734697
0.399335
0.355378
0.770775
0.393325
0.611300
0.802539
0.863898
0.592522
0.415944
0.435973
0.344860
0.622268
0.204102
0.877571
0.377299
0.745296
0.836343
0.935210
0.454298
0.519563
0.310275
0.450842
0.312581
0.441248
0.263885
0.684988
0.814490
0.809329
0.387607
0.438999
0.461808
0.975048
0.580247
0.515553
0.626893
1.030995
0.330942
0.441046
0.508006
0.748147
0.437365
1.098041
0.385174
0.574270
0.446914
0.645427
0.657810
0.460489
1.106227
0.679039
0.534145
0.450747
0.555542
0.388709
0.786434
0.377758
0.527091
0.417585
0.562939
0.680010
0.497672
0.279177
0.610119
1.073979
0.760352
0.625347
1.049781
0.357103
1.147148
0.235940
0.825342
0.444434
0.328912
0.382967
0.528852
1.778026
0.583636
0.330469
0.493171
0.373344
0.636455
0.831973
0.560643
0.485396
0.631780
0.391988
0.482614
0.248655
0.512295
0.520254
0.554907
1.102871
1.125250
0.435030
0.332012
0.561080
0.386202
0.595114
0.569660
0.471687
1.304717
0.594776
0.608275
0.563770
0.589144
0.526525
0.546697
0.411682
0.846174
0.495949
0.565244
0.588359
0.463744
0.269399
1.143172
0.404069
0.542163
0.486091
0.333839
0.463357
0.319788
0.652621
0.627892
0.276204
1.247434
0.373019
0.203013
0.886830
0.606967
0.405241
0.859223
0.321532
0.470366
0.589743
0.767557
0.307341
0.545020
1.288001
0.635503
0.435806
0.787369
0.368458
0.495038
0.913598
0.481611
0.757482
1.170005
0.579356
1.734967
1.124360
1.168848
1.322758
0.370939
1.010657
0.774071
1.256561
1.928532
0.956949
0.890121
0.663186
1.314332
0.972662
1.152881
1.749173
0.941180
1.492557
0.610225
1.451558
0.922512
1.369876
0.556527
1.008844
1.500297
1.418119
1.288155
1.649898
1.010174
0.799992
1.051994
0.703824
0.946159
0.693794
0.610122
1.041326
0.889046
1.572911
0.979205
0.570583
0.694010
0.837804
0.590409
0.931272
0.690687
0.750888
0.710069
0.665675
0.743232
0.720809
0.728629
0.928021
0.828189
0.801325
0.792409
0.870906
0.630170
0.781791
0.654727
0.778780
0.563156
0.613903
0.666099
0.524707
0.485511
0.582996
0.649360
0.630655
0.592717
0.663895
0.563457
0.624575
0.855545
0.697407
0.615335
0.539479
0.588033
0.679142
0.577474
0.618568
0.588224
0.650081
0.653500
0.686776
0.649935
0.522101
0.665329
0.578789
0.644841
0.569821
0.574943
0.588083
0.686699
0.717445
0.554710
0.547357
0.668382
0.687509
0.663588
0.644649
0.578126
0.691231
0.549831
0.453784
0.406027
0.516198
0.573871
0.595872
0.437836
0.499493
0.426962
0.474885
0.467033
0.455248
0.743820
0.574263
0.581392
0.685659
0.625415
0.640005
0.499573
0.511042
0.375341
0.812303
0.619110
0.651989
0.473928
0.610579
0.727834
0.545447
0.426659
0.438057
0.628150
0.599828
0.645014
0.482876
0.910591
0.739184
0.428333
0.615829
0.545510
0.565341
0.545338
0.754149
0.635135
0.463018
0.427976
0.606220
0.430530
0.430201
0.345974
0.927510
0.242343
0.616588
0.196277
0.565940
0.386405
0.579678
0.681160
1.675537
0.789693
0.243078
0.361490
0.507544
0.585980
0.452530
1.242229
0.852545
0.231486
0.602705
1.270187
0.304136
0.165221
0.692945
0.351579
0.379104
0.809268
0.640364
0.780881
1.750337
0.355051
0.521571
0.359969
0.249624
0.622654
0.599620
0.389575
0.490095
0.765858
0.523915
0.379778
0.498578
0.545473
0.180362
0.681405
0.393767
0.419617
0.789900
0.587697
0.703700
0.380937
0.356236
0.771811
0.413718
0.611291
0.838414
0.842959
0.578007
0.419931
0.437638
0.356707
0.634233
0.198775
0.870582
0.381972
0.766430
0.815527
0.934666
0.456445
0.516489
0.305258
0.444236
0.308921
0.437108
0.260207
0.688384
0.802463
0.835475
0.405827
0.437357
0.463465
0.977105
0.558737
0.499932
0.614906
1.045721
0.318002
0.436121
0.501504
0.754603
0.426936
1.118455
0.378686
0.559617
0.454598
0.639717
0.643202
0.464162
1.094883
0.666457
0.537936
0.453444
0.541715
0.380881
0.787269
0.384346
0.507779
0.406072
0.548615
0.684669
0.498835
0.287484
0.616346
1.077631
0.779668
0.611100
1.063439
0.350398
1.153197
0.233610
0.827267
0.432309
0.319097
0.377638
0.525870
1.824550
0.583398
0.324447
0.493796
0.377958
0.622309
0.821315
0.562025
0.476241
0.634615
0.393580
0.464765
0.253181
0.510441
0.514643
0.564433
1.111389
1.134508
0.428990
0.326799
0.570390
0.376670
0.594190
0.556058
0.467549
1.316988
0.595575
0.611406
0.547252
0.575619
0.536870
0.548825
0.400707
0.824348
0.491772
0.560894
0.579548
0.450120
0.262490
1.148652
0.398131
0.554335
0.473107
0.327436
0.470425
0.319628
0.652537
0.621714
0.270271
1.254035
0.368146
0.197376
0.895732
0.607285
0.409657
0.864693
0.321547
0.468571
0.598830
0.777319
0.298838
0.543098
1.310017
0.635814
0.442658
0.803615
0.364978
0.506892
0.922368
0.484862
0.766973
1.184293
0.595455
1.764309
1.137058
1.194544
1.338515
0.373152
1.023723
0.778450
1.275480
1.959459
0.972299
0.904079
0.653254
1.328575
0.990663
1.175372
1.778800
0.958998
1.514734
0.600540
1.475057
0.938481
1.391764
0.572060
1.012252
1.522570
1.421251
1.308317
1.675682
1.004273
0.795921
1.046669
0.702756
0.941670
0.691167
0.606698
1.026000
0.877136
1.554159
0.972655
0.565773
0.692027
0.839945
0.588484
0.926930
0.684883
0.748183
0.707601
0.668699
0.740940
0.717953
0.722206
0.922656
0.820021
0.800519
0.789786
0.866644
0.629089
0.780203
0.655649
0.777179
0.561310
0.609500
0.662898
0.527666
0.484001
0.579241
0.646469
0.624794
0.592353
0.666179
0.561161
0.628430
0.860854
0.698803
0.614769
0.539121
0.587555
0.675982
0.574496
0.618192
0.585635
0.648326
0.648993
0.677228
0.650662
0.519669
0.662057
0.572003
0.640037
0.563400
0.567930
0.582778
0.681007
0.715658
0.549119
0.545478
0.670232
0.690430
0.662564
0.635734
0.570185
0.681232
0.542289
0.444810
0.400290
0.508689
0.570469
0.593620
0.438515
0.500078
0.417424
0.467518
0.464273
0.450381
0.740465
0.565859
0.572061
0.677333
0.614405
0.642290
0.503467
0.509580
0.369200
0.810991
0.623932
0.652028
0.473323
0.602480
0.735294
0.544267
0.427979
0.432747
0.628363
0.596934
0.636196
0.486757
0.915013
0.738577
0.425281
0.609734
0.539248
0.563469
0.540765
0.756723
0.633581
0.465224
0.426415
0.604413
0.432975
0.439950
0.336935
0.917514
0.241328
0.603647
0.194671
0.554111
0.391469
0.578458
0.667306
1.700636
0.779090
0.248044
0.360142
0.496318
0.575286
0.451241
1.250865
0.843836
0.227893
0.599451
1.273736
0.297716
0.165124
0.693549
0.348127
0.371712
0.799955
0.644053
0.784949
1.774073
0.361307
0.513166
0.352315
0.245208
0.612814
0.590859
0.393105
0.483569
0.763932
0.522457
0.380212
0.489697
0.539648
0.181951
0.679511
0.390807
0.413339
0.776108
0.585469
0.692108
0.374190
0.357071
0.772707
0.422310
0.611814
0.853298
0.834726
0.572090
0.422259
0.438822
0.362188
0.639861
0.197024
0.868219
0.384458
0.776181
0.807007
0.934934
0.458022
0.515682
0.303539
0.441944
0.307922
0.435661
0.259145
0.690239
0.797811
0.847164
0.413948
0.437231
0.464486
0.978250
0.549610
0.493385
0.610396
1.052329
0.312925
0.434460
0.498985
0.757755
0.422748
1.127434
0.376229
0.553699
0.458493
0.637630
0.637252
0.466165
1.090424
0.661254
0.540144
0.454851
0.536264
0.377984
0.787942
0.387434
0.499799
0.401656
0.542689
0.686985
0.499721
0.291501
0.619420
1.079382
0.788251
0.605472
1.069496
0.347951
1.156132
0.232936
0.828371
0.427435
0.315108
0.375628
0.525020
1.844735
0.583549
0.322383
0.494331
0.380121
0.616339
0.817128
0.562860
0.472798
0.636209
0.394493
0.457610
0.255520
0.509885
0.512467
0.568757
1.115187
1.138804
0.426782
0.324756
0.574535
0.372803
0.594110
0.550700
0.465848
1.322687
0.596027
0.613013
0.540505
0.570032
0.541469
0.550080
0.396253
0.815273
0.490362
0.559249
0.576096
0.444570
0.259735
1.151334
0.396031
0.559857
0.467755
0.325036
0.473506
0.319802
0.652837
0.619380
0.268099
1.257122
0.366248
0.195223
0.899839
0.607610
0.411727
0.867223
0.321642
0.468181
0.602895
0.781739
0.295504
0.542539
1.319866
0.636204
0.445787
0.810721
0.363703
0.512104
0.926347
0.486476
0.771207
1.190491
0.602597
1.776815
1.142346
1.205586
1.345504
0.374225
1.029468
0.780636
1.283744
1.972922
0.979045
0.910226
0.649203
1.334891
0.998241
1.184592
1.791417
0.967755
1.526883
0.595265
1.488578
0.947962
1.403763
0.580572
1.014140
1.534333
1.423171
1.318888
1.689731
1.001574
0.794241
1.044171
0.702568
0.939759
0.689971
0.605336
1.017845
0.871278
1.544208
0.969323
0.563797
0.691427
0.841473
0.587798
0.924923
0.682061
0.746997
0.706578
0.670463
0.739852
0.716738
0.719155
0.920301
0.815799
0.800131
0.788673
0.864734
0.628571
0.779324
0.656224
0.776460
0.560721
0.607376
0.661217
0.529245
0.483486
0.577616
0.645272
0.622012
0.592322
0.667471
0.560249
0.630538
0.863887
0.699704
0.614574
0.539198
0.587122
0.674504
0.573059
0.618147
0.584356
0.647509
0.646742
0.672431
0.651126
0.518704
0.660646
0.568617
0.637726
0.560171
0.564463
0.580275
0.678139
0.714643
0.546452
0.544657
0.671165
0.691992
0.662301
0.631330
0.566257
0.676395
0.538648
0.440453
0.397767
0.505019
0.569078
0.592693
0.439104
0.500517
0.412947
0.463876
0.462866
0.448237
0.738929
0.561893
0.567714
0.673316
0.609372
0.643412
0.505373
0.508900
0.366400
0.810568
0.626419
0.652176
0.473134
0.598880
0.738835
0.543941
0.428680
0.430298
0.628557
0.595801
0.632066
0.488521
0.917406
0.738536
0.423558
0.606338
0.536497
0.562687
0.538728
0.757923
0.632906
0.466433
0.425804
0.603587
0.434101
0.444373
0.332994
0.913039
0.240892
0.597882
0.194030
0.548867
0.393843
0.578091
0.661282
1.711985
0.774421
0.250402
0.359664
0.491412
0.570660
0.450828
1.254888
0.840031
0.226390
0.598078
1.275500
0.294923
0.165251
0.693954
0.346660
0.368552
0.795836
0.645788
0.786832
1.784595
0.364112
0.509645
0.349035
0.243403
0.608618
0.587028
0.394795
0.480764
0.763115
0.521874
0.380457
0.485822
0.537107
0.182676
0.678704
0.389586
0.410616
0.770218
0.584637
0.687253
0.371344
0.357515
0.773162
0.426099
0.612103
0.859573
0.831583
0.569789
0.423277
0.439348
0.364406
0.642155
0.196414
0.867389
0.385529
0.780158
0.803667
0.935124
0.458749
0.515442
0.302923
0.441126
0.307610
0.435131
0.258803
0.691031
0.796053
0.851857
0.417197
0.437267
0.464930
0.978714
0.545965
0.490776
0.608709
1.054981
0.310973
0.433885
0.497987
0.759061
0.421118
1.131009
0.375281
0.551405
0.460133
0.636852
0.634942
0.467020
1.088716
0.659207
0.541101
0.455423
0.534195
0.376914
0.788250
0.388672
0.496693
0.399995
0.540377
0.687924
0.500120
0.293148
0.620689
1.080075
0.791649
0.603301
1.071879
0.347062
1.157339
0.232713
0.828843
0.425558
0.313547
0.374868
0.524741
1.852682
0.583638
0.321639
0.494583
0.380978
0.613960
0.815546
0.563214
0.471529
0.636907
0.394888
0.454853
0.256499
0.509690
0.511641
0.570495
1.116692
1.140532
0.425980
0.323979
0.576216
0.371305
0.594120
0.548663
0.465160
1.324937
0.596216
0.613683
0.537892
0.567857
0.543314
0.550643
0.394535
0.811727
0.489865
0.558611
0.574776
0.442445
0.258668
1.152456
0.395288
0.562057
0.465674
0.324161
0.474712
0.319903
0.653001
0.618534
0.267313
1.258346
0.365524
0.194438
0.901444
0.607752
0.412556
0.868242
0.321686
0.468089
0.604458
0.783459
0.294301
0.542387
1.323681
0.636392
0.447000
0.813457
0.363251
0.514117
0.927896
0.487135
0.772853
1.192869
0.605377
1.781600
1.144167
1.209872
1.348237
0.374637
1.031709
0.781513
1.286886
1.977884
0.981522
0.912480
0.647752
1.337207
1.001044
1.187970
1.796012
0.970658
1.530606
0.593715
1.492590
0.950793
1.407327
0.583120
1.014736
1.537811
1.423747
1.321974
1.693757
1.000822
0.793764
1.043480
0.702522
0.939233
0.689667
0.604975
1.015597
0.869636
1.541448
0.968405
0.563247
0.691274
0.841902
0.587619
0.924367
0.681270
0.746676
0.706287
0.671002
0.739569
0.716410
0.718305
0.919617
0.814639
0.800039
0.788370
0.864188
0.628451
0.779108
0.656395
0.776294
0.560563
0.606777
0.660770
0.529732
0.483360
0.577151
0.644958
0.621222
0.592346
0.667862
0.559985
0.631165
0.864771
0.699983
0.614543
0.539236
0.587029
0.674076
0.572677
0.618144
0.584006
0.647297
0.646108
0.671045
0.651269
0.518444
0.660248
0.567641
0.637058
0.559266
0.563456
0.579542
0.677316
0.714339
0.545680
0.544444
0.671451
0.692470
0.662241
0.630043
0.565120
0.674970
0.537591
0.439174
0.396994
0.503938
0.568654
0.592412
0.439287
0.500652
0.411606
0.462800
0.462464
0.447582
0.738460
0.560696
0.566402
0.672092
0.607818
0.643776
0.505980
0.508698
0.365555
0.810458
0.627194
0.652230
0.473101
0.597774
0.739949
0.543853
0.428902
0.429542
0.628646
0.595426
0.630789
0.489099
0.918111
0.738521
0.423125
0.605436
0.535636
0.562446
0.538090
0.758314
0.632704
0.466801
0.425618
0.603339
0.434469
0.445685
0.332200
0.912192
0.240845
0.596771
0.193918
0.547834
0.394312
0.577989
0.660050
1.714253
0.773514
0.250862
0.359571
0.490408
0.569712
0.450725
1.255661
0.839263
0.226100
0.597817
1.275813
0.294386
0.165253
0.694010
0.346360
0.367906
0.795015
0.646110
0.787128
1.785481
0.364242
0.509434
0.348915
0.243282
0.608404
0.586922
0.394809
0.480661
0.763111
0.521871
0.380471
0.485720
0.537067
0.182746
0.678699
0.389540
0.410557
0.769908
0.584537
0.686919
0.371177
0.357532
0.773202
0.426298
0.612120
0.860035
0.831284
0.569675
0.423320
0.439410
0.364597
0.642328
0.196365
0.867280
0.385596
0.780408
0.803442
0.935117
0.458742
0.515412
0.302894
0.441036
0.307563
0.435121
0.258756
0.691090
0.795899
0.852211
0.417472
0.437235
0.464983
0.978796
0.545801
0.490688
0.608535
1.055187
0.310824
0.433826
0.497981
0.759157
0.421043
1.131323
0.375246
0.551247
0.460201
0.636796
0.634805
0.467075
1.088583
0.659105
0.541122
0.455509
0.534004
0.376804
0.788288
0.388806
0.496465
0.399823
0.540237
0.688016
0.500150
0.293261
0.620789
1.080182
0.791962
0.603092
1.072121
0.346979
1.157449
0.232693
0.828896
0.425424
0.313469
0.374850
0.524709
1.853374
0.583675
0.321544
0.494607
0.381082
0.613852
0.815383
0.563259
0.471375
0.636946
0.394942
0.454598
0.256556
0.509690
0.511578
0.570643
1.116853
1.140671
0.425884
0.323947
0.576369
0.371212
0.594111
0.548453
0.465175
1.325042
0.596289
0.613718
0.537673
0.567703
0.543487
0.550668
0.394410
0.811438
0.489802
0.558579
0.574647
0.442257
0.258604
1.152532
0.395154
0.562245
0.465511
0.324040
0.474866
0.319912
0.653001
0.618431
0.267205
1.258480
0.365474
0.194339
0.901589
0.607772
0.412662
0.868350
0.321724
0.468051
0.604653
0.783628
0.294138
0.542347
1.324017
0.636396
0.447122
0.813676
0.363220
0.514285
0.928018
0.487164
0.772980
1.193048
0.605533
1.781903
1.144267
1.210046
1.348108
0.374657
1.031480
0.781374
1.286570
1.977446
0.981284
0.912254
0.647928
1.336890
1.000664
1.187544
1.795166
0.970121
1.529842
0.594071
1.491631
0.949998
1.406255
0.581917
1.014298
1.534596
1.423174
1.319047
1.689411
1.001492
0.794123
1.044201
0.702455
0.939640
0.690054
0.605219
1.018420
0.871375
1.544864
0.969542
0.563611
0.691265
0.841288
0.587731
0.924938
0.682161
0.747016
0.706546
0.670446
0.739958
0.716686
0.719163
0.920158
0.816020
0.800260
0.788665
0.864660
0.628693
0.779521
0.656250
0.776682
0.560580
0.607402
0.661370
0.529344
0.483458
0.577518
0.645194
0.621947
0.592354
0.667530
0.560164
0.630611
0.863834
0.699705
0.614635
0.539139
0.587391
0.674500
0.573101
0.618162
0.584421
0.647578
0.646799
0.672408
0.651185
0.518606
0.660559
0.568588
0.637664
0.560176
0.564395
0.580147
0.678132
0.714758
0.546315
0.544619
0.671304
0.692139
0.662227
0.631100
0.566058
0.676033
0.538386
0.440116
0.397425
0.504743
0.568839
0.592573
0.439096
0.500550
0.412390
0.463567
0.462830
0.447902
0.738747
0.561344
0.567067
0.672784
0.608510
0.643655
0.505746
0.508838
0.365929
0.810476
0.626839
0.652227
0.473134
0.598146
0.739585
0.543824
0.428852
0.429855
0.628604
0.595513
0.631291
0.489005
0.917859
0.738477
0.423280
0.605727
0.535900
0.562551
0.538278
0.758267
0.632791
0.466674
0.425684
0.603442
0.434416
0.445502
0.332032
0.911996
0.240833
0.596485
0.193885
0.547565
0.394461
0.577963
0.659668
1.715007
0.773210
0.251021
0.359531
0.490102
0.569393
0.450699
1.255956
0.838984
0.225978
0.597707
1.275945
0.294155
0.165254
0.694068
0.346235
0.367632
0.794677
0.646301
0.787394
1.787759
0.364978
0.508575
0.348082
0.242851
0.607361
0.585907
0.395284
0.479927
0.762901
0.521698
0.380552
0.484643
0.536345
0.182918
0.678480
0.389192
0.409790
0.768304
0.584347
0.685592
0.370379
0.357666
0.773335
0.427410
0.612223
0.861807
0.830437
0.568986
0.423655
0.439569
0.365230
0.642997
0.196194
0.867080
0.385887
0.781604
0.802485
0.935193
0.459018
0.515371
0.302704
0.440820
0.307507
0.434943
0.258690
0.691310
0.795409
0.853553
0.418369
0.437276
0.465092
0.978907
0.544723
0.489892
0.608099
1.055944
0.310281
0.433678
0.497684
0.759538
0.420557
1.132333
0.374964
0.550605
0.460711
0.636588
0.634111
0.467334
1.088097
0.658491
0.541446
0.455646
0.533436
0.376512
0.788364
0.389167
0.495546
0.399370
0.539553
0.688281
0.500289
0.293775
0.621178
1.080368
0.792962
0.602490
1.072812
0.346726
1.157793
0.232638
0.829023
0.424853
0.312981
0.374609
0.524633
1.855717
0.583702
0.321361
0.494670
0.381310
0.613132
0.814958
0.563347
0.471051
0.637167
0.395042
0.453824
0.256881
0.509629
0.511319
0.571151
1.117285
1.141168
0.425681
0.323713
0.576825
0.370759
0.594131
0.547896
0.464930
1.325758
0.596318
0.613929
0.536920
0.567050
0.543996
0.550844
0.393883
0.810391
0.489670
0.558380
0.574281
0.441634
0.258266
1.152871
0.394967
0.562932
0.464867
0.323779
0.475193
0.319947
0.653082
0.618188
0.266994
1.258832
0.365245
0.194106
0.902108
0.607803
0.412893
0.868645
0.321700
0.468050
0.605112
0.784160
0.293812
0.542319
1.325244
0.636468
0.447488
0.814534
0.363071
0.514906
0.928511
0.487368
0.773482
1.193765
0.606383
1.783329
1.144780
1.211312
1.349130
0.374788
1.032397
0.781775
1.287866
1.979597
0.982380
0.913245
0.647287
1.337896
1.001848
1.188888
1.796173
0.968831
1.528127
0.594834
1.489669
0.948496
1.404372
0.580964
1.014304
1.534536
1.423126
1.318857
1.688866
1.001629
0.794195
1.044341
0.702445
0.939739
0.690156
0.605299
1.019162
0.871825
1.545744
0.969834
0.563703
0.691287
0.841115
0.587755
0.925078
0.682382
0.747092
0.706608
0.670316
0.740069
0.716755
0.719354
0.920273
0.816327
0.800310
0.788718
0.864762
0.628749
0.779621
0.656222
0.776757
0.560572
0.607519
0.661500
0.529263
0.483482
0.577590
0.645225
0.622073
0.592349
0.667464
0.560199
0.630529
0.863685
0.699659
0.614641
0.539117
0.587460
0.674575
0.573170
0.618166
0.584497
0.647617
0.646910
0.672613
0.651177
0.518604
0.660601
0.568726
0.637743
0.560296
0.564488
0.580219
0.678229
0.714797
0.546370
0.544634
0.671295
0.692118
0.662221
0.631165
0.566108
0.676068
0.538416
0.440123
0.397421
0.504734
0.568824
0.592556
0.439099
0.500570
0.412325
0.463483
0.462805
0.447843
0.738709
0.561234
0.566915
0.672632
0.608306
0.643717
0.505828
0.508807
0.365787
0.810449
0.626975
0.652236
0.473117
0.597940
0.739807
0.543810
0.428886
0.429700
0.628608
0.595453
0.631021
0.489124
0.918032
0.738479
0.423183
0.605524
0.535700
0.562485
0.538121
0.758341
0.632744
0.466778
0.425630
0.603375
0.434516
0.445848
0.331722
0.911619
0.240793
0.596018
0.193833
0.547120
0.394674
0.577940
0.659139
1.716052
0.772786
0.251238
0.359496
0.489642
0.568969
0.450678
1.256369
0.838609
0.225813
0.597564
1.276151
0.293878
0.165283
0.694122
0.346089
0.367303
0.794215
0.646501
0.787614
1.788920
0.365273
0.508224
0.347731
0.242670
0.606924
0.585472
0.395503
0.479628
0.762812
0.521630
0.380583
0.484177
0.536034
0.183003
0.678365
0.389044
0.409447
0.767582
0.584260
0.684986
0.370017
0.357731
0.773401
0.427952
0.612268
0.862666
0.830043
0.568665
0.423802
0.439637
0.365534
0.643321
0.196120
0.866995
0.386052
0.782166
0.802028
0.935228
0.459135
0.515346
0.302631
0.440713
0.307480
0.434862
0.258638
0.691413
0.795176
0.854195
0.418794
0.437295
0.465144
0.978956
0.544199
0.489522
0.607907
1.056294
0.310034
0.433582
0.497541
0.759704
0.420343
1.132801
0.374830
0.550290
0.460958
0.636463
0.633791
0.467468
1.087865
0.658183
0.541602
0.455712
0.533163
0.376371
0.788415
0.389324
0.495111
0.399153
0.539195
0.688418
0.500354
0.294031
0.621374
1.080458
0.793471
0.602185
1.073157
0.346616
1.157972
0.232607
0.829084
0.424598
0.312738
0.374496
0.524601
1.856881
0.583699
0.321278
0.494701
0.381419
0.612786
0.814734
0.563382
0.470895
0.637277
0.395094
0.453440
0.257040
0.509595
0.511197
0.571394
1.117482
1.141429
0.425580
0.323592
0.577042
0.370548
0.594136
0.547622
0.464815
1.326112
0.596310
0.614026
0.536563
0.566738
0.544256
0.550930
0.393637
0.809879
0.489626
0.558295
0.574083
0.441317
0.258108
1.153054
0.394877
0.563285
0.464539
0.323661
0.475359
0.319968
0.653121
0.618058
0.266881
1.259023
0.365121
0.193979
0.902380
0.607834
0.413021
0.868807
0.321689
0.468049
0.605352
0.784433
0.293636
0.542305
1.325875
0.636507
0.447684
0.814964
0.362998
0.515219
0.928754
0.487473
0.773731
1.194100
0.606785
1.783950
1.145026
1.211843
1.349468
0.374828
1.032645
0.781881
1.288185
1.980074
0.982593
0.913419
0.647185
1.338009
1.001841
1.186106
1.792697
0.968544
1.527685
0.595059
1.489046
0.947981
1.403664
0.580404
1.014185
1.533636
1.422969
1.317969
1.687674
1.001779
0.794295
1.044521
0.702425
0.939857
0.690266
0.605368
1.019959
0.872339
1.546740
0.970158
0.563817
0.691296
0.840941
0.587792
0.925251
0.682648
0.747193
0.706686
0.670152
0.740187
0.716833
0.719608
0.920437
0.816722
0.800368
0.788804
0.864896
0.628816
0.779735
0.656183
0.776857
0.560598
0.607683
0.661653
0.529158
0.483514
0.577694
0.645295
0.622263
0.592363
0.667380
0.560251
0.630394
0.863453
0.699585
0.614660
0.539096
0.587538
0.674675
0.573285
0.618170
0.584605
0.647675
0.647075
0.672932
0.651153
0.518648
0.660679
0.568942
0.637878
0.560496
0.564692
0.580349
0.678391
0.714870
0.546499
0.544668
0.671263
0.692060
0.662216
0.631342
0.566261
0.676233
0.538528
0.440256
0.397473
0.504830
0.568838
0.592567
0.439085
0.500565
0.412376
0.463527
0.462823
0.447846
0.738710
0.561228
0.566901
0.672617
0.608265
0.643733
0.505857
0.508795
0.365737
0.810442
0.627033
0.652237
0.473110
0.597859
0.739892
0.543799
0.428903
0.429620
0.628611
0.595427
0.630886
0.489161
0.918107
0.738481
0.423126
0.605432
0.535601
0.562458
0.538046
0.758379
0.632711
0.466835
0.425607
0.603336
0.434559
0.446021
0.331563
0.911436
0.240775
0.595765
0.193807
0.546881
0.394798
0.577933
0.658852
1.716645
0.772548
0.251364
0.359474
0.489380
0.568727
0.450667
1.256607
0.838397
0.225732
0.597485
1.276273
0.293709
0.165307
0.694155
0.345998
0.367106
0.793940
0.646617
0.787735
1.789628
0.365450
0.508020
0.347520
0.242564
0.606663
0.585212
0.395630
0.479437
0.762753
0.521580
0.380596
0.483892
0.535838
0.183047
0.678288
0.388947
0.409224
0.767122
0.584208
0.684601
0.369784
0.357773
0.773436
0.428305
0.612296
0.863202
0.829786
0.568449
0.423900
0.439682
0.365712
0.643492
0.196087
0.866958
0.386120
0.782398
0.801843
0.935241
0.459185
0.515336
0.302584
0.440683
0.307469
0.434836
0.258623
0.691453
0.795089
0.854454
0.418978
0.437304
0.465167
0.978976
0.544006
0.489382
0.607823
1.056425
0.309937
0.433558
0.497487
0.759769
0.420247
1.132984
0.374775
0.550165
0.461067
0.636422
0.633658
0.467526
1.087773
0.658066
0.541672
0.455740
0.533042
0.376316
0.788427
0.389397
0.494915
0.399054
0.539031
0.688479
0.500383
0.294152
0.621462
1.080495
0.793707
0.602047
1.073312
0.346559
1.158049
0.232592
0.829111
0.424482
0.312625
0.374435
0.524592
1.857425
0.583702
0.321245
0.494708
0.381473
0.612619
0.814649
0.563400
0.470820
0.637323
0.395115
0.453278
0.257105
0.509575
0.511142
0.571507
1.117568
1.141540
0.425538
0.323543
0.577144
0.370448
0.594137
0.547506
0.464754
1.326286
0.596314
0.614072
0.536402
0.566594
0.544369
0.550968
0.393527
0.809648
0.489592
0.558246
0.573995
0.441161
0.258022
1.153150
0.394832
0.563464
0.464374
0.323593
0.475447
0.319976
0.653137
0.617995
0.266825
1.259135
0.365054
0.193914
0.902522
0.607841
0.413090
0.868896
0.321684
0.468053
0.605481
0.784573
0.293551
0.542301
1.326212
0.636528
0.447783
0.815185
0.362961
0.515363
0.928874
0.487521
0.773839
1.194241
0.606950
1.784198
1.145184
1.212003
1.349557
0.374833
1.032677
0.781892
1.288220
1.980053
0.982546
0.913348
0.647243
1.337963
1.001876
1.188879
1.796974
0.971152
1.531056
0.593623
1.492732
0.950684
1.407043
0.582777
1.014677
1.536990
1.423553
1.320942
1.691933
1.001092
0.793910
1.043834
0.702453
0.939429
0.689905
0.605080
1.017412
0.870708
1.543663
0.969133
0.563418
0.691237
0.841479
0.587661
0.924710
0.681828
0.746879
0.706441
0.670656
0.739831
0.716543
0.718787
0.919892
0.815453
0.800193
0.788518
0.864421
0.628606
0.779377
0.656328
0.776538
0.560528
0.607084
0.661095
0.529555
0.483405
0.577316
0.645041
0.621534
0.592356
0.667717
0.560053
0.630957
0.864360
0.699853
0.614582
0.539177
0.587254
0.674263
0.572870
0.618151
0.584205
0.647424
0.646416
0.671588
0.651246
0.518460
0.660347
0.567986
0.637261
0.559584
0.563740
0.579700
0.677564
0.714486
0.545805
0.544462
0.671451
0.692442
0.662212
0.630168
0.565202
0.675009
0.537595
0.439148
0.396918
0.503876
0.568572
0.592357
0.439300
0.500690
0.411307
0.462558
0.462395
0.447373
0.738328
0.560271
0.565889
0.671597
0.607146
0.643946
0.506273
0.508589
0.365109
0.810396
0.627652
0.652278
0.473056
0.597108
0.740645
0.543796
0.429044
0.429046
0.628658
0.595224
0.629894
0.489464
0.918660
0.738544
0.422810
0.604805
0.535032
0.562280
0.537595
0.758599
0.632539
0.467154
0.425477
0.603112
0.434762
0.446902
0.330779
0.910479
0.240649
0.594568
0.193683
0.545804
0.395296
0.577908
0.657682
1.718971
0.771596
0.251873
0.359394
0.488401
0.567825
0.450636
1.257469
0.837623
0.225432
0.597200
1.276688
0.293148
0.165378
0.694274
0.345697
0.366503
0.793067
0.646976
0.788119
1.791698
0.365998
0.507398
0.346891
0.242245
0.605885
0.584450
0.395998
0.478894
0.762589
0.521454
0.380645
0.483112
0.535308
0.183161
0.678111
0.388706
0.408674
0.766044
0.584096
0.683744
0.369269
0.357867
0.773534
0.429021
0.612365
0.864316
0.829286
0.568012
0.424107
0.439781
0.366109
0.643942
0.195982
0.866825
0.386345
0.783278
0.801140
0.935297
0.459388
0.515308
0.302458
0.440532
0.307440
0.434696
0.258571
0.691609
0.794743
0.855450
0.419629
0.437352
0.465233
0.979043
0.543151
0.488768
0.607517
1.056967
0.309539
0.433441
0.497252
0.760045
0.419883
1.133711
0.374566
0.549683
0.461459
0.636253
0.633159
0.467713
1.087424
0.657591
0.541921
0.455828
0.532645
0.376115
0.788481
0.389634
0.494268
0.398753
0.538536
0.688659
0.500473
0.294510
0.621730
1.080600
0.794377
0.601644
1.073767
0.346405
1.158292
0.232546
0.829195
0.424103
0.312286
0.374283
0.524560
1.859007
0.583708
0.321139
0.494749
0.381614
0.612094
0.814332
0.563453
0.470611
0.637495
0.395181
0.452748
0.257336
0.509524
0.510957
0.571852
1.117849
1.141903
0.425392
0.323359
0.577455
0.370121
0.594148
0.547126
0.464566
1.326767
0.596315
0.614205
0.535874
0.566131
0.544726
0.551106
0.393166
0.808920
0.489521
0.558110
0.573740
0.440743
0.257799
1.153388
0.394727
0.563906
0.463961
0.323441
0.475635
0.319996
0.653189
0.617847
0.266705
1.259366
0.364910
0.193771
0.902830
0.607856
0.413232
0.869065
0.321665
0.468068
0.605761
0.784893
0.293359
0.542281
1.326969
0.636574
0.448026
0.815731
0.362864
0.515766
0.929205
0.487660
0.774184
1.194725
0.607575
1.785194
1.145326
1.212949
1.350210
0.374914
1.033218
0.782130
1.288949
1.981240
0.981358
0.911975
0.648118
1.336507
1.000136
1.186856
1.793936
0.969272
1.528593
0.594681
1.489978
0.948636
1.404452
0.580923
1.014282
1.534314
1.423074
1.318493
1.688393
1.001667
0.794232
1.044420
0.702427
0.939797
0.690222
0.605329
1.019665
0.872146
1.546392
0.970034
0.563770
0.691277
0.840995
0.587772
0.925188
0.682543
0.747158
0.706659
0.670213
0.740141
0.716793
0.719501
0.920368
0.816554
0.800341
0.788754
0.864831
0.628784
0.779682
0.656201
0.776804
0.560583
0.607594
0.661565
0.529218
0.483494
0.577624
0.645252
0.622139
0.592354
0.667432
0.560214
0.630485
0.863605
0.699614
0.614646
0.539105
0.587482
0.674596
0.573210
0.618162
0.584533
0.647630
0.646950
0.672685
0.651166
0.518611
0.660608
0.568758
0.637757
0.560315
0.564498
0.580214
0.678211
0.714754
0.546344
0.544618
0.671281
0.692138
0.662209
0.631056
0.566002
0.675921
0.538289
0.439965
0.397323
0.504559
0.568760
0.592500
0.439140
0.500599
0.412046
0.463223
0.462683
0.447691
0.738578
0.560907
0.566555
0.672259
0.607864
0.643794
0.506001
0.508711
0.365496
0.810416
0.627263
0.652234
0.473072
0.597554
0.740107
0.543835
0.428900
0.429767
0.628600
0.595473
0.631130
0.489084
0.917973
0.738465
0.423199
0.605578
0.535732
0.562493
0.538142
0.758327
0.632742
0.466767
0.425628
0.603373
0.434512
0.445842
0.331722
0.911612
0.240788
0.595979
0.193819
0.547049
0.394711
0.577934
0.659008
1.716358
0.772664
0.251300
0.359480
0.489489
0.568824
0.450667
1.256525
0.838462
0.225753
0.597501
1.276241
0.293739
0.165296
0.694142
0.346005
0.367124
0.793943
0.646605
0.787723
1.789609
0.365440
0.508024
0.347533
0.242561
0.606676
0.585220
0.395623
0.479433
0.762747
0.521576
0.380591
0.483861
0.535809
0.183047
0.678273
0.388926
0.409164
0.767020
0.584198
0.684499
0.369702
0.357781
0.773455
0.428433
0.612308
0.863425
0.829689
0.568357
0.423940
0.439698
0.365804
0.643613
0.196051
0.866901
0.386187
0.782683
0.801611
0.935254
0.459248
0.515323
0.302541
0.440632
0.307456
0.434783
0.258603
0.691499
0.794974
0.854776
0.419176
0.437318
0.465181
0.978994
0.543735
0.489188
0.607731
1.056588
0.309815
0.433519
0.497403
0.759849
0.420117
1.133213
0.374701
0.550010
0.461187
0.636364
0.633493
0.467575
1.087653
0.657891
0.541752
0.455761
0.532905
0.376241
0.788438
0.389474
0.494674
0.398940
0.538847
0.688542
0.500414
0.294289
0.621560
1.080533
0.793961
0.601892
1.073475
0.346491
1.158137
0.232571
0.829140
0.424331
0.312494
0.374380
0.524577
1.858016
0.583703
0.321208
0.494724
0.381511
0.612426
0.814532
0.563414
0.470750
0.637384
0.395135
0.453090
0.257187
0.509554
0.511069
0.571627
1.117665
1.141664
0.425482
0.323470
0.577247
0.370325
0.594138
0.547367
0.464685
1.326443
0.596308
0.614111
0.536209
0.566427
0.544490
0.551020
0.393391
0.809379
0.489559
0.558189
0.573896
0.440993
0.257928
1.153244
0.394788
0.563649
0.464190
0.323524
0.475518
0.319982
0.653159
0.617923
0.266766
1.259238
0.364985
0.193844
0.902664
0.607842
0.413153
0.868970
0.321666
0.468060
0.605608
0.784717
0.293456
0.542287
1.326546
0.636544
0.447885
0.815408
0.362920
0.515519
0.928995
0.487565
0.773960
1.194405
0.607151
1.784498
1.145179
1.212239
1.349706
0.374847
1.032774
0.781922
1.288319
1.980205
0.982606
0.913388
0.647219
1.337972
1.001873
1.188851
1.796897
0.971069
1.530915
0.593686
1.492507
0.950490
1.406752
0.582544
1.014618
1.536575
1.423469
1.320487
1.691242
1.001199
0.793975
1.043961
0.702445
0.939510
0.689979
0.605139
1.017982
0.871066
1.544355
0.969356
0.563499
0.691236
0.841345
0.587687
0.924826
0.681996
0.746938
0.706493
0.670549
0.739899
0.716595
0.718955
0.919994
0.815701
0.800224
0.788567
0.864505
0.628642
0.779432
0.656292
0.776576
0.560529
0.607185
0.661181
0.529468
0.483415
0.577363
0.645070
0.621647
0.592335
0.667647
0.560073
0.630847
0.864174
0.699775
0.614580
0.539120
0.587281
0.674312
0.572901
0.618135
0.584241
0.647438
0.646481
0.671784
0.651205
0.518465
0.660362
0.568115
0.637321
0.559689
0.563840
0.579759
0.677637
0.714477
0.545855
0.544458
0.671377
0.692323
0.662215
0.630472
0.565269
0.675078
0.537636
0.439184
0.396931
0.503890
0.568574
0.592352
0.439290
0.500682
0.411296
0.462540
0.462379
0.447354
0.738312
0.560229
0.565837
0.671529
0.607065
0.643948
0.506304
0.508561
0.365047
0.810388
0.627719
0.652282
0.473040
0.597008
0.740735
0.543793
0.429058
0.428963
0.628661
0.595184
0.629740
0.489503
0.918742
0.738552
0.422758
0.604701
0.534936
0.562248
0.537514
0.758634
0.632501
0.467209
0.425448
0.603066
0.434795
0.447067
0.330635
0.910289
0.240617
0.594328
0.193652
0.545567
0.395390
0.577901
0.657414
1.719511
0.771369
0.251991
0.359369
0.488166
0.567603
0.450620
1.257681
0.837427
0.225361
0.597121
1.276796
0.292996
0.165388
0.694295
0.345604
0.366327
0.792811
0.647073
0.788228
1.792317
0.366153
0.507213
0.346701
0.242147
0.605655
0.584221
0.396107
0.478720
0.762533
0.521412
0.380661
0.482855
0.535129
0.183191
0.678052
0.388616
0.408463
0.765665
0.584061
0.683435
0.369064
0.357892
0.773567
0.429310
0.612387
0.864768
0.829071
0.567824
0.424196
0.439818
0.366266
0.644115
0.195944
0.866768
0.386427
0.783589
0.800890
0.935307
0.459455
0.515296
0.302408
0.440486
0.307427
0.434645
0.258551
0.691652
0.794617
0.855796
0.419859
0.437363
0.465254
0.979059
0.542861
0.488560
0.607421
1.057145
0.309410
0.433407
0.497167
0.760139
0.419743
1.133950
0.374486
0.549517
0.461593
0.636195
0.632978
0.467776
1.087297
0.657419
0.542011
0.455859
0.532494
0.376040
0.788501
0.389720
0.494017
0.398636
0.538343
0.688726
0.500509
0.294649
0.621832
1.080637
0.794642
0.601482
1.073935
0.346338
1.158384
0.232527
0.829225
0.423947
0.312148
0.374218
0.524545
1.859626
0.583712
0.321100
0.494760
0.381665
0.611886
0.814219
0.563473
0.470529
0.637556
0.395205
0.452550
0.257422
0.509503
0.510884
0.571979
1.117951
1.142041
0.425338
0.323288
0.577571
0.369995
0.594149
0.546981
0.464493
1.326967
0.596312
0.614256
0.535668
0.565957
0.544855
0.551157
0.393028
0.808634
0.489481
0.558050
0.573638
0.440570
0.257703
1.153487
0.394681
0.564096
0.463772
0.323364
0.475714
0.320002
0.653211
0.617778
0.266645
1.259471
0.364839
0.193699
0.902974
0.607856
0.413300
0.869140
0.321643
0.468076
0.605890
0.785037
0.293263
0.542270
1.327311
0.636591
0.448128
0.815961
0.362820
0.515928
0.929331
0.487708
0.774311
1.194902
0.607793
1.785533
1.145491
1.213223
1.350395
0.374933
1.033342
0.782183
1.289186
1.981673
0.983360
0.914098
0.646752
1.338761
1.002836
1.189996
1.798653
0.972176
1.532398
0.593034
1.494228
0.951791
1.408430
0.583764
1.014878
1.538393
1.423799
1.322188
1.693746
1.000786
0.793734
1.043539
0.702465
0.939236
0.689733
0.604958
1.016278
0.869972
1.542289
0.968676
0.563227
0.691210
0.841703
0.587608
0.924464
0.681457
0.746730
0.706333
0.670887
0.739658
0.716413
0.718418
0.919645
0.814885
0.800114
0.788394
0.864206
0.628509
0.779208
0.656393
0.776381
0.560498
0.606817
0.660841
0.529721
0.483354
0.577137
0.644923
0.621209
0.592339
0.667862
0.559960
0.631199
0.864740
0.699946
0.614542
0.539196
0.587119
0.674079
0.572671
0.618131
0.584016
0.647302
0.646107
0.670996
0.651274
0.518370
0.660191
0.567559
0.636985
0.559179
0.563311
0.579408
0.677186
0.714282
0.545494
0.544358
0.671498
0.692569
0.662181
0.629730
0.564740
0.674473
0.537184
0.438664
0.396671
0.503455
0.568454
0.592262
0.439387
0.500729
0.410845
0.462149
0.462207
0.447163
0.738164
0.559868
0.565460
0.671165
0.606677
0.644021
0.506438
0.508498
0.364852
0.810376
0.627904
0.652290
0.473026
0.596798
0.740945
0.543791
0.429093
0.428810
0.628675
0.595130
0.629486
0.489583
0.918874
0.738567
0.422680
0.604546
0.534797
0.562200
0.537412
0.758680
0.632458
0.467276
0.425420
0.603019
0.434838
0.447253
0.330470
0.910092
0.240593
0.594091
0.193628
0.545365
0.395479
0.577895
0.657217
1.719883
0.771213
0.252072
0.359351
0.488016
0.567469
0.450614
1.257802
0.837328
0.225320
0.597084
1.276846
0.292934
0.165391
0.694307
0.345576
0.366262
0.792726
0.647105
0.788259
1.792493
0.366203
0.507156
0.346642
0.242115
0.605580
0.584154
0.396132
0.478678
0.762527
0.521403
0.380663
0.482801
0.535103
0.183196
0.678041
0.388608
0.408447
0.765641
0.584059
0.683433
0.369071
0.357893
0.773558
0.429281
0.612381
0.864715
0.829088
0.567841
0.424179
0.439811
0.366244
0.644089
0.195950
0.866769
0.386413
0.783546
0.800919
0.935303
0.459442
0.515293
0.302413
0.440489
0.307427
0.434655
0.258553
0.691648
0.794631
0.855750
0.419834
0.437360
0.465250
0.979052
0.542882
0.488575
0.607428
1.057125
0.309422
0.433410
0.497171
0.760122
0.419757
1.133900
0.374491
0.549534
0.461573
0.636191
0.632997
0.467763
1.087270
0.657446
0.541982
0.455840
0.532551
0.376051
0.788495
0.389705
0.494062
0.398656
0.538381
0.688710
0.500501
0.294616
0.621804
1.080617
0.794576
0.601516
1.073884
0.346349
1.158345
0.232530
0.829200
0.424000
0.312180
0.374227
0.524543
1.859458
0.583701
0.321110
0.494752
0.381640
0.611990
0.814233
0.563469
0.470542
0.637542
0.395201
0.452581
0.257406
0.509506
0.510897
0.571956
1.117930
1.142019
0.425349
0.323300
0.577554
0.370014
0.594148
0.547001
0.464504
1.326910
0.596312
0.614249
0.535699
0.565983
0.544832
0.551145
0.393053
0.808683
0.489483
0.558062
0.573659
0.440610
0.257721
1.153455
0.394691
0.564043
0.463827
0.323382
0.475683
0.320002
0.653202
0.617796
0.266667
1.259442
0.364863
0.193722
0.902920
0.607858
0.413276
0.869115
0.321645
0.468070
0.605845
0.784983
0.293291
0.542272
1.327195
0.636583
0.448098
0.815895
0.362819
0.515883
0.929281
0.487686
0.774245
1.194738
0.607438
1.785002
1.145236
1.212746
1.350080
0.374899
1.033118
0.782086
1.288888
1.981203
0.983148
0.913915
0.646856
1.338587
1.002641
1.189783
1.798214
0.971739
1.531867
0.593243
1.493721
0.951449
1.408047
0.583525
1.014833
1.538145
1.423764
1.322048
1.693597
1.000799
0.793736
1.043535
0.702465
0.939226
0.689721
0.604945
1.016194
0.869913
1.542180
0.968641
0.563213
0.691208
0.841722
0.587606
0.924451
0.681432
0.746720
0.706327
0.670901
0.739648
0.716406
0.718405
0.919636
0.814871
0.800110
0.788392
0.864207
0.628510
0.779207
0.656392
0.776386
0.560499
0.606825
0.660850
0.529712
0.483357
0.577147
0.644932
0.621230
0.592340
0.667852
0.559968
0.631180
0.864713
0.699945
0.614550
0.539205
0.587134
0.674095
0.572695
0.618141
0.584039
0.647318
0.646141
0.671062
0.651283
0.518383
0.660218
0.567617
0.637028
0.559242
0.563385
0.579466
0.677262
0.714314
0.545566
0.544383
0.671495
0.692556
0.662200
0.629796
0.564877
0.674640
0.537317
0.438829
0.396758
0.503615
0.568500
0.592299
0.439342
0.500705
0.411062
0.462354
0.462298
0.447268
0.738252
0.560100
0.565713
0.671432
0.606980
0.643957
0.506315
0.508552
0.365036
0.810389
0.627703
0.652275
0.473041
0.597044
0.740688
0.543790
0.429039
0.429006
0.628652
0.595197
0.629834
0.489469
0.918669
0.738542
0.422794
0.604774
0.535005
0.562262
0.537580
0.758592
0.632524
0.467147
0.425468
0.603099
0.434749
0.446878
0.330826
0.910473
0.240640
0.594569
0.193678
0.545816
0.395260
0.577906
0.657721
1.718849
0.771628
0.251844
0.359385
0.488451
0.567876
0.450621
1.257408
0.837684
0.225456
0.597216
1.276645
0.293195
0.165353
0.694243
0.345721
0.366557
0.793152
0.646922
0.788064
1.791434
0.365922
0.507464
0.346954
0.242272
0.605971
0.584540
0.395941
0.478956
0.762606
0.521469
0.380634
0.483211
0.535381
0.183129
0.678131
0.388739
0.408750
0.766250
0.584124
0.683937
0.369377
0.357827
0.773502
0.428837
0.612336
0.864023
0.829393
0.568112
0.424047
0.439752
0.365998
0.643824
0.196005
0.866837
0.386289
0.783075
0.801285
0.935273
0.459334
0.515306
0.302477
0.440561
0.307438
0.434718
0.258578
0.691563
0.794811
0.855225
0.419488
0.437336
0.465212
0.979019
0.543308
0.488874
0.607585
1.056845
0.309624
0.433471
0.497290
0.759986
0.419934
1.133543
0.374599
0.549783
0.461367
0.636285
0.633259
0.467661
1.087494
0.657686
0.541858
0.455802
0.532727
0.376159
0.788463
0.389570
0.494416
0.398820
0.538659
0.688605
0.500446
0.294408
0.621646
1.080562
0.794183
0.601747
1.073629
0.346429
1.158219
0.232554
0.829168
0.424184
0.312362
0.374324
0.524565
1.858577
0.583704
0.321168
0.494731
0.381568
0.612202
0.814405
0.563434
0.470657
0.637449
0.395161
0.452875
0.257276
0.509533
0.510998
0.571758
1.117771
1.141813
0.425425
0.323395
0.577371
0.370192
0.594140
0.547207
0.464603
1.326621
0.596305
0.614167
0.535985
0.566228
0.544626
0.551072
0.393244
0.809089
0.489528
0.558137
0.573807
0.440854
0.257854
1.153306
0.394753
0.563765
0.464078
0.323476
0.475559
0.319987
0.653168
0.617886
0.266740
1.259284
0.364952
0.193814
0.902718
0.607841
0.413179
0.868990
0.321654
0.468060
0.605659
0.784779
0.293409
0.542278
1.326712
0.636551
0.447944
0.815556
0.362877
0.515644
0.929103
0.487610
0.774091
1.194602
0.607430
1.784984
1.145103
1.212781
1.350121
0.374900
1.033161
0.782105
1.288970
1.981372
0.983243
0.914021
0.646774
1.338723
1.002822
1.190020
1.798755
0.972291
1.532574
0.592905
1.494215
0.950203
1.406501
0.582439
1.014609
1.536642
1.423491
1.320733
1.691738
1.001095
0.793907
1.043817
0.702446
0.939403
0.689874
0.605057
1.017250
0.870587
1.543460
0.969067
0.563376
0.691221
0.841496
0.587648
0.924675
0.681761
0.746848
0.706425
0.670684
0.739793
0.716521
0.718744
0.919856
0.815402
0.800179
0.788506
0.864407
0.628593
0.779350
0.656326
0.776510
0.560512
0.607075
0.661083
0.529541
0.483395
0.577303
0.645033
0.621535
0.592334
0.667702
0.560050
0.630932
0.864315
0.699822
0.614577
0.539166
0.587246
0.674263
0.572866
0.618147
0.584206
0.647422
0.646419
0.671632
0.651232
0.518461
0.660355
0.568027
0.637288
0.559633
0.563793
0.579745
0.677618
0.714461
0.545866
0.544474
0.671395
0.692380
0.662194
0.630307
0.565335
0.675178
0.537715
0.439315
0.397001
0.504034
0.568611
0.592388
0.439241
0.500643
0.411537
0.462788
0.462489
0.447476
0.738418
0.560531
0.566171
0.671891
0.607490
0.643849
0.506121
0.508641
0.365322
0.810413
0.627397
0.652241
0.473054
0.597405
0.740319
0.543785
0.428967
0.429269
0.628627
0.595289
0.630288
0.489328
0.918413
0.738512
0.422937
0.605064
0.535269
0.562342
0.537786
0.758486
0.632604
0.467000
0.425524
0.603199
0.434656
0.446479
0.331142
0.910919
0.240697
0.595126
0.193732
0.546320
0.395026
0.577915
0.658265
1.717753
0.772071
0.251601
0.359420
0.488905
0.568297
0.450623
1.256989
0.838049
0.225595
0.597347
1.276446
0.293455
0.165318
0.694180
0.345861
0.366842
0.793561
0.646755
0.787877
1.790449
0.365665
0.507752
0.347251
0.242417
0.606337
0.584900
0.395761
0.479212
0.762683
0.521525
0.380608
0.483576
0.535627
0.183073
0.678211
0.388853
0.409014
0.766761
0.584178
0.684344
0.369616
0.357780
0.773457
0.428494
0.612302
0.863493
0.829634
0.568316
0.423946
0.439701
0.365817
0.643628
0.196040
0.866886
0.386194
0.782718
0.801568
0.935248
0.459250
0.515317
0.302527
0.440621
0.307445
0.434769
0.258597
0.691498
0.794949
0.854821
0.419223
0.437316
0.465180
0.978979
0.543646
0.489113
0.607701
1.056609
0.309779
0.433514
0.497379
0.759856
0.420090
1.133191
0.374692
0.549986
0.461202
0.636341
0.633460
0.467581
1.087611
0.657872
0.541754
0.455768
0.532883
0.376235
0.788439
0.389473
0.494676
0.398942
0.538855
0.688526
0.500404
0.294258
0.621532
1.080494
0.793881
0.601964
1.073421
0.346489
1.158100
0.232570
0.829125
0.424333
0.312498
0.374387
0.524573
1.857884
0.583691
0.321220
0.494710
0.381489
0.612461
0.814527
0.563409
0.470745
0.637380
0.395132
0.453087
0.257174
0.509551
0.511078
0.571618
1.117657
1.141663
0.425483
0.323467
0.577247
0.370320
0.594134
0.547360
0.464677
1.326412
0.596302
0.614107
0.536193
0.566412
0.544481
0.551014
0.393387
0.809382
0.489551
0.558192
0.573907
0.441025
0.257941
1.153209
0.394796
0.563580
0.464250
0.323536
0.475476
0.319978
0.653144
0.617932
0.266787
1.259194
0.365015
0.193873
0.902583
0.607834
0.413116
0.868917
0.321656
0.468053
0.605542
0.784643
0.293489
0.542283
1.326393
0.636531
0.447841
0.815331
0.362914
0.515479
0.928962
0.487559
0.773941
1.194404
0.607175
1.784589
1.144969
1.212407
1.349859
0.374869
1.032952
0.782009
1.288673
1.980855
0.982986
0.913777
0.646936
1.338467
1.002510
1.189658
1.798215
0.971955
1.532162
0.593102
1.494085
0.951735
1.408420
0.583806
1.014890
1.538564
1.423833
1.322422
1.694039
1.000795
0.793730
1.043521
0.702465
0.939212
0.689707
0.604934
1.016079
0.869843
1.542044
0.968601
0.563194
0.691200
0.841744
0.587595
0.924429
0.681382
0.746706
0.706306
0.670923
0.739637
0.716394
0.718373
0.919614
0.814833
0.800102
0.788383
0.864195
0.628501
0.779189
0.656391
0.776374
0.560489
0.606811
0.660840
0.529719
0.483351
0.577141
0.644928
0.621222
0.592336
0.667849
0.559963
0.631178
0.864711
0.699938
0.614550
0.539198
0.587126
0.674092
0.572692
0.618142
0.584043
0.647316
0.646140
0.671063
0.651277
0.518384
0.660218
0.567625
0.637036
0.559255
0.563402
0.579481
0.677282
0.714318
0.545587
0.544391
0.671479
0.692536
0.662191
0.629850
0.564925
0.674708
0.537364
0.438898
0.396794
0.503686
0.568512
0.592314
0.439319
0.500692
0.411165
0.462449
0.462344
0.447316
0.738302
0.560211
0.565842
0.671567
0.607135
0.643922
0.506251
0.508578
0.365132
0.810413
0.627599
0.652267
0.473046
0.597175
0.740550
0.543785
0.429009
0.429109
0.628640
0.595234
0.630019
0.489413
0.918563
0.738529
0.422851
0.604898
0.535118
0.562297
0.537667
0.758542
0.632560
0.467079
0.425493
0.603145
0.434708
0.446699
0.330948
0.910684
0.240667
0.594837
0.193706
0.546065
0.395142
0.577905
0.657998
1.718274
0.771855
0.251709
0.359401
0.488690
0.568097
0.450618
1.257171
0.837888
0.225534
0.597290
1.276525
0.293343
0.165334
0.694203
0.345798
0.366723
0.793393
0.646824
0.787948
1.790832
0.365768
0.507630
0.347128
0.242358
0.606187
0.584755
0.395828
0.479113
0.762652
0.521504
0.380617
0.483442
0.535537
0.183091
0.678182
0.388814
0.408925
0.766589
0.584164
0.684219
0.369540
0.357798
0.773468
0.428583
0.612307
0.863628
0.829574
0.568264
0.423971
0.439712
0.365864
0.643678
0.196027
0.866870
0.386214
0.782807
0.801498
0.935251
0.459270
0.515315
0.302513
0.440605
0.307442
0.434758
0.258592
0.691513
0.794917
0.854925
0.419291
0.437321
0.465188
0.978995
0.543552
0.489047
0.607671
1.056680
0.309733
0.433505
0.497357
0.759898
0.420039
1.133324
0.374652
0.549924
0.461247
0.636331
0.633412
0.467600
1.087597
0.657826
0.541779
0.455776
0.532846
0.376215
0.788445
0.389495
0.494616
0.398917
0.538813
0.688542
0.500413
0.294288
0.621556
1.080522
0.793956
0.601875
1.073474
0.346478
1.158135
0.232568
0.829140
0.424299
0.312470
0.374375
0.524574
1.858047
0.583703
0.321199
0.494716
0.381516
0.612366
0.814502
0.563412
0.470725
0.637388
0.395134
0.453039
0.257190
0.509547
0.511061
0.571647
1.117682
1.141684
0.425468
0.323451
0.577275
0.370290
0.594135
0.547326
0.464658
1.326447
0.596301
0.614120
0.536146
0.566371
0.544512
0.551025
0.393356
0.809317
0.489545
0.558181
0.573885
0.440991
0.257926
1.153219
0.394785
0.563605
0.464224
0.323526
0.475486
0.319980
0.653145
0.617921
0.266780
1.259202
0.365007
0.193867
0.902595
0.607832
0.413122
0.868926
0.321655
0.468053
0.605554
0.784657
0.293481
0.542281
1.326432
0.636532
0.447854
0.815364
0.362909
0.515509
0.928986
0.487570
0.773967
1.194444
0.607231
1.784685
1.144957
1.212521
1.349944
0.374879
1.033033
0.782051
1.288799
1.981092
0.983117
0.913907
0.646846
1.338614
1.002697
1.189891
1.798565
0.972183
1.532360
0.593196
1.493877
0.951594
1.408274
0.583720
1.014880
1.538513
1.423836
1.322449
1.694257
1.000675
0.793665
1.043394
0.702466
0.939128
0.689639
0.604878
1.015581
0.869515
1.541445
0.968394
0.563113
0.691184
0.841829
0.587559
0.924321
0.681224
0.746628
0.706251
0.671004
0.739558
0.716330
0.718218
0.919499
0.814592
0.800056
0.788314
0.864088
0.628451
0.779106
0.656386
0.776309
0.560462
0.606699
0.660733
0.529768
0.483323
0.577071
0.644869
0.621094
0.592320
0.667874
0.559924
0.631222
0.864741
0.699962
0.614565
0.539193
0.587150
0.674119
0.572724
0.618144
0.584070
0.647334
0.646190
0.671165
0.651269
0.518398
0.660239
0.567707
0.637088
0.559337
0.563494
0.579546
0.677364
0.714355
0.545662
0.544415
0.671451
0.692488
0.662189
0.629993
0.565062
0.674872
0.537494
0.439058
0.396876
0.503834
0.568551
0.592347
0.439282
0.500667
0.411353
0.462627
0.462425
0.447410
0.738378
0.560405
0.566052
0.671786
0.607383
0.643871
0.506149
0.508631
0.365284
0.810422
0.627441
0.652255
0.473058
0.597368
0.740349
0.543784
0.428966
0.429260
0.628627
0.595292
0.630288
0.489327
0.918406
0.738511
0.422940
0.605075
0.535278
0.562345
0.537796
0.758475
0.632608
0.466983
0.425534
0.603214
0.434644
0.446429
0.331186
0.910975
0.240704
0.595207
0.193741
0.546407
0.394981
0.577909
0.658382
1.717497
0.772169
0.251537
0.359429
0.489016
0.568404
0.450627
1.256866
0.838156
0.225638
0.597388
1.276374
0.293543
0.165307
0.694161
0.345904
0.366939
0.793712
0.646687
0.787803
1.790048
0.365564
0.507856
0.347358
0.242474
0.606477
0.585039
0.395681
0.479320
0.762711
0.521552
0.380593
0.483749
0.535742
0.183044
0.678253
0.388911
0.409149
0.767034
0.584210
0.684581
0.369761
0.357757
0.773421
0.428262
0.612275
0.863127
0.829799
0.568460
0.423873
0.439667
0.365692
0.643488
0.196067
0.866917
0.386124
0.782465
0.801766
0.935227
0.459189
0.515324
0.302558
0.440656
0.307453
0.434807
0.258607
0.691446
0.795043
0.854511
0.418967
0.437294
0.465145
0.978956
0.544052
0.489406
0.607849
1.056359
0.309965
0.433568
0.497494
0.759734
0.420256
1.132897
0.374778
0.550210
0.461010
0.636429
0.633704
0.467483
1.087807
0.658102
0.541626
0.455720
0.533085
0.376333
0.788410
0.389352
0.495008
0.399099
0.539114
0.688426
0.500357
0.294067
0.621391
1.080453
0.793540
0.602122
1.073196
0.346572
1.157984
0.232594
0.829089
0.424530
0.312677
0.374469
0.524592
1.857072
0.583694
0.321263
0.494692
0.381424
0.612686
0.814690
0.563376
0.470854
0.637288
0.395090
0.453359
0.257049
0.509576
0.511173
0.571437
1.117511
1.141460
0.425552
0.323557
0.577081
0.370485
0.594125
0.547555
0.464774
1.326154
0.596297
0.614033
0.536465
0.566655
0.544296
0.550939
0.393574
0.809759
0.489591
0.558261
0.574035
0.441251
0.258070
1.153068
0.394850
0.563324
0.464484
0.323622
0.475364
0.319964
0.653113
0.618017
0.266856
1.259050
0.365098
0.193961
0.902395
0.607820
0.413027
0.868810
0.321665
0.468042
0.605372
0.784445
0.293603
0.542291
1.325943
0.636502
0.447700
0.815017
0.362969
0.515257
0.928776
0.487477
0.773755
1.194151
0.606855
1.784097
1.144773
1.211970
1.349572
0.374834
1.032736
0.781915
1.288376
1.980366
0.982749
0.913567
0.647062
1.338264
1.002274
1.189394
1.797843
0.971743
1.531905
0.593198
1.493846
0.951567
1.408238
0.583687
1.014869
1.538467
1.423830
1.322406
1.694177
1.000693
0.793674
1.043414
0.702466
0.939144
0.689655
0.604888
1.015658
0.869563
1.541538
0.968432
0.563127
0.691186
0.841835
0.587578
0.924341
0.681252
0.746656
0.706264
0.671002
0.739580
0.716349
0.718243
0.919530
0.814635
0.800080
0.788340
0.864127
0.628473
0.779136
0.656413
0.776330
0.560482
0.606726
0.660763
0.529776
0.483339
0.577090
0.644893
0.621124
0.592339
0.667894
0.559940
0.631249
0.864824
0.699978
0.614542
0.539209
0.587091
0.674039
0.572639
0.618140
0.583990
0.647284
0.646057
0.670890
0.651289
0.518361
0.660171
0.567508
0.636960
0.559143
0.563295
0.579405
0.677184
0.714274
0.545515
0.544369
0.671489
0.692578
0.662186
0.629730
0.564823
0.674593
0.537280
0.438804
0.396747
0.503610
0.568489
0.592298
0.439333
0.500696
0.411094
0.462389
0.462318
0.447295
0.738286
0.560167
0.565796
0.671527
0.607096
0.643922
0.506259
0.508573
0.365113
0.810412
0.627604
0.652267
0.473042
0.597168
0.740553
0.543784
0.429011
0.429105
0.628645
0.595241
0.630018
0.489413
0.918558
0.738524
0.422853
0.604903
0.535120
0.562297
0.537671
0.758538
0.632563
0.467073
0.425501
0.603152
0.434701
0.446678
0.330964
0.910703
0.240669
0.594871
0.193706
0.546101
0.395124
0.577902
0.658051
1.718170
0.771899
0.251684
0.359400
0.488734
0.568139
0.450616
1.257120
0.837928
0.225551
0.597304
1.276498
0.293380
0.165328
0.694196
0.345812
0.366761
0.793455
0.646794
0.787919
1.790674
0.365726
0.507668
0.347169
0.242379
0.606239
0.584811
0.395793
0.479154
0.762660
0.521514
0.380608
0.483513
0.535581
0.183080
0.678197
0.388839
0.408980
0.766699
0.584172
0.684315
0.369600
0.357787
0.773455
0.428485
0.612292
0.863482
0.829638
0.568323
0.423939
0.439700
0.365813
0.643624
0.196038
0.866884
0.386183
0.782704
0.801579
0.935245
0.459245
0.515318
0.302529
0.440616
0.307446
0.434771
0.258592
0.691493
0.794955
0.854810
0.419214
0.437315
0.465177
0.978991
0.543642
0.489111
0.607701
1.056620
0.309777
0.433514
0.497383
0.759865
0.420080
1.133245
0.374678
0.549978
0.461198
0.636350
0.633464
0.467581
1.087638
0.657880
0.541745
0.455764
0.532894
0.376236
0.788436
0.389467
0.494698
0.398952
0.538877
0.688514
0.500401
0.294238
0.621517
1.080504
0.793863
0.601932
1.073416
0.346499
1.158102
0.232571
0.829132
0.424349
0.312514
0.374389
0.524577
1.857829
0.583696
0.321213
0.494711
0.381496
0.612435
0.814542
0.563403
0.470750
0.637367
0.395124
0.453105
0.257162
0.509551
0.511084
0.571601
1.117646
1.141636
0.425481
0.323472
0.577233
0.370328
0.594130
0.547372
0.464681
1.326399
0.596300
0.614102
0.536210
0.566432
0.544469
0.551003
0.393397
0.809411
0.489555
0.558193
0.573913
0.441051
0.257965
1.153183
0.394799
0.563532
0.464286
0.323545
0.475459
0.319974
0.653138
0.617945
0.266799
1.259162
0.365027
0.193892
0.902538
0.607823
0.413095
0.868893
0.321656
0.468051
0.605506
0.784598
0.293514
0.542282
1.326302
0.636524
0.447816
0.815277
0.362921
0.515448
0.928936
0.487543
0.773924
1.194387
0.607156
1.784585
1.144892
1.212434
1.349897
0.374873
1.033003
0.782039
1.288776
1.981050
0.983099
0.913898
0.646845
1.338629
1.002718
1.189920
1.798649
0.972250
1.532582
0.592903
1.494621
0.952153
1.408987
0.584230
1.014985
1.539267
1.423980
1.323141
1.695260
1.000525
0.793575
1.043234
0.702478
0.939026
0.689563
0.604815
1.014946
0.869109
1.540677
0.968141
0.563019
0.691172
0.841991
0.587543
0.924194
0.681027
0.746572
0.706198
0.671151
0.739484
0.716275
0.718010
0.919381
0.814282
0.800031
0.788264
0.863996
0.628417
0.779036
0.656458
0.776243
0.560466
0.606564
0.660611
0.529889
0.483313
0.576987
0.644826
0.620929
0.592344
0.667986
0.559887
0.631401
0.865067
0.700048
0.614526
0.539234
0.587018
0.673929
0.572529
0.618137
0.583887
0.647220
0.645883
0.670530
0.651317
0.518316
0.660085
0.567260
0.636801
0.558907
0.563051
0.579235
0.676978
0.714169
0.545343
0.544320
0.671531
0.692670
0.662187
0.629443
0.564571
0.674304
0.537062
0.438547
0.396621
0.503396
0.568431
0.592251
0.439378
0.500721
0.410870
0.462188
0.462228
0.447201
0.738211
0.559979
0.565601
0.671335
0.606891
0.643960
0.506333
0.508538
0.365006
0.810405
0.627706
0.652275
0.473031
0.597049
0.740667
0.543783
0.429036
0.429017
0.628655
0.595204
0.629869
0.489458
0.918638
0.738534
0.422808
0.604813
0.535039
0.562274
0.537609
0.758568
0.632540
0.467119
0.425481
0.603123
0.434725
0.446793
0.330861
0.910586
0.240654
0.594722
0.193694
0.545974
0.395181
0.577897
0.657921
1.718418
0.771797
0.251739
0.359392
0.488631
0.568045
0.450607
1.257202
0.837851
0.225524
0.597279
1.276539
0.293330
0.165333
0.694206
0.345783
0.366711
0.793385
0.646820
0.787946
1.790826
0.365768
0.507620
0.347122
0.242355
0.606179
0.584754
0.395820
0.479116
0.762644
0.521506
0.380613
0.483465
0.535550
0.183086
0.678188
0.388823
0.408954
0.766652
0.584168
0.684287
0.369586
0.357788
0.773458
0.428495
0.612293
0.863489
0.829633
0.568319
0.423937
0.439701
0.365815
0.643626
0.196038
0.866883
0.386184
0.782709
0.801574
0.935244
0.459246
0.515318
0.302527
0.440614
0.307446
0.434766
0.258591
0.691496
0.794952
0.854819
0.419220
0.437315
0.465181
0.978991
0.543623
0.489101
0.607695
1.056623
0.309774
0.433512
0.497378
0.759868
0.420077
1.133247
0.374675
0.549967
0.461202
0.636349
0.633459
0.467580
1.087628
0.657881
0.541745
0.455763
0.532892
0.376237
0.788436
0.389465
0.494700
0.398954
0.538880
0.688512
0.500399
0.294232
0.621513
1.080504
0.793852
0.601936
1.073408
0.346508
1.158096
0.232572
0.829131
0.424355
0.312518
0.374386
0.524575
1.857806
0.583696
0.321214
0.494710
0.381496
0.612436
0.814542
0.563401
0.470750
0.637365
0.395119
0.453108
0.257157
0.509548
0.511083
0.571599
1.117645
1.141633
0.425481
0.323472
0.577230
0.370330
0.594130
0.547373
0.464681
1.326347
0.596300
0.614101
0.536215
0.566434
0.544467
0.551002
0.393395
0.809419
0.489558
0.558193
0.573915
0.441058
0.257969
1.153176
0.394803
0.563516
0.464299
0.323553
0.475451
0.319975
0.653136
0.617954
0.266803
1.259152
0.365034
0.193899
0.902518
0.607821
0.413087
0.868882
0.321656
0.468050
0.605490
0.784584
0.293522
0.542282
1.326265
0.636521
0.447808
0.815258
0.362923
0.515442
0.928918
0.487541
0.773907
1.194348
0.607120
1.784199
1.144586
1.211951
1.349573
0.374833
1.032762
0.781927
1.288406
1.980486
0.982833
0.913661
0.646988
1.338319
1.002254
1.186537
1.793310
0.968975
1.528316
0.594725
1.489910
0.948674
1.404624
0.581141
1.014336
1.534873
1.423194
1.319197
1.689613
1.001432
0.794088
1.044138
0.702429
0.939585
0.690040
0.605177
1.018369
0.871298
1.544813
0.969523
0.563547
0.691230
0.841250
0.587705
0.924919
0.682126
0.746988
0.706528
0.670448
0.739960
0.716650
0.719111
0.920105
0.816007
0.800258
0.788634
0.864635
0.628693
0.779516
0.656246
0.776668
0.560544
0.607378
0.661363
0.529339
0.483454
0.577493
0.645163
0.621910
0.592341
0.667512
0.560149
0.630616
0.863817
0.699668
0.614624
0.539114
0.587389
0.674471
0.573088
0.618155
0.584423
0.647558
0.646773
0.672355
0.651177
0.518567
0.660528
0.568557
0.637635
0.560144
0.564339
0.580113
0.678096
0.714643
0.546279
0.544594
0.671240
0.692135
0.662180
0.631023
0.565995
0.675947
0.538313
0.440035
0.397361
0.504665
0.568779
0.592516
0.439078
0.500528
0.412362
0.463459
0.462790
0.447820
0.738703
0.561223
0.566913
0.672648
0.608337
0.643683
0.505795
0.508801
0.365804
0.810457
0.626912
0.652221
0.473094
0.597993
0.739715
0.543787
0.428853
0.429734
0.628593
0.595448
0.631107
0.489079
0.917949
0.738455
0.423197
0.605591
0.535745
0.562487
0.538164
0.758294
0.632750
0.466728
0.425635
0.603391
0.434464
0.445710
0.331820
0.911749
0.240803
0.596171
0.193838
0.547276
0.394572
0.577925
0.659317
1.715640
0.772933
0.251130
0.359487
0.489798
0.569115
0.450641
1.256185
0.838762
0.225870
0.597608
1.276052
0.293981
0.165248
0.694067
0.346131
0.367407
0.794380
0.646409
0.787503
1.788459
0.365141
0.508334
0.347848
0.242714
0.607073
0.585625
0.395396
0.479733
0.762832
0.521645
0.380552
0.484340
0.536136
0.182958
0.678384
0.389089
0.409553
0.767839
0.584289
0.685211
0.370130
0.357683
0.773358
0.427745
0.612219
0.862336
0.830158
0.568772
0.423723
0.439602
0.365421
0.643198
0.196130
0.866997
0.385982
0.781933
0.802190
0.935192
0.459067
0.515341
0.302637
0.440743
0.307471
0.434882
0.258635
0.691356
0.795254
0.853945
0.418640
0.437272
0.465115
0.978931
0.544375
0.489635
0.607963
1.056141
0.310121
0.433610
0.497579
0.759624
0.420395
1.132611
0.374857
0.550389
0.460851
0.636493
0.633895
0.467408
1.087930
0.658283
0.541522
0.455685
0.533239
0.376406
0.788384
0.389258
0.495259
0.399210
0.539305
0.688354
0.500320
0.293926
0.621282
1.080406
0.793273
0.602280
1.073015
0.346639
1.157885
0.232610
0.829057
0.424678
0.312807
0.374521
0.524602
1.856442
0.583687
0.321306
0.494673
0.381363
0.612898
0.814807
0.563348
0.470937
0.637218
0.395061
0.453569
0.256954
0.509592
0.511243
0.571296
1.117401
1.141316
0.425605
0.323627
0.576953
0.370613
0.594119
0.547703
0.464843
1.325892
0.596290
0.613980
0.536675
0.566836
0.544157
0.550879
0.393707
0.810049
0.489623
0.558306
0.574133
0.441416
0.258157
1.152970
0.394887
0.563143
0.464640
0.323680
0.475293
0.319958
0.653091
0.618075
0.266903
1.258958
0.365155
0.194015
0.902253
0.607803
0.412967
0.868733
0.321669
0.468029
0.605227
0.784173
0.293875
0.542311
1.324868
0.636437
0.447361
0.814251
0.363101
0.514700
0.928312
0.487281
0.773282
1.193479
0.606014
1.782728
1.144185
1.210713
1.348683
0.374721
1.031994
0.781509
1.286899
1.977818
0.981464
0.912388
0.647820
1.336997
1.000763
1.187639
1.795217
0.970125
1.529803
0.594096
1.491515
0.949845
1.406080
0.582163
1.014553
1.536304
1.423446
1.320480
1.691424
1.001132
0.793921
1.043842
0.702445
0.939412
0.689888
0.605058
1.017301
0.870612
1.543527
0.969095
0.563382
0.691210
0.841474
0.587654
0.924693
0.681782
0.746860
0.706425
0.670658
0.739811
0.716531
0.718770
0.919879
0.815475
0.800188
0.788521
0.864441
0.628603
0.779366
0.656309
0.776533
0.560523
0.607126
0.661130
0.529503
0.483407
0.577337
0.645060
0.621606
0.592341
0.667655
0.560070
0.630854
0.864199
0.699791
0.614589
0.539148
0.587278
0.674303
0.572917
0.618148
0.584257
0.647454
0.646501
0.671796
0.651219
0.518491
0.660393
0.568159
0.637377
0.559764
0.563943
0.579844
0.677752
0.714516
0.545993
0.544510
0.671344
0.692307
0.662186
0.630537
0.565558
0.675439
0.537926
0.439571
0.397130
0.504270
0.568672
0.592437
0.439178
0.500607
0.411830
0.463056
0.462612
0.447624
0.738545
0.560819
0.566491
0.672225
0.607874
0.643772
0.505971
0.508716
0.365544
0.810439
0.627170
0.652238
0.473072
0.597676
0.740033
0.543784
0.428913
0.429496
0.628615
0.595363
0.630688
0.489205
0.918182
0.738481
0.423063
0.605328
0.535501
0.562413
0.537975
0.758389
0.632677
0.466864
0.425580
0.603296
0.434550
0.446084
0.331489
0.911349
0.240751
0.595667
0.193783
0.546822
0.394782
0.577906
0.658818
1.716631
0.772528
0.251350
0.359451
0.489380
0.568729
0.450627
1.256553
0.838432
0.225743
0.597486
1.276232
0.293740
0.165278
0.694117
0.346006
0.367149
0.794007
0.646565
0.787669
1.789353
0.365376
0.508066
0.347573
0.242580
0.606738
0.585295
0.395554
0.479494
0.762760
0.521583
0.380575
0.484004
0.535907
0.183009
0.678307
0.388984
0.409308
0.767364
0.584237
0.684830
0.369903
0.357724
0.773404
0.428065
0.612249
0.862832
0.829927
0.568577
0.423814
0.439643
0.365593
0.643381
0.196091
0.866944
0.386069
0.782267
0.801924
0.935209
0.459144
0.515331
0.302588
0.440687
0.307459
0.434832
0.258615
0.691416
0.795124
0.854322
0.418889
0.437293
0.465140
0.978954
0.544059
0.489407
0.607849
1.056343
0.309974
0.433570
0.497492
0.759726
0.420259
1.132888
0.374776
0.550209
0.461001
0.636430
0.633706
0.467481
1.087808
0.658106
0.541619
0.455719
0.533090
0.376331
0.788405
0.389349
0.495007
0.399094
0.539112
0.688424
0.500355
0.294066
0.621386
1.080453
0.793536
0.602121
1.073195
0.346577
1.157983
0.232588
0.829092
0.424532
0.312676
0.374459
0.524588
1.857063
0.583687
0.321266
0.494685
0.381420
0.612694
0.814689
0.563367
0.470853
0.637282
0.395087
0.453364
0.257042
0.509568
0.511173
0.571430
1.117512
1.141456
0.425550
0.323559
0.577076
0.370488
0.594127
0.547562
0.464771
1.326152
0.596289
0.614035
0.536472
0.566655
0.544291
0.550931
0.393573
0.809769
0.489594
0.558249
0.574035
0.441252
0.258069
1.153065
0.394843
0.563321
0.464474
0.323616
0.475371
0.319966
0.653110
0.618019
0.266854
1.259055
0.365092
0.193955
0.902394
0.607812
0.413031
0.868814
0.321663
0.468037
0.605374
0.784452
0.293604
0.542291
1.325944
0.636503
0.447701
0.815015
0.362966
0.515257
0.928771
0.487475
0.773749
1.194141
0.606844
1.784074
1.144769
1.211941
1.349547
0.374824
1.032710
0.781903
1.288332
1.980292
0.982708
0.913533
0.647094
1.338213
1.002216
1.189322
1.797743
0.971672
1.531819
0.593238
1.493740
0.951484
1.408141
0.583620
1.014858
1.538366
1.423813
1.322322
1.694059
1.000714
0.793683
1.043428
0.702469
0.939153
0.689661
0.604888
1.015719
0.869595
1.541610
0.968454
0.563138
0.691181
0.841814
0.587578
0.924355
0.681270
0.746664
0.706269
0.670986
0.739590
0.716353
0.718258
0.919544
0.814671
0.800078
0.788348
0.864137
0.628477
0.779137
0.656405
0.776335
0.560491
0.606743
0.660775
0.529761
0.483343
0.577099
0.644900
0.621140
0.592340
0.667874
0.559946
0.631222
0.864790
0.699966
0.614545
0.539202
0.587103
0.674048
0.572650
0.618140
0.584001
0.647293
0.646080
0.670933
0.651282
0.518372
0.660183
0.567544
0.636982
0.559174
0.563328
0.579427
0.677219
0.714284
0.545545
0.544371
0.671477
0.692558
0.662184
0.629782
0.564879
0.674648
0.537324
0.438851
0.396773
0.503655
0.568498
0.592304
0.439318
0.500685
0.411144
0.462430
0.462335
0.447320
0.738301
0.560205
0.565839
0.671570
0.607158
0.643909
0.506241
0.508585
0.365146
0.810416
0.627564
0.652264
0.473039
0.597196
0.740510
0.543781
0.429005
0.429124
0.628644
0.595234
0.630058
0.489396
0.918531
0.738521
0.422860
0.604928
0.535139
0.562302
0.537690
0.758531
0.632566
0.467064
0.425502
0.603157
0.434678
0.446645
0.330993
0.910742
0.240672
0.594916
0.193712
0.546143
0.395095
0.577891
0.658088
1.718091
0.771932
0.251672
0.359401
0.488767
0.568164
0.450608
1.257090
0.837949
0.225559
0.597311
1.276488
0.293393
0.165323
0.694191
0.345820
0.366774
0.793471
0.646786
0.787907
1.790632
0.365713
0.507677
0.347184
0.242383
0.606257
0.584825
0.395783
0.479159
0.762657
0.521502
0.380610
0.483527
0.535593
0.183077
0.678201
0.388837
0.408976
0.766709
0.584170
0.684312
0.369593
0.357783
0.773461
0.428490
0.612286
0.863492
0.829624
0.568316
0.423934
0.439697
0.365819
0.643622
0.196037
0.866879
0.386183
0.782711
0.801572
0.935231
0.459246
0.515314
0.302523
0.440610
0.307447
0.434764
0.258594
0.691495
0.794947
0.854823
0.419220
0.437317
0.465175
0.978985
0.543635
0.489100
0.607698
1.056614
0.309777
0.433512
0.497377
0.759864
0.420077
1.133247
0.374675
0.549968
0.461200
0.636344
0.633455
0.467577
1.087627
0.657877
0.541745
0.455761
0.532889
0.376231
0.788432
0.389468
0.494681
0.398944
0.538862
0.688513
0.500402
0.294241
0.621521
1.080506
0.793872
0.601918
1.073423
0.346496
1.158103
0.232564
0.829134
0.424343
0.312511
0.374380
0.524572
1.857862
0.583687
0.321214
0.494705
0.381494
0.612430
0.814534
0.563396
0.470741
0.637365
0.395122
0.453098
0.257156
0.509542
0.511075
0.571601
1.117646
1.141627
0.425473
0.323472
0.577220
0.370345
0.594125
0.547374
0.464678
1.326378
0.596288
0.614100
0.536213
0.566422
0.544462
0.550995
0.393396
0.809413
0.489554
0.558177
0.573909
0.441042
0.257961
1.153178
0.394792
0.563540
0.464268
0.323540
0.475466
0.319976
0.653126
0.617942
0.266794
1.259153
0.365031
0.193888
0.902530
0.607811
0.413092
0.868880
0.321657
0.468039
0.605491
0.784563
0.293553
0.542290
1.326164
0.636516
0.447757
0.815141
0.362945
0.515347
0.928846
0.487506
0.773824
1.194244
0.606977
1.784279
1.144830
1.212129
1.349671
0.374840
1.032804
0.781947
1.288468
1.980521
0.982819
0.913633
0.647029
1.338313
1.002340
1.189460
1.797946
0.971797
1.531972
0.593178
1.493896
0.951599
1.408275
0.583714
1.014875
1.538481
1.423827
1.322412
1.694179
1.000692
0.793674
1.043411
0.702467
0.939143
0.689652
0.604882
1.015672
0.869566
1.541552
0.968436
0.563129
0.691181
0.841823
0.587573
0.924345
0.681249
0.746654
0.706266
0.670994
0.739580
0.716343
0.718235
0.919522
0.814638
0.800060
0.788327
0.864120
0.628465
0.779119
0.656395
0.776317
0.560479
0.606725
0.660752
0.529756
0.483334
0.577079
0.644883
0.621118
0.592322
0.667863
0.559932
0.631212
0.864750
0.699971
0.614566
0.539194
0.587151
0.674102
0.572703
0.618141
0.584054
0.647325
0.646170
0.671114
0.651268
0.518397
0.660226
0.567675
0.637065
0.559296
0.563455
0.579512
0.677328
0.714340
0.545639
0.544400
0.671450
0.692504
0.662183
0.629947
0.565027
0.674821
0.537457
0.439010
0.396855
0.503788
0.568536
0.592336
0.439286
0.500667
0.411304
0.462576
0.462397
0.447392
0.738356
0.560348
0.565992
0.671721
0.607325
0.643877
0.506179
0.508616
0.365240
0.810423
0.627464
0.652257
0.473043
0.597310
0.740395
0.543782
0.428982
0.429211
0.628637
0.595264
0.630206
0.489346
0.918446
0.738510
0.422907
0.605024
0.535222
0.562327
0.537760
0.758492
0.632592
0.467013
0.425521
0.603186
0.434646
0.446502
0.331117
0.910891
0.240694
0.595102
0.193730
0.546314
0.395016
0.577893
0.658270
1.717721
0.772080
0.251590
0.359412
0.488922
0.568305
0.450613
1.256954
0.838072
0.225605
0.597355
1.276422
0.293483
0.165312
0.694171
0.345869
0.366869
0.793612
0.646728
0.787844
1.790293
0.365618
0.507776
0.347286
0.242434
0.606380
0.584947
0.395725
0.479245
0.762683
0.521522
0.380601
0.483652
0.535680
0.183056
0.678231
0.388877
0.409065
0.766887
0.584190
0.684446
0.369678
0.357767
0.773443
0.428372
0.612274
0.863306
0.829704
0.568387
0.423899
0.439678
0.365758
0.643553
0.196043
0.866896
0.386150
0.782589
0.801671
0.935223
0.459218
0.515317
0.302540
0.440634
0.307451
0.434782
0.258601
0.691472
0.794995
0.854684
0.419126
0.437311
0.465163
0.978975
0.543752
0.489185
0.607742
1.056543
0.309835
0.433525
0.497411
0.759825
0.420128
1.133148
0.374703
0.550035
0.461144
0.636367
0.633522
0.467549
1.087680
0.657940
0.541709
0.455747
0.532943
0.376260
0.788420
0.389431
0.494773
0.398983
0.538931
0.688488
0.500388
0.294189
0.621479
1.080487
0.793773
0.601975
1.073359
0.346516
1.158063
0.232572
0.829122
0.424399
0.312557
0.374402
0.524580
1.857632
0.583685
0.321228
0.494699
0.381474
0.612504
0.814583
0.563386
0.470771
0.637340
0.395110
0.453177
0.257123
0.509548
0.511099
0.571555
1.117614
1.141583
0.425492
0.323495
0.577191
0.370368
0.594129
0.547422
0.464705
1.326348
0.596294
0.614084
0.536280
0.566485
0.544413
0.550980
0.393443
0.809511
0.489566
0.558198
0.573940
0.441101
0.257992
1.153151
0.394807
0.563481
0.464327
0.323564
0.475443
0.319979
0.653127
0.617964
0.266809
1.259145
0.365041
0.193902
0.902505
0.607812
0.413080
0.868878
0.321656
0.468042
0.605475
0.784563
0.293534
0.542284
1.326211
0.636518
0.447787
0.815213
0.362933
0.515401
0.928889
0.487525
0.773874
1.194315
0.607070
1.784436
1.144892
1.212294
1.349788
0.374852
1.032909
0.781996
1.288637
1.980815
0.982974
0.913784
0.646926
1.338485
1.002550
1.189722
1.798362
0.972063
1.532335
0.593013
1.494336
0.951934
1.408715
0.584040
1.014948
1.538981
1.423923
1.322892
1.694887
1.000577
0.793612
1.043289
0.702473
0.939062
0.689590
0.604833
1.015182
0.869250
1.540956
0.968232
0.563050
0.691175
0.841931
0.587550
0.924242
0.681092
0.746593
0.706218
0.671101
0.739513
0.716296
0.718082
0.919430
0.814398
0.800035
0.788289
0.864039
0.628433
0.779059
0.656438
0.776271
0.560481
0.606621
0.660657
0.529843
0.483322
0.577020
0.644848
0.620993
0.592335
0.667940
0.559907
0.631342
0.864977
0.700029
0.614530
0.539217
0.587050
0.673964
0.572560
0.618135
0.583917
0.647244
0.645944
0.670651
0.651306
0.518337
0.660112
0.567347
0.636854
0.558991
0.563136
0.579292
0.677050
0.714215
0.545410
0.544330
0.671517
0.692625
0.662181
0.629553
0.564681
0.674421
0.537148
0.438654
0.396675
0.503480
0.568449
0.592270
0.439354
0.500707
0.410974
0.462275
0.462262
0.447247
0.738239
0.560063
0.565690
0.671417
0.606994
0.643933
0.506300
0.508558
0.365052
0.810405
0.627636
0.652261
0.473027
0.597098
0.740584
0.543778
0.429010
0.429065
0.628640
0.595202
0.629950
0.489417
0.918573
0.738508
0.422821
0.604852
0.535066
0.562276
0.537637
0.758532
0.632539
0.467061
0.425522
0.603142
0.434694
0.446728
0.330912
0.910645
0.240663
0.594801
0.193699
0.546041
0.395145
0.577889
0.657979
1.718285
0.771847
0.251713
0.359392
0.488680
0.568085
0.450610
1.257153
0.837891
0.225536
0.597283
1.276519
0.293355
0.165327
0.694196
0.345801
0.366730
0.793417
0.646805
0.787928
1.790748
0.365734
0.507636
0.347141
0.242364
0.606204
0.584777
0.395807
0.479125
0.762644
0.521502
0.380614
0.483486
0.535570
0.183079
0.678194
0.388830
0.408955
0.766672
0.584165
0.684279
0.369583
0.357784
0.773455
0.428497
0.612285
0.863498
0.829614
0.568311
0.423934
0.439689
0.365822
0.643621
0.196026
0.866874
0.386183
0.782716
0.801563
0.935229
0.459248
0.515313
0.302521
0.440610
0.307446
0.434763
0.258593
0.691496
0.794944
0.854829
0.419221
0.437317
0.465171
0.978979
0.543621
0.489094
0.607702
1.056622
0.309775
0.433511
0.497375
0.759866
0.420083
1.133239
0.374671
0.549967
0.461206
0.636340
0.633446
0.467570
1.087596
0.657873
0.541738
0.455752
0.532889
0.376228
0.788399
0.389419
0.495054
0.399084
0.538859
0.688505
0.500397
0.294238
0.621508
1.080494
0.793863
0.601921
1.073419
0.346494
1.158095
0.232563
0.829132
0.424346
0.312511
0.374370
0.524575
1.857846
0.583684
0.321214
0.494704
0.381497
0.612422
0.814540
0.563395
0.470739
0.637365
0.395120
0.453099
0.257154
0.509539
0.511072
0.571603
1.117656
1.141636
0.425470
0.323466
0.577233
0.370317
0.594130
0.547366
0.464677
1.326415
0.596295
0.614102
0.536199
0.566414
0.544460
0.550995
0.393392
0.809407
0.489555
0.558183
0.573904
0.441045
0.257964
1.153180
0.394791
0.563537
0.464269
0.323546
0.475467
0.319984
0.653131
0.617945
0.266789
1.259173
0.365025
0.193883
0.902539
0.607808
0.413095
0.868898
0.321653
0.468049
0.605505
0.784604
0.293512
0.542282
1.326306
0.636523
0.447813
0.815284
0.362919
0.515456
0.928934
0.487542
0.773928
1.194392
0.607164
1.784594
1.144906
1.212454
1.349903
0.374866
1.033010
0.782044
1.288797
1.981094
0.983121
0.913929
0.646829
1.338650
1.002756
1.189965
1.798750
0.972310
1.532673
0.592860
1.494737
0.952241
1.409111
0.584340
1.015009
1.539423
1.424005
1.323305
1.695506
1.000484
0.793556
1.043178
0.702480
0.938994
0.689534
0.604787
1.014752
0.868976
1.540432
0.968055
0.562984
0.691168
0.842021
0.587529
0.924151
0.680956
0.746540
0.706182
0.671186
0.739455
0.716250
0.717944
0.919337
0.814181
0.800001
0.788241
0.863947
0.628391
0.778985
0.656439
0.776228
0.560460
0.606516
0.660559
0.529897
0.483297
0.576950
0.644795
0.620877
0.592316
0.667972
0.559861
0.631394
0.865034
0.700055
0.614538
0.539217
0.587064
0.673979
0.572577
0.618137
0.583929
0.647253
0.645971
0.670711
0.651304
0.518346
0.660125
0.567397
0.636886
0.559044
0.563190
0.579332
0.677102
0.714239
0.545461
0.544346
0.671496
0.692596
0.662179
0.629649
0.564773
0.674530
0.537231
0.438758
0.396729
0.503582
0.568472
0.592293
0.439327
0.500691
0.411108
0.462397
0.462319
0.447315
0.738294
0.560206
0.565844
0.671573
0.607183
0.643894
0.506221
0.508599
0.365163
0.810417
0.627515
0.652256
0.473041
0.597247
0.740449
0.543778
0.428991
0.429172
0.628640
0.595246
0.630135
0.489358
0.918474
0.738504
0.422887
0.604991
0.535186
0.562322
0.537739
0.758504
0.632588
0.467020
0.425519
0.603179
0.434649
0.446522
0.331095
0.910878
0.240691
0.595097
0.193729
0.546315
0.395015
0.577895
0.658287
1.717661
0.772096
0.251575
0.359412
0.488947
0.568331
0.450619
1.256908
0.838106
0.225615
0.597363
1.276397
0.293515
0.165305
0.694156
0.345893
0.366911
0.793679
0.646695
0.787806
1.790104
0.365565
0.507820
0.347333
0.242464
0.606440
0.585010
0.395685
0.479294
0.762699
0.521543
0.380597
0.483742
0.535732
0.183040
0.678256
0.388911
0.409143
0.767046
0.584204
0.684588
0.369769
0.357749
0.773421
0.428222
0.612258
0.863072
0.829808
0.568479
0.423852
0.439648
0.365672
0.643457
0.196060
0.866916
0.386103
0.782424
0.801792
0.935214
0.459182
0.515318
0.302560
0.440653
0.307450
0.434801
0.258609
0.691443
0.795061
0.854506
0.419008
0.437303
0.465147
0.978957
0.543888
0.489284
0.607796
1.056445
0.309903
0.433543
0.497442
0.759778
0.420193
1.133016
0.374734
0.550119
0.461083
0.636400
0.633605
0.467502
1.087740
0.658026
0.541662
0.455729
0.533017
0.376297
0.788405
0.389379
0.494897
0.399045
0.539027
0.688442
0.500363
0.294103
0.621407
1.080460
0.793616
0.602064
1.073251
0.346543
1.158004
0.232581
0.829102
0.424482
0.312630
0.374427
0.524587
1.857271
0.583679
0.321250
0.494686
0.381439
0.612606
0.814646
0.563372
0.470814
0.637303
0.395099
0.453285
0.257073
0.509546
0.511136
0.571480
1.117555
1.141510
0.425518
0.323527
0.577120
0.370423
0.594128
0.547489
0.464743
1.326223
0.596290
0.614053
0.536381
0.566574
0.544337
0.550944
0.393518
0.809659
0.489580
0.558230
0.573996
0.441197
0.258051
1.153081
0.394825
0.563366
0.464430
0.323603
0.475392
0.319977
0.653107
0.618003
0.266837
1.259077
0.365076
0.193940
0.902411
0.607799
0.413034
0.868819
0.321662
0.468044
0.605387
0.784478
0.293582
0.542285
1.325999
0.636501
0.447717
0.815072
0.362953
0.515304
0.928812
0.487490
0.773800
1.194220
0.606954
1.784268
1.144763
1.212165
1.349716
0.374842
1.032874
0.781978
1.288602
1.980790
0.982979
0.913807
0.646901
1.338525
1.002615
1.189819
1.798547
0.972201
1.532539
0.592905
1.494608
0.952162
1.408995
0.584201
1.014863
1.538404
1.423818
1.322444
1.694295
1.000658
0.793654
1.043353
0.702465
0.939104
0.689616
0.604852
1.015366
0.869358
1.541173
0.968297
0.563068
0.691176
0.841889
0.587555
0.924276
0.681151
0.746614
0.706239
0.671050
0.739539
0.716317
0.718144
0.919464
0.814502
0.800036
0.788306
0.864069
0.628444
0.779075
0.656409
0.776297
0.560483
0.606680
0.660706
0.529790
0.483332
0.577057
0.644869
0.621076
0.592316
0.667884
0.559917
0.631255
0.864818
0.699987
0.614548
0.539199
0.587081
0.674002
0.572602
0.618133
0.583955
0.647270
0.646021
0.670817
0.651298
0.518357
0.660145
0.567471
0.636936
0.559116
0.563270
0.579386
0.677174
0.714268
0.545528
0.544362
0.671461
0.692541
0.662166
0.629785
0.564878
0.674663
0.537337
0.438878
0.396788
0.503688
0.568506
0.592318
0.439298
0.500673
0.411241
0.462520
0.462374
0.447381
0.738343
0.560335
0.565986
0.671719
0.607349
0.643861
0.506154
0.508630
0.365259
0.810422
0.627408
0.652248
0.473050
0.597370
0.740319
0.543777
0.428965
0.429270
0.628629
0.595280
0.630309
0.489300
0.918368
0.738488
0.422940
0.605101
0.535289
0.562358
0.537821
0.758457
0.632613
0.466955
0.425543
0.603223
0.434606
0.446352
0.331244
0.911057
0.240713
0.595325
0.193754
0.546533
0.394915
0.577900
0.658522
1.717176
0.772289
0.251467
0.359420
0.489151
0.568519
0.450630
1.256722
0.838273
0.225676
0.597422
1.276306
0.293640
0.165289
0.694131
0.345956
0.367046
0.793873
0.646612
0.787716
1.789623
0.365436
0.507959
0.347476
0.242531
0.606616
0.585185
0.395599
0.479422
0.762732
0.521574
0.380584
0.483928
0.535862
0.183007
0.678300
0.388973
0.409277
0.767315
0.584237
0.684803
0.369898
0.357725
0.773396
0.428029
0.612234
0.862771
0.829941
0.568597
0.423801
0.439619
0.365569
0.643339
0.196076
0.866944
0.386045
0.782220
0.801953
0.935198
0.459134
0.515324
0.302586
0.440683
0.307455
0.434821
0.258623
0.691408
0.795148
0.854280
0.418857
0.437289
0.465130
0.978937
0.544072
0.489428
0.607866
1.056322
0.309992
0.433565
0.497495
0.759715
0.420279
1.132839
0.374781
0.550225
0.460985
0.636430
0.633718
0.467451
1.087796
0.658135
0.541593
0.455694
0.533110
0.376342
0.788366
0.389283
0.495329
0.399161
0.539145
0.688394
0.500340
0.294014
0.621338
1.080428
0.793448
0.602158
1.073139
0.346580
1.157945
0.232589
0.829083
0.424574
0.312704
0.374462
0.524594
1.856876
0.583660
0.321278
0.494676
0.381401
0.612732
0.814725
0.563357
0.470863
0.637258
0.395079
0.453409
0.257020
0.509557
0.511178
0.571394
1.117486
1.141425
0.425550
0.323565
0.577044
0.370500
0.594125
0.547579
0.464788
1.326117
0.596286
0.614021
0.536508
0.566680
0.544253
0.550907
0.393607
0.809834
0.489595
0.558264
0.574059
0.441300
0.258108
1.153021
0.394847
0.563245
0.464543
0.323643
0.475342
0.319975
0.653089
0.618027
0.266868
1.259012
0.365118
0.193979
0.902323
0.607784
0.412994
0.868766
0.321664
0.468044
0.605316
0.784386
0.293631
0.542286
1.325789
0.636486
0.447652
0.814929
0.362980
0.515200
0.928731
0.487455
0.773714
1.194108
0.606805
1.784045
1.144726
1.211964
1.349586
0.374822
1.032771
0.781931
1.288468
1.980562
0.982867
0.913708
0.646962
1.338431
1.002505
1.189692
1.798372
0.972102
1.532413
0.592958
1.494509
0.952084
1.408945
0.584235
1.014990
1.539332
1.423981
1.323280
1.695487
1.000476
0.793552
1.043167
0.702477
0.938989
0.689521
0.604783
1.014672
0.868919
1.540328
0.968012
0.562961
0.691167
0.842040
0.587522
0.924131
0.680932
0.746534
0.706176
0.671198
0.739447
0.716245
0.717921
0.919326
0.814144
0.800004
0.788236
0.863949
0.628392
0.778982
0.656464
0.776213
0.560474
0.606519
0.660558
0.529907
0.483307
0.576957
0.644809
0.620879
0.592326
0.667991
0.559870
0.631434
0.865112
0.700070
0.614516
0.539230
0.587011
0.673896
0.572492
0.618134
0.583850
0.647206
0.645843
0.670448
0.651325
0.518312
0.660056
0.567209
0.636768
0.558866
0.563017
0.579212
0.676950
0.714176
0.545345
0.544310
0.671521
0.692660
0.662172
0.629440
0.564594
0.674344
0.537079
0.438583
0.396633
0.503430
0.568429
0.592262
0.439353
0.500708
0.410958
0.462264
0.462263
0.447256
0.738239
0.560084
0.565722
0.671457
0.607059
0.643915
0.506265
0.508581
0.365098
0.810409
0.627563
0.652252
0.473036
0.597177
0.740511
0.543777
0.429001
0.429122
0.628642
0.595225
0.630053
0.489377
0.918504
0.738497
0.422860
0.604944
0.535145
0.562313
0.537709
0.758515
0.632577
0.467031
0.425512
0.603168
0.434654
0.446570
0.331049
0.910824
0.240683
0.595031
0.193725
0.546274
0.395034
0.577894
0.658243
1.717724
0.772064
0.251587
0.359393
0.488921
0.568304
0.450623
1.256921
0.838091
0.225606
0.597353
1.276401
0.293509
0.165308
0.694156
0.345884
0.366913
0.793674
0.646692
0.787803
1.790091
0.365556
0.507816
0.347331
0.242461
0.606440
0.585016
0.395686
0.479303
0.762691
0.521547
0.380596
0.483756
0.535746
0.183034
0.678262
0.388924
0.409156
0.767079
0.584220
0.684622
0.369792
0.357746
0.773416
0.428169
0.612242
0.862992
0.829834
0.568507
0.423839
0.439630
0.365644
0.643421
0.196058
0.866920
0.386082
0.782369
0.801827
0.935206
0.459168
0.515319
0.302563
0.440652
0.307448
0.434794
0.258615
0.691431
0.795083
0.854449
0.418963
0.437294
0.465134
0.978946
0.543926
0.489318
0.607819
1.056414
0.309931
0.433540
0.497455
0.759762
0.420213
1.132972
0.374740
0.550140
0.461055
0.636405
0.633631
0.467486
1.087759
0.658057
0.541643
0.455707
0.533036
0.376311
0.788407
0.389357
0.494944
0.399068
0.539066
0.688422
0.500355
0.294069
0.621381
1.080444
0.793554
0.602092
1.073211
0.346555
1.157984
0.232577
0.829099
0.424509
0.312645
0.374433
0.524591
1.857130
0.583656
0.321263
0.494679
0.381427
0.612637
0.814678
0.563365
0.470827
0.637284
0.395091
0.453322
0.257059
0.509551
0.511146
0.571450
1.117531
1.141481
0.425524
0.323537
0.577091
0.370445
0.594127
0.547510
0.464757
1.326204
0.596289
0.614053
0.536423
0.566602
0.544310
0.550927
0.393551
0.809714
0.489581
0.558241
0.574021
0.441239
0.258073
1.153060
0.394832
0.563315
0.464474
0.323620
0.475373
0.319983
0.653092
0.618006
0.266848
1.259048
0.365098
0.193955
0.902369
0.607782
0.413015
0.868792
0.321658
0.468042
0.605359
0.784432
0.293603
0.542276
1.325906
0.636490
0.447693
0.815023
0.362971
0.515263
0.928774
0.487478
0.773771
1.194189
0.606910
1.784219
1.144772
1.212133
1.349706
0.374832
1.032874
0.781975
1.288623
1.980828
0.983003
0.913842
0.646871
1.338581
1.002685
1.189909
1.798709
0.972314
1.532697
0.592832
1.494842
0.952332
1.409265
0.584469
1.015046
1.539682
1.424047
1.323606
1.695964
