23.474886
22.822617
23.224567
22.027252
23.128750
22.304644
22.376640
25.256428
24.624229
26.412239
23.147186
22.673048
22.156548
21.275955
21.741371
22.714470
22.746826
22.116373
21.946705
20.614130
21.842003
22.055977
22.927977
22.963945
23.043049
21.350565
21.921719
22.386753
21.081802
21.333752
20.681242
21.079708
21.339825
21.733257
21.369379
19.967060
20.889240
21.670826
21.420544
21.919552
20.525736
19.790728
21.001152
19.451918
19.504065
19.996925
20.375536
20.292669
19.852676
20.961758
20.772911
20.153706
20.436802
20.430851
21.014662
22.302784
19.730146
20.319202
20.887001
21.248331
20.886028
20.993433
21.260468
21.051464
21.000599
19.962444
20.676485
19.920895
18.915108
18.652956
19.565353
21.390148
21.358555
21.832649
20.893547
21.257828
20.629831
20.524931
20.169739
19.738834
19.182892
19.833881
21.405693
20.026192
19.283083
19.726112
19.769260
20.931734
21.093712
20.853851
21.496624
18.282026
17.513948
18.666069
20.275288
19.267824
17.595688
18.472435
18.135153
20.511951
16.578365
18.602201
17.864891
19.449749
18.241941
18.717470
19.878166
16.835844
17.760120
18.547688
19.096310
19.736481
19.387491
18.397396
18.881065
16.944948
17.936895
17.117664
18.004391
17.970240
16.426559
14.979354
19.017506
20.458410
17.685247
19.513346
17.433060
20.964954
15.508745
17.804399
21.353756
11.747683
20.551577
16.480631
17.234932
19.371117
19.995092
17.420444
15.322186
19.358465
17.451141
17.740059
22.020769
18.040651
17.555798
17.313423
17.463194
18.477005
19.118422
15.458958
15.701071
11.359143
14.585351
19.221462
17.904037
17.947266
19.104885
18.342897
15.032223
17.895123
17.202660
16.667910
15.733160
17.434856
17.626705
15.104150
16.750834
16.766735
17.862310
19.956585
16.585590
18.856342
17.412224
15.917311
16.080853
13.517132
15.865927
12.037287
18.150246
17.140663
14.844711
15.273260
14.171297
14.125857
15.703286
16.672869
14.608322
13.530619
17.725624
15.644342
14.783815
15.500962
15.286459
16.017555
15.360189
15.406553
15.181458
14.721428
16.864964
11.660328
13.278805
14.740303
14.058116
14.907891
17.019735
16.810986
16.021976
14.177263
15.980011
14.716785
15.115278
14.491285
15.196825
12.999824
14.901041
15.773783
13.057927
15.024103
16.108568
13.602066
16.171797
15.802258
14.778734
13.294249
15.450330
15.032503
14.041205
12.900624
15.955748
14.933998
15.816828
13.562648
13.818407
13.354962
13.032432
14.162065
11.751014
15.802290
12.346273
14.400106
14.258013
13.542442
13.732521
15.129126
14.295367
13.997851
13.788736
11.067048
13.489986
13.925056
13.414019
12.593145
14.776640
14.877212
13.181374
14.513890
12.830139
12.960699
15.510273
12.867619
15.068216
13.811705
11.878314
12.569450
12.426420
13.635694
13.364210
11.799311
14.194505
12.924997
14.858170
13.239567
12.638625
12.292936
12.511613
15.084099
14.341856
11.153306
12.472033
12.565216
15.693359
12.895840
12.990961
13.769777
14.097143
13.170810
12.295449
13.319633
10.872483
14.038131
13.310905
10.790574
12.583521
12.108428
13.096457
12.371643
12.810329
12.134042
12.640493
11.677837
12.144100
11.292502
11.757612
11.987259
12.311007
10.479237
10.586642
13.029144
12.432645
9.893500
11.934435
10.936712
10.111264
11.935183
10.158237
11.612972
11.213654
10.903254
10.393260
9.712090
8.573322
10.337809
8.923450
10.257324
11.046181
10.399967
11.254339
9.975675
8.678777
9.875025
9.408424
13.012630
10.248109
8.786560
8.476170
8.980166
9.513514
9.061961
12.861604
8.155066
9.033880
8.923210
9.057790
11.028280
9.411655
11.701492
8.897348
8.825141
12.329229
11.815647
12.128454
11.215040
12.013783
11.347231
11.381772
13.396235
12.959394
14.320589
11.956800
11.544498
11.231131
10.662679
10.891008
11.642259
11.568302
11.171873
11.051665
10.149108
10.973576
11.134060
11.718729
11.818381
11.795704
10.674389
11.065662
11.411982
10.441876
10.643187
10.206452
10.507959
10.630518
10.898783
10.671588
9.715086
10.325595
10.888365
10.749550
11.071569
10.130178
9.685730
10.468128
9.461948
9.612309
9.856396
10.061369
10.017113
9.699220
10.513096
10.356067
9.971948
10.153088
10.179864
10.546424
11.422845
9.738079
10.099381
10.541203
10.711214
10.516375
10.545195
10.738192
10.652566
10.593534
9.946577
10.400374
9.907059
9.271627
9.134479
9.750328
10.913694
10.875299
11.302877
10.576224
10.791178
10.323509
10.268117
10.057198
9.779647
9.421869
9.767517
10.794417
9.886900
9.418093
9.752828
9.870338
10.572124
10.687921
10.544748
10.995281
8.845241
8.420167
9.084554
10.134488
9.643883
8.534839
9.174679
8.759798
10.418962
8.008247
10.540324
9.413454
10.607309
10.002335
10.337183
11.256264
8.945349
9.652038
10.278828
10.666680
11.173270
10.913038
10.183175
10.562422
9.163873
9.909903
9.239886
9.904531
9.937920
8.735365
7.663006
10.651257
11.927849
9.685418
11.104345
9.488869
12.272804
8.136202
9.887724
12.601942
5.642344
12.040819
8.828310
9.446627
11.080501
11.598804
9.624856
8.228835
11.224315
9.629919
9.967691
13.267477
10.119209
9.723989
9.639498
9.730507
10.503246
11.136301
8.297786
8.511276
5.511110
7.621664
11.142396
10.117512
10.147606
11.112556
10.540950
7.999707
10.205092
9.714373
9.300579
8.571299
9.869022
10.064468
8.065691
9.444277
9.405052
10.266485
11.935344
9.317378
11.039072
9.917206
8.764172
8.969734
6.956776
8.820437
5.958848
10.604790
9.830453
8.027458
8.360138
7.523352
7.545586
8.656318
9.562467
7.904622
7.179023
10.459581
8.824192
8.078369
8.627508
8.438306
9.022218
8.499993
8.596705
8.372166
8.137951
9.781790
5.842754
6.969025
8.106472
7.628295
8.409101
9.947062
9.794553
9.184820
7.766526
9.077118
8.143275
8.506740
8.022573
8.579738
6.964754
8.333895
9.086657
6.927209
8.503550
9.351420
7.383500
9.508945
9.161283
8.294085
7.257881
8.829287
8.505955
7.858795
6.916800
9.272210
8.452387
9.217381
7.483171
7.651608
7.242630
7.089705
7.984746
6.145596
9.231093
6.731739
8.110769
8.143420
7.454161
7.714644
8.738857
8.078863
7.878108
7.753220
5.650537
7.535614
7.798260
7.462796
6.818821
8.608097
8.685333
7.385860
8.329850
7.083845
7.153670
9.119865
7.044833
8.840168
7.866446
6.380607
7.018701
6.958364
7.725570
7.529285
6.363506
8.189608
7.272144
8.729353
7.503738
7.166496
6.819575
6.961809
8.954246
8.405004
5.947583
6.927372
7.066532
9.529777
7.315622
7.403189
7.988486
8.224043
7.485409
6.996445
7.602327
5.758192
8.241949
7.623302
5.791034
7.064860
6.739676
7.538218
6.905041
7.485486
6.757183
7.120605
6.416809
6.858370
6.164687
6.625024
6.702954
6.942473
5.620778
5.737342
7.481400
7.089041
5.318653
6.703480
5.936354
5.325209
6.720403
5.344072
6.501362
6.179934
5.947304
5.701324
5.020360
4.423838
5.693296
4.638069
5.643075
6.093620
5.680041
6.251350
5.272806
4.557634
5.262096
4.971733
7.722460
5.642549
4.548186
4.426359
4.750300
5.008173
4.820760
7.657635
4.209481
4.714967
4.699468
4.689552
6.326214
5.131568
6.846148
4.745103
4.657223
7.339779
6.898821
7.213344
6.422699
7.085238
6.546908
6.539735
8.247713
7.838697
9.097506
7.122947
6.668983
6.475215
6.072320
6.212693
6.879019
6.776499
6.487576
6.391599
5.694204
6.354492
6.459086
6.921131
7.032544
7.047514
6.171732
6.453309
6.739576
5.970658
6.175141
5.794318
6.092822
6.083693
6.340622
6.199380
5.404422
5.867090
6.325849
6.231589
6.500354
5.768253
5.463092
6.025986
5.277908
5.422669
5.596859
5.751899
5.691914
5.520381
6.130141
6.001274
5.708765
5.870308
5.897272
6.194029
6.896119
5.558503
5.796167
6.193565
6.334217
6.186772
6.212049
6.356905
6.298772
6.292495
5.804755
6.114103
5.720458
5.254852
5.159298
5.621475
6.586215
6.550892
6.922634
6.290290
6.456553
6.048567
6.076939
5.876889
5.684347
5.373322
5.639517
6.483571
5.807723
5.452794
5.668947
5.844921
6.374895
6.458521
6.421854
6.713573
4.999434
4.689320
5.207637
6.023479
5.683936
4.773020
5.377353
4.942377
6.308088
4.293728
5.305503
4.853199
5.733653
5.192018
5.398971
6.041522
4.401452
4.944980
5.411687
5.617617
5.997127
5.813427
5.307462
5.577304
4.669840
5.172811
4.669027
5.097170
5.169764
4.289116
3.554658
5.577379
6.670536
4.913182
5.949071
4.769820
6.838721
3.943179
5.192563
7.105554
2.644207
6.735882
4.341412
4.822342
5.968361
6.385779
4.978397
4.260036
6.219929
4.927560
5.292143
7.672414
5.290172
4.997346
5.049134
5.056498
5.601884
6.179728
4.173421
4.349652
2.647974
3.651822
6.116359
5.342381
5.364377
6.131275
5.711138
3.947344
5.473068
5.170267
4.868918
4.349816
5.216030
5.411093
3.920582
5.028242
4.939658
5.544613
6.810168
4.947492
6.116889
5.286798
4.469809
4.705575
3.257894
4.618328
2.685102
5.917405
5.312953
4.029366
4.241021
3.656616
3.744562
4.401728
5.245765
3.965411
3.607198
5.941822
4.749291
4.128744
4.498454
4.310804
4.759526
4.366912
4.471834
4.268709
4.237913
5.394535
2.706441
3.310596
4.153698
3.833655
4.531249
5.467103
5.371685
5.006311
3.955206
4.800843
4.182008
4.477681
4.145330
4.527662
3.492331
4.327174
4.969104
3.394511
4.535616
5.131136
3.724052
5.381678
5.015994
4.368689
3.719523
4.734057
4.491800
4.173915
3.420886
5.054409
4.465301
5.052711
3.872803
3.958096
3.600691
3.612047
4.220205
2.991158
5.098111
3.540286
4.248914
4.448602
3.768026
4.086899
4.729021
4.223948
4.123197
4.113749
2.614799
3.935236
4.051641
3.859666
3.379665
4.732592
4.834000
3.910654
4.494529
3.683289
3.648310
5.037090
3.546169
4.855592
4.189855
3.181067
3.737520
3.785739
4.093138
3.925942
3.186646
4.401940
3.869758
4.839068
3.955329
3.988853
3.543332
3.634495
5.006538
4.632254
2.954555
3.597017
3.756510
5.494309
3.934144
3.976569
4.362000
4.484819
3.924754
3.888044
4.050394
2.830391
4.528128
4.060769
2.899340
3.661891
3.519083
4.086596
3.566350
4.257689
3.467349
3.681397
3.253168
3.634826
3.107164
3.564926
3.444636
3.659545
2.839965
2.971972
3.996471
3.790144
2.905348
3.511285
2.985474
2.623440
3.509274
2.591029
3.417955
3.170262
3.021800
3.046003
2.403780
2.349365
3.064663
2.427558
3.094275
3.094605
2.950641
3.241751
2.563462
2.524937
2.643654
2.540700
4.323323
3.020032
2.330804
2.368855
2.584853
2.476524
2.572652
4.300429
2.287157
2.394398
2.462121
2.266411
3.501650
2.805070
3.852271
2.520484
2.484487
4.211858
3.850802
4.139379
3.494910
4.016691
3.573313
3.548058
4.857194
4.536171
5.610946
4.072167
3.636580
3.548039
3.305596
3.338648
3.906502
3.757756
3.582121
3.509857
3.021078
3.492377
3.564111
3.888892
4.025994
4.007699
3.400583
3.588344
3.814358
3.212945
3.395895
3.106675
3.364258
3.272266
3.475490
3.400954
2.806760
3.115894
3.465703
3.419556
3.605668
3.086016
2.916785
3.266591
2.775433
2.952543
3.012980
3.087014
3.034374
2.935417
3.385995
3.270844
3.082802
3.197049
3.232257
3.427295
3.931814
3.000743
3.121558
3.457350
3.514604
3.436569
3.426833
3.529183
3.519495
3.516777
3.207191
3.382495
3.104196
2.810691
2.767073
3.079912
3.747009
3.705530
4.043493
3.507287
3.599954
3.301247
3.362580
3.234318
3.113739
2.884894
3.013914
3.628071
3.155441
2.924637
3.073010
3.284944
3.599937
3.655808
3.672446
3.856214
2.633095
2.473866
2.771156
3.321921
3.207583
2.548448
3.051146
2.576251
3.603671
2.223829
2.900797
2.530710
3.168916
2.849411
2.965889
3.414791
2.242030
2.669751
3.023409
3.101378
3.390758
3.258916
2.907648
3.099706
2.532845
2.864851
2.474563
2.736567
2.834973
2.176537
1.675648
3.023761
3.987751
2.566368
3.333573
2.456002
4.025352
1.991683
2.889344
4.242856
1.518244
4.003003
2.175696
2.559122
3.363795
3.708972
2.693872
2.444854
3.682869
2.598546
2.980093
4.718214
2.867420
2.643518
2.788346
2.735940
3.121042
3.659225
2.229203
2.377660
1.577290
1.809677
3.537056
2.936149
2.950438
3.577736
3.261509
2.036106
3.087665
2.913746
2.688734
2.313724
2.878358
3.071253
1.932426
2.849788
2.724847
3.149839
4.132667
2.793236
3.576672
2.948002
2.362870
2.617892
1.561218
2.570024
1.281128
3.527574
3.040316
2.115717
2.241668
1.831123
1.962911
2.302525
3.101457
2.082239
1.977512
3.652704
2.766430
2.231032
2.474231
2.286148
2.638818
2.334610
2.443986
2.253646
2.362857
3.178516
1.359145
1.598638
2.234736
2.023536
2.661625
3.177114
3.119611
2.921608
2.125001
2.644962
2.243737
2.490891
2.262261
2.521505
1.887820
2.349117
2.912039
1.742346
2.579402
2.997756
1.978963
3.309568
2.930116
2.433318
2.052575
2.677457
2.490074
2.399849
1.776761
2.906393
2.475812
2.938651
2.142456
2.168140
1.844979
1.969073
2.376490
1.569998
2.994261
2.090375
2.330598
2.645001
1.969018
2.327034
2.701623
2.302975
2.270165
2.339075
1.258991
2.185013
2.197664
2.104344
1.737033
2.785029
2.901098
2.238257
2.569458
2.059363
1.950322
2.935385
1.849393
2.819802
2.366641
1.688116
2.186468
2.308410
2.294255
2.146273
1.702076
2.490935
2.225116
2.853238
2.206585
2.495573
1.980926
2.034695
2.973591
2.719808
1.583066
1.989055
2.161465
3.393159
2.286178
2.296059
2.540836
2.583845
2.146740
2.422813
2.275013
1.488003
2.637879
2.273947
1.578466
1.983335
1.965735
2.371285
1.928000
2.695435
1.860520
1.969117
1.731207
2.070042
1.656497
2.110985
1.851642
2.047350
1.576191
1.717460
2.239468
2.161486
1.891016
1.954164
1.594929
1.404676
1.935053
1.333952
1.929641
1.731954
1.640662
1.851637
1.234630
1.556507
1.884858
1.537154
1.966898
1.653272
1.695411
1.789896
1.319430
1.750055
1.460212
1.486364
2.594216
1.829785
1.421113
1.569493
1.708235
1.344276
1.636445
2.591494
1.574986
1.403646
1.528144
1.202041
2.156889
1.805314
2.387037
1.589325
1.587538
2.649268
2.342507
2.611957
2.067820
2.490245
2.112049
2.072680
3.103453
2.841880
3.787875
2.551056
2.126422
2.110059
1.978200
1.935360
2.433464
2.251367
2.153350
2.096348
1.751670
2.090219
2.137578
2.365572
2.519198
2.477098
2.055777
2.176768
2.359516
1.873921
2.040840
1.813917
2.042086
1.890665
2.055613
2.026500
1.570669
1.771630
2.044326
2.030461
2.158013
1.785196
1.709526
1.909556
1.596274
1.794400
1.774735
1.791381
1.742471
1.693537
2.031592
1.924935
1.808435
1.888752
1.928460
2.051694
2.417535
1.768156
1.806290
2.098124
2.096533
2.065531
2.030498
2.102006
2.124761
2.123783
1.937066
2.017703
1.818540
1.643842
1.635221
1.842776
2.302054
2.255231
2.568330
2.097997
2.138437
1.914382
1.997984
1.918158
1.846738
1.673785
1.706525
2.159676
1.827843
1.682390
1.781998
2.018081
2.182436
2.217829
2.270956
2.377962
1.495667
1.440262
1.582956
1.948065
1.989084
1.504001
1.935221
1.431640
2.222480
1.283199
1.725840
1.412297
1.881019
1.714883
1.767219
2.081017
1.232285
1.577747
1.851769
1.840046
2.065624
1.968816
1.724304
1.861293
1.530429
1.742568
1.429770
1.575476
1.691073
1.186110
0.846822
1.724232
2.597650
1.409113
1.988276
1.319541
2.540372
1.105332
1.757061
2.720411
1.203133
2.569209
1.135381
1.450028
2.016298
2.310162
1.567000
1.643368
2.378649
1.437987
1.830545
3.120640
1.638909
1.461732
1.670443
1.575751
1.848275
2.358391
1.327780
1.456015
1.281649
0.976668
2.189947
1.708807
1.716679
2.245979
2.001418
1.149229
1.870380
1.785222
1.612382
1.336520
1.690784
1.881220
0.986113
1.770205
1.618945
1.918058
2.703074
1.726502
2.240606
1.751354
1.326560
1.594128
0.808286
1.571780
0.730447
2.289742
1.883705
1.207578
1.273226
0.982795
1.144166
1.261834
2.028457
1.190229
1.260754
2.476615
1.802483
1.325296
1.479677
1.290603
1.575412
1.331851
1.443817
1.261265
1.467183
2.044596
0.828874
0.814036
1.304928
1.168992
1.764916
1.987282
1.955255
1.872213
1.252354
1.544561
1.294001
1.506814
1.349364
1.522318
1.167281
1.367773
1.874765
0.985720
1.610713
1.905044
1.155416
2.257775
1.868227
1.474757
1.280520
1.633107
1.483185
1.550687
1.017275
1.795525
1.474188
1.849989
1.319739
1.303056
1.002923
1.204702
1.471998
0.958495
1.906801
1.457440
1.370726
1.764225
1.090772
1.475316
1.662912
1.337694
1.351339
1.473730
0.684583
1.335412
1.274805
1.249626
0.960077
1.795300
1.920389
1.438291
1.592535
1.291350
1.130302
1.833414
1.028453
1.762653
1.456523
1.006949
1.464283
1.636581
1.397869
1.262848
1.023164
1.514608
1.433250
1.823092
1.341173
1.806461
1.243663
1.270435
1.907216
1.736731
0.975601
1.216130
1.396970
2.275883
1.483245
1.469986
1.616096
1.602937
1.250784
1.743474
1.379094
0.892771
1.661081
1.368133
0.996596
1.151528
1.220167
1.512472
1.121913
1.941848
1.075230
1.109690
1.003509
1.312045
0.977212
1.428685
1.072092
1.253279
1.024185
1.171148
1.342545
1.353390
1.509357
1.194533
0.950568
0.879035
1.161646
0.780389
1.214515
1.050996
0.998795
1.339159
0.738760
1.322117
1.380562
1.233442
1.497461
0.965184
1.136052
1.092838
0.766490
1.522671
0.948131
1.063490
1.701300
1.311026
1.096911
1.321694
1.405456
0.863330
1.291301
1.708245
1.384428
1.018484
1.181966
0.764627
1.523894
1.411561
1.668893
1.242244
1.263198
1.861329
1.591715
1.847354
1.372345
1.724931
1.391720
1.341719
2.178467
1.957301
2.813437
1.786089
1.368075
1.401462
1.346074
1.249838
1.698778
1.492930
1.448346
1.401354
1.156450
1.402016
1.431617
1.591633
1.756063
1.697210
1.404604
1.478333
1.630327
1.225054
1.380330
1.195994
1.403279
1.209538
1.347460
1.349524
0.989275
1.114271
1.332650
1.340666
1.426979
1.155890
1.144855
1.239857
1.049972
1.261923
1.186099
1.162342
1.115299
1.101096
1.359860
1.258620
1.191322
1.247581
1.289799
1.362583
1.631305
1.177367
1.157251
1.417964
1.375095
1.376180
1.323123
1.372524
1.417205
1.417153
1.315403
1.329432
1.184773
1.092331
1.107474
1.241046
1.555465
1.504403
1.799478
1.374510
1.378119
1.205276
1.304136
1.257178
1.219551
1.084815
1.050212
1.390825
1.156768
1.070217
1.134995
1.387498
1.446533
1.467074
1.545395
1.598063
0.952547
0.968804
1.003587
1.238888
1.387285
1.022733
1.403906
0.879954
1.505557
0.872378
1.151241
0.876799
1.227151
1.167117
1.174211
1.393972
0.770127
1.057380
1.275531
1.201151
1.381794
1.308837
1.138205
1.236428
1.069286
1.197596
0.937892
1.002403
1.129624
0.730867
0.503584
1.052767
1.862893
0.835931
1.283697
0.759723
1.737622
0.718563
1.198540
1.890002
1.212236
1.799724
0.639086
0.905416
1.305383
1.563019
1.008561
1.310707
1.696070
0.854802
1.254657
2.232383
1.007137
0.861803
1.114566
0.990163
1.183810
1.674266
0.920674
1.034410
1.295010
0.615924
1.470875
1.072798
1.075661
1.536370
1.341417
0.748131
1.239236
1.215390
1.078389
0.870927
1.078630
1.266887
0.540861
1.231815
1.061721
1.272970
1.919775
1.195025
1.521365
1.128799
0.815059
1.090962
0.492882
1.085415
0.555161
1.635690
1.286121
0.782149
0.805558
0.598286
0.779782
0.742508
1.486170
0.773579
0.965438
1.861526
1.334523
0.897293
0.989504
0.799442
1.036503
0.834705
0.948297
0.770563
1.043456
1.454575
0.658481
0.466437
0.855657
0.771937
1.338168
1.356312
1.341552
1.337634
0.840697
0.973800
0.827733
1.016411
0.907978
1.020609
0.859055
0.877628
1.345195
0.650847
1.128110
1.335787
0.772916
1.716136
1.319378
0.996996
0.932516
1.094979
0.970784
1.147731
0.676375
1.209755
0.963859
1.279011
0.933254
0.886628
0.602122
0.857595
1.027243
0.717051
1.333691
1.200417
0.885671
1.333864
0.661862
1.064533
1.121593
0.847195
0.892753
1.051789
0.464877
0.923862
0.811695
0.833741
0.598006
1.284927
1.415618
1.059080
1.089552
0.933447
0.736036
1.242398
0.632629
1.202410
0.998123
0.707421
1.135967
1.342790
0.947419
0.821282
0.723475
1.007654
1.054177
1.277762
0.910453
1.497549
0.901367
0.908820
1.335040
1.222276
0.722093
0.847006
1.033477
1.666637
1.092171
1.062624
1.139678
1.087120
0.793814
1.436660
0.921192
0.643824
1.146540
0.902435
0.756260
0.736689
0.864870
1.078143
0.723835
1.580134
0.691118
0.673605
0.658739
0.945988
0.665585
1.114594
0.690133
0.860545
0.799760
0.950301
0.877203
0.949668
1.401778
0.823894
0.659832
0.670489
0.780534
0.551808
0.873189
0.733151
0.707808
1.137941
0.548585
1.313778
1.184088
1.176122
1.324388
0.639967
0.900010
0.760507
0.534235
1.516457
0.743666
0.920794
1.231306
1.100961
1.021898
1.299718
1.344506
0.678329
1.200509
1.242869
1.400560
0.898805
1.089184
0.608135
1.231109
1.284807
1.316201
1.147483
1.183654
1.459034
1.214947
1.460782
1.033496
1.337108
1.035091
0.977255
1.678897
1.485288
2.278862
1.396966
0.982971
1.050785
1.048383
0.914708
1.329138
1.106504
1.098817
1.058493
0.882789
1.063362
1.080185
1.192569
1.364168
1.293628
1.090330
1.130743
1.260994
0.911539
1.058511
0.903396
1.095982
0.872235
0.991198
1.014779
0.720684
0.792455
0.972696
0.995645
1.053040
0.852549
0.886287
0.907753
0.803594
1.024729
0.909645
0.857560
0.811443
0.821464
1.024472
0.926784
0.893442
0.932751
0.976398
1.013861
1.214697
0.896455
0.835418
1.074224
1.002518
1.025595
0.959814
0.993500
1.053096
1.053607
1.010720
0.978004
0.870998
0.835610
0.866998
0.948702
1.162246
1.107988
1.390141
0.996503
0.974261
0.836644
0.946070
0.921510
0.907225
0.798720
0.717120
0.979187
0.813139
0.767341
0.807369
1.071139
1.056638
1.066543
1.162367
1.176682
0.695778
0.761588
0.721161
0.865808
1.088524
0.807544
1.153788
0.615470
1.125778
0.705380
0.869878
0.622579
0.890379
0.903841
0.879132
1.033542
0.565878
0.812057
0.991115
0.873073
1.022165
0.965544
0.846135
0.917177
0.863721
0.933506
0.710271
0.718195
0.853375
0.528208
0.378662
0.699073
1.465060
0.550318
0.906367
0.482841
1.291500
0.561607
0.921744
1.423833
1.329910
1.375609
0.404735
0.637230
0.921285
1.153443
0.730029
1.188939
1.330842
0.558433
0.963216
1.723239
0.676341
0.552801
0.836030
0.690848
0.829331
1.306112
0.744738
0.848182
1.411107
0.471670
1.076953
0.736581
0.735675
1.148468
0.987950
0.574355
0.905386
0.923982
0.811689
0.651502
0.757194
0.943701
0.335066
0.961020
0.777547
0.927564
1.477892
0.927997
1.123530
0.798100
0.561377
0.842883
0.375066
0.848551
0.534596
1.281630
0.971415
0.586808
0.580724
0.431114
0.626375
0.481024
1.208470
0.583173
0.859122
1.532688
1.107810
0.698085
0.746869
0.555992
0.759545
0.586590
0.701281
0.526567
0.845932
1.141062
0.636764
0.321337
0.639448
0.592044
1.137450
1.013397
1.010416
1.061028
0.649670
0.671708
0.598192
0.770002
0.695395
0.765943
0.738821
0.630579
1.070450
0.511250
0.885680
1.032897
0.599684
1.432029
1.030208
0.756807
0.782685
0.812485
0.706032
0.959011
0.530665
0.893486
0.699761
0.972739
0.755040
0.687343
0.413513
0.706171
0.807856
0.638824
1.024423
1.111043
0.637324
1.123416
0.452289
0.867420
0.833437
0.594284
0.661842
0.846056
0.399800
0.725123
0.576750
0.631599
0.433179
1.016809
1.151009
0.881773
0.825750
0.770474
0.547716
0.916857
0.442738
0.898150
0.764479
0.584086
0.992497
1.223067
0.718477
0.598511
0.599200
0.739008
0.874263
0.981918
0.694425
1.365753
0.746496
0.740205
1.019740
0.947050
0.628237
0.672423
0.862724
1.324758
0.901794
0.860848
0.889636
0.809530
0.557054
1.304058
0.683258
0.551171
0.869082
0.658663
0.669335
0.528006
0.697356
0.855542
0.526223
1.407783
0.503014
0.449143
0.497644
0.770009
0.527313
0.974416
0.502657
0.665177
0.721494
0.874333
0.630798
0.746075
1.403913
0.643018
0.534405
0.602031
0.591953
0.469120
0.711891
0.588052
0.581226
1.073711
0.491742
1.383454
1.122706
1.211338
1.278817
0.488599
0.810479
0.603700
0.446991
1.586225
0.675452
0.895410
0.978084
1.028379
1.043124
1.357833
1.375062
0.622585
1.210180
0.991844
1.484305
0.887837
1.096834
0.571370
1.099428
1.268407
1.142503
1.153142
1.199535
1.250289
1.023795
1.262727
0.868467
1.137815
0.857461
0.793931
1.401559
1.226807
1.976879
1.196037
0.784499
0.876186
0.910572
0.750717
1.140970
0.906538
0.924394
0.888554
0.760929
0.896112
0.903803
0.982888
1.159279
1.080669
0.939378
0.956368
1.071315
0.760718
0.901822
0.766816
0.949130
0.704158
0.809888
0.848365
0.600108
0.634658
0.788176
0.821381
0.858559
0.707115
0.771917
0.741969
0.697413
0.924689
0.782228
0.710353
0.664651
0.691624
0.855502
0.760182
0.750323
0.777758
0.822228
0.835013
0.988454
0.764482
0.674768
0.898206
0.806412
0.844611
0.769912
0.792483
0.862274
0.863176
0.861129
0.795651
0.714714
0.718951
0.761497
0.806890
0.950252
0.893655
1.166589
0.794657
0.754324
0.640983
0.757786
0.748528
0.750417
0.659967
0.545626
0.752926
0.634234
0.616687
0.639184
0.910737
0.844949
0.847288
0.955325
0.942628
0.576213
0.676351
0.583550
0.664941
0.939145
0.716159
1.038073
0.489689
0.919594
0.647165
0.731848
0.503442
0.713713
0.778139
0.731123
0.840172
0.481029
0.698278
0.850028
0.701612
0.828607
0.783221
0.699389
0.751411
0.776943
0.805922
0.607782
0.576317
0.716998
0.442866
0.347321
0.508322
1.243585
0.406835
0.698914
0.345130
1.035937
0.507101
0.783663
1.153899
1.466069
1.134804
0.295795
0.504642
0.707955
0.922245
0.589885
1.157679
1.130247
0.405585
0.813740
1.422083
0.499249
0.390660
0.695009
0.535344
0.635292
1.102610
0.674661
0.770848
1.543951
0.423375
0.854741
0.554505
0.550824
0.930190
0.793618
0.504781
0.724474
0.772494
0.677276
0.549809
0.584543
0.769713
0.242626
0.823266
0.630337
0.737721
1.220752
0.792307
0.896758
0.617994
0.434720
0.720037
0.342635
0.733258
0.569744
1.084525
0.801783
0.499980
0.473341
0.363758
0.568476
0.347781
1.063818
0.499218
0.833490
1.352244
0.998294
0.607550
0.626033
0.434553
0.614633
0.461648
0.577113
0.404314
0.755959
0.970232
0.668879
0.267589
0.536010
0.513904
1.044749
0.821726
0.826823
0.915048
0.563310
0.507865
0.484759
0.644812
0.593596
0.634822
0.701148
0.504548
0.924996
0.459649
0.762541
0.867622
0.524457
1.279600
0.874262
0.634642
0.723482
0.660750
0.566579
0.872406
0.473921
0.717976
0.560371
0.804055
0.675283
0.592798
0.326300
0.644751
0.699165
0.628178
0.852875
1.092508
0.507998
1.020393
0.349817
0.773548
0.676105
0.461441
0.544196
0.745745
0.397352
0.629593
0.455830
0.533503
0.360996
0.872721
1.009124
0.800631
0.684202
0.699032
0.458648
0.732122
0.352310
0.728198
0.643529
0.539772
0.934139
1.181075
0.600375
0.484729
0.553838
0.593116
0.789976
0.816831
0.584956
1.314558
0.679393
0.663363
0.840753
0.795920
0.603194
0.591061
0.783998
1.126905
0.809179
0.760295
0.755383
0.656049
0.431940
1.251225
0.557030
0.525987
0.715344
0.528181
0.648059
0.421803
0.619653
0.739478
0.427423
1.326561
0.410756
0.331475
0.423985
0.685972
0.469435
0.915112
0.410429
0.567211
0.705034
0.859369
0.497061
0.642116
1.442912
0.554720
0.484624
0.591763
0.498103
0.448819
0.636816
0.524182
0.530154
1.065977
0.488981
1.468754
1.116728
1.272457
1.283583
0.419829
0.784624
0.530887
0.422553
1.670881
0.664098
0.913789
0.837896
1.013757
1.093693
1.434088
1.431860
0.619382
1.252431
0.852692
1.577939
0.915450
1.137364
0.580960
1.042953
1.292011
1.056623
1.192010
1.245296
1.139738
0.925415
1.159513
0.788135
1.033530
0.768275
0.700640
1.242881
1.081042
1.800904
1.090298
0.680259
0.788532
0.848491
0.670348
1.043707
0.801018
0.836580
0.803796
0.709574
0.813111
0.814302
0.870134
1.049761
0.965592
0.867392
0.867955
0.972154
0.688629
0.825617
0.704472
0.879632
0.619691
0.716207
0.765040
0.548573
0.557106
0.691940
0.732203
0.755280
0.637938
0.724329
0.658452
0.655370
0.886776
0.725243
0.639561
0.594036
0.632899
0.769333
0.675622
0.682037
0.701173
0.746131
0.741711
0.862081
0.703642
0.593839
0.806529
0.700767
0.749392
0.668462
0.683207
0.759989
0.761192
0.787502
0.699100
0.636231
0.668018
0.718250
0.738260
0.832811
0.774531
1.040925
0.684052
0.631085
0.534512
0.656476
0.657708
0.670824
0.592823
0.455699
0.624834
0.539147
0.541208
0.551317
0.828269
0.726739
0.723728
0.840316
0.808619
0.521859
0.645793
0.516552
0.553826
0.863726
0.681013
0.986005
0.430587
0.804450
0.634942
0.663954
0.448721
0.618928
0.718722
0.656089
0.733672
0.449955
0.646854
0.779558
0.610029
0.721577
0.683939
0.624832
0.663581
0.744018
0.744568
0.563715
0.504863
0.649363
0.410653
0.352637
0.402591
1.116486
0.333963
0.581449
0.276115
0.884876
0.495859
0.714157
0.992620
1.587266
0.993746
0.246387
0.438733
0.585829
0.787609
0.518534
1.161983
1.016790
0.325264
0.735746
1.238433
0.401926
0.303615
0.622628
0.452891
0.525944
0.986735
0.651417
0.742514
1.661754
0.415168
0.725413
0.453115
0.447415
0.803489
0.683596
0.481400
0.623676
0.692114
0.608717
0.503916
0.489313
0.673497
0.203081
0.752146
0.552556
0.630287
1.066392
0.722321
0.763374
0.517070
0.370910
0.658839
0.344214
0.677189
0.618334
0.971384
0.707839
0.463497
0.422557
0.340779
0.552015
0.278818
0.986848
0.464470
0.839213
1.250288
0.945620
0.567990
0.565364
0.373449
0.537105
0.397959
0.514004
0.342422
0.716516
0.874444
0.714260
0.253234
0.486952
0.482490
1.003171
0.711288
0.721938
0.836128
0.525946
0.416462
0.428407
0.580294
0.545264
0.566087
0.697381
0.439238
0.846089
0.445935
0.699081
0.774804
0.494208
1.195608
0.787846
0.571547
0.704280
0.577029
0.491373
0.833959
0.456220
0.617598
0.485011
0.708375
0.641370
0.548526
0.287081
0.623443
0.645005
0.642136
0.754788
1.100917
0.439216
0.969877
0.299664
0.729355
0.587693
0.390059
0.483332
0.696834
0.416555
0.583980
0.392438
0.486010
0.331518
0.793205
0.930998
0.764778
0.606182
0.669785
0.417157
0.623944
0.309720
0.630332
0.579687
0.529179
0.913773
1.172002
0.538285
0.425680
0.542333
0.511629
0.751279
0.721834
0.528735
1.298668
0.652558
0.629646
0.735919
0.710470
0.605418
0.554007
0.748778
1.008777
0.764168
0.709774
0.681356
0.568609
0.364221
1.233689
0.488366
0.527614
0.627568
0.456481
0.652404
0.366927
0.584527
0.677653
0.377538
1.288928
0.365404
0.268385
0.391473
0.646250
0.447869
0.892504
0.364916
0.517551
0.712125
0.867443
0.422380
0.588164
1.488305
0.511595
0.468269
0.602834
0.451032
0.452848
0.602691
0.497829
0.512661
1.078622
0.504978
1.546066
1.130490
1.332838
1.304671
0.389823
0.784411
0.497901
0.423235
1.747376
0.673806
0.944159
0.757917
1.021079
1.146337
1.504634
1.488693
0.634503
1.299152
0.773205
1.660334
0.951836
1.182727
0.604793
1.020814
1.325508
1.013933
1.236104
1.294046
1.079719
0.873831
1.104562
0.749051
0.977715
0.723004
0.652427
1.149195
0.996242
1.695122
1.033360
0.624217
0.744038
0.821779
0.630884
0.992449
0.743986
0.791837
0.761138
0.690160
0.771638
0.768228
0.807832
0.989647
0.901674
0.833436
0.822479
0.919154
0.654508
0.788624
0.677049
0.847234
0.576752
0.666872
0.722903
0.528502
0.518873
0.640650
0.685793
0.699041
0.605427
0.706835
0.615864
0.641657
0.875847
0.701048
0.605748
0.560271
0.607502
0.724696
0.632092
0.649789
0.663148
0.708391
0.691993
0.789292
0.676422
0.552569
0.757755
0.642294
0.698120
0.612856
0.622095
0.703691
0.705130
0.751144
0.646715
0.596385
0.647338
0.702888
0.705145
0.765771
0.706290
0.968061
0.621646
0.559872
0.474885
0.600484
0.608909
0.629837
0.560434
0.407466
0.550020
0.487351
0.503034
0.504402
0.785115
0.658685
0.651906
0.774489
0.729442
0.498114
0.638558
0.483974
0.490497
0.825155
0.670415
0.963651
0.403336
0.738144
0.640235
0.630426
0.424397
0.566715
0.691057
0.617502
0.673278
0.441993
0.624593
0.744018
0.559839
0.660593
0.628311
0.586401
0.615897
0.734509
0.715261
0.546332
0.468444
0.615617
0.401501
0.369586
0.342182
1.041233
0.296425
0.512835
0.241168
0.792823
0.501054
0.678751
0.893339
1.684493
0.908526
0.224882
0.405720
0.513684
0.706720
0.481644
1.177667
0.950597
0.282075
0.694176
1.123279
0.346841
0.255614
0.584815
0.408082
0.462377
0.918678
0.647688
0.735219
1.756084
0.421857
0.647754
0.394910
0.387763
0.727612
0.619344
0.477321
0.565780
0.648402
0.573200
0.484112
0.435218
0.618680
0.187658
0.714736
0.510465
0.567571
0.970974
0.685534
0.682467
0.458748
0.338375
0.628100
0.357077
0.649950
0.663916
0.904357
0.654238
0.449778
0.398897
0.336447
0.552185
0.242407
0.944833
0.451842
0.854676
1.190863
0.920445
0.551885
0.534554
0.342345
0.494523
0.364979
0.481454
0.310653
0.700370
0.819038
0.757066
0.254491
0.463987
0.471837
0.985438
0.645652
0.660130
0.792257
0.511048
0.363884
0.400208
0.546422
0.522612
0.529241
0.705721
0.404720
0.802067
0.447205
0.665767
0.721050
0.483932
1.147934
0.738515
0.538318
0.701656
0.529430
0.449688
0.817851
0.454534
0.558363
0.443123
0.652393
0.628311
0.528216
0.270258
0.619064
0.617802
0.662271
0.696912
1.117167
0.401694
0.945051
0.275088
0.708913
0.536450
0.350668
0.451234
0.672984
0.440118
0.562427
0.358436
0.463097
0.321132
0.748012
0.886678
0.749894
0.561865
0.659401
0.398280
0.558604
0.289994
0.572201
0.545177
0.531691
0.909482
1.175520
0.504876
0.394425
0.544119
0.464710
0.734084
0.665415
0.499368
1.297224
0.643582
0.615823
0.672589
0.660637
0.616557
0.537761
0.733811
0.936118
0.742319
0.684107
0.639296
0.517212
0.326545
1.230857
0.449925
0.538083
0.575863
0.415895
0.664790
0.338025
0.569314
0.643870
0.352018
1.271955
0.343040
0.233648
0.377992
0.627761
0.441998
0.885879
0.342364
0.492016
0.726107
0.882078
0.379364
0.559586
1.528778
0.490519
0.465808
0.619411
0.427179
0.464501
0.587777
0.488306
0.509282
1.096216
0.524840
1.608622
1.148806
1.383551
1.327994
0.377653
0.792933
0.483564
0.432330
1.809167
0.689148
0.973857
0.710839
1.034703
1.191476
1.562256
1.536658
0.653486
1.340105
0.726359
1.726069
0.985518
1.222664
0.629740
1.013780
1.357142
0.992554
1.275108
1.336195
1.046217
0.846156
1.074555
0.730054
0.947041
0.699691
0.627012
1.092177
0.945322
1.629651
1.001847
0.593253
0.721115
0.811238
0.611447
0.964792
0.712298
0.768691
0.739426
0.684616
0.750721
0.744067
0.772353
0.955657
0.865094
0.817689
0.798667
0.890073
0.638598
0.770725
0.665757
0.832490
0.554590
0.640275
0.701324
0.522243
0.499941
0.612601
0.661119
0.667522
0.590430
0.702289
0.593800
0.639703
0.875779
0.691753
0.589764
0.544273
0.597390
0.701111
0.609266
0.634802
0.644142
0.689564
0.664811
0.746046
0.664852
0.531188
0.731137
0.608948
0.669755
0.581481
0.586858
0.671766
0.673406
0.733116
0.617481
0.575855
0.640156
0.699376
0.689242
0.726287
0.665969
0.924475
0.585329
0.517415
0.440441
0.568605
0.581969
0.608339
0.544879
0.380899
0.504948
0.458333
0.483482
0.478695
0.762035
0.618265
0.608833
0.735629
0.681211
0.488464
0.640371
0.468167
0.453258
0.805092
0.669794
0.954869
0.391141
0.698746
0.650650
0.613778
0.414179
0.537089
0.678483
0.597289
0.637949
0.443130
0.615685
0.725871
0.531517
0.624740
0.596167
0.566221
0.589275
0.734435
0.701414
0.540710
0.449598
0.598629
0.401598
0.387848
0.306567
0.995310
0.276738
0.471498
0.223237
0.735147
0.511020
0.660422
0.830566
1.758420
0.855538
0.216194
0.389014
0.469745
0.656674
0.462196
1.194762
0.910765
0.258218
0.671450
1.049304
0.314692
0.228334
0.564623
0.383043
0.424253
0.877473
0.651152
0.736195
1.827734
0.432554
0.599721
0.360434
0.352250
0.680803
0.580647
0.480425
0.531474
0.623955
0.554438
0.476247
0.403521
0.586465
0.182833
0.694602
0.487052
0.529830
0.910436
0.665743
0.631980
0.423983
0.321527
0.612497
0.371750
0.636739
0.701376
0.863410
0.622689
0.445920
0.388134
0.339118
0.557973
0.222715
0.921221
0.448686
0.871023
1.155129
0.908526
0.546245
0.518676
0.326272
0.470430
0.347554
0.464362
0.294060
0.694653
0.785972
0.792326
0.260857
0.453449
0.469903
0.978575
0.605465
0.622589
0.767100
0.506103
0.332670
0.385958
0.528249
0.512210
0.508969
0.716883
0.386037
0.776741
0.453352
0.647874
0.688935
0.482032
1.120016
0.709467
0.520391
0.705082
0.501499
0.425873
0.811834
0.458548
0.522332
0.419115
0.618620
0.624355
0.519196
0.263660
0.621113
0.603999
0.681364
0.661697
1.133554
0.380624
0.932814
0.263025
0.699728
0.505809
0.328285
0.433902
0.661350
0.461490
0.552399
0.339704
0.452094
0.318857
0.721523
0.860734
0.744449
0.535886
0.657041
0.390030
0.517971
0.281095
0.536617
0.526010
0.538257
0.911323
1.182755
0.486402
0.377477
0.550143
0.436834
0.726868
0.630880
0.483694
1.300882
0.642081
0.610905
0.633213
0.630662
0.628988
0.531102
0.728056
0.890220
0.731726
0.670880
0.614639
0.486055
0.304943
1.233450
0.427726
0.549921
0.544469
0.392194
0.677987
0.322440
0.563223
0.624868
0.338740
1.264641
0.331965
0.213945
0.373071
0.619369
0.442371
0.885707
0.331129
0.478635
0.740254
0.896661
0.353786
0.544073
1.561255
0.480212
0.468443
0.635271
0.414921
0.476923
0.581702
0.485984
0.511217
1.112739
0.542909
1.656424
1.165813
1.423076
1.348435
0.373436
0.803096
0.477787
0.442865
1.856332
0.704009
0.998701
0.682261
1.048338
1.227032
1.606518
1.574126
0.670814
1.372725
0.697894
1.775908
1.013029
1.254523
0.651184
1.012981
1.383215
0.981744
1.306307
1.369529
1.026917
0.830910
1.057696
0.720833
0.929679
0.687463
0.613298
1.056498
0.913822
1.588067
0.983875
0.575613
0.709072
0.807819
0.601838
0.949451
0.694152
0.756475
0.728199
0.684646
0.740047
0.731089
0.751490
0.935817
0.843480
0.810570
0.785910
0.873631
0.631354
0.762095
0.661705
0.826048
0.542928
0.625540
0.690095
0.521649
0.490505
0.596803
0.647661
0.649313
0.583721
0.702853
0.582137
0.642043
0.879399
0.688965
0.582316
0.536799
0.594058
0.688342
0.597038
0.628010
0.634553
0.680080
0.649528
0.719564
0.660407
0.519882
0.716184
0.589335
0.653582
0.563227
0.565895
0.653088
0.654889
0.724120
0.600661
0.565087
0.638676
0.700438
0.681650
0.702323
0.641407
0.897611
0.563528
0.491344
0.419906
0.549886
0.566643
0.596803
0.537454
0.365830
0.476994
0.441577
0.473323
0.464192
0.749367
0.593525
0.582231
0.711993
0.650996
0.485105
0.644971
0.460521
0.430678
0.794435
0.672647
0.952058
0.385966
0.674619
0.661189
0.605447
0.410350
0.519755
0.672990
0.586464
0.616657
0.447190
0.612692
0.716444
0.515041
0.603006
0.577004
0.555388
0.573954
0.737582
0.694984
0.539949
0.439653
0.589998
0.404835
0.403710
0.284915
0.966501
0.266182
0.445865
0.213864
0.698127
0.521048
0.650742
0.789962
1.812918
0.821755
0.213210
0.380450
0.442232
0.624895
0.451692
1.209661
0.886084
0.244637
0.658662
1.000834
0.295327
0.212334
0.553558
0.368612
0.400709
0.851813
0.656519
0.739826
1.880517
0.442943
0.569222
0.339389
0.330459
0.651152
0.556658
0.485473
0.510526
0.609850
0.544290
0.473653
0.384376
0.566951
0.182363
0.683475
0.473630
0.506447
0.871168
0.654798
0.599680
0.402628
0.312622
0.604454
0.384742
0.630349
0.730245
0.837695
0.603549
0.446003
0.383426
0.343756
0.564766
0.211766
0.907529
0.449235
0.885115
1.133014
0.902961
0.545031
0.510342
0.317808
0.456363
0.338120
0.455182
0.285200
0.693364
0.765640
0.819532
0.267980
0.448769
0.471229
0.976476
0.580188
0.599144
0.752215
0.505310
0.313571
0.378658
0.518243
0.507582
0.497490
0.727264
0.375644
0.761711
0.460193
0.638009
0.669170
0.483276
1.103150
0.691832
0.510443
0.710033
0.484594
0.411831
0.810183
0.463878
0.499786
0.404911
0.597653
0.624114
0.515415
0.261553
0.625028
0.596901
0.697130
0.639656
1.147437
0.368421
0.926752
0.257090
0.695787
0.486933
0.315162
0.424286
0.655668
0.478799
0.547853
0.329065
0.446856
0.319685
0.705513
0.845064
0.743058
0.520170
0.657759
0.386669
0.492053
0.277257
0.514240
0.515036
0.545173
0.914968
1.190124
0.475871
0.368027
0.556666
0.419774
0.724158
0.609149
0.475126
1.305704
0.643353
0.609773
0.608101
0.612097
0.639926
0.528736
0.726328
0.860553
0.726606
0.663936
0.599729
0.466627
0.292162
1.237475
0.414488
0.560370
0.524867
0.377912
0.689404
0.313804
0.561173
0.613839
0.331678
1.261743
0.326449
0.202417
0.371818
0.615709
0.444810
0.887763
0.325493
0.471462
0.752251
0.908955
0.338105
0.535400
1.585953
0.475160
0.472393
0.648408
0.408510
0.487667
0.579574
0.486463
0.514655
1.126331
0.557542
1.691770
1.179728
1.452642
1.364700
0.372578
0.812229
0.475805
0.452247
1.891177
0.716392
1.018027
0.664421
1.059852
1.253788
1.639361
1.602180
0.684882
1.397426
0.680106
1.812575
1.034148
1.278679
0.668097
1.014422
1.403330
0.976202
1.330001
1.394664
1.015437
0.822251
1.047906
0.716360
0.919524
0.680902
0.605685
1.033604
0.893817
1.561070
0.973310
0.565241
0.702600
0.807354
0.597055
0.940672
0.683422
0.749878
0.722294
0.686570
0.734517
0.723940
0.738853
0.923874
0.830326
0.807509
0.778887
0.864042
0.628182
0.757968
0.660738
0.823431
0.536649
0.617129
0.684132
0.523076
0.485768
0.587629
0.640108
0.638453
0.580866
0.705064
0.575820
0.645487
0.883705
0.688815
0.578936
0.533388
0.593551
0.681241
0.590302
0.625062
0.629661
0.675252
0.640664
0.702903
0.659073
0.513755
0.707518
0.577436
0.644070
0.552269
0.553042
0.641814
0.643740
0.719603
0.590674
0.559308
0.639364
0.702897
0.678062
0.687356
0.626024
0.880609
0.550053
0.474891
0.407294
0.538550
0.557640
0.590446
0.533944
0.357006
0.459212
0.431611
0.467932
0.455755
0.742213
0.577966
0.565371
0.697214
0.631602
0.484405
0.649801
0.456840
0.416593
0.788619
0.676231
0.951717
0.383978
0.659433
0.670129
0.601231
0.409284
0.509292
0.670756
0.580513
0.603450
0.451620
0.612170
0.711444
0.505147
0.589449
0.565225
0.549418
0.564855
0.741333
0.692064
0.540951
0.434278
0.585552
0.408630
0.416301
0.271370
0.947997
0.260373
0.429552
0.208868
0.673889
0.529539
0.645504
0.763205
1.852325
0.799749
0.212625
0.375981
0.424572
0.604264
0.445858
1.221488
0.870401
0.236665
0.651244
0.968566
0.283327
0.202655
0.547312
0.360041
0.385781
0.835446
0.661693
0.743793
1.918668
0.451622
0.549422
0.326172
0.316722
0.631954
0.541404
0.490404
0.497378
0.601470
0.538646
0.473262
0.372478
0.554789
0.183443
0.677155
0.465689
0.491587
0.845245
0.648557
0.578583
0.389156
0.307804
0.600238
0.395146
0.627268
0.751700
0.821150
0.591609
0.447414
0.381511
0.348338
0.570844
0.205487
0.899334
0.450956
0.896245
1.118963
0.900426
0.545508
0.505860
0.313240
0.447890
0.332865
0.450118
0.280340
0.693780
0.752789
0.839766
0.274246
0.446806
0.473465
0.976322
0.563925
0.584140
0.743128
0.506058
0.301558
0.374862
0.512554
0.505639
0.490782
0.735773
0.369688
0.752506
0.466197
0.632403
0.656671
0.485383
1.092660
0.680820
0.504750
0.714736
0.474068
0.403296
0.810269
0.468827
0.485339
0.396250
0.584309
0.625166
0.514001
0.261297
0.628963
0.593187
0.709304
0.625512
1.158308
0.361125
0.923735
0.254158
0.694253
0.475007
0.307231
0.418793
0.652891
0.492032
0.545870
0.322833
0.444389
0.321446
0.695564
0.835328
0.743263
0.510381
0.659417
0.385499
0.475167
0.275726
0.499838
0.508556
0.551136
0.918653
1.196399
0.469673
0.362603
0.562346
0.409038
0.723408
0.595144
0.470306
1.310154
0.645375
0.610105
0.591746
0.600312
0.648654
0.528196
0.726232
0.841028
0.724142
0.660208
0.590459
0.454203
0.284375
1.241356
0.406354
0.568725
0.512320
0.369048
0.698457
0.308868
0.560812
0.607232
0.327824
1.260801
0.323679
0.195456
0.372015
0.614235
0.447571
0.890252
0.322637
0.467511
0.761657
0.918557
0.328224
0.530409
1.604155
0.472673
0.476179
0.658578
0.405083
0.496166
0.579117
0.487813
0.518059
1.136817
0.568726
1.717388
1.190425
1.474222
1.377009
0.373008
0.819594
0.475418
0.459770
1.916405
0.725997
1.032466
0.653005
1.068848
1.273393
1.663200
1.622661
0.695647
1.415596
0.668713
1.839063
1.049811
1.296449
0.680830
1.016404
1.418294
0.973322
1.347460
1.413105
1.008396
0.817174
1.042054
0.714195
0.913407
0.677292
0.601319
1.018640
0.880839
1.543235
0.966905
0.558935
0.699024
0.807954
0.594665
0.935486
0.676881
0.746201
0.719088
0.688836
0.731585
0.719878
0.730957
0.916445
0.822098
0.806287
0.774917
0.858265
0.626894
0.756018
0.660969
0.822541
0.533165
0.612183
0.680888
0.524958
0.483359
0.582126
0.635732
0.631778
0.579768
0.707501
0.572296
0.648765
0.887567
0.689597
0.577467
0.531873
0.594107
0.677164
0.586490
0.623870
0.627133
0.672764
0.635367
0.692168
0.658999
0.510339
0.702331
0.570015
0.638301
0.545492
0.544946
0.634806
0.636839
0.717310
0.584573
0.556123
0.640688
0.705439
0.676386
0.677783
0.616162
0.869611
0.541494
0.464270
0.399329
0.531494
0.552184
0.586841
0.532303
0.351676
0.447636
0.425501
0.465015
0.450682
0.738040
0.567953
0.554434
0.687748
0.618903
0.484724
0.653967
0.455089
0.407592
0.785362
0.679503
0.952264
0.383384
0.649644
0.677130
0.599066
0.409322
0.502796
0.669973
0.577134
0.595072
0.455486
0.612565
0.708724
0.499030
0.580781
0.557799
0.546026
0.559296
0.744717
0.690803
0.542397
0.431297
0.583227
0.412025
0.425818
0.262693
0.935866
0.257089
0.418952
0.206137
0.657761
0.536183
0.642580
0.745313
1.880467
0.785169
0.212947
0.373589
0.413015
0.590632
0.442514
1.230424
0.860210
0.231836
0.646813
0.946832
0.275696
0.196625
0.543673
0.354789
0.376105
0.824775
0.665994
0.747247
1.945907
0.458358
0.536334
0.317681
0.307860
0.619277
0.531495
0.494504
0.488927
0.596341
0.535418
0.473671
0.364901
0.547025
0.184888
0.673437
0.460851
0.481941
0.827892
0.644889
0.564575
0.380459
0.305121
0.597977
0.403033
0.625786
0.767296
0.810291
0.583977
0.449056
0.380836
0.352190
0.575726
0.201770
0.894284
0.452814
0.904626
1.109837
0.899311
0.546472
0.503392
0.310714
0.442634
0.329849
0.447245
0.277599
0.694715
0.744484
0.854474
0.279246
0.446061
0.475663
0.976862
0.553250
0.574345
0.737423
0.507216
0.293819
0.372844
0.509239
0.504918
0.486750
0.742315
0.366164
0.746726
0.470980
0.629118
0.648599
0.487456
1.085981
0.673795
0.501381
0.718621
0.467333
0.397952
0.810942
0.472882
0.475890
0.390814
0.575623
0.626502
0.513608
0.261713
0.632281
0.591207
0.718382
0.616259
1.166464
0.356631
0.922215
0.252704
0.693770
0.467279
0.302299
0.415557
0.651530
0.501815
0.545081
0.319059
0.443250
0.323250
0.689226
0.829117
0.743978
0.504124
0.661126
0.385254
0.463977
0.275224
0.490390
0.504615
0.555839
0.921786
1.201315
0.465918
0.359389
0.566858
0.402136
0.723433
0.585944
0.467517
1.313785
0.647343
0.610887
0.580913
0.592659
0.655270
0.528352
0.726711
0.827982
0.722950
0.658155
0.584542
0.446100
0.279496
1.244589
0.401213
0.575062
0.504130
0.363415
0.705293
0.305962
0.561079
0.603157
0.325654
1.260669
0.322276
0.191131
0.372657
0.613730
0.450012
0.892504
0.321177
0.465265
0.768716
0.925751
0.321845
0.527439
1.617297
0.471452
0.479312
0.666153
0.403203
0.502576
0.579287
0.489248
0.520929
1.144604
0.576993
1.735690
1.198356
1.489715
1.386055
0.373793
0.825207
0.475625
0.465490
1.934436
0.733169
1.042996
0.645541
1.075593
1.287513
1.680282
1.637377
0.703616
1.428706
0.661276
1.857975
1.061167
1.309291
0.690167
1.018250
1.429177
0.971789
1.360087
1.426388
1.003979
0.814103
1.038444
0.713154
0.909600
0.675246
0.598739
1.008682
0.872241
1.531288
0.962910
0.554996
0.696978
0.808825
0.593447
0.932347
0.672793
0.744104
0.717325
0.690862
0.730010
0.717481
0.725910
0.911737
0.816809
0.805881
0.772601
0.854684
0.626444
0.755108
0.661586
0.822343
0.531178
0.609178
0.679072
0.526714
0.482120
0.578718
0.633110
0.627563
0.579443
0.709622
0.570278
0.651482
0.890681
0.690556
0.576872
0.531253
0.594928
0.674754
0.584252
0.623476
0.625795
0.671451
0.632107
0.685129
0.659364
0.508372
0.699139
0.565268
0.634706
0.541204
0.539726
0.630340
0.632461
0.716136
0.580723
0.554316
0.642016
0.707621
0.675628
0.671533
0.609710
0.862352
0.535957
0.457288
0.394181
0.526981
0.548787
0.584724
0.531547
0.348362
0.439983
0.421665
0.463387
0.447546
0.735539
0.561378
0.547226
0.681566
0.610457
0.485339
0.657246
0.454258
0.401713
0.783471
0.682149
0.953024
0.383357
0.643216
0.682377
0.597930
0.409727
0.498659
0.669808
0.575157
0.589596
0.458568
0.613201
0.707192
0.495160
0.575128
0.552998
0.544041
0.555803
0.747434
0.690300
0.543760
0.429593
0.581976
0.414760
0.432825
0.257019
0.927796
0.255173
0.411944
0.204595
0.646906
0.541163
0.640902
0.733215
1.900405
0.775392
0.213521
0.372290
0.405326
0.581495
0.440547
1.236979
0.853474
0.228823
0.644077
0.932051
0.270723
0.192766
0.541481
0.351485
0.369710
0.817708
0.669328
0.749998
1.965190
0.463391
0.527565
0.312110
0.302027
0.610798
0.524939
0.497697
0.483394
0.593095
0.533508
0.474286
0.359963
0.541959
0.186236
0.671199
0.457821
0.475566
0.816153
0.642657
0.555154
0.374743
0.303593
0.596730
0.408835
0.625073
0.778483
0.803052
0.578988
0.450500
0.380697
0.355194
0.579450
0.199499
0.891080
0.454412
0.910782
1.103807
0.898847
0.547465
0.501972
0.309269
0.439287
0.328055
0.445568
0.276006
0.695675
0.739011
0.865020
0.283039
0.445844
0.477503
0.977549
0.546152
0.567855
0.733753
0.508332
0.288741
0.371736
0.507240
0.504709
0.484244
0.747185
0.364021
0.743002
0.474595
0.627133
0.643281
0.489199
1.081624
0.669189
0.499329
0.721625
0.462947
0.394529
0.811699
0.475990
0.469615
0.387316
0.569883
0.627723
0.513622
0.262288
0.634881
0.590126
0.724970
0.610107
1.172439
0.353789
0.921443
0.251984
0.693724
0.462184
0.299155
0.413589
0.650864
0.508916
0.544809
0.316711
0.442737
0.324791
0.685100
0.825066
0.744766
0.500044
0.662592
0.385367
0.456452
0.275143
0.484094
0.502146
0.559395
0.924242
1.205007
0.463568
0.357435
0.570273
0.397601
0.723718
0.579811
0.465851
1.316560
0.648986
0.611695
0.573637
0.587599
0.660149
0.528721
0.727308
0.819169
0.722391
0.656988
0.580683
0.440714
0.276361
1.247082
0.397889
0.579725
0.498687
0.359739
0.710314
0.304200
0.561508
0.600574
0.324398
1.260833
0.321551
0.188376
0.373360
0.613631
0.451971
0.894313
0.320415
0.463937
0.773876
0.931001
0.317644
0.525620
1.626688
0.470853
0.481745
0.671661
0.402140
0.507278
0.579646
0.490497
0.523163
1.150262
0.582980
1.748688
1.204127
1.500748
1.392578
0.374585
0.829359
0.476011
0.469711
1.947221
0.738386
1.050559
0.640594
1.080516
1.297572
1.692409
1.647836
0.709395
1.438065
0.656335
1.871359
1.069309
1.318448
0.696898
1.019781
1.436977
0.970948
1.369104
1.435846
