13.070480
12.906835
12.791640
12.748433
12.925653
12.484449
12.842168
12.343985
13.017177
12.412361
12.186773
12.909527
12.569025
12.258926
12.101400
12.094727
12.030120
11.837068
11.776575
11.429054
11.394738
11.678088
11.736791
11.816061
11.142054
10.929158
11.232675
11.218422
10.617462
10.391387
10.501427
10.257779
10.829148
10.386651
10.129321
10.066126
10.278002
10.434143
10.336584
10.061694
9.847995
9.590239
9.866812
9.417113
9.715558
9.454530
9.184518
9.397528
8.559664
9.194459
8.994227
8.938572
8.670659
8.766123
8.625479
8.747322
8.488222
8.699704
8.668218
8.346109
8.377887
8.253923
8.215408
8.167980
7.828768
7.724946
7.912699
7.866068
7.576011
7.644786
7.972643
7.455401
7.390401
7.571342
7.374349
7.264406
7.554340
7.013374
7.434287
7.137044
7.176404
6.870500
7.007848
6.535199
6.302351
6.735509
6.518981
6.498097
6.506057
6.096933
6.601270
6.221398
6.228970
6.023615
6.160390
6.302148
6.276950
5.960896
5.849843
5.985535
5.772899
6.067362
5.702549
5.612751
5.685911
5.872066
5.217663
5.148330
5.678165
5.710106
5.314603
5.274343
5.315658
5.135804
5.110835
4.953701
4.939669
5.156810
4.965853
4.754051
4.783024
4.638365
4.988663
4.705170
4.492908
4.728647
4.679792
4.710426
4.486858
4.777802
4.782034
4.426460
4.431125
4.455259
4.381354
4.343435
4.395332
4.385490
4.437766
4.095393
4.094242
4.098517
4.272073
3.931906
4.142685
4.057377
3.843792
3.895901
3.646259
3.818439
3.781014
3.822817
3.598234
3.979299
3.652477
3.743583
3.714251
3.404520
3.658474
3.418928
3.343181
3.368261
3.393554
3.184446
3.171967
3.126718
3.184771
3.156336
3.125529
3.251969
3.376705
3.234336
3.111209
3.143209
3.097025
3.133814
3.042659
2.847822
3.191286
2.779120
3.001521
2.885857
2.723773
2.746103
2.859567
2.946289
2.748511
2.929369
2.792024
2.723525
2.756089
2.720183
2.580169
2.677021
2.667408
2.508250
2.533594
2.465696
2.595381
2.405969
2.281044
2.462483
2.236411
2.185041
2.127194
2.168540
2.526639
2.121728
2.295831
2.287730
2.143367
2.212177
2.068862
1.995905
2.108157
2.240940
2.262733
2.094842
2.013623
2.053995
2.063856
1.966601
2.168350
1.850024
2.087379
1.992492
1.860791
1.889055
1.899330
2.031286
1.784126
1.824018
1.838452
1.896483
1.816157
1.674599
1.772414
1.888055
1.709507
1.840230
1.754284
1.667279
1.636099
1.652871
1.602176
1.608621
1.677757
1.563947
1.585006
1.685926
1.551432
1.460975
1.438828
1.661159
1.459813
1.663672
1.632231
1.465060
1.644308
1.563645
1.428625
1.396116
1.345410
1.337572
1.457156
1.475040
1.336489
1.282497
1.325490
1.359039
1.500849
1.167373
1.478396
1.229493
1.356726
1.407061
1.230839
1.202648
1.323017
1.202693
1.298632
1.294815
1.226665
1.257935
1.225212
1.167332
1.237858
1.306475
1.166192
1.098534
1.205065
1.040366
1.131546
1.173850
1.169840
1.210439
1.083582
1.068649
1.039012
1.106655
1.004791
0.986633
1.013072
0.928170
1.124805
0.978463
0.947359
1.152267
1.066725
1.128245
0.964639
1.023553
1.048953
0.906973
0.943287
0.962851
0.973747
0.953472
0.951427
1.021408
0.894444
0.929248
0.919348
1.002357
0.823933
0.837110
0.998165
0.865091
0.964176
0.834843
0.810176
0.861945
0.888416
0.802218
0.696848
0.926482
0.829330
0.812455
0.777687
0.743028
0.896934
0.790973
0.775165
0.749939
0.738384
0.797537
0.679772
0.828936
0.873373
0.807951
0.790862
0.757827
0.807818
0.737310
0.805353
0.702353
0.855863
0.673372
0.685780
0.841757
0.806581
0.741497
0.691385
0.695128
0.707870
0.671229
0.671109
0.630923
0.651343
0.680366
0.693003
0.757296
0.648077
0.621161
0.685585
0.704870
0.575788
0.596174
0.551750
0.594782
0.646054
0.565412
0.591526
0.568910
0.598928
0.634425
0.640804
0.601502
0.585237
0.524101
0.584658
0.528429
0.614839
0.546376
0.499008
0.551473
0.406033
0.594314
0.539999
0.535723
0.460124
0.556119
0.506467
0.525962
0.516296
0.516664
0.542657
0.523157
0.498372
0.525855
0.489060
0.466912
0.505389
0.448447
0.464801
0.492798
0.440676
0.507642
0.629158
0.469352
0.479439
0.530763
0.526429
0.438846
0.528762
0.425946
0.545999
0.478108
0.478110
0.431433
0.484443
0.408498
0.378947
0.449075
0.419912
0.429636
0.444936
0.380194
0.449154
0.412813
0.428063
0.403328
0.448715
0.492278
0.450233
0.392979
0.412454
0.394585
0.437892
0.468034
0.423477
0.385476
0.461198
0.525286
0.427966
0.411747
0.448521
0.468955
0.380275
0.387062
0.397792
0.367213
0.394241
0.378187
0.375995
0.394338
0.372666
0.395574
0.376405
0.371814
0.385146
0.383284
0.313853
0.400984
0.370656
0.378734
0.350009
0.427688
0.416687
0.332309
0.367581
0.347990
0.353783
0.365734
0.342195
0.375623
0.404148
0.354426
0.346666
0.396034
0.388789
0.303272
0.353305
0.376753
0.355224
0.351042
0.369325
0.326231
0.345716
0.372593
0.305469
0.419339
0.335389
0.348243
0.356282
0.289044
0.418140
0.298599
0.288079
0.314028
0.319491
0.304898
0.291573
0.266110
0.360632
0.273883
0.347061
0.324921
0.373440
0.315625
0.311336
0.350573
0.332127
0.304190
0.324866
0.311472
0.339234
0.267853
0.333482
0.312386
0.286454
0.268960
0.293044
0.344737
0.290787
0.340662
0.381350
0.314519
0.287226
0.330985
0.269601
0.300462
0.289256
0.333731
0.270241
0.302351
0.305126
0.300240
0.273685
0.250394
0.270366
0.207958
0.249408
0.259780
0.349616
0.242921
0.239891
0.302517
0.285131
0.277953
0.253113
0.254089
0.262902
0.347945
0.269226
0.259202
0.245475
0.252382
0.234254
0.321511
0.262818
0.229004
0.265686
0.227824
0.228052
0.284891
0.257316
0.294235
0.226931
0.246235
0.227353
0.264431
0.254758
0.240690
0.302499
0.261654
0.302403
0.293146
0.284910
0.233578
0.242686
0.222654
0.270813
0.225619
0.228395
0.282425
0.265940
0.223658
0.252356
0.213009
0.232458
0.279213
0.228631
0.246044
0.278881
0.248994
0.281453
0.247170
0.253056
0.236167
0.188759
0.212407
0.292713
0.235524
0.248612
0.226263
0.231742
0.229857
0.267172
0.191518
0.245388
0.250909
0.280396
0.306738
0.225422
0.223393
0.237664
0.205474
0.276506
0.231650
0.267169
0.245149
0.227967
0.241430
0.252632
0.237643
0.194710
0.218044
0.242758
0.268373
0.211036
0.210368
0.250959
0.257168
0.219016
0.234045
0.153056
0.240148
0.221764
0.193252
0.221786
0.203688
0.221019
0.205024
0.196770
0.243813
0.243375
0.260752
0.190692
0.239774
0.255542
0.190507
0.195804
0.199316
0.220513
0.216856
0.274932
0.245810
0.256328
0.251385
0.250186
0.232554
0.190789
0.180477
0.259389
0.206415
0.274587
0.195369
0.183207
0.245468
0.243854
0.199190
0.189360
0.228852
0.240249
0.220512
0.205511
0.190666
0.257420
0.217166
0.226314
0.239405
0.185098
0.238390
0.209693
0.226236
0.266428
0.225314
0.231735
0.201885
0.224450
0.231106
0.235060
0.211390
0.251377
0.151598
0.207137
0.238395
0.258946
0.236907
0.199584
0.196202
0.215081
0.200402
0.202172
0.213994
0.234482
0.200449
0.192263
0.241955
0.235563
0.234678
0.238392
0.254570
0.206385
0.266128
0.175708
0.266574
0.197978
0.178961
0.250959
0.223141
0.204260
0.203414
0.218528
0.214241
0.229957
0.191515
0.196954
0.207333
0.239581
0.197702
0.182925
0.191747
0.172605
0.262805
0.223679
0.218100
0.171233
0.256256
0.211015
0.199279
0.228464
0.175476
0.202078
0.231647
0.184790
0.231613
0.185963
0.156573
0.259125
0.204425
0.178999
0.211351
0.193885
0.252663
0.324902
0.221867
0.236706
0.254664
0.277228
0.184091
0.228445
0.197645
0.252837
0.219114
0.202523
0.195293
0.224003
0.213358
0.213028
0.207420
0.204198
0.211253
0.219714
0.210752
0.190561
0.209968
0.218685
0.219818
0.240687
0.258796
0.204192
0.187814
0.224500
0.169889
0.253655
0.227190
0.235329
0.199152
0.270540
0.315796
0.304565
0.247713
0.234534
0.250779
0.204692
0.213834
0.212959
0.201891
0.231904
0.234179
0.228247
0.206449
0.208148
0.266088
0.232426
0.247388
0.193938
0.237240
0.186777
0.242948
0.219832
0.217149
0.214362
0.253798
0.235925
0.189348
0.224866
0.193900
0.207687
0.223058
0.183266
0.219137
0.239712
0.231408
0.223687
0.270801
0.230695
0.181131
0.202039
0.238423
0.242970
0.225930
0.282621
0.193047
0.226024
0.246771
0.200421
0.268874
0.219093
0.216064
0.226344
0.193246
0.299625
0.193796
0.191039
0.213665
0.212599
0.224903
0.208037
0.182286
0.279279
0.179682
0.267642
0.217626
0.251087
0.203238
0.214284
0.251523
0.234293
0.193218
0.228244
0.240045
0.215748
0.194388
0.232745
0.223404
0.215748
0.192418
0.196567
0.240022
0.205670
0.232477
0.298493
0.214762
0.189544
0.243245
0.190328
0.209268
0.195249
0.268759
0.188938
0.236250
0.214725
0.236030
0.222350
0.164788
0.220611
0.154005
0.208604
0.211835
0.257799
0.195031
0.162284
0.233655
0.233665
0.214199
0.206456
0.215699
0.208455
0.285185
0.190900
0.200685
0.194411
0.194985
0.171297
0.282156
0.186073
0.189425
0.196842
0.165282
0.181847
0.240819
0.210220
0.234723
0.187602
0.203096
0.178902
0.212172
0.209636
0.209517
0.265644
0.204923
0.270841
0.229214
0.243176
0.194849
0.207537
0.181926
0.240703
0.187693
0.181851
0.254756
0.224355
0.172149
0.219079
0.184679
0.208014
0.232765
0.198921
0.193236
0.232623
0.217945
0.231779
0.202134
0.223648
0.207584
0.159553
0.185920
0.260562
0.193576
0.223578
0.204002
0.204101
0.197091
0.221141
0.174970
0.197597
0.232206
0.249268
0.271871
0.200864
0.200998
0.207739
0.179285
0.246528
0.195997
0.242890
0.213768
0.197595
0.218643
0.222057
0.196437
0.164172
0.197425
0.211744
0.258967
0.183412
0.176939
0.222027
0.223462
0.195004
0.212813
0.125091
0.213757
0.204472
0.174048
0.202135
0.191197
0.186808
0.185437
0.179198
0.207067
0.215961
0.227519
0.167790
0.215083
0.229103
0.172460
0.173508
0.174534
0.196335
0.194029
0.258545
0.217243
0.243264
0.233098
0.232349
0.202387
0.176044
0.162433
0.231197
0.187042
0.251024
0.177171
0.165942
0.228904
0.223494
0.183171
0.183979
0.200787
0.224340
0.203784
0.190603
0.177580
0.233548
0.200556
0.212303
0.223787
0.169573
0.221720
0.202924
0.203611
0.242860
0.204151
0.212864
0.182956
0.201912
0.217090
0.213204
0.198335
0.224730
0.134156
0.194297
0.210687
0.237327
0.219301
0.191987
0.179059
0.198271
0.185760
0.187378
0.204854
0.224981
0.183282
0.172331
0.219980
0.225137
0.226893
0.223262
0.238592
0.199578
0.263379
0.167531
0.263378
0.180868
0.168541
0.245443
0.216779
0.191948
0.186593
0.202483
0.201992
0.215831
0.187260
0.188555
0.203187
0.231731
0.191454
0.178668
0.184497
0.173442
0.257209
0.218873
0.213256
0.165779
0.251980
0.206990
0.193099
0.224615
0.168101
0.194580
0.227132
0.178802
0.226790
0.178678
0.150425
0.257180
0.198639
0.167747
0.200379
0.187022
0.244363
0.310311
0.214217
0.229405
0.242904
0.269052
0.174673
0.212346
0.191072
0.237863
0.208195
0.189348
0.186892
0.212321
0.209698
0.212860
0.197466
0.197373
0.203900
0.211297
0.209188
0.177567
0.203826
0.211529
0.215716
0.233273
0.247918
0.191740
0.180232
0.221747
0.164823
0.250787
0.221111
0.232111
0.196001
0.267002
0.311558
0.304700
0.246517
0.228034
0.239671
0.200343
0.209096
0.207896
0.197968
0.227922
0.235349
0.234451
0.216632
0.216215
0.270815
0.245629
0.257429
0.215819
0.251362
0.197573
0.259816
0.227870
0.228716
0.222997
0.267048
0.249933
0.199173
0.234768
0.205232
0.218198
0.233244
0.195447
0.231154
0.252691
0.239674
0.227498
0.279431
0.243306
0.189538
0.214041
0.248949
0.250437
0.235016
0.287203
0.202379
0.234682
0.256250
0.207433
0.281530
0.227630
0.226632
0.236716
0.199467
0.308780
0.201151
0.197611
0.220718
0.220534
0.229544
0.213180
0.187526
0.284308
0.186346
0.271181
0.226058
0.261486
0.212441
0.221611
0.259166
0.241843
0.202497
0.235757
0.244401
0.226821
0.199114
0.241042
0.230244
0.220358
0.194830
0.204545
0.249148
0.212275
0.242142
0.305018
0.221859
0.198015
0.250549
0.196392
0.217062
0.203469
0.273232
0.195622
0.239082
0.222686
0.240564
0.225232
0.172264
0.223361
0.157341
0.210238
0.214460
0.266365
0.197729
0.169028
0.239287
0.237141
0.215100
0.207010
0.216058
0.209188
0.286110
0.192178
0.201512
0.195072
0.195792
0.172232
0.282595
0.187327
0.189851
0.197929
0.166238
0.182458
0.241550
0.206973
0.230038
0.185129
0.200167
0.175344
0.208146
0.206373
0.207647
0.267952
0.209193
0.272708
0.233033
0.246073
0.197483
0.209822
0.184833
0.242557
0.190322
0.185431
0.256445
0.226715
0.176333
0.221402
0.186490
0.209445
0.236559
0.200978
0.197726
0.236442
0.220158
0.235996
0.205895
0.225735
0.209603
0.161659
0.187744
0.263055
0.197123
0.225287
0.205418
0.206131
0.199708
0.225261
0.175794
0.201952
0.233159
0.258468
0.282525
0.207747
0.207149
0.213102
0.186920
0.255637
0.207297
0.249938
0.223552
0.207040
0.225241
0.231673
0.210166
0.173858
0.203341
0.221699
0.260621
0.192133
0.187949
0.231329
0.234659
0.202465
0.219221
0.134160
0.222247
0.209427
0.179781
0.208070
0.194338
0.198539
0.191428
0.184414
0.219901
0.225109
0.239360
0.175238
0.223271
0.238017
0.178052
0.180826
0.182875
0.204465
0.201645
0.263598
0.227227
0.247025
0.238988
0.238083
0.213138
0.180570
0.168320
0.241236
0.193519
0.259260
0.183217
0.171629
0.234328
0.230497
0.188413
0.184868
0.211034
0.229608
0.209406
0.195492
0.181737
0.242317
0.206270
0.216930
0.227024
0.174839
0.227484
0.204573
0.211909
0.251579
0.211887
0.219660
0.189798
0.210301
0.221910
0.221353
0.202782
0.234966
0.140504
0.198716
0.221464
0.245553
0.225772
0.189463
0.185415
0.204505
0.191083
0.192788
0.207837
0.228136
0.189780
0.180050
0.228613
0.228758
0.229382
0.228975
0.244751
0.201674
0.263725
0.170255
0.263932
0.187562
0.172296
0.247076
0.218771
0.196585
0.193250
0.208854
0.206724
0.219355
0.187032
0.188805
0.203281
0.231939
0.191604
0.178752
0.184664
0.173380
0.257366
0.218964
0.213348
0.165830
0.252038
0.207036
0.193105
0.227334
0.168248
0.194756
0.227270
0.178913
0.226873
0.178782
0.150542
0.257201
0.198665
0.167847
0.200475
0.187066
0.244435
0.310445
0.214186
0.232772
0.248630
0.272679
0.179180
0.220161
0.194056
0.245452
0.213593
0.196004
0.190942
0.218201
0.211162
0.212398
0.202447
0.200627
0.207460
0.215465
0.209533
0.184327
0.206755
0.215041
0.217520
0.236957
0.253579
0.198296
0.184072
0.221613
0.164967
0.250852
0.221261
0.232176
0.196058
0.267091
0.312293
0.304856
0.245928
0.221276
0.232207
0.196146
0.205042
0.202819
0.194233
0.224500
0.229094
0.222508
0.195184
0.199884
0.262386
0.226672
0.244091
0.181820
0.230796
0.182585
0.239294
0.206605
0.205006
0.205942
0.239608
0.220393
0.179544
0.214991
0.182211
0.197117
0.212871
0.170535
0.206700
0.225891
0.223830
0.210065
0.262582
0.217548
0.173212
0.189691
0.227910
0.236228
0.217207
0.279454
0.184044
0.217848
0.237601
0.194234
0.255915
0.211086
0.205646
0.216171
0.188010
0.290952
0.187232
0.185391
0.207452
0.205357
0.221503
0.204051
0.178186
0.275469
0.174011
0.262221
0.209825
0.241035
0.194564
0.207725
0.244725
0.227539
0.184505
0.221535
0.236902
0.205060
0.190823
0.225212
0.217504
0.212475
0.184369
0.189428
0.231678
0.200021
0.223491
0.293035
0.208598
0.181903
0.236948
0.185292
0.202371
0.188006
0.265510
0.183356
0.230266
0.207723
0.232643
0.220721
0.158329
0.219098
0.151869
0.208242
0.210425
0.250249
0.193534
0.156624
0.229175
0.231723
0.205670
0.202023
0.213535
0.201608
0.275844
0.176996
0.192375
0.188154
0.186819
0.161439
0.279042
0.172061
0.186056
0.184992
0.155128
0.176353
0.236069
0.199283
0.217739
0.179900
0.193493
0.166690
0.198047
0.198737
0.205042
0.258432
0.188230
0.265782
0.214863
0.233213
0.186207
0.200482
0.172136
0.235806
0.179216
0.169017
0.250726
0.217147
0.156677
0.212163
0.180006
0.205072
0.219370
0.193415
0.176607
0.219014
0.211462
0.216463
0.188859
0.217714
0.201965
0.153564
0.181144
0.253065
0.181283
0.219262
0.200926
0.198398
0.188879
0.206559
0.174321
0.182037
0.230393
0.241485
0.262261
0.196082
0.197239
0.191729
0.173518
0.238895
0.185616
0.237839
0.205286
0.189530
0.214111
0.213775
0.183057
0.155791
0.193690
0.203022
0.260423
0.176182
0.166908
0.214066
0.213183
0.189261
0.208339
0.117373
0.206727
0.201695
0.170318
0.198139
0.190534
0.175823
0.181319
0.175984
0.194738
0.207992
0.216753
0.161861
0.208259
0.221405
0.168687
0.167681
0.167485
0.189526
0.187814
0.255324
0.208231
0.241526
0.228851
0.228272
0.192452
0.173344
0.158137
0.222069
0.182038
0.244017
0.172642
0.161813
0.225064
0.217826
0.179513
0.185297
0.191378
0.220625
0.199645
0.187285
0.175089
0.226082
0.196456
0.209226
0.222271
0.165751
0.217322
0.203154
0.196342
0.235111
0.197504
0.207265
0.177299
0.194523
0.213688
0.206075
0.195318
0.215290
0.129017
0.191294
0.200670
0.230154
0.214392
0.179078
0.173895
0.193237
0.181719
0.183240
0.203332
0.223264
0.177963
0.165698
0.212369
0.222885
0.225844
0.218772
0.233680
0.198915
0.264566
0.166181
0.264308
0.175325
0.166082
0.245222
0.216148
0.188540
0.181072
0.197264
0.198499
0.213695
0.183931
0.179609
0.200778
0.223422
0.185412
0.176777
0.180417
0.175211
0.254213
0.216486
0.210697
0.164367
0.249977
0.205145
0.189671
0.222879
0.163789
0.190211
0.224971
0.175448
0.224221
0.175531
0.146917
0.256532
0.197838
0.164801
0.197535
0.185773
0.242580
0.306041
0.212636
0.227959
0.239768
0.266677
0.172362
0.207696
0.189844
0.233397
0.205279
0.185563
0.184922
0.209088
0.209518
0.214000
0.194867
0.195956
0.202268
0.209250
0.209732
0.173766
0.202611
0.209910
0.215131
0.234546
0.249937
0.194121
0.181619
0.219830
0.161566
0.249129
0.217049
0.230161
0.194089
0.264789
0.308805
0.305287
0.246130
0.217519
0.228021
0.194037
0.202965
0.200166
0.192425
0.222767
0.228139
0.221327
0.192136
0.197843
0.261866
0.225459
0.243697
0.178464
0.229360
0.182174
0.232743
0.199639
0.196759
0.201049
0.229374
0.209047
0.173232
0.208569
0.174091
0.189957
0.206037
0.161334
0.197697
0.215643
0.219193
0.204573
0.257359
0.207702
0.168201
0.180501
0.220396
0.232212
0.211299
0.278706
0.177804
0.212353
0.231133
0.190562
0.245783
0.205622
0.197854
0.208573
0.185096
0.284695
0.182984
0.181996
0.203487
0.200376
0.220195
0.202153
0.176152
0.273651
0.170369
0.260256
0.204354
0.233110
0.187957
0.203221
0.239730
0.222696
0.177725
0.216691
0.235530
0.196239
0.188998
0.219434
0.213313
0.210790
0.181323
0.183935
0.224927
0.195968
0.216080
0.289019
0.203955
0.175752
0.231942
0.184816
0.196926
0.181964
0.263005
0.183040
0.230070
0.207352
0.232490
0.220661
0.158034
0.219049
0.151804
0.208248
0.210388
0.249951
0.193499
0.156429
0.229020
0.231655
0.205535
0.201972
0.213526
0.201511
0.275652
0.176958
0.192264
0.188080
0.186714
0.161309
0.279010
0.171863
0.186033
0.184834
0.155002
0.176298
0.236018
0.199204
0.217597
0.179859
0.193430
0.166604
0.197941
0.198663
0.205028
0.258385
0.188110
0.265751
0.214762
0.233144
0.186158
0.200447
0.172080
0.235780
0.179170
0.168940
0.250702
0.217108
0.156584
0.212124
0.179988
0.205064
0.219287
0.193390
0.176509
0.218932
0.211429
0.216371
0.188783
0.217687
0.201939
0.153541
0.181128
0.253024
0.181220
0.219240
0.200913
0.198372
0.188841
0.206491
0.174323
0.181969
0.230383
0.241447
0.262208
0.196062
0.197224
0.191687
0.173496
0.238858
0.185577
0.237815
0.205252
0.189496
0.214090
0.213742
0.183011
0.155765
0.193677
0.202993
0.260420
0.176162
0.166879
0.214040
0.213149
0.189243
0.208319
0.117360
0.206706
0.201682
0.170307
0.198125
0.190524
0.175807
0.181308
0.175973
0.194720
0.207976
0.216734
0.161849
0.208244
0.221389
0.168681
0.167674
0.167478
0.189518
0.187807
0.255310
0.208224
0.241510
0.228839
0.228258
0.192457
0.173334
0.158135
0.222071
0.182034
0.244008
0.172639
0.161811
0.225056
0.217823
0.179511
0.185279
0.191393
0.220616
0.199641
0.187281
0.175083
0.226085
0.196457
0.209219
0.222253
0.165754
0.217321
0.203132
0.196361
0.235127
0.197521
0.207273
0.177310
0.194543
0.213686
0.206095
0.195319
0.215322
0.129036
0.191297
0.200711
0.230181
0.214405
0.179095
0.173916
0.193256
0.181731
0.183256
0.203322
0.223253
0.177990
0.165742
0.212420
0.222879
0.225815
0.218791
0.233636
0.198861
0.263565
0.166174
0.264260
0.175376
0.166089
0.245196
0.216125
0.188557
0.181115
0.197300
0.198516
0.213698
0.183924
0.179637
0.200772
0.223463
0.185624
0.175895
0.176951
0.178583
0.251845
0.214932
0.208922
0.163942
0.248775
0.204166
0.186766
0.221991
0.159759
0.186048
0.223448
0.172531
0.222248
0.172829
0.143753
0.256880
0.197986
0.162271
0.195079
0.184838
0.242722
0.306480
0.212767
0.228078
0.240114
0.266869
0.172616
0.208274
0.189959
0.233967
0.205637
0.186060
0.185157
0.209514
0.209484
0.213763
0.195207
0.196116
0.202462
0.209502
0.209501
0.179358
0.202931
0.210122
0.215273
0.231771
0.245330
0.188645
0.178760
0.217986
0.157153
0.247332
0.211277
0.227852
0.191833
0.261979
0.304077
0.306871
0.247326
0.212274
0.222042
0.191433
0.200398
0.196638
0.190277
0.220731
0.227382
0.220177
0.187876
0.195242
0.261737
0.224141
0.244073
0.179725
0.229873
0.182377
0.233532
0.200498
0.197821
0.201613
0.230754
0.210610
0.174033
0.209391
0.175186
0.190907
0.206941
0.162621
0.198955
0.217107
0.219766
0.205284
0.258026
0.209131
0.168852
0.181832
0.221456
0.232697
0.212102
0.278619
0.178663
0.213029
0.237671
0.194181
0.255837
0.211055
0.205630
0.216170
0.188017
0.290969
0.187265
0.185427
0.207501
0.205427
0.221529
0.204092
0.178232
0.275492
0.174096
0.262255
0.209965
0.241231
0.194744
0.207892
0.244784
0.227673
0.184708
0.221685
0.236950
0.205334
0.190897
0.225405
0.217652
0.212544
0.184493
0.189639
0.231927
0.200183
0.223778
0.293210
0.208794
0.182168
0.237203
0.185464
0.202640
0.188204
0.265593
0.183564
0.230389
0.208002
0.232748
0.220741
0.158608
0.219112
0.151932
0.208196
0.210436
0.250608
0.193561
0.156897
0.229365
0.231781
0.205848
0.202080
0.213520
0.201741
0.276036
0.177367
0.192563
0.188276
0.187010
0.161693
0.279053
0.172456
0.186091
0.185320
0.155406
0.176471
0.236156
0.199447
0.218060
0.179992
0.193632
0.166908
0.198311
0.198915
0.205045
0.258495
0.188585
0.265791
0.215151
0.233370
0.186344
0.200575
0.172311
0.235823
0.179356
0.169294
0.250714
0.217247
0.157049
0.212256
0.180039
0.205048
0.219673
0.193477
0.177028
0.219332
0.211556
0.216842
0.189180
0.217798
0.202041
0.153660
0.181201
0.253196
0.181595
0.219289
0.200914
0.198484
0.189064
0.206978
0.174237
0.182495
0.230344
0.241654
0.262486
0.196151
0.197274
0.192005
0.173630
0.239064
0.185910
0.237919
0.205505
0.189736
0.214176
0.213990
0.183487
0.156028
0.193738
0.203270
0.260250
0.176382
0.167227
0.214289
0.213504
0.189400
0.208418
0.117617
0.206925
0.201706
0.170382
0.198208
0.190454
0.176236
0.181404
0.176025
0.195202
0.208252
0.217143
0.162039
0.208472
0.221663
0.168777
0.167866
0.167730
0.189757
0.188021
0.255372
0.208574
0.241498
0.228956
0.228364
0.192877
0.173380
0.158267
0.222441
0.182202
0.244273
0.172789
0.161943
0.225168
0.218027
0.179618
0.185125
0.191810
0.220725
0.199773
0.187377
0.175136
0.226418
0.196601
0.209303
0.222251
0.165884
0.217475
0.203036
0.196684
0.235471
0.197809
0.207503
0.177547
0.194874
0.213803
0.206417
0.195419
0.215774
0.129259
0.191398
0.201205
0.230516
0.214627
0.179290
0.174147
0.193479
0.181898
0.183433
0.203340
0.223280
0.178248
0.166081
0.212813
0.222947
0.225818
0.218999
0.233948
0.198874
0.264368
0.166192
0.264112
0.175692
0.166182
0.245137
0.216096
0.188713
0.181410
0.197573
0.198679
0.213777
0.183921
0.179840
0.200748
0.223638
0.185721
0.175884
0.177115
0.178286
0.251959
0.214959
0.208968
0.163903
0.248789
0.204160
0.186888
0.221978
0.159961
0.186253
0.223481
0.172660
0.222312
0.172943
0.143901
0.256789
0.197912
0.162391
0.195215
0.185288
0.241421
0.301995
0.211732
0.227193
0.236970
0.265264
0.170564
0.203125
0.189303
0.229003
0.202712
0.181954
0.183462
0.206107
0.210159
0.216201
0.192619
0.195091
0.201144
0.207616
0.211181
0.170039
0.201953
0.208775
0.215482
0.230237
0.241992
0.184466
0.177120
0.217324
0.154014
0.246704
0.206840
0.226725
0.190755
0.260366
0.300524
0.309427
0.249497
0.208353
0.217382
0.189984
0.198984
0.194300
0.189242
0.219795
0.227647
0.220064
0.184829
0.193748
0.262641
0.223993
0.244764
0.169994
0.227021
0.182479
0.228282
0.194674
0.190259
0.198534
0.220477
0.198817
0.168984
0.204160
0.167658
0.184636
0.201086
0.153570
0.190136
0.206589
0.216746
0.201078
0.254145
0.199047
0.165196
0.173019
0.214223
0.231335
0.209809
0.278876
0.176231
0.211016
0.229485
0.189803
0.242992
0.204302
0.195802
0.206438
0.186534
0.288040
0.185202
0.183728
0.205570
0.203081
0.220710
0.203028
0.177122
0.274465
0.172352
0.261194
0.207374
0.237730
0.191785
0.205782
0.242529
0.225456
0.181706
0.219475
0.236157
0.201516
0.189920
0.222823
0.215715
0.211621
0.183025
0.187195
0.228975
0.198316
0.220563
0.291375
0.206698
0.179469
0.235022
0.183808
0.200223
0.185598
0.264610
0.181635
0.229166
0.205495
0.231698
0.220392
0.156311
0.218804
0.151379
0.208348
0.210156
0.247836
0.193254
0.154863
0.227803
0.231205
0.204423
0.201585
0.213535
0.200683
0.274396
0.174721
0.191164
0.187339
0.185637
0.159936
0.278785
0.169753
0.185779
0.183089
0.153558
0.175666
0.235467
0.198291
0.215936
0.179348
0.192676
0.165542
0.196628
0.197738
0.204883
0.257881
0.186483
0.265509
0.213398
0.232305
0.185497
0.199975
0.171271
0.235543
0.178512
0.167762
0.250546
0.216580
0.155086
0.211626
0.179773
0.205049
0.217996
0.193052
0.174836
0.217606
0.210968
0.214835
0.187494
0.217283
0.201570
0.153126
0.180858
0.252394
0.180053
0.218997
0.200814
0.197963
0.188145
0.205026
0.174533
0.180370
0.230440
0.240776
0.261295
0.195745
0.197023
0.190724
0.173057
0.238178
0.184586
0.237441
0.204473
0.188769
0.213778
0.212974
0.181642
0.154997
0.193458
0.202170
0.260798
0.175530
0.165909
0.213290
0.212127
0.188762
0.207979
0.116656
0.206063
0.201524
0.170054
0.197829
0.190610
0.174756
0.181005
0.175768
0.193434
0.207205
0.215628
0.161327
0.207606
0.220647
0.168413
0.167157
0.166816
0.188870
0.187233
0.255058
0.207330
0.241423
0.228475
0.227901
0.191468
0.173152
0.157775
0.221137
0.181588
0.243303
0.172246
0.161467
0.224729
0.217279
0.179202
0.185519
0.190491
0.220293
0.199271
0.187018
0.174912
0.225321
0.196082
0.208970
0.222167
0.165425
0.216905
0.203232
0.195660
0.234334
0.196861
0.206726
0.176762
0.193793
0.213394
0.205372
0.195075
0.214331
0.128554
0.191038
0.199654
0.229443
0.213907
0.178655
0.173417
0.192761
0.181345
0.182868
0.203211
0.223109
0.177483
0.165081
0.211642
0.222690
0.225763
0.218355
0.233217
0.198880
0.264650
0.166075
0.264351
0.174917
0.165874
0.245213
0.216106
0.188237
0.180566
0.196776
0.198179
0.213492
0.183856
0.179260
0.200729
0.223100
0.185400
0.175836
0.176645
0.178938
0.251663
0.214787
0.208772
0.163927
0.248682
0.204089
0.186510
0.221919
0.159409
0.185665
0.223322
0.172282
0.222079
0.172595
0.143486
0.256912
0.198008
0.162099
0.194901
0.185284
0.241300
0.301372
0.211654
0.227142
0.236577
0.265093
0.170342
0.202424
0.189291
0.228327
0.202347
0.181418
0.183293
0.205678
0.210335
0.216626
0.192361
0.195011
0.201022
0.207404
0.211492
0.169495
0.201909
0.208648
0.215587
0.230062
0.241566
0.183902
0.176951
0.217293
0.153615
0.246667
0.206248
0.226612
0.190659
0.260182
0.300095
0.309852
0.249856
0.207888
0.216723
0.189842
0.198851
0.194007
0.189165
0.219721
0.227747
0.220091
0.184454
0.193575
0.262755
0.223812
0.243616
0.174507
0.227891
0.181814
0.230431
0.197138
0.193648
0.199560
0.225310
0.204462
0.171070
0.206338
0.171079
0.187377
0.203622
0.157823
0.194265
0.211622
0.217789
0.202765
0.255648
0.203904
0.166629
0.176991
0.217640
0.231055
0.209279
0.279004
0.175642
0.210507
0.228832
0.189524
0.241821
0.203779
0.194953
0.205751
0.184407
0.282441
0.181675
0.181056
0.202281
0.198715
0.220129
0.201680
0.176837
0.274182
0.171852
0.260910
0.206604
0.236692
0.190925
0.205184
0.241884
0.224825
0.180850
0.218846
0.235938
0.200427
0.189657
0.222095
0.215167
0.211377
0.182627
0.186523
0.228141
0.197802
0.219654
0.290863
0.206119
0.178719
0.234415
0.183359
0.199553
0.184879
0.264339
0.181108
0.228830
0.204820
0.231418
0.220299
0.155692
0.218728
0.151237
0.208397
0.210080
0.247104
0.193197
0.154313
0.227391
0.231078
0.204051
0.201482
0.213576
0.200409
0.273940
0.174004
0.190791
0.187085
0.185268
0.159468
0.278707
0.169031
0.185699
0.182482
0.153063
0.175459
0.235283
0.197973
0.215360
0.179174
0.192414
0.165189
0.196172
0.197414
0.204833
0.257702
0.185920
0.265426
0.212918
0.232012
0.185273
0.199823
0.170996
0.235452
0.178286
0.167367
0.250489
0.216391
0.154578
0.211457
0.179706
0.205049
0.217554
0.192938
0.174254
0.217140
0.210811
0.214300
0.187042
0.217138
0.201434
0.152976
0.180760
0.252182
0.179645
0.218920
0.200783
0.197814
0.187900
0.204506
0.174618
0.179811
0.230462
0.240539
0.260967
0.195624
0.196945
0.190405
0.172904
0.237937
0.184231
0.237311
0.204196
0.188514
0.213670
0.212701
0.181160
0.154726
0.193381
0.201881
0.260927
0.175335
0.165567
0.213016
0.211762
0.188592
0.207854
0.116408
0.205829
0.201439
0.169958
0.197720
0.190624
0.174413
0.180905
0.175706
0.192965
0.206937
0.215235
0.161148
0.207381
0.220383
0.168318
0.166974
0.166580
0.188630
0.187022
0.254952
0.207019
0.241382
0.228337
0.227755
0.191118
0.173078
0.157643
0.220797
0.181420
0.243030
0.172095
0.161338
0.224606
0.217075
0.179078
0.185575
0.190212
0.220181
0.199145
0.186935
0.174866
0.225033
0.195952
0.208883
0.222128
0.165308
0.216744
0.203251
0.195428
0.234038
0.196625
0.206528
0.176564
0.193522
0.213290
0.205108
0.194987
0.213975
0.128383
0.190932
0.199268
0.229174
0.213722
0.178484
0.173232
0.192571
0.181189
0.182724
0.203161
0.223042
0.177295
0.164827
0.211355
0.222616
0.225725
0.218190
0.233030
0.198855
0.264634
0.166038
0.264350
0.174742
0.165795
0.245226
0.216111
0.188123
0.180360
0.196580
0.198049
0.213398
0.183802
0.179143
0.200702
0.222949
0.185302
0.175802
0.176520
0.179051
0.251578
0.214708
0.208711
0.163903
0.248631
0.204047
0.186404
0.221877
0.159277
0.185507
0.223264
0.172184
0.222007
0.172494
0.143387
0.256889
0.197993
0.162055
0.194794
0.185239
0.241241
0.301195
0.211589
0.227095
0.236483
0.265019
0.170271
0.202242
0.189258
0.228151
0.202238
0.181283
0.183231
0.205573
0.210326
0.216647
0.192384
0.194967
0.200976
0.207334
0.211517
0.169414
0.201877
0.208600
0.215586
0.229974
0.241461
0.183740
0.176898
0.217255
0.153506
0.246613
0.206122
0.226554
0.190615
0.260115
0.300024
0.309880
0.249851
0.207890
0.216558
0.189822
0.198842
0.193957
0.189176
0.219754
0.227847
0.220176
0.184337
0.193569
0.262906
0.224051
0.245055
0.169400
0.226997
0.182696
0.228066
0.194394
0.189837
0.198471
0.219829
0.198038
0.168757
0.203902
0.167235
0.184280
0.200782
0.153011
0.189586
0.205887
0.216641
0.200880
0.253940
0.198471
0.165095
0.171987
0.213987
0.230267
0.206908
0.280821
0.172983
0.208397
0.225891
0.188853
0.235829
0.201620
0.190845
0.201786
0.184292
0.279519
0.180395
0.180387
0.201239
0.196789
0.221224
0.202378
0.176202
0.273968
0.168387
0.260425
0.199396
0.225539
0.182050
0.199938
0.235940
0.218977
0.171547
0.212901
0.236113
0.187490
0.189092
0.214407
0.210304
0.211007
0.179749
0.179203
0.218542
0.193019
0.208816
0.286204
0.200184
0.170050
0.228059
0.179259
0.192027
0.176499
0.263217
0.175670
0.226561
0.196754
0.229920
0.221947
0.148405
0.220491
0.151769
0.212162
0.211886
0.237497
0.194906
0.148096
0.223351
0.231509
0.200568
0.202240
0.216674
0.198581
0.269502
0.164663
0.187301
0.185713
0.181835
0.154198
0.280454
0.159293
0.187128
0.174935
0.147233
0.174473
0.234882
0.195368
0.208187
0.178866
0.190638
0.161409
0.190948
0.194532
0.206679
0.257498
0.178581
0.266709
0.207230
0.229551
0.183739
0.199425
0.168508
0.236561
0.176668
0.162481
0.252105
0.215583
0.147594
0.210786
0.180680
0.207258
0.211948
0.193130
0.166080
0.211194
0.210181
0.206997
0.181205
0.216775
0.201254
0.152467
0.181123
0.250489
0.174261
0.219572
0.202315
0.197282
0.185484
0.197175
0.177887
0.171664
0.232756
0.238226
0.257209
0.195492
0.197534
0.186148
0.171965
0.235533
0.179659
0.236802
0.201015
0.185626
0.213468
0.209574
0.174041
0.151447
0.193676
0.198271
0.265153
0.172917
0.160833
0.209826
0.206753
0.187096
0.207285
0.113295
0.203212
0.202046
0.169853
0.197384
0.192855
0.168650
0.180469
0.175963
0.185937
0.203369
0.209396
0.159144
0.204637
0.216907
0.167952
0.164932
0.163526
0.185729
0.184559
0.254875
0.202267
0.242451
0.227362
0.226865
0.185489
0.173261
0.156504
0.215717
0.179642
0.239571
0.170641
0.160201
0.223680
0.214621
0.178225
0.188719
0.184873
0.219298
0.197908
0.186361
0.174957
0.220864
0.194600
0.208445
0.222987
0.164194
0.215151
0.205523
0.191341
0.229551
0.193027
0.203794
0.173747
0.189232
0.212320
0.200993
0.194293
0.207874
0.125856
0.190208
0.192579
0.224850
0.211165
0.176338
0.170551
0.189980
0.179421
0.180850
0.203518
0.223225
0.174344
0.160713
0.206387
0.222277
0.226408
0.215859
0.230305
0.199808
0.267193
0.166372
0.266681
0.171337
0.165122
0.246517
0.217032
0.186567
0.176919
0.193394
0.196350
0.212821
0.184341
0.177002
0.201527
0.221028
0.184501
0.176389
0.174915
0.183290
0.250938
0.214721
0.208525
0.164845
0.248928
0.204506
0.185223
0.222407
0.157121
0.183239
0.223211
0.170951
0.221558
0.171414
0.141919
0.258376
0.199284
0.161119
0.193919
0.186004
0.241391
0.298765
0.211946
0.227575
0.235157
0.264922
0.169776
0.199249
0.189858
0.225346
0.201029
0.179118
0.182985
0.203976
0.211927
0.219600
0.191557
0.195195
0.200975
0.206868
0.213796
0.167160
0.202312
0.208595
0.216829
0.229766
0.239806
0.181375
0.176566
0.217662
0.151990
0.247057
0.203533
0.226609
0.190693
0.259758
0.297998
0.312815
0.252427
0.205811
0.213725
0.189573
0.198606
0.192816
0.189312
0.219870
0.227670
0.220101
0.185006
0.193850
0.262604
0.224015
0.244700
0.170233
0.227065
0.182416
0.228408
0.194791
0.190458
0.198551
0.220762
0.199137
0.169078
0.204238
0.167864
0.184745
0.201212
0.153816
0.190372
0.206871
0.216753
0.201130
0.254148
0.199426
0.165295
0.172844
0.214588
0.230321
0.207268
0.280347
0.173424
0.208693
0.226350
0.188863
0.236896
0.201940
0.191544
0.202463
0.184211
0.280014
0.180558
0.180430
0.201313
0.197077
0.220916
0.202157
0.176001
0.273735
0.168473
0.260221
0.199814
0.226331
0.182634
0.200170
0.236244
0.219262
0.172183
0.213161
0.234672
0.188441
0.188751
0.218867
0.212926
0.210689
0.181093
0.183472
0.224343
0.195636
0.215480
0.288731
0.203582
0.175314
0.231750
0.181456
0.196521
0.181597
0.263404
0.178794
0.227533
0.201685
0.230404
0.220279
0.152817
0.218765
0.150859
0.209077
0.210108
0.243472
0.193250
0.151834
0.225606
0.230749
0.202459
0.201267
0.214124
0.199357
0.272033
0.170518
0.189207
0.186174
0.183696
0.157308
0.278775
0.165491
0.185673
0.179593
0.150746
0.174675
0.234641
0.196652
0.212602
0.178598
0.191367
0.163559
0.194037
0.195997
0.204886
0.257128
0.183153
0.265357
0.210630
0.230754
0.184345
0.199274
0.169776
0.235297
0.177330
0.165431
0.250539
0.215648
0.152061
0.210825
0.179622
0.205331
0.215427
0.192590
0.171278
0.214857
0.210204
0.211629
0.184804
0.216584
0.200937
0.152383
0.180485
0.251242
0.177448
0.219731
0.200974
0.198961
0.190022
0.208960
0.174004
0.184723
0.230263
0.242582
0.263691
0.196540
0.197540
0.193483
0.174275
0.240026
0.187376
0.238428
0.206646
0.190838
0.214647
0.215103
0.185558
0.157212
0.194070
0.204544
0.259597
0.177553
0.168768
0.215377
0.215084
0.190144
0.208887
0.118756
0.207900
0.201697
0.170751
0.198611
0.190182
0.178188
0.181920
0.176338
0.197257
0.209511
0.218938
0.162929
0.209527
0.222890
0.169260
0.168752
0.168862
0.190780
0.188951
0.255672
0.210135
0.241501
0.229517
0.228822
0.194687
0.173614
0.158873
0.224008
0.182946
0.245347
0.173426
0.162543
0.225702
0.218893
0.180062
0.184437
0.193791
0.221274
0.200427
0.187896
0.175495
0.227781
0.197302
0.209789
0.222402
0.166524
0.218216
0.202823
0.198071
0.236923
0.199057
0.208513
0.178574
0.196293
0.214353
0.207786
0.195905
0.217667
0.130222
0.191832
0.203210
0.231926
0.215568
0.180082
0.175127
0.194387
0.182568
0.184198
0.203489
0.223441
0.179289
0.167401
0.214408
0.223268
0.225822
0.219870
0.234919
0.198809
0.263649
0.166335
0.263563
0.176932
0.166609
0.245021
0.216103
0.189386
0.182594
0.198668
0.199344
0.214060
0.183849
0.180753
0.200679
0.224280
0.186071
0.175850
0.177753
0.177187
0.252241
0.215002
0.209195
0.163736
0.248819
0.204150
0.187346
0.221924
0.160774
0.186994
0.223602
0.173171
0.222570
0.173359
0.144509
0.256350
0.197592
0.162977
0.195512
0.185045
0.241422
0.302715
0.211572
0.227095
0.237532
0.265348
0.170816
0.204056
0.189161
0.229910
0.203110
0.182699
0.183609
0.206733
0.209642
0.215175
0.193393
0.195099
0.201268
0.207869
0.210575
0.170923
0.201898
0.208856
0.215178
0.230243
0.242564
0.185130
0.177315
0.217194
0.154528
0.246508
0.207777
0.226726
0.190800
0.260514
0.301246
0.308343
0.248485
0.209468
0.218288
0.190235
0.199253
0.194748
0.189429
0.219979
0.227581
0.220087
0.185446
0.194050
0.262476
0.224045
0.244583
0.170716
0.227157
0.182322
0.228644
0.195081
0.190825
0.198686
0.221314
0.199793
0.169313
0.204523
0.168229
0.185096
0.201511
0.154289
0.190850
0.207471
0.216913
0.201377
0.254427
0.199893
0.165446
0.173344
0.214985
0.230457
0.207535
0.280362
0.173652
0.208961
0.226710
0.189036
0.237487
0.202189
0.191966
0.202881
0.184272
0.280403
0.180735
0.180615
0.201493
0.197308
0.220943
0.202265
0.176103
0.273857
0.168619
0.260341
0.200157
0.226823
0.183021
0.200434
0.236543
0.219576
0.172557
0.213528
0.235973
0.188921
0.188932
0.215245
0.210757
0.210836
0.179923
0.179975
0.219650
0.193486
0.210092
0.286725
0.200814
0.171029
0.228780
0.179648
0.192889
0.177444
0.263289
0.176238
0.226762
0.197632
0.229993
0.221639
0.149171
0.220179
0.151610
0.211631
0.211588
0.238520
0.194446
0.148738
0.223686
0.231194
0.200812
0.201864
0.215953
0.198588
0.269907
0.165758
0.187558
0.185665
0.182084
0.154714
0.279974
0.160470
0.186682
0.175798
0.147844
0.174387
0.234724
0.195532
0.209014
0.178706
0.190707
0.161747
0.191504
0.194779
0.206265
0.257381
0.179439
0.266376
0.207893
0.229755
0.183789
0.199316
0.168704
0.236296
0.176765
0.162987
0.251792
0.215602
0.148383
0.210768
0.180415
0.206847
0.212566
0.192985
0.167098
0.211925
0.210164
0.207896
0.181921
0.216746
0.201210
0.152468
0.181008
0.250640
0.174920
0.219406
0.202050
0.197320
0.185718
0.198111
0.177323
0.172710
0.232366
0.238497
0.257715
0.195489
0.197423
0.186601
0.172029
0.235826
0.180233
0.236842
0.201408
0.185969
0.213452
0.209960
0.174972
0.151834
0.193561
0.198719
0.264551
0.173119
0.161416
0.210257
0.207418
0.187260
0.207353
0.113667
0.203557
0.202019
0.169847
0.197425
0.192577
0.169268
0.180455
0.175858
0.186897
0.203812
0.210179
0.159348
0.204968
0.217345
0.167922
0.165152
0.163899
0.186109
0.184877
0.254901
0.202874
0.242306
0.227485
0.227019
0.186221
0.173223
0.156638
0.216438
0.179889
0.240121
0.170853
0.160351
0.223829
0.215006
0.178384
0.188381
0.185359
0.219401
0.198043
0.186371
0.174863
0.221458
0.194737
0.208450
0.222820
0.164294
0.215353
0.205159
0.191858
0.230192
0.193514
0.204164
0.174126
0.189835
0.212431
0.201575
0.194360
0.208749
0.126180
0.190295
0.193567
0.225486
0.211536
0.176653
0.170933
0.190371
0.179697
0.181117
0.203477
0.223225
0.174758
0.161327
0.207129
0.222323
0.226325
0.216216
0.230734
0.199687
0.266957
0.166321
0.266456
0.171748
0.165203
0.246322
0.216871
0.186785
0.177431
0.193885
0.196624
0.212964
0.184336
0.177247
0.201431
0.221372
0.184656
0.176344
0.175152
0.182728
0.251063
0.214799
0.208588
0.164759
0.248954
0.204501
0.185434
0.222400
0.157443
0.183628
0.223283
0.171154
0.221690
0.171623
0.142143
0.258292
0.199198
0.161200
0.194135
0.186013
0.241464
0.299238
0.212016
0.227601
0.235345
0.263898
0.169899
0.199741
0.189849
0.225731
0.203908
0.183215
0.183930
0.207166
0.209840
0.215277
0.193432
0.195356
0.201515
0.208192
0.210530
0.171479
0.202146
0.209172
0.215331
0.230704
0.243116
0.185872
0.177627
0.217480
0.155060
0.246841
0.208393
0.227048
0.191062
0.260892
0.301964
0.308396
0.248596
0.209761
0.219024
0.190451
0.199449
0.195107
0.189562
0.220097
0.227510
0.220074
0.185899
0.194255
0.262308
0.224048
0.244395
0.171270
0.227237
0.182203
0.228883
0.195365
0.191228
0.198785
0.221903
0.200486
0.169549
0.204772
0.168635
0.185418
0.201805
0.154800
0.191347
0.208087
0.217016
0.201563
0.254592
0.200480
0.165593
0.173881
0.215370
0.230521
0.207778
0.280133
0.173928
0.209174
0.227016
0.189088
0.238138
0.202411
0.192405
0.203304
0.184266
0.280709
0.180856
0.180660
0.201592
0.197503
0.220801
0.202181
0.176035
0.273770
0.168701
0.260267
0.200442
0.227316
0.183395
0.200615
0.236761
0.219789
0.172956
0.213749
0.235868
0.189511
0.188868
0.215560
0.210923
0.210764
0.179984
0.180272
0.220074
0.193650
0.210579
0.286886
0.201045
0.171404
0.229034
0.179781
0.193205
0.177807
0.263265
0.176446
0.226802
0.197982
0.229993
0.221474
0.149479
0.220008
0.151506
0.211359
0.211429
0.238953
0.194292
0.148996
0.223839
0.231113
0.200934
0.201768
0.215738
0.198627
0.270087
0.166187
0.187680
0.185677
0.182204
0.154933
0.279823
0.160925
0.186551
0.176139
0.148094
0.174381
0.234691
0.195613
0.209338
0.178658
0.190737
0.161896
0.191724
0.194869
0.206101
0.257332
0.179779
0.266257
0.208136
0.229835
0.183817
0.199285
0.168783
0.236187
0.176798
0.163198
0.251656
0.215595
0.148706
0.210755
0.180312
0.206680
0.212821
0.192926
0.167490
0.212198
0.210149
0.208245
0.182188
0.216717
0.201172
0.152446
0.180941
0.250688
0.175163
0.219325
0.201925
0.197304
0.185804
0.198465
0.177102
0.173110
0.232198
0.238580
0.257880
0.195453
0.197349
0.186792
0.172039
0.235920
0.180441
0.236834
0.201545
0.186090
0.213430
0.210102
0.175325
0.151982
0.193521
0.198884
0.264306
0.173192
0.161642
0.210404
0.207657
0.187304
0.207347
0.113804
0.203666
0.201954
0.169820
0.197410
0.192425
0.169540
0.180447
0.175807
0.187253
0.203977
0.210469
0.159426
0.205087
0.217505
0.167909
0.165234
0.164039
0.186243
0.184987
0.254882
0.203111
0.242225
0.227516
0.227041
0.186515
0.173184
0.156673
0.216692
0.179961
0.240284
0.170902
0.160386
0.223852
0.215113
0.178402
0.188172
0.185620
0.219417
0.198075
0.186367
0.174824
0.221660
0.194777
0.208440
0.222731
0.164322
0.215401
0.204977
0.192086
0.230417
0.193691
0.204291
0.174259
0.190054
0.212457
0.201784
0.194371
0.209074
0.126299
0.190308
0.193926
0.225708
0.211655
0.176749
0.171061
0.190493
0.179773
0.181199
0.203428
0.223186
0.174905
0.161539
0.207392
0.222314
0.226249
0.216321
0.230852
0.199590
0.266734
0.166270
0.266261
0.171928
0.165215
0.246196
0.216782
0.186849
0.177603
0.193987
0.197698
0.212958
0.184258
0.177361
0.201349
0.221444
0.184666
0.176270
0.175214
0.182418
0.251097
0.214741
0.208559
0.164655
0.248892
0.204425
0.185461
0.222317
0.157540
0.183716
0.223240
0.171191
0.221675
0.171641
0.142198
0.258141
0.199066
0.161239
0.194134
0.185904
0.241425
0.299334
0.211937
0.227528
0.235436
0.265019
0.169906
0.199888
0.189785
0.225953
0.201323
0.179588
0.183064
0.204321
0.211695
0.219161
0.191524
0.195217
0.201024
0.207026
0.213448
0.167488
0.202248
0.208622
0.216608
0.229915
0.240183
0.181925
0.176664
0.217660
0.152324
0.247074
0.204078
0.226676
0.190728
0.259924
0.298670
0.312389
0.252126
0.205966
0.214376
0.189607
0.198637
0.193194
0.189186
0.219831
0.228675
0.220783
0.183072
0.193292
0.264166
0.224592
0.246390
0.167712
0.227243
0.183730
0.227629
0.193802
0.188763
0.198632
0.218015
0.195806
0.168341
0.203459
0.166136
0.183547
0.200148
0.151479
0.188136
0.203991
0.216780
0.200701
0.253883
0.196581
0.165001
0.170376
0.212985
0.230533
0.206456
0.282317
0.172371
0.208061
0.225202
0.189172
0.233750
0.201235
0.189587
0.200601
0.184783
0.278883
0.180405
0.180752
0.201291
0.196477
0.222293
0.203224
0.176969
0.274852
0.168507
0.261235
0.198744
0.224056
0.181033
0.199675
0.235538
0.218597
0.170410
0.212506
0.237026
0.185524
0.189743
0.213623
0.210094
0.211698
0.179933
0.178459
0.217354
0.192824
0.207356
0.286088
0.199746
0.169015
0.227548
0.179187
0.191250
0.175495
0.263831
0.175290
0.226899
0.195757
0.230370
0.223092
0.147543
0.221663
0.152678
0.213804
0.213087
0.236052
0.195847
0.147429
0.223110
0.232130
0.200408
0.202898
0.217774
0.198722
0.269139
0.163344
0.187106
0.185924
0.181642
0.153651
0.281241
0.157879
0.187862
0.173935
0.146560
0.174733
0.235217
0.194798
0.207245
0.179255
0.190766
0.161123
0.190373
0.194435
0.207529
0.257940
0.177579
0.267446
0.206578
0.229543
0.183889
0.199799
0.168475
0.237292
0.176825
0.161920
0.252947
0.215920
0.146575
0.211111
0.181315
0.208174
0.211219
0.193617
0.164859
0.210447
0.210498
0.205950
0.180470
0.217175
0.201707
0.152838
0.181677
0.250583
0.173606
0.220142
0.203084
0.197657
0.185394
0.196099
0.178947
0.170410
0.233648
0.238193
0.256913
0.195935
0.198119
0.185594
0.172181
0.235471
0.179131
0.237133
0.200779
0.185437
0.213845
0.209341
0.172966
0.151155
0.194115
0.197915
0.266457
0.172687
0.160212
0.209586
0.206116
0.187164
0.207576
0.113009
0.203069
0.202659
0.170224
0.197716
0.193759
0.167650
0.180688
0.176316
0.184860
0.202955
0.208540
0.159019
0.204387
0.216508
0.168151
0.164805
0.163199
0.185471
0.184390
0.255239
0.201582
0.243037
0.227505
0.227078
0.184606
0.173621
0.156590
0.215029
0.179619
0.239268
0.170685
0.160284
0.223838
0.214480
0.178410
0.189794
0.183776
0.219393
0.197905
0.186454
0.175171
0.220306
0.194538
0.208557
0.223351
0.164177
0.215045
0.206166
0.190729
0.228909
0.192536
0.203476
0.173410
0.188611
0.212344
0.200403
0.194364
0.206904
0.125560
0.190280
0.191502
0.224239
0.210890
0.176146
0.170245
0.189710
0.179311
0.180699
0.203815
0.223498
0.173963
0.160134
0.205641
0.222408
0.226756
0.215618
0.230004
0.200214
0.268014
0.166631
0.267432
0.170802
0.165168
0.246952
0.217373
0.186446
0.176443
0.192980
0.196230
0.212956
0.184711
0.176681
0.201886
0.220892
0.184554
0.176722
0.174773
0.184349
0.251016
0.214965
0.208692
0.165252
0.249222
0.204824
0.185192
0.222740
0.156872
0.183007
0.223422
0.170891
0.221699
0.171411
0.141799
0.258952
0.199794
0.161034
0.193980
0.186415
0.241685
0.298546
0.212286
0.227918
0.235068
0.265163
0.169891
0.198861
0.190214
0.224972
0.201003
0.178881
0.183133
0.203833
0.212517
0.220550
0.191284
0.195480
0.201186
0.206997
0.214545
0.166680
0.202568
0.208759
0.217246
0.229985
0.239663
0.181127
0.176680
0.217988
0.151846
0.247405
0.203170
0.226842
0.190900
0.259916
0.297855
0.313645
0.250532
0.209177
0.218347
0.190275
0.199279
0.194805
0.189452
0.220001
0.227585
0.220095
0.185512
0.194087
0.262455
0.224051
0.244557
0.170818
0.227180
0.182310
0.228691
0.195141
0.190909
0.198705
0.221441
0.199938
0.169360
0.204554
0.168330
0.185153
0.201573
0.154405
0.190956
0.207599
0.216915
0.201393
0.254428
0.200057
0.165480
0.173472
0.215066
0.230456
0.207585
0.280254
0.173717
0.208995
0.226764
0.189008
0.237657
0.202235
0.192072
0.202982
0.184252
0.280460
0.180748
0.180578
0.201499
0.197343
0.220870
0.202192
0.176038
0.273784
0.168621
0.260280
0.200210
0.226948
0.183107
0.200454
0.236579
0.219604
0.172664
0.213554
0.235880
0.189096
0.188905
0.215322
0.210796
0.210816
0.179942
0.180054
0.219766
0.193532
0.210224
0.286755
0.200879
0.171132
0.228835
0.179672
0.192963
0.177542
0.263236
0.176284
0.226731
0.197735
0.229962
0.221536
0.149263
0.220078
0.151526
0.211482
0.211487
0.238638
0.194391
0.148810
0.223729
0.231171
0.200850
0.201841
0.215902
0.198598
0.269937
0.165882
0.187581
0.185645
0.182102
0.154761
0.279814
0.160615
0.186153
0.181168
0.151996
0.175124
0.235066
0.197443
0.214180
0.178974
0.192021
0.164502
0.195307
0.196885
0.204952
0.257576
0.184787
0.265507
0.212041
0.231581
0.184940
0.199646
0.170546
0.235511
0.177959
0.166602
0.250635
0.216190
0.153553
0.211281
0.179724
0.205238
0.216755
0.192867
0.173115
0.216311
0.210642
0.213309
0.186231
0.217006
0.201337
0.152823
0.180727
0.251924
0.178883
0.218946
0.200919
0.197689
0.187531
0.203527
0.174935
0.178751
0.230674
0.240204
0.260484
0.195552
0.196967
0.189809
0.172733
0.237621
0.183622
0.237210
0.203771
0.188126
0.213612
0.212296
0.180260
0.154281
0.193362
0.201420
0.261400
0.174995
0.164953
0.212619
0.211156
0.188384
0.207766
0.115988
0.205503
0.201499
0.169914
0.197661
0.190878
0.173645
0.180824
0.175704
0.192161
0.206518
0.214568
0.160890
0.207063
0.219984
0.168246
0.166722
0.166220
0.188314
0.186749
0.254999
0.206470
0.241556
0.228262
0.227717
0.190459
0.173120
0.157517
0.220268
0.181239
0.242730
0.171951
0.161220
0.224541
0.216856
0.179024
0.186002
0.189504
0.220114
0.199030
0.186863
0.174862
0.224642
0.195818
0.208853
0.222263
0.165193
0.216624
0.203548
0.194965
0.233616
0.196265
0.206274
0.176291
0.193112
0.213208
0.204724
0.194922
0.213406
0.128126
0.190894
0.198659
0.228795
0.213514
0.178316
0.173000
0.192369
0.181072
0.182573
0.203249
0.223134
0.177032
0.164475
0.210933
0.222632
0.225854
0.218025
0.232857
0.198999
0.265052
0.166110
0.264733
0.174348
0.165764
0.245399
0.216227
0.188014
0.180088
0.196350
0.197952
0.213421
0.183930
0.178954
0.200841
0.222845
0.185284
0.175907
0.176419
0.179508
0.251606
0.214803
0.208756
0.164052
0.248751
0.204162
0.186354
0.222011
0.159116
0.185375
0.223325
0.172117
0.222042
0.172454
0.143289
0.257143
0.198196
0.161962
0.194803
0.185404
0.241370
0.301112
0.211720
0.227237
0.236442
0.265141
0.170293
0.202054
0.189384
0.228006
0.202225
0.181166
0.183277
0.205505
0.210573
0.217046
0.192245
0.195077
0.201053
0.207385
0.211832
0.169201
0.201995
0.208682
0.215785
0.230094
0.241403
0.183640
0.176931
0.217375
0.153451
0.246777
0.205961
0.226672
0.190699
0.260211
0.300155
0.310297
0.250263
0.207577
0.216440
0.189839
0.198850
0.193938
0.189191
0.219787
0.227944
0.220271
0.184260
0.193584
0.263096
0.224161
0.245266
0.169238
0.227064
0.182813
0.228077
0.194388
0.189786
0.198539
0.219729
0.197903
0.168763
0.203924
0.167184
0.184289
0.200789
0.152932
0.189533
0.205813
0.216736
0.200964
0.254072
0.198321
0.165145
0.171924
0.213996
0.230388
0.206958
0.281134
0.172974
0.208464
0.225945
0.188997
0.235746
0.201672
0.190821
0.201781
0.184411
0.279641
0.180498
0.180583
0.201317
0.196851
0.221451
0.202602
0.176400
0.274206
0.168483
0.260644
0.199452
0.225524
0.182063
0.200019
0.236021
0.219065
0.171533
0.213002
0.236358
0.187334
0.189202
0.214452
0.210382
0.211128
0.179843
0.179230
0.218568
0.193117
0.208814
0.286369
0.200271
0.170074
0.228170
0.179369
0.192098
0.176520
0.263442
0.175749
0.226741
0.196738
0.230069
0.222170
0.148415
0.220740
0.151992
0.212493
0.212145
0.237411
0.194991
0.148103
0.223373
0.231541
0.200576
0.202254
0.216691
0.198586
0.269515
0.164649
0.187302
0.185719
0.181836
0.154193
0.280489
0.159282
0.187145
0.174932
0.147233
0.174487
0.234910
0.195390
0.208195
0.178900
0.190687
0.161428
0.190969
0.194590
0.206780
0.257590
0.178587
0.266807
0.207280
0.229627
0.183795
0.199489
0.168564
0.236706
0.176759
0.162481
0.252268
0.215719
0.147543
0.210893
0.180781
0.207401
0.211929
0.193232
0.166088
0.211253
0.210280
0.207013
0.181257
0.216903
0.201401
0.152608
0.181272
0.250580
0.174320
0.219686
0.202471
0.197444
0.185539
0.197212
0.177989
0.171681
0.232888
0.238337
0.257343
0.195657
0.197699
0.186127
0.172062
0.235643
0.179727
0.236939
0.201110
0.185712
0.213600
0.209674
0.174086
0.151515
0.193782
0.198350
0.265373
0.172862
0.160877
0.209968
0.206844
0.187205
0.207449
0.113360
0.203342
0.202324
0.170011
0.197551
0.193100
0.168503
0.180529
0.176027
0.185998
0.203415
0.209448
0.159176
0.204685
0.216958
0.167985
0.164970
0.163568
0.185805
0.184638
0.255008
0.202299
0.242589
0.227466
0.227019
0.185512
0.173372
0.156594
0.215815
0.179751
0.239741
0.170763
0.160304
0.223812
0.214767
0.178382
0.188981
0.184626
0.219370
0.197956
0.186377
0.174965
0.220943
0.194626
0.208467
0.223012
0.164209
0.215179
0.205513
0.191394
0.229614
0.193074
0.203831
0.173785
0.189290
0.212350
0.201054
0.194325
0.207950
0.125894
0.190244
0.192670
0.224931
0.211225
0.176394
0.170614
0.190054
0.179492
0.180908
0.203574
0.223289
0.174400
0.160798
0.206485
0.222318
0.226447
0.215933
0.230401
0.199859
0.267310
0.166403
0.266779
0.171351
0.165158
0.246536
0.217045
0.186616
0.177000
0.193484
0.196428
0.212916
0.184440
0.176985
0.201556
0.221123
0.184550
0.176429
0.174958
0.183300
0.250995
0.214777
0.208577
0.164885
0.248990
0.204555
0.185279
0.222464
0.157175
0.183320
0.223269
0.171000
0.221627
0.171475
0.141967
0.258458
0.199348
0.161129
0.193996
0.186071
0.241482
0.298875
0.212017
0.227636
0.235241
0.265020
0.169842
0.199331
0.189917
0.225445
0.201113
0.179198
0.183052
0.204037
0.211995
0.219683
0.191504
0.195245
0.201028
0.206931
0.213849
0.167174
0.202351
0.208650
0.216884
0.229895
0.239878
0.181466
0.176620
0.217724
0.152043
0.247143
0.203585
0.226667
0.190739
0.259850
0.298330
0.312886
0.252547
0.205648
0.213837
0.189596
0.198636
0.193030
0.189241
0.219903
0.228936
0.220985
0.182800
0.193260
0.264521
0.224768
0.246770
0.167333
0.227348
0.184048
0.227560
0.193695
0.188524
0.198710
0.217586
0.195268
0.168277
0.203380
0.165882
0.183386
0.200012
0.151121
0.187789
0.203518
0.216831
0.200671
0.253872
0.196139
0.165004
0.169986
0.212747
0.230620
0.206369
0.282725
0.172227
0.207999
0.225047
0.189280
0.233240
0.201162
0.189289
0.200315
0.184950
0.278714
0.180429
0.180860
0.201337
0.196420
0.222581
0.203463
0.177190
0.275086
0.168559
0.261452
0.198600
0.223691
0.180793
0.199635
0.235452
0.218516
0.170138
0.212421
0.237270
0.185036
0.189923
0.213422
0.210036
0.211874
0.179973
0.178268
0.217034
0.192756
0.206963
0.286010
0.199601
0.168746
0.227384
0.179133
0.191014
0.175229
0.263907
0.175163
0.226919
0.195513
0.230438
0.223311
0.147332
0.221874
0.152822
0.214103
0.213287
0.235735
0.196099
0.147268
0.223064
0.232320
0.200393
0.203107
0.218108
0.198789
0.269065
0.163007
0.187079
0.186007
0.181615
0.153526
0.281515
0.157520
0.188091
0.173684
0.146404
0.174839
0.235397
0.195330
0.207014
0.179398
0.190822
0.161071
0.190248
0.194443
0.207793
0.258090
0.177335
0.267664
0.206424
0.229561
0.183954
0.199923
0.168482
0.237507
0.176887
0.161790
0.253185
0.216039
0.146318
0.211235
0.181525
0.208453
0.211023
0.193768
0.164554
0.210263
0.210606
0.205675
0.180286
0.217289
0.201826
0.152948
0.181831
0.250624
0.173443
0.220307
0.203307
0.197770
0.185380
0.195837
0.179238
0.170086
0.233896
0.238191
0.256834
0.196058
0.198276
0.185464
0.172241
0.235455
0.178997
0.237226
0.200721
0.185390
0.213947
0.209288
0.172703
0.151088
0.194245
0.197824
0.266822
0.172607
0.160065
0.209551
0.205957
0.187201
0.207682
0.112946
0.203050
0.202866
0.170349
0.197827
0.194025
0.167373
0.180751
0.176421
0.184568
0.202843
0.208310
0.158988
0.204315
0.216395
0.168196
0.164765
0.163107
0.185386
0.184326
0.255292
0.201399
0.243144
0.227504
0.227073
0.184395
0.173698
0.156590
0.214820
0.179584
0.239147
0.170676
0.160290
0.223850
0.214418
0.178432
0.190037
0.183537
0.219409
0.197900
0.186483
0.175236
0.220149
0.194528
0.208592
0.223457
0.164176
0.215024
0.206342
0.190574
0.228730
0.192406
0.203390
0.173319
0.188444
0.212346
0.200244
0.194379
0.206633
0.125479
0.190289
0.191207
0.224064
0.210801
0.176080
0.170153
0.189622
0.179268
0.180652
0.203879
0.223550
0.173859
0.159964
0.205429
0.222418
0.226808
0.215540
0.229900
0.200292
0.268153
0.166675
0.267553
0.170683
0.165167
0.247048
0.217457
0.186406
0.176311
0.192859
0.196177
0.212964
0.184778
0.176613
0.201968
0.220834
0.184555
0.176790
0.174727
0.184596
0.251028
0.215001
0.208714
0.165323
0.249256
0.204860
0.185160
0.222787
0.156788
0.182916
0.223440
0.170852
0.221695
0.171375
0.141748
0.259031
0.199867
0.161025
0.193952
0.186470
0.241711
0.298435
0.212308
0.227955
0.235023
0.265166
0.169873
0.198747
0.190266
0.224863
0.200972
0.178800
0.183155
0.203775
0.212629
0.220729
0.191258
0.195497
0.201204
0.206987
0.214671
0.166606
0.202610
0.208779
0.217326
0.229996
0.239599
0.181028
0.176686
0.218022
0.151792
0.247442
0.203057
0.226854
0.190916
0.259915
0.297987
0.313866
0.253437
0.205185
0.213234
0.189646
0.198685
0.192887
0.189362
0.220049
0.229325
0.221286
0.182490
0.193271
0.265021
0.225035
0.247289
0.166880
0.227522
0.184481
0.227515
0.193593
0.188261
0.198845
0.217090
0.194625
0.168230
0.203323
0.165616
0.183224
0.199884
0.150705
0.187397
0.202966
0.216937
0.200679
0.253910
0.195610
0.165061
0.169523
0.212494
0.230780
0.206294
0.283265
0.172094
0.207956
0.224882
0.189443
0.232624
0.201093
0.188951
0.199990
0.185177
0.278546
0.180485
0.181014
0.201410
0.196377
0.222973
0.203765
0.177475
0.275400
0.168645
0.261732
0.198417
0.223254
0.180503
0.199578
0.235349
0.218417
0.169817
0.212313
0.237570
0.184466
0.190185
0.213203
0.210011
0.212153
0.180082
0.178073
0.216688
0.192744
0.206526
0.286006
0.199512
0.168443
0.227245
0.179159
0.190797
0.174939
0.264125
0.175065
0.227046
0.195221
0.230595
0.223664
0.147115
0.222264
0.153127
0.214613
0.213666
0.235375
0.196459
0.147087
0.223007
0.232169
0.201339
0.201520
0.215123
0.198790
0.270680
0.167563
0.188123
0.185779
0.182646
0.155675
0.279413
0.162448
0.186191
0.177293
0.148962
0.174432
0.234651
0.195950
0.210456
0.178609
0.190940
0.162427
0.192521
0.195265
0.205680
0.257265
0.180936
0.265923
0.209030
0.230155
0.183973
0.199245
0.169092
0.235855
0.176942
0.163961
0.251222
0.215575
0.149861
0.210742
0.180012
0.206153
0.213720
0.192759
0.168828
0.213134
0.210129
0.209455
0.183110
0.216641
0.201068
0.152394
0.180740
0.250884
0.176009
0.219099
0.201522
0.197258
0.186143
0.199664
0.176405
0.174477
0.231662
0.238879
0.258433
0.195337
0.197117
0.187477
0.172103
0.236253
0.181160
0.236805
0.202014
0.186511
0.213363
0.210570
0.176509
0.152473
0.193358
0.199447
0.263405
0.173612
0.162411
0.210872
0.208484
0.187488
0.207351
0.114279
0.204047
0.201705
0.169742
0.197372
0.191904
0.170549
0.180459
0.175686
0.188464
0.204566
0.211471
0.159730
0.205530
0.218083
0.167918
0.165549
0.164535
0.186716
0.185378
0.254843
0.203927
0.241984
0.227648
0.227163
0.187473
0.173104
0.156830
0.217579
0.180238
0.240882
0.171123
0.160544
0.223977
0.215521
0.178513
0.187557
0.186562
0.219547
0.198271
0.186438
0.174773
0.222400
0.194995
0.208492
0.222551
0.164489
0.215666
0.204529
0.192825
0.231214
0.194320
0.204761
0.174743
0.190816
0.212601
0.202516
0.194461
0.210180
0.126732
0.190410
0.195144
0.226486
0.212103
0.177116
0.171530
0.190948
0.180071
0.181518
0.203331
0.223124
0.175429
0.162284
0.208303
0.222354
0.226099
0.216739
0.231367
0.199390
0.266263
0.166184
0.265825
0.172526
0.165314
0.245930
0.216573
0.187123
0.178235
0.194627
0.196989
0.213037
0.184119
0.177751
0.201167
0.221783
0.184788
0.176126
0.175504
0.181595
0.251183
0.214728
0.208581
0.164454
0.248826
0.204325
0.185669
0.222204
0.157931
0.184132
0.223219
0.171409
0.221735
0.171815
0.142454
0.257817
0.198778
0.161405
0.194272
0.185713
0.241368
0.299780
0.211824
0.227410
0.235686
0.265018
0.169977
0.200443
0.189626
0.226493
0.201538
0.179992
0.183093
0.204623
0.211364
0.218569
0.191669
0.195156
0.201005
0.207097
0.212960
0.167959
0.202143
0.208607
0.216351
0.229932
0.240496
0.182361
0.176706
0.217539
0.152605
0.246961
0.204565
0.226640
0.190684
0.259980
0.299120
0.311774
0.251577
0.206364
0.214926
0.189653
0.198680
0.193380
0.189170
0.219809
0.228464
0.220637
0.183383
0.193361
0.263882
0.224475
0.246105
0.168101
0.227188
0.183472
0.227743
0.193959
0.189030
0.198600
0.218480
0.196379
0.168450
0.203588
0.166411
0.183750
0.200318
0.151869
0.188516
0.204490
0.216760
0.200768
0.253933
0.197056
0.165030
0.170795
0.213268
0.230497
0.206596
0.282027
0.172507
0.208175
0.225414
0.189134
0.234302
0.201357
0.189932
0.200930
0.184686
0.279110
0.180439
0.180728
0.201303
0.196590
0.222080
0.203076
0.176829
0.274699
0.168501
0.261098
0.198952
0.224472
0.181325
0.199777
0.235685
0.218742
0.170720
0.212661
0.236868
0.185995
0.189584
0.213851
0.210169
0.211526
0.179897
0.178670
0.217694
0.192903
0.207763
0.286179
0.199891
0.169308
0.227730
0.179234
0.191488
0.175782
0.263720
0.175414
0.226856
0.196028
0.230284
0.222833
0.147774
0.221398
0.152477
0.213421
0.212813
0.236439
0.195589
0.147612
0.223173
0.231950
0.200444
0.202697
0.217447
0.198670
0.269235
0.163708
0.187151
0.185850
0.181682
0.153789
0.281016
0.158303
0.187639
0.174210
0.146744
0.174655
0.235152
0.195327
0.207513
0.179147
0.190725
0.161196
0.190532
0.194453
0.207267
0.257817
0.177853
0.267228
0.206760
0.229536
0.183834
0.199681
0.168477
0.237081
0.176772
0.162062
0.252689
0.215822
0.146861
0.211029
0.181143
0.207919
0.211409
0.193471
0.165210
0.210665
0.210407
0.206249
0.180682
0.217056
0.201566
0.152730
0.181521
0.250554
0.173795
0.219991
0.202882
0.197559
0.185426
0.196406
0.178641
0.170775
0.233402
0.238210
0.257014
0.195822
0.197962
0.185755
0.172133
0.235512
0.179296
0.237066
0.200858
0.185498
0.213744
0.209430
0.173284
0.151243
0.194003
0.198030
0.266112
0.172748
0.160398
0.209690
0.206319
0.187163
0.207524
0.113106
0.203134
0.202538
0.170149
0.197650
0.193545
0.167913
0.180639
0.176233
0.185190
0.203089
0.208806
0.159064
0.204472
0.216638
0.168101
0.164851
0.163305
0.185570
0.184465
0.255175
0.201792
0.242915
0.227499
0.227072
0.184870
0.173568
0.156596
0.215265
0.179668
0.239434
0.170724
0.160302
0.223847
0.214586
0.178429
0.189613
0.183961
0.219395
0.197922
0.186431
0.175111
0.220503
0.194569
0.208538
0.223271
0.164188
0.215106
0.206002
0.190910
0.229127
0.192699
0.203590
0.173529
0.188819
0.212357
0.200606
0.194364
0.207209
0.125662
0.190280
0.191861
0.224453
0.211000
0.176233
0.170361
0.189824
0.179382
0.180773
0.203763
0.223455
0.174105
0.160345
0.205903
0.222397
0.226688
0.215728
0.230143
0.200123
0.267851
0.166580
0.267281
0.170955
0.165172
0.246842
0.217281
0.186503
0.176619
0.193144
0.196301
0.212961
0.184653
0.176780
0.201814
0.220987
0.184580
0.176663
0.174845
0.184071
0.251049
0.214946
0.208679
0.165171
0.249189
0.204776
0.185243
0.222690
0.156974
0.183128
0.223409
0.170944
0.221705
0.171457
0.141860
0.258854
0.199701
0.161059
0.194020
0.186368
0.241675
0.298685
0.212253
0.227879
0.235133
0.265165
0.169903
0.199030
0.190177
0.225140
0.201078
0.179002
0.183145
0.203918
0.212443
0.220415
0.191264
0.195477
0.201188
0.207030
0.214446
0.166744
0.202537
0.208751
0.217162
0.230014
0.239759
0.181281
0.176700
0.217986
0.151930
0.247396
0.203326
0.226854
0.190902
0.259956
0.298266
0.313607
0.253243
0.205242
0.213538
0.189636
0.198664
0.192960
0.189299
0.219965
0.229133
0.221144
0.182626
0.193279
0.264825
0.224923
0.247072
0.167087
0.227451
0.184282
0.227535
0.193637
0.188396
0.198783
0.217313
0.194923
0.168256
0.203344
0.165744
0.183305
0.199948
0.150899
0.187578
0.203226
0.216901
0.200689
0.253915
0.195853
0.165043
0.169742
0.212626
0.230725
0.206340
0.283060
0.172162
0.207998
0.224981
0.189395
0.232916
0.201143
0.189119
0.200152
0.185083
0.278658
0.180481
0.180975
0.201402
0.196414
0.222837
0.203671
0.177383
0.275310
0.168631
0.261656
0.198534
0.223475
0.180655
0.199631
0.235436
0.218501
0.169972
0.212399
0.237492
0.184698
0.190081
0.213322
0.210037
0.212036
0.180043
0.178177
0.216870
0.192769
0.206749
0.286061
0.199578
0.168595
0.227354
0.179179
0.190931
0.175095
0.264089
0.175146
0.227045
0.195366
0.230571
0.223580
0.147216
0.222159
0.153062
0.214487
0.213584
0.235489
0.196301
0.147177
0.223047
0.232455
0.200392
0.203246
0.218329
0.198841
0.269027
0.162798
0.187071
0.186072
0.181610
0.153454
0.281694
0.157286
0.188254
0.173530
0.146309
0.174909
0.235487
0.195344
0.206869
0.179493
0.190867
0.161040
0.190168
0.194444
0.207955
0.258173
0.177166
0.267790
0.206337
0.229556
0.183984
0.200002
0.168474
0.237616
0.176907
0.161705
0.253315
0.216073
0.146177
0.211288
0.181638
0.208605
0.210913
0.193845
0.164354
0.210134
0.210661
0.205502
0.180159
0.217346
0.201892
0.153000
0.181918
0.250636
0.173330
0.220413
0.203438
0.197820
0.185379
0.195642
0.179429
0.169875
0.234043
0.238183
0.256773
0.196121
0.198368
0.185388
0.172281
0.235446
0.178899
0.237272
0.200668
0.185347
0.213997
0.209249
0.172496
0.151029
0.194310
0.197757
0.267008
0.172619
0.159960
0.209481
0.205838
0.187200
0.207708
0.112888
0.203000
0.202892
0.170384
0.197852
0.194131
0.167262
0.180798
0.176485
0.184380
0.202783
0.208163
0.158980
0.204281
0.216337
0.168253
0.164754
0.163060
0.185350
0.184307
0.255365
0.201295
0.243275
0.227555
0.227138
0.184236
0.173788
0.156622
0.214709
0.179598
0.239118
0.170704
0.160324
0.223897
0.214413
0.178492
0.190269
0.183323
0.219439
0.197912
0.186511
0.175291
0.220060
0.194531
0.208633
0.223553
0.164185
0.215023
0.206486
0.190467
0.228622
0.192327
0.203339
0.173270
0.188338
0.212367
0.200144
0.194409
0.206456
0.125435
0.190319
0.191016
0.223957
0.210764
0.176060
0.170105
0.189578
0.179260
0.180631
0.203944
0.223616
0.173800
0.159873
0.205298
0.222472
0.226914
0.215512
0.229863
0.200394
0.268353
0.166756
0.267742
0.170582
0.165189
0.247144
0.217540
0.186393
0.176230
0.192788
0.196165
0.212997
0.184848
0.176568
0.202047
0.220817
0.184571
0.176860
0.174708
0.184806
0.251056
0.215053
0.208757
0.165418
0.249334
0.204947
0.185166
0.222874
0.156755
0.182894
0.223507
0.170858
0.221740
0.171396
0.141739
0.259170
0.199995
0.161011
0.193989
0.186581
0.241793
0.298419
0.212404
0.228046
0.235021
0.265238
0.169921
0.198674
0.190365
0.224804
0.200987
0.178766
0.183199
0.203759
0.212773
0.220959
0.191200
0.195605
0.201272
0.207046
0.214882
0.166464
0.202679
0.208822
0.217419
0.230056
0.239590
0.181003
0.176729
0.218121
0.151763
0.247523
0.203017
0.226924
0.190985
0.259976
0.298033
0.314099
0.253686
0.205005
0.213187
0.189669
0.198702
0.192902
0.189389
0.220087
0.229410
0.221360
0.182455
0.193301
0.265148
0.225111
0.247419
0.166799
0.227555
0.184533
0.227535
0.193585
0.188237
0.198874
0.217022
0.194548
0.168229
0.203316
0.165590
0.183215
0.199879
0.150661
0.187360
0.202913
0.216977
0.200699
0.253946
0.195543
0.165081
0.169478
0.212479
0.230821
0.206302
0.283387
0.172082
0.207974
0.224885
0.189502
0.232557
0.201109
0.188918
0.199974
0.185234
0.278555
0.180522
0.181080
0.201460
0.196393
0.223078
0.203871
0.177572
0.275505
0.168693
0.261841
0.198436
0.223219
0.180493
0.199616
0.235384
0.218452
0.169783
0.212336
0.237662
0.184379
0.190238
0.213189
0.210026
0.212198
0.180107
0.178057
0.216653
0.192748
0.206484
0.286041
0.199511
0.168417
0.227260
0.179175
0.190793
0.174914
0.264200
0.175080
0.227099
0.195210
0.230657
0.223788
0.147071
0.222362
0.153211
0.214762
0.213781
0.235252
0.196510
0.147071
0.223031
0.232621
0.200393
0.203413
0.218585
0.198901
0.268982
0.162560
0.187069
0.186149
0.181605
0.153376
0.281886
0.157021
0.188439
0.173352
0.146204
0.174993
0.235596
0.195363
0.206711
0.179599
0.190914
0.161010
0.190077
0.194448
0.208155
0.258294
0.176998
0.267981
0.206209
0.229585
0.184049
0.200108
0.168500
0.237802
0.176970
0.161624
0.253522
0.216184
0.145986
0.211385
0.181796
0.208821
0.210787
0.193981
0.164124
0.210007
0.210745
0.205311
0.180033
0.217453
0.202009
0.153106
0.182056
0.250673
0.173218
0.220547
0.203619
0.197923
0.185377
0.195448
0.179663
0.169637
0.234250
0.238199
0.256735
0.196238
0.198505
0.185295
0.172344
0.235447
0.178809
0.237353
0.200644
0.185331
0.214103
0.209204
0.172307
0.150994
0.194421
0.197704
0.267323
0.172557
0.159847
0.209465
0.205726
0.187236
0.207800
0.112852
0.202998
0.203086
0.170494
0.197954
0.194360
0.167042
0.180860
0.176579
0.184168
0.202706
0.207996
0.158963
0.204228
0.216260
0.168303
0.164737
0.163000
0.185296
0.184271
0.255429
0.201160
0.243377
0.227575
0.227163
0.184067
0.173853
0.156637
0.214564
0.179584
0.239032
0.170701
0.160336
0.223916
0.214370
0.178514
0.190456
0.183152
0.219449
0.197915
0.186540
0.175348
0.219934
0.194530
0.208664
0.223627
0.164188
0.215002
0.206625
0.190353
0.228487
0.192228
0.203272
0.173202
0.188221
0.212374
0.200029
0.194428
0.206251
0.125379
0.190331
0.190790
0.223827
0.210703
0.176011
0.170039
0.189521
0.179231
0.180600
0.204004
0.223658
0.173723
0.159746
0.205137
0.222497
0.226983
0.215459
0.229793
0.200466
0.268497
0.166804
0.267874
0.170486
0.165202
0.247236
0.217602
0.186362
0.176122
0.192683
0.196131
0.213004
0.184914
0.176517
0.202112
0.220767
0.184570
0.176924
0.174681
0.185024
0.251051
0.215097
0.208780
0.165487
0.249372
0.205005
0.185153
0.222927
0.156700
0.182832
0.223533
0.170836
0.221748
0.171378
0.141710
0.259269
0.200076
0.161002
0.193982
0.186620
0.241806
0.298357
0.212435
0.228096
0.234987
0.265261
0.169929
0.198576
0.190409
0.224706
0.200958
0.178698
0.183200
0.203726
0.212836
0.221068
0.191208
0.195619
0.201283
0.207036
0.214965
0.166428
0.202705
0.208844
0.217487
0.230058
0.239535
0.180918
0.176728
0.218147
0.151726
0.247570
0.202917
0.226946
0.190998
0.259979
0.297955
0.314244
0.253814
0.204935
0.213078
0.189686
0.198711
0.192883
0.189414
0.220113
0.229471
0.221414
0.182410
0.193299
0.265241
0.225163
0.247518
0.166737
0.227596
0.184628
0.227518
0.193587
0.188204
0.198915
0.216952
0.194453
0.168234
0.203320
0.165556
0.183210
0.199869
0.150596
0.187301
0.202837
0.217007
0.200711
0.253958
0.195462
0.165085
0.169411
0.212439
0.230848
0.206289
0.283474
0.172065
0.207966
0.224860
0.189523
0.232470
0.201104
0.188864
0.199920
0.185276
0.278540
0.180544
0.181124
0.201484
0.196404
0.223160
0.203944
0.177634
0.275564
0.168722
0.261889
0.198413
0.223149
0.180455
0.199616
0.235374
0.218447
0.169741
0.212341
0.237750
0.184268
0.190283
0.213158
0.210020
0.212246
0.180123
0.178026
0.216603
0.192748
0.206409
0.286043
0.199496
0.168366
0.227237
0.179177
0.190759
0.174870
0.264245
0.175072
0.227140
0.195151
0.230699
0.223870
0.147034
0.222454
0.153294
0.214883
0.213880
0.235181
0.196582
0.147049
0.223021
0.232656
0.200393
0.203453
0.218650
0.198896
0.268971
0.162492
0.187059
0.186157
0.181588
0.153340
0.281908
0.156979
0.188484
0.173306
0.146171
0.175022
0.235619
0.195363
0.206657
0.179636
0.190930
0.161005
0.190055
0.194450
0.208203
0.258307
0.176953
0.268022
0.206174
0.229589
0.184060
0.200131
0.168499
0.237815
0.176949
0.161612
0.253487
0.216142
0.145950
0.211369
0.181794
0.208812
0.210782
0.193970
0.164070
0.209948
0.210729
0.205248
0.179974
0.217407
0.201965
0.153059
0.182017
0.250653
0.173155
0.220539
0.203584
0.197861
0.185355
0.195358
0.179686
0.169564
0.234247
0.238146
0.256669
0.196196
0.198478
0.185265
0.172322
0.235405
0.178756
0.237318
0.200592
0.185291
0.214074
0.209164
0.172220
0.150954
0.194405
0.197662
0.267293
0.172620
0.159828
0.209394
0.205665
0.187210
0.207746
0.112817
0.202934
0.202948
0.170433
0.197888
0.194285
0.167098
0.180865
0.176588
0.184097
0.202680
0.207943
0.158962
0.204212
0.216236
0.168321
0.164731
0.162980
0.185275
0.184257
0.255445
0.201121
0.243409
0.227578
0.227168
0.184012
0.173863
0.156626
0.214503
0.179561
0.238986
0.170686
0.160329
0.223912
0.214331
0.178490
0.190462
0.183172
0.219451
0.197912
0.186548
0.175367
0.219898
0.194529
0.208678
0.223659
0.164191
0.215001
0.206671
0.190315
0.228448
0.192194
0.203258
0.173181
0.188178
0.212375
0.199991
0.194436
0.206185
0.125362
0.190339
0.190718
0.223783
0.210685
0.175996
0.170016
0.189500
0.179220
0.180590
0.204024
0.223679
0.173699
0.159702
0.205084
0.222507
0.226999
0.215438
0.229765
0.200494
0.268542
0.166822
0.267915
0.170447
0.165201
0.247257
0.217614
0.186345
0.176100
0.192650
0.196111
0.212988
0.184901
0.176496
0.202118
0.220732
0.184548
0.176913
0.174657
0.185068
0.251033
0.215070
0.208777
0.165486
0.249377
0.204994
0.185127
0.222919
0.156678
0.182794
0.223528
0.170822
0.221739
0.171357
0.141690
0.259262
0.200077
0.161011
0.193957
0.186622
0.241811
0.298298
0.212425
0.228085
0.234987
0.265257
0.169924
0.198532
0.190405
0.224681
0.200941
0.178675
0.183208
0.203702
0.212862
0.221110
0.191221
0.195641
0.201288
0.207037
0.215000
0.166400
0.202720
0.208847
0.217507
0.230049
0.239523
0.180882
0.176728
0.218146
0.151702
0.247551
0.202919
0.226937
0.190998
0.259973
0.297910
0.314261
0.253831
0.204894
0.213037
0.189658
0.198694
0.192833
0.189393
0.220064
0.229420
0.221375
0.182375
0.193289
0.265225
0.225122
0.247481
0.166744
0.227601
0.184653
0.227517
0.193579
0.188191
0.198926
0.216920
0.194417
0.168236
0.203322
0.165540
0.183199
0.199865
0.150575
0.187278
0.202803
0.217020
0.200720
0.253977
0.195427
0.165099
0.169388
0.212439
0.230879
0.206292
0.283549
0.172055
0.207978
0.224864
0.189560
0.232419
0.201106
0.188845
0.199900
0.185293
0.278533
0.180548
0.181132
0.201490
0.196401
0.223187
0.203962
0.177654
0.275584
0.168715
0.261905
0.198406
0.223124
0.180434
0.199611
0.235373
0.218440
0.169720
0.212332
0.237758
0.184233
0.190301
0.213146
0.210019
0.212264
0.180130
0.178013
0.216576
0.192748
0.206385
0.286035
0.199482
0.168341
0.227213
0.179151
0.190731
0.174843
0.264217
0.175044
0.227094
0.195146
0.230680
0.223838
0.147020
0.222413
0.153235
0.214826
0.213826
0.235187
0.196592
0.147035
0.223023
0.232676
0.200392
0.203480
0.218685
0.198928
0.268959
0.162473
0.187068
0.186180
0.181604
0.153346
0.281965
0.156924
0.188513
0.173287
0.146161
0.175032
0.235637
0.195370
0.206641
0.179646
0.190935
0.161002
0.190047
0.194454
0.208228
0.258331
0.176934
0.268044
0.206168
0.229596
0.184069
0.200142
0.168509
0.237866
0.176990
0.161592
0.253589
0.216218
0.145920
0.211416
0.181849
0.208893
0.210740
0.194025
0.164039
0.209957
0.210781
0.205234
0.179981
0.217485
0.202050
0.153142
0.182101
0.250687
0.173172
0.220594
0.203677
0.197950
0.185376
0.195369
0.179748
0.169543
0.234324
0.238198
0.256712
0.196268
0.198548
0.185260
0.172361
0.235438
0.178772
0.237383
0.200620
0.185317
0.214133
0.209191
0.172229
0.150974
0.194459
0.197681
0.267422
0.172552
0.159807
0.209441
0.205676
0.187243
0.207816
0.112834
0.202987
0.203122
0.170522
0.197978
0.194427
0.166982
0.180882
0.176612
0.184083
0.202675
0.207932
0.158962
0.204210
0.216231
0.168325
0.164730
0.162975
0.185271
0.184256
0.255449
0.201114
0.243423
0.227580
0.227178
0.184002
0.173877
0.156639
0.214504
0.179582
0.239008
0.170707
0.160342
0.223931
0.214357
0.178524
0.190534
0.183087
0.219459
0.197918
0.186550
0.175372
0.219893
0.194530
0.208683
0.223666
0.164190
0.215001
0.206681
0.190308
0.228442
0.192187
0.203256
0.173177
0.188172
0.212376
0.199985
0.194438
0.206174
0.125360
0.190341
0.190706
0.223774
0.210680
0.175993
0.170012
0.189496
0.179218
0.180588
0.204027
0.223683
0.173693
0.159692
0.205074
0.222506
0.226997
0.215433
0.229756
0.200496
0.268540
0.166816
0.267897
0.170461
0.165192
0.247241
0.217610
0.186350
0.176077
0.192643
0.196106
0.212986
0.184902
0.176492
0.202113
0.220733
0.184554
0.176918
0.174652
0.185054
0.251044
0.215070
0.208764
0.165476
0.249347
0.204963
0.185126
0.222898
0.156661
0.182776
0.223503
0.170805
0.221719
0.171339
0.141678
0.259225
0.200041
0.161011
0.193933
0.186594
0.241779
0.298268
0.212396
0.228055
0.234968
0.265225
0.169902
0.198520
0.190388
0.224649
0.200912
0.178657
0.183176
0.203694
0.212833
0.221059
0.191248
0.195593
0.201268
0.207013
0.214953
0.166452
0.202700
0.208836
0.217490
0.230024
0.239495
0.180863
0.176714
0.218127
0.151703
0.247551
0.202867
0.226923
0.190982
0.259957
0.297883
0.314236
0.253783
0.204956
0.213021
0.189676
0.198712
0.192839
0.189408
0.220097
0.229472
0.221412
0.182378
0.193296
0.265248
0.225150
0.247516
0.166704
0.227589
0.184634
0.227519
0.193557
0.188182
0.198904
0.216902
0.194396
0.168218
0.203293
0.165529
0.183171
0.199843
0.150562
0.187257
0.202773
0.216996
0.200693
0.253938
0.195423
0.165089
0.169373
0.212418
0.230857
0.206271
0.283485
0.172057
0.207942
0.224829
0.189502
0.232423
0.201090
0.188830
0.199884
0.185283
0.278513
0.180535
0.181118
0.201482
0.196385
0.223167
0.203933
0.177633
0.275578
0.168708
0.261897
0.198393
0.223109
0.180426
0.199603
0.235356
0.218433
0.169713
0.212327
0.237761
0.184226
0.190300
0.213139
0.210016
0.212267
0.180131
0.178009
0.216568
0.192746
0.206376
0.286030
0.199479
0.168339
0.227219
0.179167
0.190733
0.174842
0.264238
0.175058
0.227129
0.195132
0.230701
0.223873
0.147016
0.222458
0.153286
0.214877
0.213847
0.235229
0.196579
0.147024
0.222987
0.232637
0.200368
0.203441
0.218637
0.198898
0.268916
0.162455
0.187046
0.186146
0.181572
0.153319
0.281911
0.156949
0.188492
0.173269
0.146151
0.175022
0.235622
0.195342
0.206622
0.179614
0.190887
0.160981
0.190000
0.194376
0.208119
0.258262
0.176879
0.267952
0.206128
0.229520
0.184008
0.200082
0.168457
0.237754
0.176911
0.161568
0.253483
0.216087
0.145960
0.211361
0.181805
0.208814
0.210757
0.193967
0.164013
0.209912
0.210715
0.205227
0.179937
0.217405
0.201955
0.153047
0.182014
0.250636
0.173125
0.220545
0.203589
0.197848
0.185348
0.195317
0.179711
0.169525
0.234253
0.238128
0.256636
0.196176
0.198464
0.185286
0.172330
0.235408
0.178736
0.237334
0.200575
0.185274
0.214071
0.209165
0.172177
0.150939
0.194417
0.197649
0.267313
0.172636
0.159793
0.209378
0.205639
0.187208
0.207756
0.112789
0.202921
0.202956
0.170446
0.197894
0.194304
0.167097
0.180872
0.176598
0.184060
0.202669
0.207913
0.158961
0.204208
0.216225
0.168330
0.164730
0.162973
0.185270
0.184253
0.255459
0.201102
0.243432
0.227585
0.227182
0.183987
0.173889
0.156643
0.214491
0.179583
0.239002
0.170707
0.160344
0.223933
0.214354
0.178529
0.190553
0.183068
0.219463
0.197919
0.186557
0.175375
0.219881
0.194529
0.208684
0.223675
0.164192
0.215002
0.206695
0.190297
0.228426
0.192178
0.203248
0.173169
0.188154
0.212377
0.199970
0.194439
0.206151
0.125353
0.190344
0.190680
0.223761
0.210676
0.175989
0.170007
0.189489
0.179216
0.180584
0.204035
0.223688
0.173688
0.159683
0.205056
0.222515
0.227013
0.215429
0.229756
0.200509
0.268571
0.166833
0.267943
0.170431
0.165206
0.247283
0.217642
0.186351
0.176073
0.192644
0.196118
0.213012
0.184939
0.176489
0.202148
0.220748
0.184574
0.176949
0.174664
0.185126
0.251060
0.215112
0.208793
0.165526
0.249399
0.205024
0.185145
0.222950
0.156673
0.182802
0.223552
0.170831
0.221760
0.171374
0.141695
0.259312
0.200121
0.161001
0.193984
0.186666
0.241844
0.298312
0.212454
0.228105
0.234988
0.265255
0.169918
0.198524
0.190424
0.224654
0.200935
0.178668
0.183207
0.203697
0.212878
0.221139
0.191207
0.195632
0.201295
0.207038
0.215022
0.166398
0.202728
0.208855
0.217524
0.230061
0.239519
0.180878
0.176733
0.218164
0.151707
0.247592
0.202872
0.226956
0.191009
0.259984
0.297897
0.314314
0.253876
0.204903
0.213033
0.189689
0.198721
0.192871
0.189426
0.220124
0.229507
0.221442
0.182384
0.193308
0.265283
0.225188
0.247569
0.166706
0.227615
0.184668
0.227519
0.193578
0.188187
0.198930
0.216909
0.194404
0.168236
0.203322
0.165534
0.183196
0.199863
0.150568
0.187269
0.202791
0.217023
0.200721
0.253979
0.195417
0.165100
0.169378
0.212434
0.230883
0.206291
0.283563
0.172053
0.207978
0.224861
0.189564
0.232408
0.201106
0.188838
0.199894
0.185300
0.278533
0.180550
0.181139
0.201493
0.196402
0.223199
0.203974
0.177672
0.275613
0.168732
0.261944
0.198413
0.223123
0.180437
0.199628
0.235384
0.218461
0.169718
0.212354
0.237808
0.184207
0.190310
0.213147
0.210021
0.212272
0.180133
0.178011
0.216573
0.192750
0.206379
0.286046
0.199488
0.168344
0.227232
0.179178
0.190742
0.174850
0.264259
0.175068
0.227149
0.195132
0.230717
0.223901
0.147017
0.222486
0.153318
0.214926
0.213911
0.235154
0.196607
0.147033
0.223023
0.232680
0.200391
0.203484
0.218693
0.198930
0.268957
0.162467
0.187069
0.186182
0.181604
0.153344
0.281968
0.156917
0.188517
0.173283
0.146158
0.175034
0.235639
0.195370
0.206636
0.179648
0.190936
0.161002
0.190045
0.194455
0.208231
0.258329
0.176930
0.268045
0.206164
0.229594
0.184070
0.200143
0.168509
0.237867
0.176991
0.161590
0.253588
0.216216
0.145915
0.211404
0.181838
0.208875
0.210770
0.194015
0.164029
0.209948
0.210769
0.205227
0.179967
0.217464
0.202024
0.153117
0.182083
0.250670
0.173159
0.220580
0.203658
0.197927
0.185360
0.195349
0.179728
0.169574
0.234302
0.238175
0.256692
0.196243
0.198530
0.185252
0.172339
0.235409
0.178771
0.237343
0.200600
0.185299
0.214106
0.209167
0.172199
0.150954
0.194431
0.197664
0.267359
0.172599
0.159799
0.209404
0.205658
0.187226
0.207788
0.112804
0.202954
0.203023
0.170477
0.197931
0.194357
0.167020
0.180855
0.176584
0.184080
0.202665
0.207922
0.158960
0.204207
0.216228
0.168327
0.164730
0.162973
0.185269
0.184254
0.255453
0.201109
0.243428
0.227581
0.227180
0.183995
0.173881
0.156640
0.214498
0.179582
0.239005
0.170708
0.160343
0.223932
0.214356
0.178526
0.190542
0.183079
0.219462
0.197919
0.186552
0.175374
0.219888
0.194530
0.208684
0.223670
0.164192
0.215002
0.206687
0.190302
0.228436
0.192182
0.203253
0.173174
0.188164
0.212376
0.199979
0.194439
0.206164
0.125357
0.190343
0.190695
0.223769
0.210679
0.175991
0.170009
0.189493
0.179217
0.180586
0.204031
0.223687
0.173691
0.159687
0.205066
0.222511
0.227005
0.215432
0.229756
0.200504
0.268564
0.166828
0.267934
0.170435
0.165204
0.247278
0.217636
0.186352
0.176076
0.192649
0.196123
0.213010
0.184933
0.176494
0.202143
0.220749
0.184573
0.176944
0.174664
0.185114
0.251049
0.215109
0.208790
0.165520
0.249393
0.205019
0.185143
0.222941
0.156673
0.182793
0.223529
0.170828
0.221745
0.171359
0.141688
0.259277
0.200091
0.161003
0.193962
0.186635
0.241820
0.298298
0.212435
0.228094
0.234981
0.265258
0.169927
0.198525
0.190413
0.224674
0.200942
0.178672
0.183213
0.203697
0.212881
0.221133
0.191213
0.195636
0.201297
0.207042
0.215020
0.166380
0.202727
0.208852
0.217519
0.230058
0.239521
0.180883
0.176734
0.218165
0.151712
0.247586
0.202878
0.226955
0.191011
0.259980
0.297831
0.314300
0.253864
0.204898
0.213038
0.189686
0.198719
0.192858
0.189423
0.220116
0.229493
0.221418
0.182389
0.193296
0.265235
0.225157
0.247515
0.166704
0.227604
0.184656
0.227512
0.193568
0.188181
0.198902
0.216931
0.194401
0.168230
0.203310
0.165531
0.183183
0.199855
0.150557
0.187257
0.202773
0.216987
0.200673
0.253920
0.195424
0.165082
0.169342
0.212239
0.230498
0.207731
0.280135
0.173897
0.209140
0.226975
0.189055
0.238103
0.202402
0.192393
0.203302
0.184261
0.280708
0.180858
0.180637
0.201586
0.197512
0.220773
0.202143
0.175999
0.273734
0.168699
0.260233
0.200451
0.227357
0.183426
0.200613
0.236769
0.219788
0.173009
0.213748
0.235817
0.189612
0.188869
0.215603
0.210953
0.210771
0.180006
0.180318
0.220138
0.193682
0.210652
0.286921
0.201087
0.171465
0.229083
0.179810
0.193261
0.177870
0.263276
0.176487
0.226822
0.198043
0.230008
0.221461
0.149535
0.219995
0.151503
