23.497478
22.807077
23.255249
22.021519
22.984615
22.243879
22.326664
25.108517
24.519363
26.414202
23.132080
22.473709
21.931608
21.002941
21.305626
22.353138
22.413895
21.726929
21.505693
20.125225
21.190208
21.403625
22.142385
22.122330
22.241663
20.587984
20.946239
21.200857
19.995504
20.053617
19.412231
19.605385
19.850037
20.059010
19.618774
18.067917
18.891563
19.388233
19.061092
19.404678
17.905188
17.288635
18.101103
16.552021
16.386681
16.803204
16.824770
16.772419
16.268623
16.996719
16.596214
16.025173
16.080063
15.836841
16.350664
17.345606
14.860007
15.263698
15.510944
15.893680
15.470135
15.451473
15.464466
15.001766
14.919230
14.082054
14.408667
13.494767
12.686301
12.395154
12.994741
14.418890
14.200363
14.366812
13.407540
13.691628
12.986912
12.716661
12.184616
11.917721
11.379030
11.473860
12.573444
11.853624
10.864933
11.131652
11.328928
12.006939
11.958314
11.448337
12.132104
9.745562
9.056261
9.619743
10.634061
9.851882
8.939457
9.318707
9.004492
10.237940
7.536188
9.109159
8.433616
9.062449
8.617305
8.811338
9.689995
7.303827
7.967341
8.437828
8.023417
8.851711
8.588618
8.003567
8.288501
6.986198
7.527251
6.856513
7.359065
7.267291
6.244995
4.993331
7.882025
8.744504
6.696654
8.561115
7.025927
8.517615
5.422114
6.562943
8.763823
3.463951
8.141868
5.399817
5.928570
7.782369
7.554346
5.960487
4.751019
7.288974
5.760234
6.192424
5.714191
5.976101
5.698190
5.861264
5.242256
5.689424
6.655494
4.507750
4.496596
2.714761
3.875334
6.060836
5.619082
5.012412
6.223639
5.894857
3.476908
5.444871
4.951229
4.622244
4.156040
5.418614
5.016924
3.417079
4.617064
4.223592
5.106598
6.000451
4.308667
5.226814
4.720811
2.483629
3.963296
2.562486
3.553902
1.930202
5.041647
4.411289
3.225492
3.353773
2.854178
2.903722
3.549600
4.068838
2.894984
2.608151
4.949803
3.596758
3.022487
3.266155
3.098511
3.332412
2.962990
3.138616
2.903387
2.929241
3.818014
1.843382
1.752522
2.787825
2.511853
3.168428
3.706474
3.570211
3.382354
2.325961
3.014454
2.631099
2.798790
2.581348
2.924456
2.030757
2.636691
3.048626
2.009612
2.833506
3.180231
2.075448
3.433877
2.968364
2.340013
2.065647
2.645911
2.393490
2.426925
1.733844
2.995000
2.700933
2.780129
2.015401
2.053421
1.445914
1.761250
2.238549
1.410521
2.761859
1.849429
2.068290
2.565749
1.659071
1.970490
2.353967
2.070233
1.937917
2.067205
0.935515
1.881202
1.873769
1.744609
1.386313
2.312491
2.623757
1.735538
2.045222
1.723469
1.514232
2.397449
1.273871
1.752741
1.798004
1.287749
1.791020
1.839115
1.754184
1.383454
1.111967
1.638186
1.622030
2.114221
1.532169
1.454940
1.410563
1.365775
2.009113
1.946280
1.069240
1.340511
1.568844
2.485042
1.635870
1.580787
1.775079
1.615714
1.392112
1.659180
1.411464
0.875356
1.641060
1.359728
0.885900
1.108307
1.236070
1.462732
1.086073
1.692229
1.025241
1.047044
1.055291
1.222831
1.019069
1.315249
1.021854
1.172419
0.806790
1.036713
1.212827
1.227793
1.080424
1.074248
0.880699
0.786555
0.979175
0.754611
1.123116
0.922167
0.878682
1.304062
0.619116
1.300513
1.264916
1.109149
1.438383
0.747689
0.991886
1.088512
0.811131
1.306735
0.898480
0.822435
1.562745
1.011380
0.714094
0.844769
1.142359
0.800529
1.120585
1.279373
0.924900
0.818314
1.001736
0.516337
1.222384
1.156694
1.408168
1.003443
0.952964
1.603520
1.306910
1.588973
1.094258
1.418550
1.135779
1.068970
1.852910
1.620982
2.507906
1.525214
1.052820
1.108253
1.085018
0.932031
1.375938
1.186441
1.137512
1.096108
0.873887
1.088317
1.091978
1.210930
1.371544
1.344319
1.069757
1.147964
1.263826
0.929401
1.107496
0.891771
1.072696
0.867108
0.970822
1.003457
0.689651
0.758957
0.941158
0.960541
1.016803
0.812211
0.790299
0.867845
0.772157
0.923899
0.850042
0.821746
0.767856
0.779089
0.959233
0.845480
0.833766
0.856598
0.878351
0.962524
1.145578
0.821993
0.751846
0.938825
0.952840
0.949606
0.929491
0.921465
0.891548
0.973886
0.848215
0.886640
0.769693
0.766256
0.757548
0.902161
1.082081
0.977933
1.089247
0.842232
0.840049
0.692931
0.780588
0.795165
0.803580
0.739913
0.602520
0.716553
0.717791
0.661317
0.651695
0.931675
0.895635
0.887931
0.963465
0.965131
0.597340
0.502501
0.595830
0.684784
0.913803
0.619807
0.704208
0.535865
0.869616
0.642805
0.652140
0.537268
0.675413
0.726273
0.730710
0.918922
0.543093
0.600996
0.828492
0.521687
0.781176
0.830508
0.683997
0.734021
0.749687
0.735696
0.562422
0.517659
0.704971
0.457058
0.360794
0.503038
1.193882
0.369338
0.858598
0.404838
0.878262
0.328130
0.669496
1.047594
3.442301
1.038306
0.269678
0.435194
0.820661
0.822391
0.586009
1.166115
1.041706
0.345250
0.776936
1.259208
0.421817
0.337909
0.606954
0.367092
0.440820
1.015136
0.605650
0.855854
1.601466
0.323190
0.687465
0.513627
0.353092
0.842253
0.785417
0.411139
0.658668
0.679593
0.592154
0.402568
0.663155
0.658820
0.193019
0.777530
0.442284
0.660312
0.969348
0.678132
0.713672
0.541417
0.894282
0.639031
0.332602
1.386455
0.853856
0.986605
0.685528
0.486380
0.613329
0.362960
0.582588
0.291484
0.939324
0.416993
0.814388
1.021168
0.947730
0.432683
0.546301
0.366033
0.491768
0.352821
0.502141
0.320399
0.692208
0.854424
0.570453
0.307841
0.472300
0.464378
0.996365
0.648617
0.645092
0.707766
0.610089
0.387260
0.394056
0.559754
0.617630
0.508141
0.760186
0.442481
0.787994
0.427195
0.702860
0.734619
0.463998
0.679658
0.712475
0.579787
0.742405
0.497003
0.441930
0.715698
0.431052
0.603740
0.525484
0.652655
0.672402
0.436931
0.422616
0.598077
0.573411
0.690012
0.738177
1.011810
0.402855
1.247771
0.323441
0.738020
0.513373
0.381634
0.423849
0.600471
0.431442
0.533325
0.355593
0.542466
0.375221
0.666941
0.724711
0.629328
0.541888
0.653893
0.405371
0.573123
0.262756
0.566624
0.549737
0.224737
1.034927
0.898041
0.503668
0.311821
0.518994
0.391158
0.666629
0.580064
0.476766
0.343247
0.580059
0.639904
0.600437
0.617869
0.658251
0.538766
0.761864
0.891646
0.701622
0.664167
0.848078
0.440399
0.326193
1.046147
0.410552
0.585915
0.511831
0.394114
0.543068
0.411165
0.626464
0.593445
0.278397
1.245036
0.343464
0.194376
0.415145
0.626466
0.754155
0.884069
0.346847
0.323052
0.389367
0.651370
0.356808
0.504382
0.991224
0.491263
0.636294
0.797559
0.394815
0.494745
0.792927
0.478152
0.545534
1.296464
0.521487
1.745647
1.141275
1.583948
1.369830
0.364967
0.853625
0.797306
0.710114
1.646718
0.851671
0.730994
0.942638
0.816584
0.765803
1.110748
1.445207
1.017511
1.322244
0.605875
1.204267
0.895777
1.186079
0.623668
1.006928
1.354887
0.963819
1.174342
1.012682
1.057573
0.822687
1.076884
0.696399
0.929067
0.704964
0.625157
1.100993
0.939835
1.667076
1.014637
0.585989
0.717801
0.815154
0.591291
0.947291
0.718410
0.752279
0.731556
0.657780
0.747102
0.724977
0.754791
0.935571
0.865254
0.764219
0.804072
0.891466
0.649278
0.826091
0.660322
0.817543
0.554994
0.620776
0.691692
0.523686
0.484121
0.610893
0.655088
0.649973
0.588589
0.620687
0.590438
0.653802
0.832042
0.672055
0.612415
0.544223
0.582879
0.687445
0.587009
0.628074
0.623569
0.660707
0.669186
0.733292
0.662503
0.520508
0.680698
0.622529
0.657815
0.616113
0.589392
0.598019
0.674961
0.622651
0.612802
0.579832
0.657539
0.669226
0.745591
0.742845
0.635992
0.729286
0.552919
0.499504
0.414903
0.522449
0.601155
0.624149
0.608937
0.422239
0.399010
0.468464
0.512859
0.464205
0.737201
0.596610
0.582541
0.710372
0.624238
0.494114
0.462761
0.479604
0.441602
0.790388
0.565307
0.594006
0.429736
0.642678
0.713825
0.519410
0.457666
0.521643
0.625108
0.598368
0.674742
0.545596
0.527875
0.715214
0.404231
0.581354
0.661765
0.558515
0.568067
0.740016
0.645477
0.532461
0.404962
0.613882
0.457959
0.497129
0.289232
0.943308
0.263711
0.573208
0.249318
0.585680
0.348214
0.585128
0.723326
4.084072
0.770864
0.247825
0.358228
0.548900
0.574149
0.503259
1.305421
0.828092
0.231910
0.655675
1.258686
0.269255
0.207705
0.481193
0.279331
0.301180
0.813043
0.624854
0.900782
1.963015
0.365446
0.497825
0.347449
0.240366
0.631294
0.598260
0.481607
0.502203
0.582221
0.520696
0.362153
0.485615
0.527568
0.200941
0.701653
0.370804
0.496873
0.730151
0.614645
0.531911
0.395479
1.073614
0.592418
0.422795
1.478293
1.076822
0.832758
0.562274
0.488798
0.609120
0.383902
0.622733
0.210087
0.871679
0.424992
0.909072
0.836694
0.922917
0.413414
0.505198
0.318186
0.428464
0.315768
0.454231
0.278034
0.688475
0.757667
0.682421
0.392264
0.447705
0.465749
0.978873
0.514372
0.524910
0.622088
0.637665
0.299632
0.352099
0.512455
0.604261
0.432276
0.825898
0.390156
0.725821
0.451100
0.651380
0.639235
0.473311
0.541447
0.631831
0.565048
0.775743
0.426718
0.393326
0.693036
0.457500
0.490262
0.439416
0.567188
0.685464
0.413518
0.473302
0.627767
0.534603
0.770322
0.653635
1.071889
0.358850
1.244201
0.315498
0.740756
0.437729
0.321682
0.385531
0.567440
0.516139
0.509814
0.311620
0.534098
0.388428
0.597064
0.624207
0.625560
0.489507
0.654035
0.396508
0.474536
0.265444
0.542817
0.516379
0.213736
1.060821
0.900021
0.466367
0.293089
0.559439
0.347793
0.659628
0.500180
0.452040
0.314806
0.581349
0.655333
0.527837
0.552831
0.708624
0.540097
0.759770
0.788985
0.682286
0.644230
0.826687
0.386105
0.283605
1.061454
0.376849
0.639817
0.456340
0.360086
0.584120
0.408775
0.634821
0.567236
0.259851
1.269596
0.336835
0.166125
0.412769
0.627320
0.796296
0.904390
0.334524
0.290662
0.408451
0.673639
0.321454
0.483471
1.050682
0.486147
0.673193
0.865867
0.386490
0.526204
0.815259
0.485296
0.565240
1.354622
0.568663
1.856609
1.183759
1.696983
1.418031
0.372651
0.890339
0.815954
0.749882
1.738446
0.896101
0.769163
0.918045
0.841514
0.818423
1.186534
1.525826
1.086190
1.388087
0.572255
1.277149
0.945844
1.246817
0.674770
1.021712
1.414475
0.952964
1.229033
1.054975
1.034775
0.805982
1.056728
0.687949
0.910541
0.692136
0.610700
1.053461
0.899606
1.609423
0.991415
0.567258
0.706654
0.816278
0.584589
0.930913
0.697508
0.739723
0.720866
0.662370
0.738099
0.713034
0.733103
0.915695
0.840272
0.757290
0.792886
0.876930
0.644078
0.820373
0.659731
0.814043
0.545390
0.606720
0.681287
0.528638
0.477289
0.597879
0.644441
0.632414
0.586020
0.623578
0.581687
0.661634
0.842402
0.673185
0.609947
0.539975
0.580920
0.677411
0.578097
0.624659
0.616892
0.655495
0.655569
0.706706
0.662861
0.513089
0.670132
0.603842
0.643118
0.598799
0.569869
0.582496
0.658414
0.613902
0.598698
0.574703
0.660885
0.674603
0.743593
0.721284
0.613103
0.704358
0.535450
0.476208
0.398565
0.507774
0.593758
0.618003
0.608122
0.415622
0.376987
0.453536
0.508925
0.456119
0.728044
0.575536
0.560656
0.693829
0.598146
0.494453
0.470179
0.478055
0.425656
0.788061
0.570805
0.592745
0.428696
0.628005
0.732708
0.515298
0.459150
0.514605
0.623915
0.593698
0.656534
0.555559
0.529665
0.712367
0.400403
0.567991
0.651919
0.553390
0.558149
0.747885
0.643948
0.538094
0.400780
0.611839
0.466542
0.521004
0.273514
0.922738
0.259570
0.548565
0.239482
0.560063
0.358261
0.583365
0.693881
4.165824
0.747556
0.252761
0.356669
0.524817
0.552774
0.500884
1.328676
0.810193
0.225579
0.648302
1.265437
0.258281
0.199312
0.473106
0.275370
0.291242
0.795467
0.633246
0.912026
2.011089
0.376057
0.482099
0.334062
0.233143
0.612719
0.582134
0.495101
0.489504
0.576186
0.517599
0.362616
0.470093
0.517316
0.206640
0.697636
0.367340
0.482586
0.707198
0.612132
0.515519
0.383080
1.099165
0.591484
0.437902
1.493535
1.107085
0.819348
0.551967
0.493363
0.612757
0.390275
0.631405
0.204633
0.867855
0.429717
0.923763
0.819523
0.923782
0.414915
0.504103
0.316224
0.424822
0.315064
0.452096
0.276575
0.691291
0.750064
0.698227
0.404785
0.448115
0.468830
0.979857
0.502040
0.514238
0.615534
0.643493
0.292694
0.350197
0.509850
0.605475
0.426419
0.835763
0.386886
0.721472
0.456403
0.648158
0.631037
0.476797
0.528457
0.625095
0.565879
0.781744
0.421267
0.390192
0.692700
0.462644
0.479680
0.431982
0.559631
0.689074
0.412997
0.481193
0.633217
0.532140
0.781384
0.646172
1.080600
0.355851
1.245701
0.316456
0.742837
0.431203
0.316608
0.382971
0.565518
0.527463
0.508855
0.308442
0.534819
0.391536
0.590752
0.614455
0.626723
0.485248
0.655748
0.397022
0.464937
0.267364
0.541577
0.514008
0.213921
1.065286
0.901744
0.463584
0.292275
0.565442
0.344137
0.660204
0.492438
0.450413
0.312971
0.582724
0.658451
0.520709
0.546496
0.715708
0.541540
0.760733
0.778421
0.681338
0.643084
0.825461
0.380923
0.279706
1.064529
0.374146
0.647367
0.450837
0.357202
0.589942
0.409601
0.637006
0.565262
0.258766
1.273672
0.336999
0.163752
0.413512
0.628387
0.802415
0.907876
0.333838
0.287749
0.411680
0.677305
0.318176
0.481885
1.059035
0.486447
0.678703
0.875487
0.386084
0.531624
0.819408
0.487527
0.569494
1.364578
0.577760
1.875345
1.192276
1.716608
1.427387
0.374737
0.897480
0.820473
0.757738
1.755827
0.905252
0.777050
0.914568
0.847057
0.828859
1.200660
1.542463
1.100482
1.402383
0.566187
1.292888
0.957512
1.260602
0.686717
1.025619
1.428778
0.951421
1.242177
1.066572
1.030782
0.803410
1.053119
0.687185
0.907669
0.690012
0.608724
1.043149
0.891961
1.597091
0.986793
0.564642
0.705414
0.817605
0.583899
0.928095
0.693629
0.737685
0.719274
0.664008
0.736514
0.711318
0.729264
0.912502
0.835042
0.756082
0.791220
0.874563
0.643197
0.819178
0.660139
0.813360
0.544217
0.604009
0.679077
0.530142
0.476454
0.595882
0.642940
0.628988
0.585928
0.624659
0.580386
0.663936
0.845883
0.674171
0.609572
0.539742
0.580289
0.675754
0.576532
0.624377
0.615715
0.654691
0.652833
0.701270
0.663283
0.512130
0.668510
0.599998
0.640379
0.595274
0.565992
0.579579
0.654810
0.612061
0.595995
0.574016
0.661984
0.676299
0.743853
0.715781
0.608063
0.699131
0.531701
0.471182
0.395507
0.504558
0.592749
0.617016
0.608546
0.414378
0.372358
0.450047
0.507766
0.454607
0.726075
0.570816
0.555839
0.689771
0.592533
0.494719
0.472183
0.477723
0.422125
0.787970
0.572747
0.592750
0.428595
0.624998
0.737500
0.514925
0.459737
0.513025
0.623861
0.593063
0.651867
0.557792
0.530652
0.712324
0.399685
0.564991
0.649854
0.552332
0.555887
0.749840
0.643624
0.539906
0.399984
0.611294
0.468746
0.526839
0.269867
0.917677
0.258495
0.542630
0.237305
0.554013
0.360929
0.583438
0.687042
4.186670
0.741902
0.254346
0.356589
0.519532
0.547824
0.500707
1.335181
0.805804
0.224161
0.646593
1.267771
0.255474
0.197640
0.471387
0.274469
0.288973
0.790856
0.635668
0.915131
2.023677
0.378946
0.478340
0.330653
0.231586
0.608080
0.577776
0.498986
0.486151
0.574580
0.516855
0.362925
0.465731
0.514499
0.208127
0.696493
0.366497
0.478711
0.701278
0.611833
0.511450
0.379919
1.106178
0.591392
0.442271
1.497810
1.115147
0.816219
0.549168
0.494865
0.613872
0.391946
0.633841
0.203389
0.867232
0.431171
0.928629
0.814245
0.924234
0.415710
0.503994
0.315728
0.423966
0.315159
0.451421
0.276307
0.692188
0.748011
0.703103
0.408469
0.448517
0.469652
0.980021
0.497917
0.510724
0.613814
0.645163
0.290709
0.349678
0.508941
0.605942
0.424464
0.838669
0.385855
0.720244
0.458446
0.647258
0.628447
0.478022
0.524529
0.622865
0.566517
0.783574
0.419761
0.389394
0.692607
0.464210
0.476383
0.429886
0.557215
0.690272
0.412931
0.483844
0.634982
0.531348
0.784703
0.644238
1.083025
0.355161
1.246259
0.316760
0.743509
0.429152
0.315129
0.382300
0.565127
0.530541
0.508564
0.307762
0.535043
0.392347
0.588788
0.611900
0.627018
0.484302
0.656392
0.397162
0.462440
0.268050
0.541202
0.513285
0.213949
1.066487
0.902265
0.462960
0.291988
0.567032
0.343112
0.660442
0.490473
0.449842
0.312726
0.582984
0.659375
0.518791
0.544694
0.717685
0.542110
0.761077
0.775307
0.681163
0.642751
0.825168
0.379530
0.278590
1.065470
0.373598
0.649534
0.449270
0.356500
0.591396
0.409884
0.637720
0.564766
0.258606
1.274815
0.337027
0.163153
0.413776
0.628641
0.804060
0.908821
0.333556
0.287087
0.412547
0.678269
0.317469
0.481535
1.061438
0.486605
0.680271
0.878172
0.385995
0.533065
0.820544
0.488114
0.570527
1.366896
0.579881
1.879528
1.194062
1.720932
1.429462
0.375167
0.898986
0.821503
0.759371
1.759378
0.907071
0.778777
0.913757
0.848440
0.831423
1.204379
1.546968
1.104138
1.405853
0.564751
1.296409
0.959364
1.261807
0.687675
1.025925
1.429767
0.951336
1.242956
1.067151
1.030591
0.803303
1.052989
0.687144
0.907557
0.689954
0.608643
1.042916
0.891722
1.596779
0.986691
0.564512
0.705332
0.817622
0.583865
0.928009
0.693463
0.737605
0.719214
0.664094
0.736456
0.711227
0.729078
0.912349
0.834822
0.756047
0.791115
0.874466
0.643174
0.819126
0.660178
0.813354
0.544141
0.603850
0.678967
0.530273
0.476397
0.595754
0.642844
0.628754
0.585947
0.624777
0.580317
0.664152
0.846237
0.674267
0.609547
0.539697
0.580155
0.675518
0.576302
0.624331
0.615508
0.654571
0.652403
0.700473
0.663330
0.511994
0.668239
0.599407
0.639962
0.594747
0.565385
0.579122
0.654195
0.611740
0.595578
0.573906
0.662195
0.676619
0.743937
0.714771
0.607183
0.698240
0.531007
0.470297
0.394981
0.503955
0.592593
0.616850
0.608640
0.414159
0.371503
0.449348
0.507531
0.454308
0.725698
0.569870
0.554900
0.688944
0.591427
0.494773
0.472604
0.477641
0.421388
0.787975
0.573171
0.592761
0.428583
0.624393
0.738532
0.514853
0.459874
0.512713
0.623870
0.592952
0.650826
0.558225
0.530901
0.712345
0.399513
0.564333
0.649445
0.552099
0.555393
0.750252
0.643546
0.540321
0.399806
0.611150
0.469222
0.528102
0.269051
0.916604
0.258253
0.541379
0.236861
0.552744
0.361515
0.583480
0.685614
4.191182
0.740719
0.254714
0.356576
0.517905
0.546788
0.500690
1.336558
0.804863
0.223858
0.646223
1.268270
0.254909
0.197308
0.471025
0.274255
0.288479
0.789840
0.636177
0.915799
2.026403
0.379543
0.477618
0.330009
0.231320
0.607243
0.577003
0.499677
0.485550
0.574289
0.516718
0.362989
0.464937
0.513970
0.208397
0.696262
0.366327
0.477978
0.700149
0.611793
0.510677
0.379308
1.107577
0.591387
0.443138
1.498680
1.116742
0.815614
0.548622
0.495161
0.614083
0.392271
0.634309
0.203153
0.867106
0.431423
0.929480
0.813388
0.924317
0.415852
0.503970
0.315643
0.423836
0.315203
0.451290
0.276281
0.692335
0.747677
0.703928
0.409086
0.448604
0.469788
0.980051
0.497230
0.510147
0.613539
0.645437
0.290389
0.349602
0.508797
0.606029
0.424144
0.839145
0.385689
0.720037
0.458802
0.647102
0.628006
0.478227
0.523884
0.622479
0.566634
0.783866
0.419526
0.389270
0.692590
0.464484
0.475820
0.429518
0.556804
0.690477
0.412931
0.484338
0.635361
0.531098
0.785504
0.643677
1.083716
0.354965
1.246379
0.316848
0.743680
0.428647
0.314655
0.382080
0.565004
0.531483
0.508481
0.307579
0.535108
0.392578
0.588171
0.611104
0.627093
0.484033
0.656591
0.397191
0.461692
0.268294
0.541059
0.513064
0.213954
1.066847
0.902424
0.462784
0.291884
0.567528
0.342781
0.660512
0.489883
0.449646
0.312664
0.583050
0.659679
0.518209
0.544107
0.718294
0.542287
0.761158
0.774380
0.681125
0.642628
0.825090
0.379099
0.278229
1.065782
0.373436
0.650238
0.448758
0.356253
0.591845
0.409980
0.637970
0.564608
0.258565
1.275192
0.337032
0.162966
0.413869
0.628707
0.804590
0.909127
0.333466
0.286894
0.412809
0.678568
0.317267
0.481430
1.062234
0.486647
0.680764
0.879015
0.385974
0.533499
0.820889
0.488287
0.570844
1.367579
0.580528
1.880741
1.194494
1.722175
1.430025
0.375284
0.899409
0.821794
0.759802
1.760266
0.907451
0.779054
0.913634
0.848620
0.831735
1.204767
1.547370
1.104392
1.405937
0.564873
1.296450
0.960057
1.263277
0.688883
1.026287
1.431134
0.951220
1.244039
1.068144
1.030318
0.803122
1.052718
0.687104
0.907371
0.689786
0.608520
1.042104
0.891189
1.595826
0.986320
0.564352
0.705286
0.817746
0.583829
0.927797
0.693174
0.737447
0.719099
0.664196
0.736296
0.711077
0.728803
0.912113
0.834374
0.755918
0.790976
0.874267
0.643073
0.818971
0.660186
0.813237
0.544064
0.603613
0.678740
0.530371
0.476336
0.595581
0.642720
0.628458
0.585914
0.624835
0.580204
0.664304
0.846481
0.674340
0.609539
0.539686
0.580018
0.675348
0.576131
0.624308
0.615388
0.654488
0.652129
0.699952
0.663368
0.511929
0.668115
0.598997
0.639696
0.594390
0.564991
0.578838
0.653794
0.611523
0.595289
0.573814
0.662262
0.676749
0.743974
0.714286
0.606633
0.697684
0.530602
0.469755
0.394693
0.503592
0.592518
0.616747
0.608707
0.414022
0.371007
0.448942
0.507366
0.454155
0.725467
0.569341
0.554369
0.688455
0.590811
0.494793
0.472828
0.477589
0.420983
0.787983
0.573424
0.592765
0.428564
0.624055
0.739061
0.514838
0.459940
0.512540
0.623869
0.592903
0.650254
0.558453
0.531042
0.712371
0.399434
0.563986
0.649215
0.551977
0.555132
0.750469
0.643487
0.540550
0.399711
0.611065
0.469469
0.528750
0.268685
0.916030
0.258117
0.540718
0.236626
0.552078
0.361820
0.583516
0.684863
4.193617
0.740074
0.254916
0.356583
0.517233
0.546239
0.500693
1.337338
0.804349
0.223702
0.646032
1.268565
0.254612
0.197145
0.470840
0.274146
0.288239
0.789312
0.636463
0.916155
2.027852
0.379875
0.477161
0.329563
0.231143
0.606647
0.576421
0.500195
0.485098
0.574066
0.516612
0.363027
0.464356
0.513591
0.208584
0.696098
0.366214
0.477453
0.699371
0.611763
0.510151
0.378901
1.108487
0.591375
0.443714
1.499162
1.117512
0.815427
0.548413
0.495291
0.614163
0.392394
0.634495
0.203061
0.867057
0.431530
0.929822
0.813026
0.924341
0.415919
0.503971
0.315603
0.423782
0.315220
0.451245
0.276268
0.692388
0.747547
0.704243
0.409301
0.448633
0.469824
0.980067
0.497084
0.510014
0.613482
0.645496
0.290316
0.349584
0.508764
0.606047
0.424068
0.839256
0.385643
0.719992
0.458890
0.647068
0.627903
0.478275
0.523725
0.622379
0.566667
0.783948
0.419470
0.389239
0.692584
0.464552
0.475675
0.429432
0.556692
0.690534
0.412930
0.484466
0.635449
0.531050
0.785673
0.643584
1.083855
0.354929
1.246422
0.316865
0.743732
0.428496
0.314573
0.382045
0.564987
0.531640
0.508463
0.307547
0.535117
0.392616
0.588067
0.610974
0.627104
0.483989
0.656628
0.397194
0.461562
0.268331
0.541033
0.513023
0.213955
1.066913
0.902453
0.462750
0.291865
0.567617
0.342718
0.660526
0.489775
0.449606
0.312656
0.583062
0.659736
0.518095
0.543996
0.718410
0.542322
0.761175
0.774201
0.681116
0.642606
0.825075
0.379013
0.278155
1.065843
0.373405
0.650382
0.448651
0.356207
0.591937
0.410001
0.638024
0.564577
0.258558
1.275268
0.337032
0.162926
0.413883
0.628722
0.804701
0.909188
0.333444
0.286855
0.412864
0.678631
0.317224
0.481407
1.062402
0.486657
0.680869
0.879198
0.385966
0.533594
0.820960
0.488326
0.570911
1.367714
0.580662
1.880965
1.194390
1.722394
1.430017
0.375302
0.899458
0.821787
0.759545
1.759009
0.906575
0.778312
0.913965
0.848026
0.830605
1.202678
1.543004
1.100372
1.402054
0.566436
1.292154
0.956686
1.259394
0.684600
1.024875
1.425500
0.951754
1.238935
1.063145
1.031800
0.804070
1.054257
0.687338
0.908533
0.690819
0.609275
1.047328
0.894687
1.601960
0.988631
0.565249
0.705664
0.817029
0.584082
0.929036
0.694905
0.738372
0.719778
0.663539
0.737104
0.711753
0.730312
0.913299
0.836668
0.756544
0.791609
0.875176
0.643552
0.819664
0.660114
0.813718
0.544398
0.604629
0.679673
0.529907
0.476592
0.596200
0.643162
0.629610
0.585993
0.624565
0.580591
0.663661
0.845441
0.674104
0.609651
0.539733
0.580500
0.675931
0.576730
0.624448
0.615870
0.654812
0.653096
0.701703
0.663316
0.512177
0.668578
0.600193
0.640497
0.595432
0.566088
0.579619
0.654844
0.612071
0.595984
0.574002
0.662089
0.676440
0.743898
0.715369
0.607765
0.698767
0.531376
0.470739
0.395201
0.504190
0.592633
0.616895
0.608609
0.414203
0.371659
0.449458
0.507564
0.454333
0.725710
0.569891
0.554886
0.688901
0.591322
0.494771
0.472659
0.477624
0.421238
0.787976
0.573281
0.592763
0.428570
0.624215
0.738821
0.514842
0.459910
0.512608
0.623865
0.592920
0.650461
0.558365
0.530993
0.712358
0.399457
0.564090
0.649279
0.552010
0.555197
0.750418
0.643497
0.540499
0.399727
0.611077
0.469421
0.528626
0.268756
0.916137
0.258141
0.540825
0.236657
0.552147
0.361793
0.583510
0.684895
4.193635
0.740102
0.254906
0.356578
0.517257
0.546252
0.500689
1.337353
0.804348
0.223692
0.646023
1.268578
0.254597
0.197128
0.470823
0.274134
0.288209
0.789241
0.636508
0.916219
2.028111
0.379920
0.477113
0.329519
0.231124
0.606584
0.576349
0.500266
0.485037
0.574034
0.516598
0.363035
0.464236
0.513510
0.208622
0.696055
0.366186
0.477302
0.699136
0.611761
0.509966
0.378742
1.108897
0.591374
0.443984
1.499494
1.118243
0.815064
0.548089
0.495460
0.614285
0.392560
0.634751
0.202942
0.867008
0.431673
0.930294
0.812556
0.924391
0.416003
0.503967
0.315560
0.423719
0.315241
0.451183
0.276249
0.692467
0.747379
0.704670
0.409621
0.448678
0.469894
0.980064
0.496646
0.509634
0.613315
0.645660
0.290111
0.349532
0.508657
0.606098
0.423845
0.839560
0.385526
0.719857
0.459131
0.646970
0.627612
0.478413
0.523288
0.622112
0.566755
0.784146
0.419308
0.389151
0.692567
0.464734
0.475276
0.429183
0.556386
0.690684
0.412926
0.484817
0.635685
0.530921
0.786111
0.643326
1.084180
0.354840
1.246484
0.316904
0.743806
0.428238
0.314351
0.381947
0.564935
0.532067
0.508417
0.307463
0.535143
0.392721
0.587779
0.610615
0.627136
0.483865
0.656729
0.397204
0.461208
0.268447
0.540969
0.512911
0.213953
1.067086
0.902530
0.462664
0.291811
0.567855
0.342554
0.660558
0.489483
0.449502
0.312633
0.583091
0.659885
0.517792
0.543700
0.718721
0.542413
0.761216
0.773725
0.681098
0.642545
0.825032
0.378779
0.277958
1.066005
0.373324
0.650763
0.448366
0.356086
0.592178
0.410057
0.638157
0.564494
0.258539
1.275464
0.337033
0.162826
0.413932
0.628755
0.804984
0.909348
0.333388
0.286754
0.413005
0.678791
0.317118
0.481353
1.062818
0.486682
0.681124
0.879619
0.385955
0.533797
0.821122
0.488406
0.571042
1.368010
0.580917
1.881449
1.194784
1.722806
1.430275
0.375327
0.899559
0.821884
0.759909
1.760486
0.907586
0.779184
0.913587
0.848670
0.831784
1.204753
1.547073
1.103587
1.405219
0.565091
1.295630
0.959439
1.262573
0.688168
1.025878
1.429437
0.951384
1.242372
1.066485
1.030811
0.803451
1.053271
0.687190
0.907791
0.690172
0.608800
1.044072
0.892517
1.598162
0.987188
0.564678
0.705413
0.817465
0.583915
0.928246
0.693820
0.737781
0.719344
0.663943
0.736594
0.711330
0.729340
0.912531
0.835193
0.756134
0.791200
0.874572
0.643231
0.819190
0.660150
0.813386
0.544169
0.603945
0.679039
0.530213
0.476413
0.595772
0.642853
0.628813
0.585929
0.624744
0.580314
0.664096
0.846146
0.674257
0.609566
0.539700
0.580177
0.675515
0.576302
0.624336
0.615522
0.654572
0.652402
0.700437
0.663341
0.511989
0.668227
0.599299
0.639887
0.594642
0.565246
0.579007
0.654023
0.611627
0.595417
0.573845
0.662201
0.676654
0.743950
0.714491
0.606784
0.697812
0.530673
0.469834
0.394717
0.503609
0.592510
0.616733
0.608684
0.414005
0.370980
0.448875
0.507331
0.454115
0.725406
0.569185
0.554197
0.688278
0.590575
0.494801
0.472926
0.477559
0.420778
0.787986
0.573560
0.592761
0.428547
0.623869
0.739383
0.514827
0.459974
0.512424
0.623861
0.592867
0.649872
0.558584
0.531134
0.712387
0.399369
0.563750
0.649055
0.551888
0.554940
0.750613
0.643445
0.540713
0.399645
0.610997
0.469649
0.529228
0.268401
0.915597
0.258014
0.540209
0.236440
0.551540
0.362053
0.583544
0.684242
4.195621
0.739547
0.255078
0.356578
0.516698
0.545782
0.500689
1.337973
0.803916
0.223560
0.645855
1.268781
0.254365
0.196998
0.470674
0.274049
0.288009
0.788807
0.636718
0.916464
2.029074
0.379925
0.477106
0.329513
0.231121
0.606580
0.576346
0.500264
0.485036
0.574033
0.516593
0.363034
0.464237
0.513510
0.208617
0.696057
0.366188
0.477314
0.699151
0.611766
0.509978
0.378751
1.108867
0.591372
0.443964
1.499477
1.118207
0.815078
0.548098
0.495449
0.614279
0.392550
0.634738
0.202945
0.867007
0.431664
0.930275
0.812569
0.924385
0.415993
0.503964
0.315562
0.423720
0.315238
0.451184
0.276247
0.692463
0.747380
0.704651
0.409610
0.448675
0.469887
0.980059
0.496650
0.509635
0.613315
0.645652
0.290117
0.349527
0.508655
0.606091
0.423842
0.839539
0.385529
0.719853
0.459130
0.646966
0.627620
0.478409
0.523301
0.622118
0.566749
0.784128
0.419305
0.389150
0.692560
0.464719
0.475302
0.429192
0.556395
0.690670
0.412922
0.484786
0.635650
0.530951
0.786056
0.643380
1.084152
0.354842
1.246475
0.316902
0.743805
0.428241
0.314355
0.381945
0.564934
0.532043
0.508416
0.307468
0.535138
0.392715
0.587796
0.610624
0.627136
0.483871
0.656729
0.397204
0.461219
0.268439
0.540970
0.512909
0.213951
1.067074
0.902523
0.462666
0.291809
0.567839
0.342555
0.660554
0.489491
0.449498
0.312632
0.583088
0.659875
0.517791
0.543710
0.718707
0.542409
0.761213
0.773741
0.681099
0.642544
0.825030
0.378785
0.277964
1.065997
0.373328
0.650746
0.448376
0.356088
0.592164
0.410052
0.638147
0.564497
0.258537
1.275453
0.337031
0.162829
0.413927
0.628752
0.804970
0.909334
0.333386
0.286757
0.412996
0.678779
0.317124
0.481352
1.062793
0.486678
0.681106
0.879598
0.385954
0.533786
0.821113
0.488402
0.571032
1.367997
0.580905
1.881439
1.194722
1.722802
1.430279
0.375327
0.899562
0.821885
0.759916
1.760519
0.907595
0.779195
0.913578
0.848686
0.831828
1.204833
1.547403
1.104371
1.406013
0.564745
1.296551
0.960174
1.263459
0.688992
1.026294
1.431132
0.951218
1.243888
1.067988
1.030388
0.803177
1.052808
0.687120
0.907459
0.689866
0.608588
1.042538
0.891495
1.596379
0.986516
0.564421
0.705305
0.817683
0.583845
0.927892
0.693313
0.737512
0.719140
0.664122
0.736423
0.711145
0.728901
0.912197
0.834527
0.755962
0.791025
0.874314
0.643101
0.819001
0.660196
0.813254
0.544076
0.603650
0.678772
0.530362
0.476344
0.595603
0.642735
0.628475
0.585922
0.624843
0.580216
0.664330
0.846531
0.674324
0.609507
0.539673
0.580013
0.675352
0.576133
0.624297
0.615389
0.654477
0.652110
0.699918
0.663358
0.511920
0.668095
0.598944
0.639656
0.594330
0.564930
0.578782
0.653716
0.611473
0.595225
0.573800
0.662295
0.676807
0.743978
0.714075
0.606442
0.697488
0.530442
0.469540
0.394557
0.503428
0.592478
0.616691
0.608731
0.413948
0.370749
0.448715
0.507264
0.454053
0.725321
0.569017
0.554036
0.688132
0.590415
0.494804
0.472966
0.477538
0.420697
0.787976
0.573591
0.592744
0.428534
0.623835
0.739445
0.514820
0.459978
0.512397
0.623855
0.592855
0.649797
0.558608
0.531147
0.712387
0.399359
0.563713
0.649030
0.551874
0.554913
0.750627
0.643430
0.540728
0.399634
0.610989
0.469664
0.529272
0.268373
0.915568
0.258003
0.540162
0.236423
0.551501
0.362061
0.583543
0.684211
4.195631
0.739520
0.255084
0.356576
0.516675
0.545767
0.500680
1.337932
0.803995
0.223550
0.645851
1.268809
0.254347
0.196983
0.470668
0.274045
0.288005
0.788805
0.636721
0.916479
2.029180
0.380167
0.476807
0.329227
0.230998
0.606196
0.575968
0.500588
0.484751
0.573895
0.516527
0.363060
0.463883
0.513283
0.208720
0.695959
0.366124
0.477015
0.698726
0.611752
0.509709
0.378543
1.109308
0.591365
0.444240
1.499730
1.118696
0.814888
0.547916
0.495544
0.614344
0.392648
0.634888
0.202873
0.866971
0.431752
0.930561
0.812280
0.924401
0.416045
0.503955
0.315521
0.423670
0.315249
0.451138
0.276232
0.692510
0.747257
0.704952
0.409834
0.448704
0.469921
0.980047
0.496368
0.509388
0.613203
0.645743
0.289982
0.349496
0.508580
0.606118
0.423713
0.839686
0.385458
0.719771
0.459241
0.646928
0.627465
0.478475
0.523070
0.621979
0.566794
0.784220
0.419227
0.389103
0.692551
0.464802
0.475104
0.429084
0.556266
0.690728
0.412920
0.484918
0.635751
0.530870
0.786221
0.643239
1.084219
0.354825
1.246448
0.316904
0.743787
0.428198
0.314277
0.381906
0.564907
0.532193
0.508383
0.307433
0.535137
0.392744
0.587684
0.610484
0.627146
0.483828
0.656769
0.397210
0.461098
0.268479
0.540949
0.512868
0.213946
1.067112
0.902536
0.462639
0.291792
0.567896
0.342506
0.660554
0.489414
0.449464
0.312625
0.583087
0.659896
0.517714
0.543636
0.718768
0.542424
0.761215
0.773635
0.681092
0.642524
0.825009
0.378737
0.277931
1.066012
0.373312
0.650793
0.448329
0.356071
0.592188
0.410056
0.638153
0.564479
0.258533
1.275458
0.337026
0.162818
0.413921
0.628742
0.804978
0.909327
0.333387
0.286762
0.412992
0.678771
0.317127
0.481358
1.062768
0.486676
0.681086
0.879547
0.385953
0.533758
0.821097
0.488390
0.571015
1.367969
0.580885
1.881409
1.194497
1.722806
1.430264
0.375322
0.899589
0.821910
0.759966
1.760646
0.907674
0.779279
0.913530
0.848759
0.831982
1.205052
1.547714
1.104651
1.406311
0.564600
1.296925
0.960504
1.263847
0.689364
1.026376
1.431098
0.951284
1.243170
1.067297
1.030551
0.803290
1.053001
0.687132
0.907571
0.689967
0.608651
1.043063
0.891841
1.596982
0.986741
0.564508
0.705332
0.817604
0.583863
0.928012
0.693485
0.737604
0.719213
0.664070
0.736439
0.711198
0.729045
0.912300
0.834765
0.756015
0.791079
0.874392
0.643135
0.819051
0.660154
0.813281
0.544099
0.603768
0.678867
0.530281
0.476358
0.595661
0.642775
0.628610
0.585904
0.624776
0.580249
0.664184
0.846294
0.674258
0.609538
0.539684
0.580098
0.675413
0.576198
0.624302
0.615447
0.654517
0.652240
0.700151
0.663334
0.511952
0.668160
0.599118
0.639773
0.594477
0.565099
0.578904
0.653882
0.611558
0.595337
0.573826
0.662245
0.676732
0.743944
0.714308
0.606665
0.697708
0.530605
0.469753
0.394672
0.503569
0.592505
0.616731
0.608702
0.413997
0.370935
0.448869
0.507328
0.454108
0.725415
0.569213
0.554234
0.688312
0.590639
0.494799
0.472879
0.477555
0.420842
0.787977
0.573510
0.592752
0.428542
0.623934
0.739255
0.514826
0.459954
0.512457
0.623855
0.592869
0.650003
0.558528
0.531096
0.712371
0.399386
0.563831
0.649100
0.551917
0.555003
0.750544
0.643451
0.540646
0.399661
0.611012
0.469573
0.529032
0.268508
0.915759
0.258043
0.540394
0.236494
0.551743
0.361957
0.583531
0.684472
4.194695
0.739742
0.254991
0.356578
0.517386
0.545952
0.500683
1.337703
0.804068
0.223603
0.645911
1.268687
0.254450
0.197038
0.470731
0.274085
0.288103
0.788987
0.636601
0.916299
2.028337
0.379576
0.477512
0.329909
0.231275
0.607110
0.576864
0.499776
0.485430
0.574229
0.516681
0.362990
0.464769
0.513856
0.208442
0.696198
0.366285
0.477788
0.699859
0.611779
0.510460
0.379118
1.108009
0.591371
0.443422
1.498942
1.117237
0.815419
0.548440
0.495245
0.614136
0.392347
0.634445
0.203078
0.867060
0.431496
0.929722
0.813116
0.924314
0.415891
0.503957
0.315601
0.423783
0.315200
0.451255
0.276262
0.692364
0.747584
0.704125
0.409217
0.448615
0.469803
0.980037
0.497097
0.510016
0.613474
0.645473
0.290311
0.349575
0.508745
0.606037
0.424048
0.839232
0.385632
0.719980
0.458900
0.647056
0.627893
0.478274
0.523700
0.622361
0.566664
0.783939
0.419441
0.389225
0.692569
0.464555
0.475640
0.429396
0.556644
0.690542
0.412922
0.484502
0.635472
0.531018
0.785709
0.643531
1.083766
0.355064
1.246341
0.316795
0.743579
0.428917
0.314920
0.382187
0.565060
0.530942
0.508517
0.307672
0.535057
0.392431
0.588521
0.611542
0.627040
0.484172
0.656469
0.397162
0.462077
0.268157
0.541117
0.513169
0.213936
1.066647
0.902326
0.462863
0.291923
0.567270
0.342933
0.660463
0.490155
0.449724
0.312681
0.583012
0.659534
0.518445
0.544339
0.718047
0.542207
0.761116
0.774734
0.681135
0.642658
0.825104
0.379237
0.278341
1.065664
0.373473
0.650014
0.448906
0.356310
0.591704
0.409944
0.637875
0.564641
0.258561
1.275061
0.337022
0.163013
0.413825
0.628673
0.804429
0.909022
0.333490
0.286946
0.412719
0.678452
0.317322
0.481452
1.061939
0.486619
0.680534
0.878586
0.385977
0.533245
0.820672
0.488165
0.570631
1.367095
0.580044
1.879761
1.194022
1.720956
1.429304
0.375125
0.898835
0.821349
0.759086
1.758655
0.906604
0.778322
0.913977
0.848000
0.830574
1.203148
1.545215
1.102542
1.404163
0.565552
1.294407
0.958428
1.261422
0.687194
1.025707
1.428824
0.951430
1.241759
1.065881
1.030986
0.803563
1.053457
0.687209
0.907939
0.690304
0.608894
1.044776
0.892991
1.599007
0.987510
0.564796
0.705462
0.817369
0.583950
0.928416
0.694052
0.737909
0.719424
0.663857
0.736694
0.711406
0.729532
0.912688
0.835490
0.756217
0.791283
0.874689
0.643297
0.819277
0.660153
0.813439
0.544209
0.604071
0.679151
0.530156
0.476436
0.595852
0.642912
0.628942
0.585940
0.624717
0.580366
0.664041
0.846078
0.674214
0.609562
0.539691
0.580201
0.675583
0.576364
0.624352
0.615582
0.654607
0.652503
0.700618
0.663323
0.512015
0.668282
0.599416
0.639975
0.594733
0.565361
0.579089
0.654117
0.611679
0.595486
0.573862
0.662217
0.676676
0.743938
0.714497
0.606863
0.697887
0.530725
0.469894
0.394735
0.503637
0.592514
0.616744
0.608697
0.414007
0.370960
0.448877
0.507329
0.454104
0.725406
0.569176
0.554185
0.688250
0.590548
0.494799
0.472921
0.477540
0.420747
0.787974
0.573574
0.592751
0.428536
0.623839
0.739423
0.514822
0.459973
0.512396
0.623841
0.592844
0.649809
0.558603
0.531145
0.712377
0.399356
0.563706
0.649021
0.551869
0.554900
0.750626
0.643425
0.540736
0.399623
0.610978
0.469674
0.529297
0.268355
0.915520
0.257987
0.540115
0.236391
0.551446
0.362091
0.583548
0.684120
4.196012
0.739441
0.255100
0.356572
0.516594
0.545697
0.500685
1.338101
0.803821
0.223530
0.645819
1.268841
0.254297
0.196955
0.470641
0.274020
0.287966
0.788695
0.636774
0.916547
2.029464
0.380219
0.476738
0.329161
0.230967
0.606109
0.575876
0.500656
0.484676
0.573859
0.516505
0.363062
0.463767
0.513204
0.208750
0.695920
0.366095
0.476897
0.698547
0.611749
0.509582
0.378421
1.109566
0.591357
0.444410
1.499891
1.118993
0.814776
0.547807
0.495600
0.614383
0.392696
0.634978
0.202823
0.866942
0.431800
0.930732
0.812091
0.924414
0.416076
0.503947
0.315500
0.423632
0.315245
0.451108
0.276221
0.692538
0.747201
0.705091
0.409924
0.448716
0.469941
0.980065
0.496261
0.509298
0.613167
0.645783
0.289933
0.349479
0.508556
0.606126
0.423657
0.839773
0.385423
0.719748
0.459328
0.646886
0.627381
0.478517
0.522946
0.621908
0.566814
0.784280
0.419181
0.389083
0.692546
0.464849
0.474989
0.429014
0.556179
0.690772
0.412915
0.485022
0.635826
0.530833
0.786376
0.643158
1.084376
0.354780
1.246518
0.316918
0.743837
0.428064
0.314201
0.381870
0.564894
0.532319
0.508368
0.307410
0.535144
0.392773
0.587603
0.610380
0.627151
0.483788
0.656795
0.397208
0.460990
0.268509
0.540928
0.512835
0.213940
1.067169
0.902562
0.462603
0.291771
0.567969
0.342452
0.660567
0.489316
0.449432
0.312616
0.583096
0.659946
0.517613
0.543537
0.718875
0.542454
0.761231
0.773472
0.681082
0.642500
0.824997
0.378657
0.277859
1.066073
0.373282
0.650927
0.448229
0.356030
0.592279
0.410077
0.638201
0.564445
0.258521
1.275542
0.337024
0.162776
0.413938
0.628761
0.805101
0.909411
0.333356
0.286703
0.413065
0.678852
0.317058
0.481314
1.062999
0.486691
0.681226
0.879809
0.385941
0.533897
0.821204
0.488447
0.571121
1.368186
0.581088
1.881794
1.194591
1.723185
1.430438
0.375353
0.899704
0.821984
0.760077
1.760875
0.907776
0.779358
0.913501
0.848803
0.832050
1.205124
1.547784
1.104673
1.406319
0.564612
1.296891
0.960444
1.263767
0.689254
1.026364
1.431462
0.951185
1.244159
1.068265
1.030307
0.803125
1.052719
0.687106
0.907394
0.689812
0.608539
1.042264
0.891319
1.596071
0.986399
0.564369
0.705282
0.817720
0.583829
0.927828
0.693224
0.737474
0.719103
0.664191
0.736315
0.711096
0.728801
0.912127
0.834389
0.755921
0.790987
0.874246
0.643078
0.818950
0.660197
0.813205
0.544054
0.603586
0.678706
0.530383
0.476317
0.595562
0.642705
0.628395
0.585904
0.624857
0.580187
0.664356
0.846588
0.674301
0.609483
0.539621
0.580045
0.675308
0.576075
0.624284
0.615357
0.654451
0.652045
0.699789
0.663353
0.511901
0.668061
0.598853
0.639597
0.594242
0.564844
0.578721
0.653626
0.611422
0.595166
0.573780
0.662308
0.676834
0.743980
0.713976
0.606338
0.697386
0.530368
0.469441
0.394501
0.503365
0.592459
0.616672
0.608741
0.413927
0.370666
0.448647
0.507243
0.454025
0.725299
0.568938
0.553963
0.688062
0.590333
0.494808
0.472986
0.477526
0.420645
0.787975
0.573628
0.592748
0.428531
0.623781
0.739510
0.514819
0.459979
0.512375
0.623843
0.592837
0.649739
0.558629
0.531158
0.712382
0.399348
0.563676
0.649001
0.551860
0.554885
0.750636
0.643422
0.540745
0.399620
0.610973
0.469679
0.529316
0.268341
0.915501
0.257984
0.540102
0.236391
0.551450
0.362083
0.583547
0.684146
4.195867
0.739464
0.255089
0.356569
0.516620
0.545721
0.500686
1.338045
0.803855
0.223538
0.645836
1.268817
0.254319
0.196965
0.470660
0.274030
0.287993
0.788761
0.636734
0.916497
2.029258
0.380179
0.476781
0.329204
0.230986
0.606155
0.575935
0.500597
0.484726
0.573883
0.516519
0.363055
0.463848
0.513260
0.208722
0.695946
0.366114
0.476991
0.698697
0.611753
0.509697
0.378517
1.109328
0.591358
0.444252
1.499740
1.118720
0.814870
0.547900
0.495544
0.614343
0.392644
0.634902
0.202857
0.866953
0.431759
0.930600
0.812215
0.924399
0.416054
0.503944
0.315508
0.423645
0.315240
0.451122
0.276225
0.692513
0.747243
0.704971
0.409849
0.448705
0.469927
0.980063
0.496333
0.509360
0.613194
0.645752
0.289972
0.349486
0.508575
0.606114
0.423699
0.839710
0.385444
0.719773
0.459278
0.646906
0.627440
0.478485
0.523039
0.621960
0.566794
0.784233
0.419217
0.389102
0.692549
0.464803
0.475088
0.429076
0.556259
0.690730
0.412916
0.484922
0.635756
0.530867
0.786250
0.643228
1.084283
0.354804
1.246500
0.316908
0.743816
0.428132
0.314256
0.381899
0.564909
0.532200
0.508381
0.307431
0.535136
0.392744
0.587678
0.610478
0.627141
0.483821
0.656764
0.397199
0.461091
0.268471
0.540945
0.512871
0.213942
1.067115
0.902537
0.462627
0.291787
0.567896
0.342502
0.660557
0.489401
0.449465
0.312620
0.583085
0.659892
0.517711
0.543635
0.718769
0.542421
0.761217
0.773632
0.681089
0.642522
0.825015
0.378739
0.277928
1.066007
0.373310
0.650787
0.448331
0.356074
0.592185
0.410056
0.638151
0.564481
0.258526
1.275470
0.337022
0.162813
0.413916
0.628748
0.804996
0.909352
0.333379
0.286739
0.413014
0.678794
0.317094
0.481332
1.062853
0.486679
0.681138
0.879666
0.385945
0.533832
0.821156
0.488424
0.571084
1.368110
0.581030
1.881696
1.194391
1.723149
1.430418
0.375358
0.899736
0.822013
0.760140
1.761047
0.907889
0.779475
0.913440
0.848915
0.832276
1.205458
1.548256
1.105104
1.406792
0.564388
1.297503
0.960975
1.264420
0.689862
1.026567
1.432299
0.951102
1.244975
1.069100
1.030048
0.802964
1.052443
0.687054
0.907177
0.689614
0.608402
1.041281
0.890639
1.594877
0.985955
0.564200
0.705212
0.817864
0.583782
0.927593
0.692894
0.737303
0.718977
0.664320
0.736168
0.710978
0.728526
0.911913
0.833969
0.755813
0.790875
0.874088
0.643001
0.818833
0.660215
0.813131
0.543998
0.603416
0.678554
0.530462
0.476277
0.595468
0.642638
0.628214
0.585897
0.624903
0.580131
0.664464
0.846766
0.674342
0.609472
0.539656
0.579899
0.675223
0.575993
0.624260
0.615282
0.654403
0.651911
0.699550
0.663355
0.511867
0.667997
0.598706
0.639497
0.594109
0.564719
0.578636
0.653517
0.611364
0.595101
0.573767
0.662318
0.676855
0.743981
0.713901
0.606272
0.697338
0.530339
0.469415
0.394494
0.503366
0.592455
0.616675
0.608730
0.413936
0.370715
0.448692
0.507258
0.454046
0.725322
0.569033
0.554069
0.688158
0.590483
0.494790
0.472913
0.477527
0.420805
0.787968
0.573541
0.592741
0.428534
0.623893
0.739299
0.514823
0.459955
0.512431
0.623837
0.592854
0.649953
0.558541
0.531096
0.712365
0.399378
0.563809
0.649085
0.551905
0.554990
0.750534
0.643434
0.540614
0.399661
0.611024
0.469558
0.529018
0.268515
0.915741
0.258039
0.540380
0.236490
0.551752
0.361947
0.583522
0.684499
4.194624
0.739758
0.254994
0.356564
0.516919
0.545981
0.500668
1.337524
0.804407
0.223616
0.645928
1.268610
0.254601
0.197047
0.470748
0.274083
0.288118
0.789038
0.636585
0.916309
2.028502
0.380015
0.476970
0.329382
0.231057
0.606399
0.576177
0.500373
0.484911
0.573976
0.516560
0.363035
0.464106
0.513430
0.208634
0.696018
0.366169
0.477217
0.699074
0.611761
0.509954
0.378733
1.108837
0.591361
0.443938
1.499434
1.118161
0.815068
0.548095
0.495433
0.614265
0.392534
0.634739
0.202932
0.866988
0.431666
0.930299
0.812510
0.924370
0.415999
0.503941
0.315536
0.423683
0.315226
0.451157
0.276236
0.692464
0.747347
0.704698
0.409650
0.448676
0.469888
0.980057
0.496544
0.509544
0.613275
0.645662
0.290071
0.349511
0.508619
0.606087
0.423808
0.839562
0.385502
0.719833
0.459150
0.646960
0.627584
0.478412
0.523251
0.622087
0.566746
0.784130
0.419294
0.389143
0.692556
0.464710
0.475287
0.429198
0.556410
0.690654
0.412917
0.484743
0.635636
0.530930
0.786025
0.643355
1.084115
0.354847
1.246463
0.316887
0.743773
0.428259
0.314363
0.381942
0.564933
0.531979
0.508397
0.307471
0.535119
0.392689
0.587816
0.610656
0.627120
0.483883
0.656712
0.397189
0.461266
0.268412
0.540975
0.512926
0.213937
1.067025
0.902495
0.462668
0.291811
0.567775
0.342583
0.660539
0.489546
0.449517
0.312632
0.583069
0.659815
0.517862
0.543783
0.718606
0.542370
0.761193
0.773872
0.681097
0.642551
0.825029
0.378857
0.278027
1.065918
0.373350
0.650586
0.448475
0.356133
0.592053
0.410023
0.638060
0.564508
0.258533
1.275253
0.337021
0.162948
0.413843
0.628698
0.804598
0.909127
0.333453
0.286878
0.412810
0.678560
0.317242
0.481410
1.062231
0.486637
0.680749
0.879008
0.385959
0.533497
0.820884
0.488278
0.570841
1.367577
0.580533
1.880750
1.193990
1.722174
1.429936
0.375265
0.899390
0.821770
0.759773
1.760269
0.907495
0.779145
0.913581
0.848678
0.831858
1.204927
1.547604
1.104596
1.406315
0.564579
1.297028
0.960616
1.264037
0.689552
1.026478
1.431984
0.951126
1.244756
1.068910
1.030103
0.802994
1.052485
0.687067
0.907210
0.689639
0.608419
1.041349
0.890705
1.594999
0.986006
0.564218
0.705220
0.817843
0.583783
0.927623
0.692935
0.737328
0.718995
0.664299
0.736191
0.710996
0.728574
0.911951
0.834047
0.755835
0.790898
0.874119
0.643016
0.818857
0.660210
0.813155
0.544012
0.603464
0.678600
0.530433
0.476289
0.595505
0.642659
0.628282
0.585896
0.624880
0.580155
0.664422
0.846694
0.674319
0.609480
0.539660
0.579932
0.675259
0.576033
0.624271
0.615315
0.654428
0.651983
0.699687
0.663351
0.511887
0.668037
0.598809
0.639570
0.594209
0.564828
0.578716
0.653630
0.611428
0.595187
0.573783
0.662296
0.676810
0.743969
0.714066
0.606445
0.697512
0.530466
0.469593
0.394591
0.503487
0.592481
0.616708
0.608711
0.413983
0.370885
0.448840
0.507321
0.454105
0.725414
0.569230
0.554265
0.688342
0.590711
0.494786
0.472838
0.477562
0.420934
0.787972
0.573443
0.592744
0.428541
0.624023
0.739092
0.514828
0.459928
0.512502
0.623839
0.592874
0.650188
0.558450
0.531038
0.712353
0.399412
0.563951
0.649180
0.551959
0.555101
0.750459
0.643463
0.540549
0.399693
0.611043
0.469461
0.528762
0.268649
0.915981
0.258099
0.540658
0.236591
0.552042
0.361816
0.583506
0.684816
4.193707
0.740027
0.254905
0.356565
0.517186
0.546209
0.500678
1.337348
0.804317
0.223680
0.646018
1.268553
0.254597
0.197112
0.470826
0.274130
0.288227
0.789283
0.636457
0.916154
2.027855
0.379872
0.477136
0.329546
0.231123
0.606617
0.576391
0.500169
0.485076
0.574056
0.516600
0.363015
0.464328
0.513575
0.208562
0.696080
0.366212
0.477419
0.699378
0.611771
0.510164
0.378895
1.108461
0.591360
0.443697
1.499202
1.117731
0.815223
0.548248
0.495347
0.614203
0.392448
0.634612
0.202991
0.867013
0.431590
0.930052
0.812754
0.924346
0.415957
0.503942
0.315560
0.423719
0.315211
0.451190
0.276242
0.692424
0.747437
0.704473
0.409486
0.448649
0.469855
0.980054
0.496729
0.509704
0.613344
0.645592
0.290155
0.349530
0.508660
0.606064
0.423896
0.839437
0.385550
0.719892
0.459054
0.646998
0.627701
0.478355
0.523426
0.622191
0.566709
0.784050
0.419355
0.389176
0.692564
0.464640
0.475440
0.429291
0.556525
0.690597
0.412918
0.484612
0.635548
0.530976
0.785858
0.643449
1.083995
0.354880
1.246441
0.316871
0.743743
0.428354
0.314441
0.381979
0.564951
0.531820
0.508413
0.307500
0.535106
0.392649
0.587918
0.610789
0.627107
0.483925
0.656672
0.397181
0.461393
0.268371
0.541000
0.512966
0.213936
1.066965
0.902467
0.462698
0.291831
0.567689
0.342642
0.660524
0.489642
0.449555
0.312638
0.583059
0.659763
0.517963
0.543884
0.718501
0.542339
0.761180
0.774036
0.681104
0.642571
0.825048
0.378933
0.278090
1.065865
0.373371
0.650464
0.448567
0.356168
0.591982
0.410009
0.638030
0.564546
0.258532
1.275298
0.337019
0.162892
0.413869
0.628714
0.804758
0.909219
0.333420
0.286819
0.412893
0.678657
0.317181
0.481375
1.062498
0.486653
0.680918
0.879296
0.385952
0.533655
0.821016
0.488346
0.570962
1.367854
0.580800
1.881278
1.194067
1.722781
1.430245
0.375328
0.899639
0.821955
0.760065
1.760932
0.907852
0.779465
0.913432
0.848932
0.832332
1.205569
1.548450
1.105309
1.407049
0.564255
1.297887
0.961319
1.264866
0.690289
1.026717
1.432938
0.951038
1.245641
1.069791
1.029847
0.802823
1.052220
0.687029
0.907004
0.689464
0.608292
1.040400
0.890076
1.593889
0.985588
0.564059
0.705149
0.817980
0.583740
0.927402
0.692620
0.737163
0.718876
0.664426
0.736058
0.710881
0.728303
0.911734
0.833631
0.755724
0.790788
0.873962
0.642930
0.818733
0.660226
0.813069
0.543946
0.603280
0.678431
0.530521
0.476247
0.595392
0.642583
0.628074
0.585883
0.624931
0.580086
0.664534
0.846876
0.674350
0.609457
0.539646
0.579851
0.675154
0.575922
0.624245
0.615227
0.654365
0.651807
0.699371
0.663358
0.511842
0.667952
0.598593
0.639426
0.594027
0.564631
0.578578
0.653449
0.611333
0.595065
0.573747
0.662320
0.676854
0.743978
0.713885
0.606262
0.697337
0.530347
0.469441
0.394514
0.503400
0.592462
0.616684
0.608723
0.413957
0.370798
0.448774
0.507295
0.454086
0.725385
0.569172
0.554215
0.688307
0.590671
0.494786
0.472844
0.477561
0.420925
0.787969
0.573441
0.592742
0.428540
0.624027
0.739073
0.514825
0.459922
0.512512
0.623836
0.592876
0.650216
0.558435
0.531023
0.712346
0.399416
0.563981
0.649194
0.551965
0.555121
0.750437
0.643465
0.540529
0.399702
0.611047
0.469437
0.528700
0.268686
0.916038
0.258109
0.540723
0.236614
0.552111
0.361779
0.583499
0.684906
4.193337
0.740108
0.254878
0.356563
0.517277
0.546280
0.500674
1.337218
0.804392
0.223700
0.646049
1.268497
0.254645
0.197140
0.470855
0.274149
0.288268
0.789376
0.636404
0.916083
2.027576
0.379807
0.477240
0.329616
0.231151
0.606695
0.576468
0.500095
0.485136
0.574085
0.516616
0.363008
0.464418
0.513635
0.208532
0.696105
0.366231
0.477514
0.699519
0.611775
0.510267
0.378977
1.108257
0.591361
0.443562
1.499076
1.117496
0.815306
0.548329
0.495300
0.614169
0.392403
0.634545
0.203021
0.867026
0.431555
0.929933
0.812870
0.924337
0.415936
0.503943
0.315570
0.423738
0.315206
0.451206
0.276246
0.692404
0.747477
0.704369
0.409409
0.448639
0.469841
0.980051
0.496806
0.509770
0.613370
0.645561
0.290192
0.349540
0.508679
0.606055
0.423939
0.839378
0.385572
0.719917
0.459007
0.647013
0.627754
0.478327
0.523512
0.622244
0.566692
0.784008
0.419386
0.389194
0.692568
0.464602
0.475523
0.429340
0.556590
0.690564
0.412918
0.484534
0.635495
0.531004
0.785759
0.643502
1.083923
0.354897
1.246426
0.316863
0.743726
0.428410
0.314488
0.382000
0.564963
0.531725
0.508422
0.307519
0.535100
0.392626
0.587979
0.610868
0.627100
0.483952
0.656648
0.397175
0.461471
0.268337
0.541014
0.512993
0.213936
1.066924
0.902448
0.462719
0.291843
0.567634
0.342680
0.660516
0.489710
0.449580
0.312642
0.583052
0.659726
0.518036
0.543956
0.718424
0.542316
0.761166
0.774152
0.681108
0.642585
0.825060
0.378990
0.278138
1.065821
0.373391
0.650364
0.448638
0.356202
0.591918
0.409995
0.637994
0.564565
0.258535
1.275243
0.337020
0.162918
0.413858
0.628703
0.804680
0.909175
0.333435
0.286844
0.412852
0.678611
0.317207
0.481389
1.062381
0.486642
0.680834
0.879123
0.385960
0.533530
0.820916
0.488290
0.570873
1.367664
0.580625
1.880950
1.193849
1.722467
1.430083
0.375302
0.899545
0.821888
0.759977
1.760755
0.907775
0.779408
0.913454
0.848902
0.832288
1.205531
1.548426
1.105315
1.407075
0.564230
1.297966
0.961405
1.264988
0.690418
1.026763
1.433145
0.951015
1.245859
1.070030
1.029771
0.802770
1.052131
0.687021
0.906937
0.689401
0.608245
1.040079
0.889858
1.593505
0.985444
0.564006
0.705124
0.818022
0.583726
0.927328
0.692517
0.737110
0.718835
0.664469
0.736010
0.710846
0.728212
0.911663
0.833500
0.755689
0.790755
0.873912
0.642905
0.818694
0.660230
0.813039
0.543931
0.603232
0.678389
0.530542
0.476236
0.595364
0.642562
0.628025
0.585876
0.624937
0.580063
0.664531
0.846822
0.674347
0.609484
0.539660
0.579943
0.675266
0.576039
0.624274
0.615325
0.654433
0.652008
0.699739
0.663348
0.511896
0.668056
0.598861
0.639612
0.594274
0.564898
0.578775
0.653721
0.611480
0.595258
0.573800
0.662269
0.676759
0.743955
0.714232
0.606626
0.697700
0.530616
0.469797
0.394707
0.503638
0.592512
0.616749
0.608681
0.414042
0.371116
0.449041
0.507404
0.454190
0.725531
0.569514
0.554555
0.688620
0.591056
0.494769
0.472701
0.477595
0.421177
0.787965
0.573284
0.592742
0.428552
0.624229
0.738741
0.514835
0.459884
0.512621
0.623841
0.592909
0.650569
0.558303
0.530943
0.712333
0.399469
0.564186
0.649338
0.552044
0.555285
0.750315
0.643500
0.540391
0.399758
0.611100
0.469289
0.528308
0.268908
0.916384
0.258190
0.541128
0.236760
0.552522
0.361593
0.583477
0.685361
4.191944
0.740495
0.254759
0.356562
0.517658
0.546608
0.500679
1.336781
0.804695
0.223793
0.646168
1.268339
0.254823
0.197238
0.470965
0.274214
0.288419
0.789703
0.636235
0.915876
2.026736
0.379627
0.477422
0.329826
0.231242
0.606990
0.576758
0.499834
0.485358
0.574193
0.516667
0.362985
0.464712
0.513827
0.208438
0.696188
0.366287
0.477778
0.699909
0.611784
0.510531
0.379177
1.107782
0.591365
0.443262
1.498784
1.116960
0.815500
0.548521
0.495189
0.614092
0.392294
0.634378
0.203102
0.867058
0.431457
0.929614
0.813203
0.924307
0.415877
0.503942
0.315600
0.423782
0.315191
0.451250
0.276257
0.692351
0.747591
0.704080
0.409196
0.448608
0.469798
0.980043
0.497053
0.509981
0.613461
0.645469
0.290307
0.349569
0.508734
0.606027
0.424055
0.839217
0.385633
0.719985
0.458881
0.647064
0.627904
0.478256
0.523738
0.622379
0.566646
0.783908
0.419464
0.389237
0.692576
0.464513
0.475714
0.429456
0.556732
0.690493
0.412920
0.484374
0.635387
0.531060
0.785557
0.643618
1.083768
0.354937
1.246393
0.316843
0.743687
0.428532
0.314590
0.382045
0.564985
0.531528
0.508442
0.307556
0.535086
0.392577
0.588107
0.611031
0.627082
0.484005
0.656599
0.397168
0.461626
0.268286
0.541038
0.513044
0.213935
1.066844
0.902413
0.462755
0.291861
0.567531
0.342748
0.660500
0.489832
0.449623
0.312650
0.583038
0.659662
0.518162
0.544076
0.718297
0.542277
0.761146
0.774341
0.681115
0.642603
0.825075
0.379080
0.278212
1.065754
0.373421
0.650219
0.448743
0.356246
0.591824
0.409974
0.637942
0.564595
0.258539
1.275164
0.337019
0.162955
0.413839
0.628689
0.804570
0.909110
0.333456
0.286884
0.412797
0.678550
0.317249
0.481413
1.062219
0.486634
0.680745
0.879004
0.385961
0.533504
0.820894
0.488278
0.570851
1.367620
0.580580
1.880869
1.193790
1.722381
1.430039
0.375290
0.899515
0.821874
0.759948
1.760695
0.907745
0.779384
0.913464
0.848885
0.832254
1.205491
1.548377
1.105270
1.407013
0.564284
1.297855
0.961309
1.264878
0.690324
1.026735
1.433047
0.951023
1.245785
1.069960
1.029792
0.802783
1.052148
0.687021
0.906947
0.689412
0.608253
1.040124
0.889886
1.593561
0.985465
0.564014
0.705128
0.818014
0.583726
0.927341
0.692535
0.737122
0.718842
0.664460
0.736018
0.710852
0.728230
0.911677
0.833526
0.755696
0.790763
0.873923
0.642910
0.818704
0.660230
0.813048
0.543945
0.603247
0.678398
0.530536
0.476237
0.595380
0.642569
0.628048
0.585882
0.624939
0.580081
0.664553
0.846907
0.674346
0.609454
0.539648
0.579836
0.675145
0.575916
0.624240
0.615224
0.654367
0.651797
0.699357
0.663360
0.511841
0.667953
0.598595
0.639431
0.594032
0.564644
0.578589
0.653462
0.611347
0.595088
0.573751
0.662315
0.676846
0.743979
0.713937
0.606325
0.697406
0.530399
0.469521
0.394561
0.503459
0.592476
0.616703
0.608709
0.413983
0.370903
0.448860
0.507334
0.454122
0.725440
0.569306
0.554356
0.688436
0.590842
0.494779
0.472776
0.477576
0.421048
0.787972
0.573355
0.592740
0.428546
0.624135
0.738889
0.514829
0.459901
0.512571
0.623838
0.592893
0.650406
0.558362
0.530979
0.712340
0.399446
0.564095
0.649271
0.552009
0.555217
0.750364
0.643485
0.540443
0.399734
0.611083
0.469342
0.528464
0.268821
0.916252
0.258161
0.540972
0.236700
0.552374
0.361661
0.583486
0.685202
4.192426
0.740358
0.254801
0.356558
0.517519
0.546493
0.500674
1.336936
0.804586
0.223762
0.646125
1.268396
0.254764
0.197206
0.470926
0.274193
0.288371
0.789601
0.636284
0.915934
2.026982
0.379685
0.477351
0.329756
0.231210
0.606900
0.576669
0.499911
0.485293
0.574162
0.516650
0.362991
0.464631
0.513775
0.208464
0.696169
0.366273
0.477712
0.699819
0.611779
0.510475
0.379139
1.107872
0.591362
0.443317
1.498837
1.117063
0.815461
0.548482
0.495211
0.614107
0.392317
0.634415
0.203080
0.867050
0.431479
0.929693
0.813107
0.924313
0.415892
0.503943
0.315591
0.423771
0.315192
0.451238
0.276253
0.692363
0.747560
0.704147
0.409248
0.448615
0.469808
0.980030
0.496985
0.509926
0.613437
0.645478
0.290286
0.349559
0.508715
0.606022
0.424042
0.839216
0.385621
0.719958
0.458888
0.647048
0.627872
0.478264
0.523693
0.622351
0.566649
0.783917
0.419445
0.389224
0.692565
0.464516
0.475721
0.429436
0.556704
0.690502
0.412919
0.484399
0.635404
0.531047
0.785588
0.643600
1.083792
0.354928
1.246400
0.316847
0.743692
0.428507
0.314571
0.382039
0.564979
0.531556
0.508432
0.307551
0.535088
0.392579
0.588081
0.611000
0.627081
0.483993
0.656605
0.397169
0.461603
0.268292
0.541035
0.513038
0.213935
1.066856
0.902421
0.462751
0.291855
0.567543
0.342740
0.660503
0.489817
0.449620
0.312649
0.583033
0.659668
0.518146
0.544066
0.718309
0.542280
0.761151
0.774325
0.681118
0.642600
0.825075
0.379074
0.278209
1.065758
0.373421
0.650224
0.448740
0.356246
0.591824
0.409975
0.637948
0.564593
0.258537
1.275170
0.337022
0.162952
0.413841
0.628688
0.804579
0.909114
0.333452
0.286878
0.412801
0.678557
0.317242
0.481411
1.062234
0.486636
0.680757
0.879033
0.385956
0.533527
0.820916
0.488293
0.570873
1.367677
0.580646
1.880990
1.193735
1.722547
1.430107
0.375312
0.899596
0.821929
0.760050
1.760919
0.907874
0.779503
0.913406
0.848980
0.832430
1.205721
1.548463
1.104396
1.406182
0.564601
1.297005
0.960656
1.264145
0.689708
1.026544
1.432305
0.951084
1.245133
1.069354
1.029957
0.802891
1.052319
0.687041
0.907072
0.689515
0.608319
1.040669
0.890250
1.594203
0.985704
0.564103
0.705167
0.817934
0.583748
0.927471
0.692731
0.737216
0.718915
0.664379
0.736106
0.710921
0.728400
0.911805
0.833796
0.755763
0.790831
0.874028
0.642964
0.818786
0.660216
0.813098
0.543978
0.603376
0.678518
0.530469
0.476267
0.595459
0.642626
0.628201
0.585890
0.624897
0.580129
0.664455
0.846745
0.674305
0.609472
0.539645
0.579903
0.675227
0.575992
0.624256
0.615292
0.654410
0.651941
0.699615
0.663349
0.511876
0.668020
0.598776
0.639555
0.594202
0.564820
0.578718
0.653644
0.611439
0.595207
0.573785
0.662279
0.676778
0.743957
0.714155
0.606550
0.697627
0.530561
0.469733
0.394673
0.503598
0.592504
0.616735
0.608682
0.414030
0.371081
0.449011
0.507393
0.454181
0.725512
0.569488
0.554535
0.688602
0.591041
0.494768
0.472702
0.477593
0.421173
0.787965
0.573271
0.592726
0.428545
0.624222
0.738637
0.514854
0.459835
0.512757
0.623840
0.592943
0.651023
0.558122
0.530813
0.712287
0.399559
0.564477
0.649508
0.552139
0.555494
0.750142
0.643540
0.540208
0.399828
0.611168
0.469092
0.527799
0.269202
0.916841
0.258299
0.541649
0.236940
0.553045
0.361359
0.583448
0.685930
4.190106
0.740978
0.254607
0.356556
0.518144
0.547024
0.500667
1.336136
0.805159
0.223909
0.646307
1.268130
0.255049
0.197363
0.471091
0.274290
0.288602
0.790103
0.636024
0.915618
2.025691
0.379396
0.477698
0.330092
0.231347
0.607347
0.577105
0.499522
0.485623
0.574321
0.516725
0.362959
0.465058
0.514052
0.208332
0.696286
0.366351
0.478083
0.700356
0.611792
0.510830
0.379411
1.107258
0.591368
0.442930
1.498467
1.116376
0.815715
0.548733
0.495069
0.614008
0.392178
0.634201
0.203181
0.867099
0.431356
0.929287
0.813520
0.924277
0.415816
0.503946
0.315630
0.423832
0.315173
0.451296
0.276267
0.692294
0.747721
0.703753
0.408955
0.448572
0.469751
0.980036
0.497333
0.510225
0.613570
0.645362
0.290437
0.349599
0.508800
0.605996
0.424184
0.839023
0.385703
0.720062
0.458732
0.647122
0.628077
0.478172
0.523993
0.622532
0.566594
0.783796
0.419548
0.389282
0.692584
0.464415
0.475924
0.429583
0.556885
0.690416
0.412922
0.484202
0.635271
0.531116
0.785345
0.643743
1.083606
0.354978
1.246364
0.316824
0.743644
0.428655
0.314698
0.382095
0.565012
0.531312
0.508454
0.307597
0.535072
0.392518
0.588240
0.611203
0.627063
0.484059
0.656549
0.397161
0.461790
0.268232
0.541066
0.513092
0.213934
1.066772
0.902381
0.462792
0.291880
0.567429
0.342818
0.660488
0.489954
0.449669
0.312660
0.583018
0.659600
0.518279
0.544196
0.718176
0.542240
0.761132
0.774528
0.681126
0.642624
0.825093
0.379165
0.278284
1.065691
0.373447
0.650085
0.448843
0.356289
0.591738
0.409956
0.637901
0.564620
0.258541
1.275100
0.337021
0.162987
0.413826
0.628672
0.804480
0.909057
0.333467
0.286914
0.412749
0.678494
0.317280
0.481432
1.062073
0.486625
0.680651
0.878851
0.385961
0.533431
0.820835
0.488249
0.570795
1.367507
0.580480
1.880662
1.193710
1.722171
1.429923
0.375269
0.899438
0.821809
0.759861
1.760500
0.907645
0.779296
0.913503
0.848817
0.832131
1.205334
1.548181
1.105118
1.406882
0.564306
1.297753
0.961244
1.264792
0.690262
1.026689
1.432799
0.951062
1.245368
1.069554
1.029902
0.802858
1.052266
0.687033
0.907031
0.689482
0.608296
1.040511
0.890144
1.594018
0.985630
0.564070
0.705156
0.817958
0.583740
0.927427
0.692671
0.737185
0.718891
0.664404
0.736075
0.710895
0.728340
0.911758
0.833703
0.755737
0.790804
0.873988
0.642943
0.818755
0.660221
0.813078
0.543965
0.603323
0.678468
0.530496
0.476257
0.595425
0.642600
0.628137
0.585884
0.624914
0.580106
0.664496
0.846809
0.674324
0.609462
0.539639
0.579870
0.675186
0.575950
0.624240
0.615249
0.654372
0.651876
0.699493
0.663334
0.511847
0.667963
0.598690
0.639482
0.594116
0.564726
0.578644
0.653547
0.611378
0.595126
0.573750
0.662245
0.676743
0.743951
0.714223
0.606420
0.697496
0.530462
0.469602
0.394598
0.503504
0.592485
0.616707
0.608701
0.413995
0.370957
0.448905
0.507349
0.454140
0.725456
0.569350
0.554396
0.688473
0.590885
0.494776
0.472758
0.477579
0.421065
0.787971
0.573342
0.592738
0.428544
0.624144
0.738871
0.514828
0.459897
0.512574
0.623835
0.592887
0.650428
0.558352
0.530966
0.712333
0.399441
0.564111
0.649273
0.552009
0.555220
0.750355
0.643483
0.540435
0.399734
0.611079
0.469334
0.528447
0.268832
0.916261
0.258162
0.540981
0.236701
0.552372
0.361659
0.583483
0.685195
4.192401
0.740350
0.254799
0.356556
0.517515
0.546492
0.500668
1.336916
0.804589
0.223759
0.646119
1.268382
0.254766
0.197209
0.470914
0.274188
0.288366
0.789591
0.636279
0.915929
2.026966
0.379671
0.477405
0.329794
0.231209
0.606896
0.576657
0.499917
0.485284
0.574150
0.516643
0.362992
0.464613
0.513760
0.208470
0.696164
0.366267
0.477693
0.699786
0.611776
0.510449
0.379115
1.107917
0.591362
0.443348
1.498864
1.117118
0.815440
0.548463
0.495216
0.614112
0.392323
0.634419
0.203075
0.867053
0.431480
0.929684
0.813162
0.924315
0.415888
0.503935
0.315587
0.423768
0.315192
0.451233
0.276249
0.692366
0.747549
0.704170
0.409262
0.448614
0.469810
0.980035
0.496966
0.509909
0.613433
0.645495
0.290273
0.349560
0.508718
0.606036
0.424012
0.839248
0.385613
0.719959
0.458910
0.647039
0.627864
0.478273
0.523670
0.622336
0.566656
0.783935
0.419436
0.389220
0.692571
0.464538
0.475651
0.429420
0.556685
0.690508
0.412918
0.484413
0.635413
0.531037
0.785607
0.643584
1.083791
0.354924
1.246397
0.316845
0.743688
0.428498
0.314562
0.382032
0.564978
0.531575
0.508423
0.307546
0.535087
0.392583
0.588063
0.610979
0.627081
0.483986
0.656605
0.397169
0.461583
0.268296
0.541030
0.513025
0.213933
1.066858
0.902415
0.462742
0.291852
0.567547
0.342737
0.660500
0.489806
0.449611
0.312647
0.583033
0.659674
0.518124
0.544044
0.718329
0.542284
0.761150
0.774289
0.681115
0.642593
0.825067
0.379056
0.278194
1.065760
0.373410
0.650247
0.448718
0.356236
0.591832
0.409978
0.637946
0.564587
0.258534
1.275167
0.337018
0.162947
0.413849
0.628680
0.804585
0.909110
0.333448
0.286876
0.412801
0.678548
0.317243
0.481409
1.062240
0.486630
0.680748
0.878986
0.385960
0.533478
0.820877
0.488267
0.570831
1.367592
0.580558
1.880824
1.193794
1.722354
1.430040
0.375286
0.899514
0.821866
0.759951
1.760710
0.907755
0.779395
0.913455
0.848896
0.832280
1.205539
1.548452
1.105346
1.407118
0.564204
1.298038
0.961472
1.265061
0.690481
1.026778
1.433173
0.951013
1.245894
1.070073
1.029757
0.802759
1.052103
0.687017
0.906913
0.689383
0.608225
1.039982
0.889789
1.593394
0.985400
0.563982
0.705118
0.818038
0.583720
0.927305
0.692496
0.737093
0.718827
0.664476
0.735999
0.710834
0.728190
0.911643
0.833472
0.755677
0.790744
0.873903
0.642899
0.818690
0.660232
0.813042
0.543934
0.603225
0.678379
0.530546
0.476235
0.595368
0.642560
0.628026
0.585881
0.624944
0.580071
0.664565
0.846920
0.674356
0.609450
0.539644
0.579834
0.675129
0.575901
0.624240
0.615213
0.654359
0.651779
0.699327
0.663359
0.511834
0.667942
0.598574
0.639418
0.594022
0.564631
0.578583
0.653458
0.611341
0.595082
0.573755
0.662317
0.676843
0.743974
0.713938
0.606329
0.697412
0.530403
0.469531
0.394563
0.503463
0.592478
0.616698
0.608708
0.413986
0.370925
0.448881
0.507341
0.454134
0.725450
0.569337
0.554388
0.688467
0.590886
0.494776
0.472751
0.477581
0.421074
0.787973
0.573333
0.592739
0.428546
0.624159
0.738847
0.514830
0.459892
0.512586
0.623838
0.592893
0.650455
0.558341
0.530962
0.712336
0.399449
0.564129
0.649293
0.552022
0.555239
0.750342
0.643488
0.540413
0.399741
0.611088
0.469313
0.528396
0.268857
0.916308
0.258173
0.541041
0.236723
0.552442
0.361626
0.583480
0.685281
4.192177
0.740419
0.254778
0.356557
0.517587
0.546553
0.500670
1.336856
0.804643
0.223778
0.646144
1.268365
0.254800
0.197228
0.470938
0.274202
0.288399
0.789667
0.636243
0.915892
2.026805
0.379646
0.477395
0.329800
0.231223
0.606957
0.576721
0.499857
0.485336
0.574177
0.516656
0.362986
0.464688
0.513811
0.208444
0.696186
0.366282
0.477764
0.699899
0.611773
0.510530
0.379183
1.107763
0.591362
0.443245
1.498772
1.116943
0.815504
0.548525
0.495181
0.614090
0.392290
0.634375
0.203092
0.867058
0.431454
0.929625
0.813167
0.924305
0.415875
0.503942
0.315596
0.423779
0.315188
0.451243
0.276253
0.692352
0.747584
0.704083
0.409202
0.448608
0.469797
0.980037
0.497030
0.509963
0.613464
0.645469
0.290305
0.349563
0.508738
0.606026
0.424039
0.839207
0.385631
0.719984
0.458877
0.647058
0.627900
0.478248
0.523737
0.622376
0.566643
0.783904
0.419462
0.389233
0.692573
0.464508
0.475718
0.429462
0.556738
0.690483
0.412918
0.484354
0.635374
0.531058
0.785536
0.643631
1.083751
0.354932
1.246391
0.316843
0.743683
0.428534
0.314597
0.382055
0.564988
0.531500
0.508425
0.307561
0.535083
0.392565
0.588110
0.611044
0.627073
0.484007
0.656587
0.397167
0.461644
0.268274
0.541036
0.513046
0.213932
1.066834
0.902408
0.462756
0.291862
0.567516
0.342755
0.660495
0.489846
0.449629
0.312652
0.583029
0.659650
0.518176
0.544098
0.718269
0.542270
0.761145
0.774372
0.681118
0.642604
0.825075
0.379097
0.278230
1.065732
0.373424
0.650181
0.448769
0.356257
0.591795
0.409968
0.637930
0.564596
0.258543
1.275143
0.337017
0.162962
0.413833
0.628678
0.804545
0.909090
0.333449
0.286888
0.412783
0.678540
0.317249
0.481415
1.062178
0.486630
0.680728
0.878981
0.385958
0.533502
0.820895
0.488275
0.570851
1.367646
0.580614
1.880939
1.193787
1.722502
1.430122
0.375303
0.899579
0.821917
0.760039
1.760916
0.907869
0.779501
0.913405
0.848981
0.832449
1.205769
1.548771
1.105615
1.407402
0.564076
1.298388
0.961758
1.265421
0.690811
1.026892
1.433687
0.950958
1.246394
1.070565
1.029619
0.802668
1.051947
0.686999
0.906796
0.689282
0.608152
1.039460
0.889439
1.592781
0.985171
0.563893
0.705078
0.818111
0.583697
0.927181
0.692320
0.736999
0.718758
0.664545
0.735918
0.710766
0.728033
0.911515
0.833229
0.755613
0.790678
0.873807
0.642845
0.818613
0.660240
0.812990
0.543898
0.603117
0.678277
0.530594
0.476207
0.595309
0.642520
0.627900
0.585871
0.624968
0.580029
0.664632
0.847022
0.674373
0.609432
0.539635
0.579784
0.675069
0.575834
0.624222
0.615160
0.654321
0.651666
0.699137
0.663364
0.511809
0.667894
0.598443
0.639331
0.593906
0.564511
0.578497
0.653344
0.611281
0.595006
0.573730
0.662324
0.676874
0.743976
0.713821
0.606215
0.697300
0.530319
0.469429
0.394515
0.503402
0.592468
0.616682
0.608711
0.413966
0.370863
0.448831
0.507322
0.454116
0.725424
0.569287
0.554340
0.688432
0.590854
0.494777
0.472764
0.477580
0.421052
0.787972
0.573336
0.592735
0.428542
0.624154
0.738844
0.514825
0.459887
0.512580
0.623834
0.592888
0.650463
0.558330
0.530953
0.712331
0.399448
0.564135
0.649287
0.552020
0.555243
0.750330
0.643484
0.540400
0.399741
0.611090
0.469294
0.528359
0.268905
0.916376
0.258174
0.541062
0.236735
0.552470
0.361607
0.583478
0.685317
4.192042
0.740446
0.254768
0.356556
0.517617
0.546574
0.500673
1.336812
0.804669
0.223782
0.646153
1.268347
0.254815
0.197239
0.470948
0.274209
0.288415
0.789706
0.636220
0.915864
2.026689
0.379619
0.477419
0.329826
0.231233
0.606989
0.576757
0.499822
0.485362
0.574191
0.516663
0.362982
0.464728
0.513841
0.208430
0.696199
0.366295
0.477817
0.699972
0.611771
0.510580
0.379226
1.107656
0.591362
0.443174
1.498707
1.116818
0.815543
0.548567
0.495150
0.614078
0.392269
0.634343
0.203102
0.867066
0.431438
0.929561
0.813226
0.924302
0.415864
0.503937
0.315601
0.423785
0.315186
0.451249
0.276253
0.692343
0.747601
0.704030
0.409163
0.448601
0.469792
0.980034
0.497066
0.509998
0.613478
0.645455
0.290324
0.349566
0.508744
0.606024
0.424059
0.839177
0.385643
0.719996
0.458854
0.647065
0.627927
0.478235
0.523780
0.622404
0.566633
0.783885
0.419476
0.389242
0.692568
0.464485
0.475761
0.429489
0.556770
0.690464
0.412918
0.484310
0.635345
0.531071
0.785483
0.643661
1.083711
0.354938
1.246382
0.316837
0.743673
0.428562
0.314622
0.382064
0.564993
0.531449
0.508429
0.307572
0.535077
0.392552
0.588142
0.611089
0.627069
0.484022
0.656575
0.397165
0.461689
0.268257
0.541044
0.513061
0.213931
1.066809
0.902397
0.462766
0.291868
0.567483
0.342775
0.660488
0.489877
0.449644
0.312654
0.583026
0.659628
0.518218
0.544139
0.718228
0.542256
0.761137
0.774442
0.681121
0.642612
0.825082
0.379132
0.278257
1.065708
0.373437
0.650122
0.448810
0.356273
0.591757
0.409964
0.637909
0.564604
0.258542
1.275117
0.337020
0.162975
0.413835
0.628669
0.804503
0.909068
0.333458
0.286901
0.412763
0.678515
0.317260
0.481419
1.062121
0.486624
0.680693
0.878919
0.385959
0.533471
0.820874
0.488263
0.570832
1.367612
0.580582
1.880891
1.193703
1.722473
1.430111
0.375305
0.899583
0.821922
0.760055
1.760960
0.907899
0.779529
0.913386
0.849012
0.832509
1.205855
1.548876
1.105669
1.407422
0.564065
1.298431
0.961805
1.265486
0.690882
1.026919
1.433812
0.950943
1.246525
1.070715
1.029573
0.802638
1.051895
0.686992
0.906754
0.689247
0.608125
1.039265
0.889304
1.592545
0.985084
0.563858
0.705065
0.818137
0.583692
0.927137
0.692260
0.736968
0.718734
0.664574
0.735895
0.710740
0.727978
0.911478
0.833153
0.755595
0.790659
0.873782
0.642833
0.818594
0.660247
0.812978
0.543891
0.603089
0.678253
0.530613
0.476203
0.595294
0.642510
0.627874
0.585867
0.624981
0.580020
0.664653
0.847062
0.674380
0.609431
0.539636
0.579776
0.675054
0.575825
0.624222
0.615153
0.654317
0.651648
0.699105
0.663369
0.511805
0.667886
0.598425
0.639322
0.593897
0.564499
0.578493
0.653339
0.611278
0.595008
0.573733
0.662328
0.676875
0.743981
0.713828
0.606227
0.697317
0.530334
0.469456
0.394530
0.503420
0.592472
0.616690
0.608711
0.413974
0.370905
0.448867
0.507336
0.454134
0.725451
0.569348
0.554403
0.688488
0.590930
0.494769
0.472733
0.477589
0.421110
0.787973
0.573298
0.592736
0.428547
0.624206
0.738764
0.514827
0.459878
0.512609
0.623838
0.592899
0.650555
0.558297
0.530934
0.712328
0.399466
0.564193
0.649326
0.552045
0.555291
0.750298
0.643495
0.540365
0.399757
0.611109
0.469255
0.528254
0.268934
0.916432
0.258199
0.541191
0.236781
0.552601
0.361545
0.583470
0.685469
4.191564
0.740576
0.254727
0.356556
0.517750
0.546686
0.500673
1.336650
0.804773
0.223821
0.646194
1.268287
0.254879
0.197274
0.470986
0.274232
0.288470
0.789827
0.636154
0.915785
2.026366
0.379548
0.477499
0.329906
0.231266
0.607094
0.576862
0.499726
0.485441
0.574231
0.516682
0.362973
0.464839
0.513912
0.208393
0.696225
0.366317
0.477924
0.700130
0.611773
0.510690
0.379310
1.107449
0.591363
0.443041
1.498579
1.116584
0.815624
0.548653
0.495105
0.614042
0.392224
0.634273
0.203134
0.867080
0.431397
0.929432
0.813354
0.924288
0.415841
0.503938
0.315612
0.423802
0.315180
0.451266
0.276256
0.692321
0.747643
0.703914
0.409079
0.448588
0.469775
0.980031
0.497159
0.510077
0.613517
0.645419
0.290367
0.349577
0.508761
0.606013
0.424109
0.839111
0.385661
0.720024
0.458801
0.647085
0.627989
0.478205
0.523872
0.622456
0.566610
0.783842
0.419508
0.389258
0.692571
0.464446
0.475844
0.429540
0.556834
0.690430
0.412919
0.484234
0.635291
0.531097
0.785390
0.643716
1.083647
0.354955
1.246371
0.316829
0.743655
0.428616
0.314670
0.382084
0.565002
0.531359
0.508435
0.307589
0.535071
0.392527
0.588199
0.611164
0.627064
0.484048
0.656554
0.397162
0.461761
0.268234
0.541056
0.513085
0.213930
1.066773
0.902381
0.462782
0.291878
0.567434
0.342808
0.660481
0.489940
0.449665
0.312658
0.583019
0.659598
0.518282
0.544196
0.718163
0.542236
0.761128
0.774542
0.681122
0.642619
0.825091
0.379179
0.278293
1.065673
0.373452
0.650043
0.448869
0.356294
0.591704
0.409953
0.637879
0.564624
0.258543
1.275074
0.337022
0.162996
0.413826
0.628661
0.804443
0.909030
0.333470
0.286921
0.412733
0.678480
0.317281
0.481432
1.062027
0.486617
0.680640
0.878827
0.385960
0.533421
0.820839
0.488244
0.570801
1.367551
0.580526
1.880791
1.193630
1.722388
1.430075
0.375298
0.899561
0.821911
0.760041
1.760945
0.907894
0.779532
0.913385
0.849024
0.832535
1.205903
1.548971
1.105802
1.407616
0.563972
1.298680
0.962011
1.265733
0.691108
1.026992
1.434104
0.950914
1.246799
1.070983
1.029486
0.802586
1.051807
0.686984
0.906688
0.689192
0.608085
1.038967
0.889104
1.592189
0.984951
0.563804
0.705042
0.818178
0.583677
0.927063
0.692158
0.736915
0.718697
0.664616
0.735850
0.710704
0.727888
0.911411
0.833018
0.755561
0.790622
0.873728
0.642805
0.818555
0.660249
0.812948
0.543872
0.603028
0.678198
0.530641
0.476188
0.595253
0.642485
0.627805
0.585860
0.624993
0.579995
0.664685
0.847109
0.674385
0.609422
0.539630
0.579751
0.675018
0.575788
0.624210
0.615122
0.654296
0.651590
0.699002
0.663365
0.511790
0.667859
0.598353
0.639275
0.593835
0.564437
0.578446
0.653281
0.611247
0.594970
0.573720
0.662328
0.676883
0.743978
0.713773
0.606171
0.697263
0.530298
0.469409
0.394505
0.503394
0.592465
0.616680
0.608713
0.413968
0.370884
0.448853
0.507330
0.454126
0.725442
0.569338
0.554395
0.688484
0.590929
0.494769
0.472727
0.477589
0.421119
0.787972
0.573291
0.592735
0.428546
0.624214
0.738742
0.514825
0.459874
0.512616
0.623837
0.592901
0.650576
0.558286
0.530924
0.712326
0.399470
0.564213
0.649336
0.552051
0.555305
0.750284
0.643492
0.540347
0.399761
0.611114
0.469236
0.528205
0.268962
0.916478
0.258211
0.541235
0.236793
0.552647
0.361521
0.583464
0.685526
4.191340
0.740621
0.254710
0.356559
0.517798
0.546726
0.500670
1.336564
0.804821
0.223838
0.646208
1.268240
0.254913
0.197291
0.470998
0.274243
0.288495
0.789878
0.636121
0.915740
2.026201
0.379507
0.477555
0.329943
0.231279
0.607136
0.576905
0.499685
0.485474
0.574245
0.516690
0.362969
0.464888
0.513943
0.208375
0.696238
0.366326
0.477974
0.700204
0.611777
0.510744
0.379350
1.107344
0.591366
0.442973
1.498511
1.116462
0.815668
0.548690
0.495082
0.614024
0.392201
0.634237
0.203150
0.867087
0.431378
0.929372
0.813414
0.924281
0.415830
0.503938
0.315614
0.423807
0.315174
0.451274
0.276259
0.692308
0.747659
0.703856
0.409035
0.448581
0.469766
0.980018
0.497204
0.510118
0.613533
0.645398
0.290388
0.349581
0.508763
0.606002
0.424128
0.839064
0.385673
0.720031
0.458764
0.647096
0.628021
0.478183
0.523918
0.622482
0.566595
0.783816
0.419530
0.389262
0.692571
0.464419
0.475889
0.429566
0.556867
0.690407
0.412915
0.484187
0.635250
0.531114
0.785303
0.643796
1.083568
0.354982
1.246350
0.316819
0.743630
0.428651
0.314692
0.382091
0.565007
0.531312
0.508439
0.307599
0.535067
0.392516
0.588228
0.611202
0.627056
0.484060
0.656542
0.397159
0.461799
0.268221
0.541063
0.513096
0.213930
1.066754
0.902370
0.462788
0.291884
0.567407
0.342826
0.660478
0.489974
0.449676
0.312660
0.583016
0.659581
0.518318
0.544225
0.718127
0.542225
0.761122
0.774601
0.681122
0.642625
0.825093
0.379207
0.278317
1.065652
0.373456
0.649998
0.448903
0.356307
0.591671
0.409951
0.637862
0.564633
0.258543
1.275048
0.337021
0.163009
0.413819
0.628656
0.804408
0.909010
0.333478
0.286935
0.412717
0.678459
0.317296
0.481434
1.061976
0.486614
0.680609
0.878777
0.385963
0.533397
0.820819
0.488234
0.570785
1.367511
0.580497
1.880726
1.193555
1.722325
1.430013
0.375275
0.899483
0.821851
0.759947
1.760754
0.907800
0.779449
0.913418
0.848972
0.832444
1.205789
1.548843
1.105709
1.407535
0.564000
1.298613
0.961968
1.265693
0.691084
1.026987
1.434097
0.950913
1.246818
1.071008
1.029477
0.802581
1.051791
0.686980
0.906677
0.689180
0.608075
1.038906
0.889066
1.592117
0.984925
0.563797
0.705031
0.818187
0.583674
0.927050
0.692137
0.736905
0.718692
0.664625
0.735840
0.710699
0.727873
0.911401
0.832999
0.755558
0.790617
0.873723
0.642800
0.818551
0.660249
0.812948
0.543872
0.603023
0.678190
0.530643
0.476186
0.595257
0.642486
0.627807
0.585863
0.624996
0.579996
0.664692
0.847121
0.674389
0.609425
0.539633
0.579749
0.675021
0.575788
0.624214
0.615127
0.654303
0.651594
0.699009
0.663367
0.511794
0.667865
0.598361
0.639284
0.593846
0.564449
0.578458
0.653297
0.611261
0.594986
0.573726
0.662332
0.676880
0.743983
0.713795
0.606202
0.697301
0.530328
0.469450
0.394528
0.503423
0.592470
0.616688
0.608708
0.413980
0.370932
0.448892
0.507346
0.454143
0.725465
0.569397
0.554456
0.688541
0.591002
0.494764
0.472699
0.477598
0.421169
0.787971
0.573255
0.592735
0.428547
0.624258
0.738669
0.514826
0.459866
0.512641
0.623838
0.592908
0.650656
0.558255
0.530902
0.712320
0.399481
0.564263
0.649371
0.552070
0.555341
0.750255
0.643500
0.540315
0.399774
0.611129
0.469202
0.528114
0.269002
0.916559
0.258227
0.541337
0.236830
0.552753
0.361472
0.583458
0.685649
4.190991
0.740726
0.254678
0.356560
0.517900
0.546814
0.500664
1.336465
0.804898
0.223863
0.646244
1.268213
0.254954
0.197313
0.471026
0.274258
0.288538
0.789971
0.636074
0.915686
2.025974
0.379460
0.477595
0.329997
0.231304
0.607220
0.576990
0.499610
0.485539
0.574277
0.516704
0.362963
0.464976
0.514000
0.208345
0.696262
0.366343
0.478057
0.700329
0.611781
0.510830
0.379417
1.107183
0.591367
0.442873
1.498414
1.116282
0.815726
0.548755
0.495044
0.614001
0.392167
0.634185
0.203178
0.867100
0.431349
0.929273
0.813513
0.924268
0.415812
0.503939
0.315620
0.423822
0.315167
0.451284
0.276260
0.692292
0.747696
0.703767
0.408971
0.448574
0.469754
0.980028
0.497274
0.510176
0.613564
0.645372
0.290421
0.349588
0.508782
0.605998
0.424166
0.839030
0.385687
0.720056
0.458736
0.647112
0.628060
0.478167
0.523990
0.622524
0.566583
0.783789
0.419554
0.389278
0.692574
0.464391
0.475951
0.429603
0.556916
0.690387
0.412918
0.484136
0.635221
0.531128
0.785266
0.643786
1.083553
0.354978
1.246353
0.316817
0.743634
0.428680
0.314728
0.382103
0.565017
0.531241
0.508446
0.307613
0.535064
0.392498
0.588275
0.611262
0.627053
0.484081
0.656522
0.397157
0.461854
0.268199
0.541078
0.513116
0.213928
1.066727
0.902354
0.462799
0.291891
0.567365
0.342852
0.660475
0.490021
0.449693
0.312660
0.583011
0.659556
0.518367
0.544274
0.718077
0.542210
0.761112
0.774682
0.681124
0.642636
0.825100
0.379243
0.278350
1.065624
0.373467
0.649933
0.448948
0.356326
0.591635
0.409941
0.637839
0.564645
0.258546
1.275014
0.337019
0.163023
0.413807
0.628646
0.804364
0.908981
0.333481
0.286947
0.412691
0.678435
0.317319
0.481444
1.061911
0.486610
0.680564
0.878706
0.385966
0.533364
0.820796
0.488221
0.570761
1.367470
0.580452
1.880665
1.193514
1.722280
1.430025
0.375284
0.899540
0.821900
0.760030
1.760938
0.907901
0.779539
0.913370
0.849051
0.832581
1.205973
1.549087
1.105916
1.407744
0.563908
1.298857
0.962168
1.265928
0.691294
1.027055
1.434370
0.950892
1.247066
1.071257
1.029406
0.802535
1.051713
0.686970
0.906621
0.689127
0.608037
1.038650
0.888890
1.591815
0.984814
0.563753
0.705012
0.818226
0.583660
0.926986
0.692049
0.736856
0.718655
0.664661
0.735801
0.710666
0.727796
0.911341
0.832876
0.755526
0.790578
0.873678
0.642774
0.818507
0.660254
0.812920
0.543857
0.602969
0.678141
0.530667
0.476173
0.595225
0.642463
0.627746
0.585860
0.625011
0.579976
0.664731
0.847180
0.674402
0.609415
0.539631
0.579723
0.674990
0.575753
0.624206
0.615100
0.654283
0.651536
0.698913
0.663369
0.511778
0.667841
0.598295
0.639240
0.593789
0.564390
0.578413
0.653239
0.611231
0.594949
0.573714
0.662341
0.676897
0.743987
0.713735
0.606141
0.697241
0.530287
0.469395
0.394500
0.503388
0.592464
0.616679
0.608713
0.413971
0.370902
0.448866
0.507332
0.454134
0.725454
0.569369
0.554435
0.688521
0.590984
0.494765
0.472705
0.477592
0.421160
0.787973
0.573257
0.592735
0.428543
0.624256
0.738669
0.514825
0.459865
0.512641
0.623842
0.592900
0.650657
0.558254
0.530900
0.712316
0.399479
0.564266
0.649373
0.552071
0.555343
0.750252
0.643504
0.540313
0.399772
0.611127
0.469197
0.528099
0.269009
0.916569
0.258232
0.541350
0.236834
0.552772
0.361463
0.583455
0.685672
4.190912
0.740742
0.254667
0.356554
0.517920
0.546829
0.500661
1.336435
0.804917
0.223868
0.646251
1.268203
0.254964
0.197319
0.471033
0.274261
0.288548
0.789994
0.636061
0.915669
2.025904
0.379446
0.477610
0.330013
0.231310
0.607242
0.577011
0.499590
0.485556
0.574284
0.516707
0.362959
0.465001
0.514017
0.208333
0.696267
0.366350
0.478079
0.700365
0.611778
0.510860
0.379441
1.107119
0.591365
0.442831
1.498369
1.116208
0.815749
0.548776
0.495030
0.613990
0.392154
0.634164
0.203186
0.867100
0.431335
0.929238
0.813546
0.924260
0.415805
0.503941
0.315626
0.423822
0.315166
0.451287
0.276259
0.692285
0.747708
0.703737
0.408944
0.448572
0.469746
0.980024
0.497295
0.510193
0.613575
0.645357
0.290434
0.349590
0.508787
0.605987
0.424176
0.839012
0.385693
0.720064
0.458719
0.647116
0.628071
0.478156
0.524014
0.622538
0.566579
0.783775
0.419563
0.389282
0.692574
0.464377
0.475977
0.429617
0.556933
0.690377
0.412918
0.484111
0.635202
0.531133
0.785230
0.643799
1.083531
0.354983
1.246345
0.316815
0.743629
0.428695
0.314742
0.382109
0.565020
0.531211
0.508448
0.307622
0.535060
0.392490
0.588294
0.611286
0.627050
0.484089
0.656513
0.397155
0.461878
0.268190
0.541081
0.513125
0.213923
1.066714
0.902347
0.462802
0.291895
0.567344
0.342861
0.660472
0.490042
0.449697
0.312663
0.583007
0.659546
0.518387
0.544296
0.718051
0.542201
0.761109
0.774719
0.681125
0.642643
0.825102
0.379260
0.278368
1.065607
0.373472
0.649898
0.448973
0.356337
0.591618
0.409936
0.637831
0.564652
0.258546
1.274996
0.337021
0.163031
0.413799
0.628638
0.804339
0.908971
0.333484
0.286954
0.412679
0.678422
0.317325
0.481447
1.061875
0.486606
0.680544
0.878673
0.385969
0.533348
0.820782
0.488213
0.570750
1.367448
0.580436
1.880634
1.193464
1.722259
1.430009
0.375283
0.899541
0.821901
0.760036
1.760960
0.907917
0.779557
0.913357
0.849065
0.832618
1.206026
1.549166
1.105989
1.407821
0.563870
1.298959
0.962256
1.266034
0.691392
1.027087
1.434508
0.950881
1.247200
1.071392
1.029363
0.802513
1.051667
0.686967
0.906585
0.689097
0.608015
1.038494
0.888786
1.591629
0.984746
0.563723
0.704998
0.818249
0.583654
0.926948
0.691995
0.736823
0.718637
0.664681
0.735777
0.710647
0.727750
0.911305
0.832807
0.755509
0.790560
0.873652
0.642756
0.818482
0.660257
0.812905
0.543847
0.602935
0.678114
0.530679
0.476166
0.595208
0.642448
0.627712
0.585859
0.625019
0.579965
0.664748
0.847206
0.674404
0.609403
0.539626
0.579711
0.674968
0.575735
0.624203
0.615085
0.654273
0.651508
0.698865
0.663372
0.511776
0.667828
0.598261
0.639219
0.593764
0.564357
0.578396
0.653217
0.611214
0.594934
0.573712
0.662339
0.676902
0.743986
0.713712
0.606119
0.697222
0.530274
0.469382
0.394492
0.503381
0.592460
0.616674
0.608711
0.413971
0.370902
0.448867
0.507331
0.454133
0.725456
0.569376
0.554446
0.688531
0.591004
0.494764
0.472697
0.477589
0.421175
0.787972
0.573246
0.592730
0.428542
0.624268
0.738641
0.514824
0.459861
0.512652
0.623844
0.592901
0.650683
0.558241
0.530890
0.712312
0.399480
0.564285
0.649379
0.552078
0.555359
0.750238
0.643508
0.540299
0.399781
0.611125
0.469179
0.528056
0.269032
0.916606
0.258237
0.541394
0.236849
0.552816
0.361439
0.583453
0.685720
4.190699
0.740788
0.254653
0.356553
0.517963
0.546870
0.500659
1.336354
0.804959
0.223880
0.646262
1.268157
0.254994
0.197332
0.471049
0.274269
0.288569
0.790042
0.636028
0.915625
2.025740
0.379402
0.477700
0.330098
0.231337
0.607314
0.577052
0.499550
0.485588
0.574298
0.516712
0.362954
0.465044
0.514044
0.208317
0.696279
0.366355
0.478120
0.700431
0.611780
0.510907
0.379477
1.107033
0.591365
0.442774
1.498312
1.116106
0.815783
0.548810
0.495011
0.613973
0.392136
0.634135
0.203202
0.867106
0.431318
0.929186
0.813596
0.924255
0.415792
0.503941
0.315631
0.423824
0.315161
0.451295
0.276261
0.692277
0.747727
0.703688
0.408914
0.448568
0.469737
0.980024
0.497331
0.510223
0.613585
0.645341
0.290451
0.349594
0.508793
0.605982
0.424194
0.838980
0.385699
0.720071
0.458698
0.647125
0.628094
0.478143
0.524051
0.622561
0.566572
0.783754
0.419577
0.389287
0.692577
0.464360
0.476011
0.429638
0.556958
0.690361
0.412918
0.484077
0.635177
0.531143
0.785187
0.643821
1.083501
0.354988
1.246339
0.316811
0.743619
0.428718
0.314762
0.382117
0.565025
0.531172
0.508447
0.307630
0.535057
0.392479
0.588319
0.611320
0.627046
0.484100
0.656501
0.397157
0.461911
0.268177
0.541089
0.513137
0.213918
1.066700
0.902339
0.462808
0.291899
0.567320
0.342878
0.660465
0.490071
0.449706
0.312666
0.583003
0.659531
0.518419
0.544324
0.718021
0.542192
0.761101
0.774766
0.681125
0.642647
0.825108
0.379283
0.278389
1.065591
0.373480
0.649859
0.449002
0.356348
0.591598
0.409932
0.637815
0.564660
0.258550
1.274975
0.337020
0.163041
0.413797
0.628630
0.804306
0.908954
0.333489
0.286963
0.412665
0.678404
0.317336
0.481452
1.061831
0.486605
0.680520
0.878637
0.385971
0.533330
0.820767
0.488205
0.570736
1.367423
0.580409
1.880598
1.193417
1.722227
1.429993
0.375279
0.899535
0.821898
0.760034
1.760962
0.907925
0.779565
0.913349
0.849077
0.832641
1.206059
1.549221
1.106043
1.407879
0.563844
1.299037
0.962323
1.266117
0.691474
1.027115
1.434616
0.950870
1.247306
1.071503
1.029328
0.802491
1.051629
0.686963
0.906553
0.689074
0.608001
1.038366
0.888694
1.591476
0.984682
0.563700
0.704988
0.818267
0.583647
0.926917
0.691949
0.736796
0.718620
0.664699
0.735758
0.710631
0.727711
0.911274
0.832752
0.755492
0.790545
0.873630
0.642745
0.818464
0.660258
0.812892
0.543839
0.602907
0.678092
0.530690
0.476161
0.595196
0.642439
0.627684
0.585853
0.625021
0.579957
0.664766
0.847230
0.674405
0.609399
0.539624
0.579701
0.674949
0.575720
0.624202
0.615074
0.654265
0.651485
0.698826
0.663371
0.511771
0.667816
0.598235
0.639203
0.593742
0.564338
0.578385
0.653196
0.611203
0.594925
0.573708
0.662342
0.676908
0.743981
0.713697
0.606107
0.697211
0.530262
0.469375
0.394487
0.503375
0.592455
0.616671
0.608712
0.413967
0.370905
0.448872
0.507331
0.454135
0.725458
0.569385
0.554456
0.688539
0.591021
0.494763
0.472690
0.477592
0.421189
0.787969
0.573233
0.592728
0.428538
0.624281
0.738614
0.514826
0.459856
0.512661
0.623841
0.592901
0.650711
0.558225
0.530880
0.712312
0.399483
0.564303
0.649391
0.552084
0.555372
0.750227
0.643510
0.540281
0.399785
0.611127
0.469168
0.528013
0.269057
0.916639
0.258246
0.541424
0.236863
0.552860
0.361420
0.583449
0.685774
4.190551
0.740831
0.254639
0.356551
0.518005
0.546908
0.500660
1.336316
0.804990
0.223890
0.646278
1.268151
0.255013
0.197338
0.471057
0.274273
0.288586
0.790081
0.636010
0.915606
2.025651
0.379388
0.477666
0.330072
0.231336
0.607321
0.577088
0.499516
0.485614
0.574310
0.516718
0.362951
0.465087
0.514075
0.208302
0.696295
0.366366
0.478162
0.700488
0.611782
0.510952
0.379511
1.106946
0.591365
0.442719
1.498258
1.116008
0.815814
0.548844
0.494990
0.613956
0.392118
0.634108
0.203206
0.867109
0.431301
0.929132
0.813645
0.924247
0.415783
0.503942
0.315630
0.423829
0.315158
0.451297
0.276263
0.692267
0.747746
0.703642
0.408875
0.448564
0.469729
0.980020
0.497360
0.510243
0.613595
0.645330
0.290469
0.349596
0.508798
0.605974
0.424208
0.838951
0.385701
0.720085
0.458677
0.647126
0.628115
0.478130
0.524086
0.622584
0.566562
0.783732
0.419589
0.389296
0.692576
0.464341
0.476042
0.429658
0.556980
0.690346
0.412918
0.484040
0.635150
0.531148
0.785143
0.643838
1.083464
0.354997
1.246333
0.316805
0.743605
0.428740
0.314783
0.382124
0.565032
0.531125
0.508448
0.307639
0.535051
0.392464
0.588343
0.611357
0.627039
0.484110
0.656489
0.397150
0.461944
0.268165
0.541091
0.513142
0.213917
1.066680
0.902331
0.462814
0.291901
0.567294
0.342891
0.660461
0.490099
0.449712
0.312672
0.582996
0.659516
0.518446
0.544352
0.717991
0.542184
0.761097
0.774811
0.681123
0.642650
0.825109
0.379306
0.278408
1.065573
0.373485
0.649818
0.449024
0.356359
0.591574
0.409925
0.637798
0.564667
0.258553
1.274957
0.337015
0.163047
0.413790
0.628619
0.804277
0.908934
0.333490
0.286972
0.412651
0.678388
0.317346
0.481456
1.061791
0.486602
0.680495
0.878593
0.385972
0.533304
0.820754
0.488195
0.570726
1.367395
0.580384
1.880557
1.193358
1.722193
1.429975
0.375269
0.899528
0.821892
0.760030
1.760959
0.907922
0.779571
0.913346
0.849085
0.832654
1.206084
1.549263
1.106085
1.407926
0.563823
1.299101
0.962383
1.266188
0.691539
1.027136
1.434706
0.950859
1.247391
1.071597
1.029297
0.802474
1.051596
0.686955
0.906524
0.689053
0.607987
1.038255
0.888612
1.591346
0.984629
0.563680
0.704982
0.818283
0.583639
0.926890
0.691907
0.736773
0.718605
0.664715
0.735741
0.710614
0.727677
0.911250
0.832703
0.755477
0.790532
0.873608
0.642737
0.818441
0.660257
0.812877
0.543839
0.602885
0.678072
0.530694
0.476159
0.595185
0.642427
0.627659
0.585851
0.625024
0.579950
0.664779
0.847250
0.674403
0.609394
0.539622
0.579691
0.674936
0.575698
0.624197
0.615063
0.654263
0.651473
0.698789
0.663374
0.511769
0.667807
0.598211
0.639190
0.593724
0.564316
0.578372
0.653178
0.611194
0.594914
0.573703
0.662341
0.676908
0.743984
0.713679
0.606095
0.697192
0.530246
0.469360
0.394483
0.503370
0.592463
0.616670
0.608708
0.413969
0.370904
0.448869
0.507330
0.454136
0.725461
0.569392
0.554466
0.688540
0.591035
0.494762
0.472677
0.477585
0.421195
0.787969
0.573219
0.592731
0.428537
0.624295
0.738590
0.514826
0.459848
0.512664
0.623843
0.592902
0.650734
0.558214
0.530868
0.712310
0.399487
0.564320
0.649397
0.552092
0.555386
0.750211
0.643502
0.540270
0.399785
0.611128
0.469156
0.527973
0.269082
0.916673
0.258250
0.541462
0.236875
0.552895
0.361401
0.583445
0.685816
4.190397
0.740867
0.254626
0.356544
0.518042
0.546940
0.500663
1.336259
0.805019
0.223903
0.646293
1.268133
0.255035
0.197348
0.471065
0.274281
0.288601
0.790120
0.635985
0.915575
2.025544
0.379361
0.477693
0.330099
0.231347
0.607357
0.577123
0.499481
0.485639
0.574320
0.516722
0.362944
0.465122
0.514094
0.208289
0.696312
0.366372
0.478198
0.700534
0.611792
0.510985
0.379540
1.106870
0.591363
0.442672
1.498208
1.115921
0.815842
0.548875
0.494973
0.613939
0.392100
0.634080
0.203213
0.867116
0.431285
0.929085
0.813688
0.924238
0.415772
0.503938
0.315631
0.423833
0.315155
0.451298
0.276265
0.692253
0.747760
0.703603
0.408846
0.448561
0.469719
0.980010
0.497389
0.510271
0.613598
0.645313
0.290486
0.349599
0.508806
0.605965
0.424223
0.838924
0.385712
0.720092
0.458656
0.647129
0.628131
0.478115
0.524115
0.622604
0.566552
0.783716
0.419598
0.389302
0.692578
0.464324
0.476067
0.429675
0.557005
0.690331
0.412916
0.484015
0.635125
0.531150
0.785100
0.643856
1.083434
0.354996
1.246320
0.316802
0.743600
0.428760
0.314795
0.382127
0.565038
0.531085
0.508449
0.307646
0.535047
0.392455
0.588362
0.611383
0.627034
0.484117
0.656475
0.397141
0.461973
0.268152
0.541098
0.513152
0.213916
1.066666
0.902318
0.462820
0.291907
0.567272
0.342897
0.660453
0.490123
0.449719
0.312672
0.582991
0.659503
0.518466
0.544371
0.717964
0.542174
0.761092
0.774855
0.681119
0.642661
0.825114
0.379325
0.278424
1.065560
0.373491
0.649779
0.449043
0.356371
0.591557
0.409920
0.637787
0.564672
0.258553
1.274939
0.337007
0.163054
0.413789
0.628613
0.804251
0.908918
0.333492
0.286980
0.412639
0.678374
0.317355
0.481458
1.061751
0.486592
0.680469
0.878554
0.385976
0.533288
0.820740
0.488186
0.570715
1.367373
0.580358
1.880513
1.193305
1.722158
1.429951
0.375264
0.899521
0.821884
0.760028
1.760956
0.907924
0.779576
0.913341
0.849086
0.832666
1.206104
1.549307
1.106119
1.407968
0.563801
1.299159
0.962431
1.266250
0.691596
1.027156
1.434787
0.950848
1.247466
1.071681
1.029270
0.802456
1.051568
0.686948
0.906500
0.689035
0.607973
1.038155
0.888543
1.591227
0.984581
0.563655
0.704976
0.818298
0.583629
0.926866
0.691876
0.736754
0.718590
0.664728
0.735728
0.710601
0.727648
0.911227
0.832654
0.755461
0.790520
0.873588
0.642722
0.818426
0.660256
0.812860
0.543831
0.602867
0.678062
0.530704
0.476159
0.595170
0.642419
0.627638
0.585847
0.625022
0.579941
0.664791
0.847262
0.674402
0.609388
0.539619
0.579680
0.674924
0.575681
0.624193
0.615054
0.654258
0.651454
0.698760
0.663377
0.511762
0.667801
0.598192
0.639175
0.593705
0.564296
0.578358
0.653165
0.611182
0.594903
0.573692
0.662337
0.676902
0.743980
0.713660
0.606081
0.697181
0.530237
0.469350
0.394479
0.503363
0.592459
0.616665
0.608705
0.413969
0.370899
0.448867
0.507327
0.454135
0.725462
0.569399
0.554465
0.688551
0.591049
0.494756
0.472673
0.477588
0.421204
0.787964
0.573207
0.592723
0.428535
0.624306
0.738566
0.514827
0.459846
0.512670
0.623846
0.592907
0.650757
0.558203
0.530861
0.712311
0.399488
0.564336
0.649404
0.552096
0.555394
0.750202
0.643506
0.540258
0.399789
0.611130
0.469137
0.527941
0.269100
0.916701
0.258259
0.541494
0.236881
0.552932
0.361380
0.583441
0.685854
4.190246
0.740903
0.254611
0.356546
0.518077
0.546966
0.500660
1.336208
0.805048
0.223912
0.646304
1.268110
0.255056
0.197356
0.471078
0.274285
0.288617
0.790155
0.635968
0.915550
2.025442
0.379337
0.477713
0.330121
0.231355
0.607383
0.577153
0.499452
0.485668
0.574332
0.516727
0.362940
0.465154
0.514115
0.208273
0.696316
0.366378
0.478230
0.700584
0.611792
0.511019
0.379567
1.106795
0.591354
0.442623
1.498155
1.115833
0.815873
0.548913
0.494949
0.613915
0.392079
0.634041
0.203228
0.867131
0.431267
0.929022
0.813765
0.924227
0.415760
0.503936
0.315638
0.423837
0.315152
0.451303
0.276266
0.692248
0.747774
0.703570
0.408821
0.448559
0.469717
0.980011
0.497417
0.510292
0.613608
0.645299
0.290502
0.349598
0.508814
0.605966
0.424233
0.838903
0.385715
0.720100
0.458640
0.647136
0.628146
0.478107
0.524142
0.622619
0.566542
0.783701
0.419608
0.389305
0.692578
0.464309
0.476090
0.429683
0.557025
0.690313
0.412917
0.483988
0.635107
0.531156
0.785068
0.643870
1.083414
0.354999
1.246317
0.316798
0.743595
0.428775
0.314804
0.382131
0.565040
0.531056
0.508450
0.307652
0.535046
0.392447
0.588381
0.611407
0.627027
0.484124
0.656462
0.397141
0.461997
0.268144
0.541096
0.513157
0.213916
1.066650
0.902316
0.462822
0.291912
0.567252
0.342906
0.660451
0.490140
0.449725
0.312675
0.582987
0.659492
0.518486
0.544390
0.717942
0.542163
0.761087
0.774884
0.681122
0.642667
0.825118
0.379340
0.278440
1.065553
0.373494
0.649752
0.449062
0.356378
0.591536
0.409916
0.637775
0.564674
0.258549
1.274919
0.337006
0.163059
0.413782
0.628605
0.804227
0.908906
0.333494
0.286987
0.412632
0.678360
0.317361
0.481458
1.061720
0.486588
0.680447
0.878524
0.385979
0.533275
0.820728
0.488182
0.570704
1.367353
0.580338
1.880482
1.193255
1.722125
1.429932
0.375257
0.899518
0.821888
0.760028
1.760952
0.907927
0.779582
0.913336
0.849093
0.832683
1.206124
1.549344
1.106158
1.407999
0.563781
1.299206
0.962472
1.266296
0.691649
1.027177
1.434856
0.950840
1.247534
1.071753
