12.174633
12.451484
12.381744
12.447091
12.237807
11.690268
12.084199
11.548450
12.168919
11.447548
11.203391
12.044376
11.389933
11.101351
11.056129
10.482757
10.688998
10.584801
10.467751
9.837995
9.745252
9.748879
10.112096
9.805964
9.261918
8.752833
9.078919
9.021270
8.402102
8.119427
8.044780
7.796863
8.314538
7.876194
7.492060
7.301237
7.334799
7.544980
7.204921
6.887056
6.607899
6.513912
6.670255
6.296422
6.376051
6.077782
5.811669
5.797289
5.215127
5.674527
5.428430
5.449136
5.096590
5.166849
4.923280
4.990429
4.802002
4.815518
4.735470
4.526192
4.453603
4.267698
4.161638
4.237303
3.914828
3.758936
3.831846
3.778644
3.523566
3.637242
3.722147
3.462105
3.280025
3.419923
3.309003
3.187625
3.274919
2.990309
3.213600
2.964218
2.986612
2.862445
2.866333
2.540056
2.398110
2.654472
2.478829
2.430092
2.478589
2.179854
2.443355
2.207523
2.234014
2.135849
2.189281
2.257907
2.201262
1.986436
1.952484
1.994007
1.905282
2.005999
1.825326
1.738710
1.808330
1.921575
1.586131
1.497921
1.759665
1.776019
1.530089
1.529973
1.537095
1.437037
1.419307
1.373688
1.340309
1.448831
1.332117
1.280931
1.258693
1.206884
1.314724
1.247830
1.120497
1.235384
1.173711
1.161231
1.101931
1.214396
1.219020
1.042823
1.058940
1.034608
1.033958
1.056942
1.002595
1.042050
1.081607
0.922540
0.930831
0.952619
0.981840
0.835556
0.909017
0.895437
0.857294
0.838238
0.769719
0.834342
0.773805
0.817602
0.727048
0.886049
0.734008
0.780747
0.787663
0.663209
0.817589
0.649684
0.623862
0.628639
0.672533
0.595131
0.566209
0.544646
0.692836
0.592396
0.614077
0.580877
0.700839
0.591634
0.614655
0.585096
0.564301
0.538208
0.556399
0.517856
0.566908
0.466726
0.605700
0.522599
0.520595
0.460150
0.525087
0.585783
0.516545
0.504740
0.580630
0.500334
0.460352
0.480214
0.429871
0.464631
0.463539
0.437163
0.407312
0.486643
0.555456
0.417348
0.421583
0.407373
0.407750
0.321766
0.335723
0.403399
0.507052
0.389870
0.358410
0.454445
0.389163
0.346587
0.355902
0.346255
0.362101
0.425042
0.366084
0.342384
0.369633
0.370292
0.356396
0.388085
0.394636
0.279386
0.352091
0.315094
0.324350
0.334890
0.307356
0.401285
0.337290
0.307272
0.309048
0.333203
0.298330
0.296174
0.383038
0.327393
0.365955
0.392452
0.358071
0.250463
0.310109
0.301168
0.297898
0.262603
0.294642
0.397072
0.301986
0.257642
0.323811
0.224830
0.273075
0.288432
0.271244
0.251973
0.367785
0.283523
0.316605
0.303908
0.304489
0.280902
0.288425
0.301091
0.307779
0.296666
0.267399
0.254717
0.254068
0.249137
0.267602
0.312412
0.252221
0.325014
0.291683
0.350019
0.296574
0.281331
0.289784
0.239622
0.265298
0.260839
0.313277
0.252620
0.234969
0.284963
0.403905
0.263137
0.266664
0.272324
0.347567
0.272813
0.296963
0.240944
0.341747
0.285899
0.275430
0.271077
0.226103
0.261505
0.280631
0.228671
0.296228
0.293030
0.249022
0.344161
0.195514
0.280612
0.244475
0.285264
0.262026
0.304139
0.285384
0.227888
0.307663
0.333501
0.279465
0.282093
0.293351
0.294280
0.273509
0.232215
0.265813
0.246003
0.207974
0.279309
0.292766
0.214016
0.274095
0.301133
0.235799
0.236576
0.314494
0.242659
0.199394
0.249392
0.312298
0.229657
0.280171
0.170971
0.318900
0.266661
0.250990
0.319808
0.232095
0.270003
0.230193
0.244247
0.251821
0.286057
0.201480
0.241824
0.289920
0.216353
0.266149
0.241941
0.272184
0.311268
0.228463
0.263820
0.250863
0.240948
0.264664
0.292660
0.253013
0.245524
0.214165
0.234193
0.269394
0.286767
0.285912
0.291013
0.185781
0.221791
0.236201
0.219123
0.326308
0.219407
0.260701
0.247637
0.230406
0.320742
0.248952
0.320770
0.234238
0.252205
0.256179
0.263467
0.212220
0.307337
0.246524
0.285679
0.249241
0.279009
0.318505
0.217991
0.202759
0.187985
0.250146
0.302951
0.207843
0.239792
0.258109
0.257061
0.292040
0.289685
0.277021
0.240722
0.259565
0.292119
0.262844
0.257540
0.204230
0.276329
0.257835
0.242512
0.281082
0.208862
0.241567
0.249626
0.220870
0.270847
0.214933
0.215821
0.260047
0.219451
0.257323
0.308442
0.286021
0.245918
0.265846
0.313227
0.256367
0.240345
0.211614
0.353764
0.215915
0.183406
0.268544
0.214762
0.200111
0.255001
0.243886
0.222893
0.263703
0.202243
0.259183
0.228163
0.418448
0.331165
0.290524
0.245421
0.355415
0.389444
0.333383
0.346776
0.342924
0.259077
0.322331
0.270737
0.357991
0.321230
0.246992
0.350576
0.287217
0.231227
0.227464
0.292546
0.335432
0.319328
0.195295
0.327842
0.260362
0.338275
0.278842
0.301544
0.238964
0.321497
0.259708
0.331884
0.208220
0.197117
0.282837
0.277740
0.282126
0.219437
0.286620
0.316640
0.325326
0.223450
0.209173
0.195857
0.276849
0.237881
0.254686
0.295983
0.221030
0.297590
0.288404
0.209137
0.230694
0.262075
0.244044
0.213442
0.243894
0.238910
0.256754
0.266641
0.221872
0.285796
0.290483
0.178990
0.332132
0.267219
0.249584
0.287830
0.297413
0.271367
0.428826
0.238596
0.355329
0.299932
0.326076
0.196401
0.343181
0.240012
0.323267
0.310963
0.264784
0.241012
0.304661
0.261388
0.295498
0.291591
0.263647
0.290822
0.274870
0.327150
0.253129
0.264875
0.218037
0.228415
0.299467
0.311027
0.280880
0.281111
0.285918
0.200937
0.299105
0.302567
0.288032
0.204410
0.325603
0.429392
0.326238
0.327944
0.286188
0.277743
0.255837
0.214693
0.265491
0.213372
0.289004
0.277368
0.313716
0.294459
0.221851
0.348547
0.274946
0.253017
0.295211
0.395446
0.325225
0.341185
0.302711
0.236588
0.257536
0.253218
0.295002
0.236091
0.252249
0.216588
0.274155
0.335551
0.242044
0.283824
0.345153
0.254357
0.284479
0.400265
0.232123
0.243018
0.235987
0.248908
0.362841
0.272161
0.321250
0.311432
0.205417
0.293886
0.257075
0.295544
0.247920
0.280141
0.315539
0.274065
0.334911
0.247636
0.248363
0.229804
0.291842
0.271085
0.246395
0.216825
0.421940
0.276383
0.321842
0.207587
0.341978
0.212952
0.329438
0.257648
0.259446
0.195181
0.254822
0.278484
0.198234
0.228052
0.344502
0.277963
0.330082
0.225436
0.274975
0.328948
0.305391
0.231811
0.375323
0.287944
0.204925
0.253152
0.226735
0.241407
0.244764
0.272677
0.202248
0.336748
0.396833
0.267730
0.311489
0.218521
0.297298
0.200441
0.235776
0.317643
0.320775
0.297325
0.197995
0.323603
0.289412
0.218853
0.255132
0.268983
0.263884
0.309667
0.223332
0.234455
0.279759
0.269140
0.251527
0.320257
0.277286
0.206339
0.236896
0.214640
0.248907
0.265226
0.222971
0.301539
0.282999
0.235800
0.229980
0.244763
0.218539
0.249221
0.338122
0.219554
0.321370
0.323532
0.296694
0.186818
0.261745
0.243484
0.250511
0.210965
0.230819
0.366414
0.260024
0.182604
0.284668
0.188231
0.246622
0.228531
0.235678
0.180633
0.322165
0.251966
0.255534
0.256070
0.275601
0.250037
0.262192
0.280700
0.270707
0.252957
0.242799
0.234866
0.225200
0.212565
0.217824
0.306748
0.203845
0.314572
0.264642
0.319591
0.281207
0.265813
0.259922
0.220000
0.237686
0.230618
0.295862
0.226695
0.210511
0.270646
0.387921
0.233469
0.248880
0.260621
0.330847
0.268662
0.279266
0.216999
0.325754
0.263257
0.262823
0.261562
0.212519
0.246865
0.272589
0.220332
0.288436
0.291067
0.229225
0.341443
0.185587
0.260181
0.228977
0.266124
0.250692
0.294177
0.269938
0.221144
0.299576
0.324358
0.269999
0.271984
0.286375
0.282593
0.269066
0.225020
0.258523
0.234863
0.203289
0.275176
0.282875
0.207386
0.266086
0.297966
0.231187
0.229934
0.309680
0.238704
0.199396
0.236920
0.308286
0.225600
0.275720
0.166490
0.311887
0.262436
0.247691
0.318238
0.229371
0.265289
0.229372
0.237639
0.245100
0.285798
0.189516
0.239863
0.286214
0.212814
0.262717
0.242437
0.271685
0.311940
0.226466
0.262954
0.251160
0.240755
0.264435
0.293362
0.252208
0.244711
0.212594
0.234089
0.269694
0.286780
0.286265
0.292119
0.184655
0.221763
0.236011
0.219319
0.327618
0.219210
0.260550
0.247940
0.230478
0.321294
0.248697
0.322982
0.234101
0.252634
0.256713
0.263597
0.210057
0.309405
0.244444
0.284595
0.253744
0.280480
0.318953
0.217646
0.202852
0.186273
0.250714
0.303334
0.207893
0.238945
0.257002
0.256123
0.291900
0.289760
0.276787
0.241240
0.259921
0.293050
0.263128
0.258002
0.204514
0.276867
0.257939
0.245102
0.281167
0.209129
0.242766
0.251239
0.220552
0.271623
0.215504
0.216261
0.259730
0.217704
0.258132
0.308687
0.286592
0.246673
0.268326
0.313270
0.261352
0.244221
0.217677
0.358901
0.223853
0.186511
0.271318
0.220679
0.206010
0.261462
0.248791
0.225881
0.267107
0.205245
0.266109
0.235639
0.424832
0.337211
0.294708
0.249673
0.361774
0.393585
0.338983
0.350580
0.350260
0.263363
0.325360
0.277233
0.363515
0.325253
0.250403
0.355108
0.290897
0.232443
0.229037
0.293635
0.335669
0.319962
0.194529
0.327828
0.260327
0.338109
0.276714
0.298898
0.238341
0.320973
0.259199
0.331399
0.205990
0.195384
0.282634
0.277597
0.280840
0.215311
0.284476
0.315359
0.325143
0.221634
0.207073
0.194916
0.274936
0.236658
0.253204
0.295059
0.222181
0.296616
0.286073
0.207564
0.230975
0.262032
0.244169
0.213382
0.243831
0.239234
0.256979
0.266920
0.220300
0.284929
0.289515
0.177117
0.331765
0.267010
0.248877
0.286769
0.297245
0.269189
0.427211
0.238640
0.355936
0.300517
0.324960
0.196594
0.344124
0.240193
0.323985
0.311607
0.265569
0.241361
0.305323
0.260980
0.295311
0.294440
0.264085
0.291420
0.275425
0.327800
0.253652
0.265343
0.218255
0.228541
0.299976
0.310355
0.281541
0.281780
0.285372
0.201488
0.299240
0.303325
0.288299
0.204537
0.326005
0.431719
0.326376
0.328690
0.283065
0.273092
0.254274
0.211256
0.263023
0.211884
0.285560
0.277120
0.313408
0.291054
0.219989
0.348819
0.274257
0.252741
0.291920
0.395198
0.324771
0.340704
0.301933
0.234204
0.257194
0.249748
0.293578
0.235563
0.251816
0.215670
0.273564
0.334938
0.241144
0.282934
0.344073
0.254360
0.284205
0.399649
0.229778
0.242706
0.235025
0.248397
0.362816
0.271872
0.322150
0.308935
0.203679
0.293419
0.256956
0.294751
0.247480
0.279477
0.314952
0.273966
0.334718
0.247500
0.248485
0.229553
0.292775
0.271182
0.246871
0.218517
0.423261
0.279237
0.323384
0.212348
0.348188
0.219085
0.332767
0.261755
0.264405
0.200833
0.258954
0.279641
0.205949
0.229757
0.349039
0.280937
0.331349
0.228030
0.279181
0.334249
0.308367
0.237322
0.378788
0.291395
0.208520
0.257362
0.230654
0.245778
0.249402
0.274391
0.204491
0.338061
0.399036
0.268561
0.311880
0.220916
0.297815
0.200551
0.236015
0.317912
0.323299
0.297672
0.201066
0.325287
0.290538
0.218884
0.255282
0.269093
0.262154
0.307302
0.222066
0.233903
0.278875
0.268383
0.250654
0.320449
0.273332
0.205986
0.238582
0.215646
0.249682
0.264792
0.223943
0.303205
0.283438
0.235838
0.231080
0.246157
0.219659
0.249313
0.339612
0.224291
0.323013
0.327071
0.298728
0.189241
0.263476
0.244632
0.251322
0.211912
0.232349
0.367039
0.260760
0.184531
0.285495
0.188768
0.247041
0.227824
0.235420
0.179502
0.321347
0.251736
0.254526
0.255271
0.275277
0.249727
0.261708
0.280483
0.270427
0.252080
0.242865
0.234905
0.224997
0.212061
0.217047
0.306780
0.199665
0.314349
0.263023
0.317236
0.280157
0.264989
0.257282
0.218831
0.236053
0.227922
0.294711
0.224812
0.208833
0.269921
0.383114
0.227080
0.244910
0.258705
0.326324
0.269538
0.276024
0.210801
0.321635
0.258365
0.260471
0.258854
0.209022
0.243969
0.271204
0.219196
0.286740
0.290625
0.224134
0.339894
0.184611
0.254861
0.225869
0.261559
0.247116
0.291460
0.266769
0.218455
0.296436
0.320451
0.267203
0.268926
0.285979
0.275748
0.268537
0.223110
0.255945
0.228439
0.202037
0.271651
0.276940
0.204684
0.260867
0.294279
0.228323
0.227702
0.306272
0.236184
0.200852
0.232173
0.305801
0.224372
0.273454
0.165411
0.308273
0.259999
0.246240
0.316713
0.227597
0.263262
0.229976
0.234003
0.241908
0.285491
0.185687
0.238948
0.285720
0.208449
0.257857
0.242321
0.268961
0.308726
0.223298
0.264091
0.244936
0.236189
0.255616
0.289326
0.245114
0.239998
0.208752
0.231751
0.264973
0.283744
0.283196
0.287170
0.177312
0.216156
0.227998
0.215645
0.322198
0.215011
0.252533
0.240720
0.229882
0.320473
0.246766
0.314561
0.233298
0.247385
0.251546
0.261079
0.204936
0.309503
0.240684
0.281889
0.248845
0.278087
0.317496
0.214383
0.201829
0.184327
0.247778
0.300169
0.206809
0.237478
0.255345
0.254836
0.290032
0.289478
0.272324
0.238689
0.257786
0.288615
0.260190
0.252915
0.200883
0.273899
0.256567
0.240499
0.281531
0.206250
0.239625
0.244486
0.219254
0.265515
0.210462
0.211089
0.255152
0.211185
0.254424
0.299675
0.283402
0.241305
0.261720
0.312965
0.251983
0.237424
0.206805
0.348601
0.209197
0.181276
0.266340
0.208804
0.195693
0.249446
0.240186
0.220884
0.260842
0.199375
0.252590
0.221738
0.411235
0.325132
0.286566
0.241715
0.348768
0.384163
0.327609
0.342024
0.335840
0.254262
0.318381
0.265234
0.352151
0.316893
0.243777
0.344667
0.283527
0.227542
0.223484
0.290155
0.330173
0.310358
0.187172
0.316250
0.257038
0.334246
0.270535
0.292222
0.237141
0.320971
0.254943
0.331661
0.199484
0.192466
0.281328
0.274879
0.274693
0.209809
0.276881
0.308350
0.319459
0.220349
0.201316
0.194448
0.268938
0.232545
0.249633
0.286502
0.225252
0.292545
0.281780
0.205448
0.226408
0.258910
0.241190
0.208379
0.241297
0.230023
0.247987
0.262342
0.214248
0.280092
0.282109
0.172312
0.327980
0.264899
0.242134
0.280719
0.292303
0.267916
0.417876
0.235980
0.348796
0.293245
0.319256
0.193664
0.333445
0.237321
0.315379
0.303904
0.257447
0.236951
0.297976
0.260200
0.293090
0.285220
0.259985
0.286134
0.270130
0.323594
0.247168
0.261616
0.217376
0.228639
0.295443
0.304401
0.273929
0.274994
0.281637
0.196694
0.296832
0.295998
0.284424
0.202923
0.322024
0.423562
0.326230
0.326693
0.275547
0.267747
0.250034
0.208513
0.257989
0.210684
0.282174
0.274591
0.308943
0.285072
0.218978
0.344533
0.272269
0.252894
0.284121
0.385375
0.316615
0.333717
0.294997
0.230325
0.252734
0.248814
0.286282
0.230874
0.248714
0.211747
0.267531
0.326545
0.234667
0.276260
0.336918
0.251096
0.278536
0.391107
0.226183
0.238487
0.229546
0.245770
0.355483
0.267338
0.320518
0.300667
0.202573
0.288857
0.252991
0.290294
0.244136
0.273302
0.307754
0.269095
0.331191
0.243531
0.244780
0.228092
0.286190
0.269544
0.244680
0.214629
0.414032
0.269720
0.318765
0.206709
0.334202
0.210245
0.321372
0.255796
0.256478
0.192600
0.251630
0.276578
0.196074
0.225778
0.336000
0.273982
0.322842
0.222789
0.268893
0.321427
0.298656
0.229484
0.370613
0.282350
0.200841
0.251684
0.223843
0.238082
0.239984
0.272466
0.198873
0.329793
0.382763
0.264854
0.307716
0.211616
0.293059
0.198119
0.236837
0.313055
0.309969
0.291256
0.191129
0.313981
0.285139
0.214424
0.251897
0.266502
0.255816
0.299957
0.210750
0.227302
0.270720
0.258344
0.239789
0.318093
0.257899
0.204871
0.226185
0.203683
0.242303
0.260016
0.218155
0.288001
0.275013
0.229593
0.221086
0.235946
0.212877
0.246857
0.331819
0.214972
0.317550
0.313984
0.290227
0.185905
0.256755
0.236081
0.248098
0.207803
0.222283
0.358649
0.255961
0.175924
0.279017
0.188121
0.244281
0.222692
0.230712
0.172061
0.308985
0.247366
0.244766
0.245891
0.269186
0.245060
0.252146
0.273755
0.266210
0.242755
0.240719
0.231652
0.221894
0.207350
0.211707
0.298315
0.191932
0.308557
0.259460
0.309227
0.273187
0.259769
0.248916
0.214443
0.233745
0.221190
0.288701
0.220704
0.204959
0.264410
0.367367
0.219337
0.236113
0.253234
0.313888
0.269637
0.265865
0.204099
0.311076
0.251784
0.254378
0.255119
0.200562
0.239091
0.266220
0.215776
0.279755
0.283178
0.217277
0.328209
0.184200
0.246185
0.222101
0.254994
0.238591
0.283320
0.261226
0.215029
0.286108
0.308363
0.260260
0.261980
0.282116
0.270277
0.266925
0.223085
0.254202
0.224685
0.200372
0.263123
0.271589
0.202909
0.259048
0.284064
0.223192
0.227654
0.299463
0.231116
0.199614
0.226902
0.298432
0.222355
0.266344
0.165006
0.300298
0.254229
0.242475
0.308179
0.222119
0.259168
0.228606
0.229306
0.237277
0.280571
0.182323
0.235365
0.283589
0.204185
0.253404
0.237537
0.263570
0.301734
0.219305
0.262647
0.239179
0.232246
0.249255
0.282174
0.242334
0.239298
0.206575
0.229837
0.259321
0.278387
0.277838
0.278196
0.174528
0.211991
0.223379
0.211833
0.316537
0.212730
0.247907
0.234604
0.228447
0.315901
0.243217
0.306487
0.231609
0.240208
0.244363
0.256841
0.200574
0.305245
0.230528
0.273513
0.239515
0.260897
0.311484
0.206741
0.199344
0.180601
0.240359
0.292250
0.203959
0.232957
0.250567
0.250434
0.279350
0.284718
0.264232
0.230271
0.251364
0.280162
0.256970
0.246927
0.197316
0.267635
0.252694
0.236151
0.276963
0.204252
0.237390
0.240036
0.217613
0.259335
0.206355
0.208527
0.250341
0.206435
0.248025
0.286190
0.277252
0.234674
0.254181
0.310350
0.242692
0.233809
0.201336
0.334117
0.203335
0.178407
0.260482
0.202652
0.191779
0.240168
0.235496
0.217930
0.254187
0.195980
0.239542
0.210784
0.391900
0.311068
0.278510
0.234171
0.332730
0.368270
0.313815
0.328088
0.320576
0.241625
0.306631
0.255562
0.338248
0.305917
0.236669
0.328240
0.274491
0.222671
0.218351
0.282936
0.320418
0.297352
0.182596
0.303691
0.253239
0.325328
0.263516
0.284735
0.233988
0.316565
0.247454
0.327350
0.195476
0.189922
0.277695
0.269596
0.266200
0.205944
0.267577
0.297857
0.309750
0.218891
0.198203
0.194775
0.264112
0.228398
0.244082
0.276140
0.223620
0.288255
0.275859
0.205064
0.220766
0.256862
0.237588
0.205869
0.239326
0.224479
0.242410
0.258589
0.210587
0.274608
0.271891
0.169232
0.320556
0.259657
0.233829
0.272448
0.282937
0.265970
0.405169
0.233965
0.337398
0.286733
0.313240
0.190519
0.318225
0.233218
0.303807
0.292268
0.246474
0.231299
0.287593
0.257632
0.287476
0.275281
0.253768
0.277906
0.262730
0.315543
0.238660
0.255782
0.216877
0.228984
0.288524
0.296118
0.263159
0.264303
0.275497
0.190589
0.292749
0.285526
0.277992
0.200576
0.315369
0.409759
0.323995
0.320719
0.267453
0.260807
0.243628
0.205568
0.250846
0.207482
0.275699
0.270796
0.301413
0.271273
0.215117
0.337566
0.268222
0.253877
0.270661
0.368537
0.303145
0.321944
0.283302
0.223847
0.245584
0.240105
0.273566
0.223227
0.242512
0.205170
0.257294
0.313488
0.223558
0.264835
0.318888
0.245931
0.268866
0.376581
0.219914
0.231516
0.219936
0.241221
0.343173
0.259665
0.318148
0.286441
0.200535
0.282173
0.246733
0.284732
0.239578
0.264263
0.296803
0.261017
0.326273
0.237239
0.238678
0.225852
0.277694
0.265702
0.240598
0.210689
0.400001
0.260102
0.312793
0.207478
0.325310
0.209359
0.309879
0.254447
0.253020
0.191631
0.248301
0.272542
0.197584
0.221884
0.324820
0.268389
0.310869
0.219133
0.261675
0.312450
0.289144
0.228501
0.363114
0.274950
0.199828
0.250387
0.220316
0.234883
0.234870
0.270513
0.197531
0.320090
0.365571
0.261003
0.299550
0.206464
0.284975
0.194051
0.234443
0.302825
0.305016
0.280853
0.189839
0.305948
0.279181
0.213636
0.248031
0.259746
0.250408
0.297520
0.209844
0.224554
0.263591
0.251963
0.233743
0.313778
0.251121
0.202582
0.224651
0.201297
0.236978
0.256315
0.217107
0.282665
0.265313
0.226335
0.216580
0.233903
0.212251
0.242788
0.323887
0.211117
0.311840
0.302984
0.283570
0.185238
0.250650
0.229372
0.245993
0.205404
0.215035
0.349132
0.251876
0.171943
0.272950
0.188259
0.240896
0.221215
0.226624
0.169741
0.298018
0.243352
0.238932
0.238720
0.263191
0.240931
0.242160
0.266160
0.263602
0.235563
0.238845
0.228018
0.219632
0.204538
0.209988
0.287363
0.187953
0.301261
0.257013
0.302438
0.265437
0.254037
0.241959
0.210334
0.233069
0.216197
0.282640
0.218006
0.202351
0.258519
0.350984
0.213936
0.227656
0.247336
0.301406
0.268450
0.255639
0.199061
0.300609
0.246774
0.248247
0.251187
0.192212
0.234712
0.260438
0.211954
0.271946
0.273880
0.212162
0.314721
0.184161
0.239036
0.219453
0.249952
0.230220
0.275121
0.256698
0.210448
0.272807
0.292524
0.250785
0.252258
0.277762
0.261223
0.265281
0.222421
0.251265
0.217719
0.198326
0.252408
0.262885
0.199906
0.254988
0.271403
0.216461
0.226488
0.291300
0.225047
0.198064
0.222050
0.290325
0.220257
0.258339
0.164854
0.291920
0.248062
0.238416
0.298386
0.216101
0.254965
0.226839
0.224832
0.232835
0.274813
0.179660
0.231416
0.281510
0.199899
0.249056
0.231832
0.257608
0.293854
0.215166
0.260887
0.232923
0.228121
0.242843
0.274221
0.239929
0.239027
0.204445
0.227831
0.253247
0.272447
0.271901
0.268248
0.172101
0.207768
0.218954
0.207777
0.310373
0.210556
0.243458
0.228301
0.226578
0.310157
0.241123
0.300267
0.229752
0.234033
0.238252
0.252858
0.198298
0.299575
0.224339
0.267443
0.235362
0.252571
0.305624
0.202623
0.196751
0.177130
0.232720
0.284093
0.201265
0.228371
0.245709
0.245940
0.268922
0.279664
0.255616
0.224252
0.245807
0.271179
0.253817
0.241916
0.193780
0.260993
0.248978
0.232183
0.271203
0.202318
0.235474
0.236088
0.215734
0.253409
0.202418
0.206555
0.248364
0.206338
0.242129
0.276214
0.271349
0.228756
0.248235
0.306451
0.234804
0.231833
0.199314
0.320298
0.203247
0.176441
0.254595
0.200631
0.191734
0.234211
0.233514
0.215985
0.248305
0.194021
0.229622
0.203897
0.374139
0.299250
0.269529
0.228240
0.318895
0.352511
0.301967
0.314306
0.308706
0.229811
0.294864
0.249569
0.326429
0.296103
0.230791
0.312534
0.266649
0.218771
0.214424
0.275163
0.310685
0.285577
0.180578
0.293827
0.249353
0.315632
0.257602
0.278854
0.230121
0.310788
0.239669
0.321596
0.193465
0.187995
0.274324
0.263788
0.258390
0.203923
0.259736
0.288110
0.300052
0.217017
0.196191
0.194789
0.260222
0.224512
0.238274
0.266406
0.219837
0.284511
0.270140
0.205102
0.215018
0.255018
0.233770
0.204010
0.237533
0.217397
0.235352
0.254464
0.205999
0.268710
0.261698
0.166293
0.313278
0.254615
0.226252
0.264833
0.273286
0.264103
0.393775
0.232059
0.325816
0.281149
0.307551
0.188683
0.306879
0.229388
0.296351
0.282785
0.238985
0.227569
0.280081
0.253764
0.279728
0.267607
0.248004
0.270232
0.256983
0.305951
0.232919
0.250033
0.216869
0.228976
0.282789
0.290385
0.255514
0.254751
0.269771
0.186762
0.288944
0.277888
0.272296
0.198692
0.309695
0.398357
0.320264
0.313239
0.261426
0.256980
0.237927
0.203667
0.245155
0.205599
0.270044
0.267070
0.293876
0.261733
0.213219
0.330031
0.264463
0.253931
0.261149
0.353396
0.289917
0.312473
0.273837
0.220039
0.239908
0.238160
0.265951
0.217551
0.238725
0.201373
0.249786
0.300881
0.215979
0.257254
0.307540
0.242171
0.261334
0.363452
0.217897
0.225865
0.214227
0.239281
0.331889
0.253970
0.314348
0.275312
0.200763
0.275352
0.240708
0.278518
0.234989
0.255046
0.285857
0.253568
0.320930
0.231234
0.233027
0.223683
0.269560
0.262700
0.237686
0.207130
0.387303
0.249731
0.307437
0.205420
0.312363
0.204033
0.297798
0.250771
0.247800
0.186724
0.242670
0.269262
0.192960
0.218128
0.311122
0.261726
0.299764
0.214599
0.251902
0.299997
0.278466
0.223581
0.354196
0.265754
0.195098
0.246485
0.215312
0.228772
0.226603
0.268757
0.193768
0.310051
0.346422
0.257067
0.292967
0.198298
0.278128
0.190861
0.234163
0.294611
0.296034
0.272451
0.181968
0.293631
0.273866
0.210106
0.244450
0.255830
0.244123
0.291542
0.201236
0.219068
0.255037
0.242142
0.223355
0.311062
0.236589
0.201541
0.217039
0.191034
0.230624
0.252485
0.213961
0.271063
0.255929
0.221706
0.208828
0.227230
0.208568
0.240059
0.316276
0.205456
0.306765
0.290783
0.276392
0.184478
0.244686
0.222120
0.244229
0.203049
0.206692
0.339967
0.248007
0.166397
0.266949
0.189102
0.238388
0.218858
0.222716
0.165694
0.285956
0.239636
0.231281
0.230494
0.257264
0.236872
0.231962
0.258841
0.260693
0.227267
0.237368
0.224866
0.217420
0.201217
0.207047
0.276967
0.182397
0.294444
0.254395
0.294830
0.257726
0.248451
0.234169
0.206198
0.232090
0.210346
0.276452
0.214855
0.199357
0.252635
0.333483
0.207261
0.218548
0.241438
0.287965
0.268166
0.244825
0.193074
0.289299
0.240811
0.241835
0.247222
0.183319
0.229958
0.254670
0.208258
0.263984
0.264750
0.206092
0.300957
0.184297
0.230726
0.216668
0.243888
0.221142
0.266558
0.251458
0.206342
0.259979
0.277297
0.241965
0.243280
0.273756
0.253467
0.263755
0.222329
0.248937
0.212073
0.196545
0.241982
0.255334
0.197502
0.251997
0.258958
0.210153
0.226346
0.281912
0.218375
0.198466
0.214192
0.281205
0.217933
0.249759
0.164445
0.281104
0.240752
0.233982
0.288713
0.209597
0.249585
0.226301
0.217862
0.225968
0.269781
0.173686
0.227465
0.278865
0.193980
0.242627
0.227124
0.251289
0.285735
0.210010
0.260202
0.225306
0.223065
0.233745
0.265629
0.235400
0.237582
0.201591
0.225693
0.246082
0.266062
0.265483
0.257309
0.167466
0.201977
0.211922
0.202967
0.301987
0.207263
0.236328
0.219716
0.224748
0.304130
0.238826
0.293803
0.227733
0.227680
0.231908
0.248703
0.196046
0.293467
0.217914
0.261130
0.231111
0.244040
0.299455
0.198370
0.194703
0.174961
0.226421
0.277765
0.199204
0.224253
0.241567
0.241829
0.258602
0.273629
0.247280
0.219997
0.241613
0.262882
0.251742
0.236474
0.191630
0.254788
0.244510
0.227558
0.266235
0.200378
0.233282
0.231330
0.214184
0.246559
0.197578
0.204545
0.246271
0.206348
0.235939
0.265926
0.265145
0.222573
0.242054
0.302248
0.226652
0.229570
0.197295
0.305900
0.203315
0.174395
0.248420
0.198621
0.191775
0.228080
0.231463
0.213897
0.242129
0.191974
0.219388
0.196838
0.355665
0.286950
0.261325
0.222093
0.304545
0.336079
0.289692
0.299963
0.296432
0.217534
0.282590
0.243439
0.314164
0.285879
0.224665
0.296200
0.258479
0.214665
0.210225
0.267028
0.300512
0.273355
0.178517
0.283624
0.245296
0.305497
0.251497
0.272737
0.226090
0.304744
0.231577
0.315563
0.191398
0.185967
0.270305
0.257745
0.250291
0.201851
0.251612
0.277987
0.289950
0.214976
0.194134
0.194795
0.256048
0.220484
0.232265
0.256331
0.215975
0.280395
0.264071
0.205040
0.209001
0.252986
0.229784
0.201911
0.235524
0.211187
0.229135
0.250393
0.201915
0.262738
0.251619
0.164144
0.305368
0.248805
0.217449
0.256178
0.263690
0.262200
0.381609
0.230055
0.313875
0.274973
0.301494
0.186618
0.294690
0.225388
0.288130
0.272674
0.230822
0.223467
0.271939
0.249800
0.271796
0.259784
0.242056
0.262292
0.251065
0.296027
0.227016
0.244102
0.216886
0.228982
0.276869
0.284477
0.247640
0.244885
0.263837
0.182831
0.284891
0.272162
0.266354
0.196683
0.303810
0.386799
0.316347
0.305388
0.255528
0.253044
0.232042
0.201709
0.239268
0.203646
0.264170
0.263165
0.286054
0.251916
0.211262
0.322233
0.260564
0.253980
0.251345
0.337756
0.276258
0.302702
0.264069
0.216118
0.234058
0.236163
0.258095
0.211697
0.234820
0.197453
0.241983
0.289185
0.208157
0.249427
0.295814
0.238285
0.253557
0.349889
0.215870
0.220048
0.208342
0.237306
0.320316
0.248172
0.310684
0.263519
0.200652
0.269553
0.234987
0.274411
0.231092
0.247247
0.276136
0.245843
0.317070
0.225451
0.227262
0.221745
0.261830
0.258900
0.233915
0.203331
0.373884
0.240101
0.301876
0.205154
0.302488
0.201947
0.285579
0.248703
0.243849
0.184541
0.238671
0.265450
0.192790
0.214328
0.299436
0.255915
0.288336
0.210727
0.244065
0.290174
0.268823
0.221400
0.346586
0.258022
0.192803
0.244432
0.211404
0.224750
0.220654
0.266932
0.191677
0.300521
0.329062
0.253273
0.285500
0.192351
0.270634
0.187151
0.232483
0.285326
0.290007
0.263069
0.177968
0.284013
0.268248
0.208151
0.240720
0.250310
0.238452
0.287657
0.197180
0.215219
0.247458
0.234482
0.215658
0.307390
0.226858
0.199749
0.213042
0.185216
0.224961
0.248731
0.212021
0.263289
0.246568
0.217907
0.203066
0.223284
0.206570
0.236348
0.308812
0.203374
0.301191
0.281239
0.270593
0.184823
0.238998
0.217094
0.242153
0.201281
0.202256
0.330175
0.244141
0.166320
0.261307
0.188569
0.233812
0.220024
0.218884
0.167767
0.277730
0.235704
0.229453
0.226067
0.251612
0.233138
0.222766
0.251027
0.259268
0.222895
0.235182
0.220666
0.215629
0.200019
0.208553
0.265017
0.182389
0.286418
0.252820
0.290120
0.250173
0.242672
0.229557
0.202550
0.232553
0.207604
0.271006
0.213578
0.197998
0.247039
0.319586
0.204950
0.211770
0.235861
0.277711
0.265421
0.236085
0.190408
0.280825
0.238135
0.236556
0.243556
0.176448
0.226672
0.249077
0.204444
0.256685
0.255227
0.203472
0.288168
0.184202
0.226370
0.215020
0.241256
0.214430
0.259469
0.248417
0.202754
0.249541
0.265258
0.235133
0.236527
0.270127
0.248879
0.261667
0.222396
0.247263
0.209234
0.194624
0.233205
0.250662
0.195879
0.250607
0.248379
0.204879
0.226422
0.274966
0.213054
0.196013
0.211672
0.274360
0.216184
0.242759
0.164497
0.274749
0.235739
0.230498
0.279705
0.204370
0.246368
0.224070
0.215082
0.223154
0.264123
0.173219
0.223876
0.277257
0.190924
0.239717
0.221466
0.246047
0.278691
0.206759
0.258063
0.220422
0.219795
0.229254
0.258737
0.234268
0.237929
0.200029
0.223952
0.241095
0.260886
0.260334
0.248714
0.166360
0.198914
0.209161
0.199655
0.297541
0.205834
0.233583
0.215111
0.223293
0.299540
0.236477
0.287365
0.226319
0.221762
0.225936
0.245115
0.193174
0.288937
0.211541
0.255314
0.226824
0.235296
0.294374
0.193968
0.192901
0.172515
0.220376
0.271413
0.197228
0.220598
0.237753
0.238218
0.249779
0.269082
0.240174
0.215704
0.237701
0.255601
0.249628
0.232110
0.189322
0.249519
0.241371
0.223985
0.261684
0.198822
0.231633
0.227743
0.212711
0.241291
0.194380
0.201973
0.243170
0.203665
0.230697
0.254647
0.260073
0.217129
0.235950
0.300214
0.218739
0.227366
0.193507
0.292999
0.199652
0.172467
0.243477
0.194294
0.189490
0.220617
0.228200
0.211913
0.236592
0.189610
0.208290
0.187898
0.338359
0.274734
0.253486
0.215819
0.290440
0.321708
0.277611
0.287396
0.283279
0.206316
0.272043
0.235540
0.302015
0.276284
0.218682
0.281438
0.250690
0.210726
0.206173
0.260573
0.291814
0.261844
0.175094
0.272785
0.241921
0.297410
0.245500
0.266412
0.223332
0.300669
0.224851
0.311460
0.188599
0.184026
0.267523
0.253037
0.242843
0.198890
0.243556
0.268711
0.281274
0.213864
0.191763
0.195371
0.252088
0.216955
0.227330
0.247116
0.214319
0.276703
0.258851
0.205021
0.203992
0.251323
0.226643
0.199905
0.233946
0.205246
0.223189
0.246921
0.198111
0.257642
0.242696
0.161868
0.298844
0.244214
0.210342
0.249116
0.255407
0.260668
0.369246
0.228594
0.303859
0.268712
0.295931
0.184589
0.281753
0.222337
0.278445
0.263466
0.224991
0.220612
0.265950
0.245885
0.264163
0.253373
0.236952
0.255494
0.246340
0.286799
0.222668
0.238879
0.217004
0.228822
0.272018
0.280087
0.241709
0.236557
0.258746
0.180100
0.281583
0.264005
0.261381
0.195096
0.298851
0.376934
0.312252
0.297731
0.253419
0.253168
0.227643
0.201226
0.235793
0.202581
0.259300
0.259502
0.278895
0.246001
0.210531
0.314690
0.257098
0.253110
0.245115
0.325825
0.264271
0.296708
0.257986
0.215906
0.230697
0.239566
0.257314
0.208920
0.233801
0.197383
0.238178
0.282262
0.205442
0.247151
0.290904
0.236470
0.249067
0.339094
0.219485
0.216385
0.207820
0.238803
0.310933
0.245340
0.305470
0.256278
0.202922
0.266871
0.230780
0.279252
0.230942
0.246297
0.273126
0.239944
0.318855
0.222303
0.223113
0.221589
0.257903
0.254494
0.229738
0.200039
0.362300
0.233647
0.296705
0.208335
0.299651
0.205133
0.278205
0.249768
0.242872
0.187252
0.238240
0.261836
0.198980
0.211303
0.293414
0.252716
0.278812
0.208735
0.240941
0.286557
0.262807
0.224008
0.342156
0.254055
0.195294
0.245629
0.210015
0.224836
0.219534
0.265226
0.192706
0.293613
0.318109
0.250455
0.278093
0.191087
0.263590
0.183347
0.228871
0.276019
0.289929
0.254563
0.177677
0.278363
0.263237
0.207610
0.237330
0.244272
0.234160
0.286029
0.197474
0.213225
0.241914
0.230669
0.211492
0.303458
0.222820
0.197460
0.212641
0.182683
0.220783
0.245615
0.211244
0.260013
0.238889
0.215366
0.199909
0.222194
0.206201
0.232534
0.302726
0.204338
0.296182
0.275590
0.267140
0.184833
0.234688
0.212926
0.240683
0.199874
0.198186
0.322930
0.241263
0.165190
0.256989
0.188415
0.230271
0.221982
0.216227
0.170978
0.272442
0.232926
0.229460
0.223709
0.247537
0.230569
0.216073
0.245085
0.258734
0.220587
0.233567
0.217398
0.214561
0.199780
0.210932
0.255551
0.183822
0.280057
0.252055
0.287268
0.244502
0.238308
0.226846
0.199996
0.233425
0.206327
0.267089
0.213170
0.197471
0.242887
0.309655
0.204266
0.207130
0.231711
0.270519
0.262788
0.230017
0.189531
0.275174
0.237228
0.232898
0.240868
0.171856
0.224703
0.244857
0.201556
0.251249
0.247688
0.202623
0.278384
0.184207
0.224415
0.214769
0.240391
0.209945
0.254752
0.246848
0.200218
0.242120
0.256804
0.230453
0.231979
0.267512
0.246356
0.260051
0.222519
0.246277
0.207966
0.193174
0.226834
0.247942
0.194930
0.250220
0.240716
0.201194
0.226828
0.270114
0.209287
0.193858
0.210047
0.269259
0.214873
0.237502
0.164560
0.270109
0.232026
0.227867
0.272876
0.200433
0.244029
0.222311
0.213180
0.221229
0.259881
0.172637
0.221163
0.276053
0.188731
0.237655
0.217099
0.242108
0.273370
0.204368
0.256364
0.216828
0.217381
0.226037
0.253552
0.233561
0.238270
0.198893
0.222639
0.237387
0.256981
0.256431
0.242324
0.165672
0.196688
0.207250
0.197184
0.293999
0.204802
0.231694
0.211758
0.221791
0.295354
0.235374
0.284032
0.224900
0.218059
0.222299
0.242525
0.192262
0.284516
0.208324
0.251603
0.224494
0.230733
0.290366
0.191783
0.191612
0.171451
0.216771
0.267910
0.195985
0.217816
0.235884
0.235984
0.243696
0.264064
0.235427
0.216953
0.236142
0.251282
0.249219
0.231442
0.189241
0.246082
0.238603
0.221726
0.256435
0.197319
0.230594
0.226397
0.210529
0.238648
0.192622
0.201953
0.243988
0.207529
0.227123
0.252048
0.256289
0.213828
0.233557
0.296021
0.215033
0.227177
0.195144
0.285362
0.204693
0.171591
0.239494
0.196626
0.192662
0.219992
0.229128
0.211156
0.233410
0.189306
0.205358
0.187573
0.329463
0.269728
0.249763
0.213592
0.284410
0.312528
0.272427
0.279354
0.279519
0.200030
0.264891
0.235417
0.296957
0.271402
0.216068
0.272833
0.246901
0.209591
0.205400
0.255019
0.286030
0.256950
0.177449
0.271200
0.239577
0.290467
0.243668
0.265249
0.219783
0.295106
0.219846
0.305887
0.189859
0.183457
0.264037
0.248722
0.239276
0.200282
0.241172
0.264166
0.275605
0.211808
0.192034
0.194579
0.251016
0.214900
0.223451
0.242428
0.208675
0.274974
0.255497
0.205269
0.200252
0.250159
0.223835
0.199389
0.232597
0.203323
0.221289
0.244805
0.196539
0.254116
0.237528
0.161854
0.293565
0.239682
0.206262
0.244969
0.249160
0.259252
0.363704
0.227196
0.296759
0.265948
0.292714
0.183572
0.276589
0.219742
0.275719
0.257959
0.218574
0.217391
0.259886
0.244707
0.261269
0.247587
0.233475
0.250838
0.242000
0.282562
0.217502
0.235673
0.216797
0.229263
0.268132
0.275039
0.235131
0.230370
0.255310
0.176351
0.279333
0.257873
0.257754
0.193867
0.295076
0.368891
0.311523
0.294974
0.246048
0.246195
0.223413
0.198567
0.230296
0.200722
0.255720
0.257736
0.274992
0.236931
0.208209
0.311316
0.255063
0.254403
0.236467
0.315022
0.256713
0.288259
0.249652
0.210000
0.225428
0.232450
0.245736
0.202945
0.228869
0.191298
0.230274
0.271796
0.196214
0.237388
0.277996
0.232499
0.242002
0.330199
0.212058
0.211492
0.199087
0.233950
0.303505
0.239429
0.305599
0.246188
0.200932
0.260782
0.226550
0.267824
0.225245
0.235428
0.261588
0.234787
0.310868
0.216993
0.218953
0.218934
0.250467
0.253714
0.228705
0.197972
0.354602
0.226063
0.293660
0.204884
0.287912
0.198578
0.268676
0.245665
0.238096
0.181234
0.232838
0.260172
0.191653
0.208890
0.282330
0.247466
0.271805
0.205120
0.232568
0.275721
0.254768
0.218060
0.335302
0.246669
0.189471
0.241311
0.205690
0.218781
0.211850
0.264299
0.188576
0.286641
0.303732
0.247797
0.274741
0.183561
0.259811
0.181787
0.230020
0.271723
0.281392
0.249406
0.172266
0.270104
0.260080
0.205372
0.235309
0.242249
0.230231
0.282085
0.191422
0.209679
0.236467
0.223403
0.204541
0.302040
0.212828
0.197072
0.207631
0.177045
0.216780
0.243312
0.209338
0.252394
0.232906
0.212490
0.194915
0.217882
0.203908
0.230981
0.297904
0.200654
0.293060
0.267625
0.262541
0.184493
0.230931
0.208270
0.239712
0.198486
0.192761
0.317093
0.238885
0.161566
0.253222
0.189238
0.229390
0.218703
0.213580
0.165550
0.262882
0.230546
0.221833
0.216584
0.243576
0.227758
0.209087
0.240643
0.256076
0.213350
0.232891
0.215815
0.212927
0.196714
0.207133
0.249585
0.177918
0.276239
0.249862
0.281205
0.239516
0.234807
0.220543
0.197127
0.232135
0.201280
0.262830
0.210343
0.194845
0.239021
0.297123
0.198192
0.200393
0.227843
0.260730
0.263689
0.222156
0.184002
0.266634
0.231740
0.228272
0.238216
0.165210
0.220922
0.241148
0.199262
0.245948
0.242237
0.197017
0.269453
0.184351
0.217025
0.211745
0.234791
0.203108
0.248307
0.242382
0.197322
0.232946
0.245754
0.223954
0.225261
0.264805
0.239889
0.259341
0.222355
0.244457
0.202992
0.192117
0.219570
0.241784
0.193036
0.247430
0.232085
0.196724
0.226339
0.263995
0.204966
0.194166
0.205093
0.263321
0.213493
0.231910
0.164464
0.263143
0.227338
0.225080
0.266486
0.196243
0.240632
0.221987
0.208806
0.216918
0.256551
0.169005
0.218625
0.274446
0.184996
0.233617
0.213972
0.237989
0.268030
0.201090
0.255916
0.211918
0.214159
0.220237
0.247917
0.230776
0.237462
0.197136
0.221291
0.232748
0.252779
0.252075
0.235612
0.165003
0.194352
0.205217
0.194628
0.290606
0.203762
0.229735
0.208265
0.220275
0.291016
0.234314
0.280352
0.223406
0.214297
0.218529
0.239867
0.191397
0.280591
0.204446
0.247793
0.222116
0.226016
0.286282
0.189342
0.190282
0.170382
0.213014
0.264248
0.194646
0.215413
0.232687
0.233002
0.236601
0.260646
0.229660
0.210924
0.232672
0.245203
0.247212
0.227373
0.187028
0.241665
0.235973
0.218749
0.253360
0.196060
0.228935
0.222511
0.209955
0.233405
0.189099
0.199368
0.240644
0.203855
0.222721
0.241663
0.252088
0.209186
0.228073
0.294753
0.208231
0.224742
0.191007
0.274592
0.199918
0.169788
0.235448
0.192206
0.189599
0.212860
0.225624
0.209221
0.228700
0.186990
0.195311
0.179004
0.314828
0.259089
0.243024
0.207993
0.272196
0.300750
0.261977
0.269072
0.267728
0.190648
0.256345
0.227827
0.286423
0.263262
0.210870
0.260611
0.240287
0.205517
0.200974
0.250132
0.278802
0.246280
0.172528
0.259857
0.236712
0.284420
0.237731
0.258659
0.218128
0.292884
0.214508
0.303766
0.185846
0.181433
0.262341
0.245283
0.232520
0.196300
0.233239
0.255821
0.268393
0.211282
0.189174
0.195361
0.246927
0.211779
0.219184
0.233989
0.206682
0.271961
0.251196
0.205133
0.196026
0.248742
0.221095
0.197792
0.231209
0.198701
0.216666
0.241909
0.193520
0.249874
0.230323
0.160161
0.288065
0.235688
0.200475
0.239203
0.242232
0.257894
0.354915
0.225828
0.288374
0.261546
0.288430
0.182116
0.267733
0.217013
0.269666
0.250748
0.212605
0.214438
0.253995
0.242162
0.255991
0.241784
0.229296
0.245244
0.237656
0.275870
0.213003
0.231565
0.216863
0.229425
0.263744
0.270592
0.229188
0.223317
0.251170
0.173321
0.276643
0.251738
0.253557
0.192498
0.290839
0.360178
0.309056
0.289749
0.241559
0.243029
0.219218
0.197091
0.225952
0.199139
0.251495
0.254556
0.269062
0.231758
0.207360
0.305061
0.252066
0.253623
0.231149
0.304306
0.246666
0.282101
0.243464
0.208288
0.221720
0.232947
0.242491
0.199498
0.226825
0.189663
0.225714
0.264706
0.192168
0.233532
0.271714
0.230150
0.237206
0.320741
0.212718
0.207723
0.196660
0.233697
0.295359
0.236031
0.301913
0.239026
0.201013
0.257437
0.222586
0.266991
0.223065
0.231226
0.255928
0.229256
0.309241
0.213129
0.214833
0.217693
0.245494
0.250433
0.225488
0.194998
0.344893
0.219557
0.289379
0.205420
0.282359
0.198260
0.261028
0.244795
0.235781
0.180804
0.230673
0.257168
0.193122
0.206061
0.275074
0.243686
0.263641
0.202573
0.227902
0.270001
0.248415
0.217616
0.330254
0.241799
0.189028
0.240535
0.203336
0.216811
0.208658
0.262792
0.187770
0.280137
0.292536
0.245079
0.268959
0.180671
0.254136
0.178835
0.228013
0.264656
0.278533
0.242552
0.170279
0.264006
0.255961
0.204229
0.232521
0.237870
0.226311
0.279764
0.189601
0.207270
0.231342
0.218517
0.199766
0.299133
0.207191
0.195572
0.205354
0.173397
0.212875
0.240216
0.208527
0.249218
0.226141
0.210160
0.191977
0.216711
0.203429
0.227587
0.292488
0.201354
0.288634
0.262489
0.259315
0.184764
0.227022
0.205098
0.238179
0.197293
0.190222
0.310263
0.236181
0.162205
0.249358
0.188618
0.225923
0.219917
0.210923
0.167600
0.257732
0.227791
0.221258
0.214010
0.239696
0.225194
0.202888
0.235188
0.255243
0.210830
0.231260
0.212800
0.211656
0.195960
0.208333
0.241363
0.178147
0.270675
0.248815
0.278111
0.234368
0.230841
0.217533
0.194635
0.232472
0.199529
0.259137
0.209523
0.193959
0.235207
0.287848
0.196789
0.195872
0.224041
0.253896
0.261672
0.216294
0.182312
0.260987
0.230040
0.224707
0.235705
0.160608
0.218723
0.237323
0.196631
0.240986
0.235718
0.195354
0.260749
0.184234
0.214283
0.210949
0.233137
0.198628
0.243730
0.240419
0.194926
0.225954
0.237704
0.219380
0.220751
0.262337
0.236894
0.257898
0.222342
0.243328
0.201163
0.190779
0.213654
0.238712
0.191934
0.246579
0.224986
0.193194
0.226423
0.259356
0.201404
0.192474
0.203266
0.258644
0.212268
0.227146
0.164451
0.258761
0.223894
0.222689
0.260399
0.192676
0.238399
0.220492
0.206829
0.214925
0.252766
0.168374
0.216173
0.273300
0.182857
0.231557
0.210145
0.234420
0.263243
0.198839
0.254480
0.208555
0.211897
0.217103
0.243224
0.229937
0.237664
0.196027
0.220092
0.229332
0.249284
0.248733
0.229292
0.161997
0.190881
0.200866
0.191822
0.285667
0.201746
0.225257
0.203064
0.219611
0.288220
0.232445
0.275419
0.222659
0.209877
0.214134
0.237366
0.188938
0.277544
0.200228
0.243824
0.219089
0.219777
0.282884
0.186217
0.189076
0.168563
0.210178
0.261654
0.193814
0.213272
0.230669
0.230834
0.230910
0.256659
0.225261
0.209461
0.230847
0.240944
0.246503
0.225988
0.186509
0.238385
0.233565
0.216587
0.249232
0.194783
0.227746
0.220397
0.208499
0.230130
0.186898
0.198444
0.239908
0.204797
0.219235
0.236693
0.248554
0.205766
0.224875
0.291990
0.203858
0.223795
0.190499
0.266704
0.201090
0.168693
0.231944
0.191495
0.190352
0.210104
0.224978
0.208188
0.225320
0.186022
0.190272
0.175911
