12.948028
12.909216
12.688365
12.654750
12.755733
12.314098
12.537820
12.056293
12.554975
11.779552
11.575148
12.089351
11.755246
11.372212
11.074351
10.939073
10.779155
10.434714
10.259281
9.855844
9.774871
9.868478
9.792286
9.852913
9.032443
8.750190
8.838247
8.826100
8.128353
7.843472
7.881109
7.519734
7.866193
7.416380
7.120099
6.995087
7.048436
7.078144
6.889607
6.683576
6.332138
6.113108
6.190198
5.812549
5.924069
5.574121
5.429011
5.543981
4.790932
5.243012
5.060972
4.902107
4.671006
4.725492
4.474586
4.535732
4.303855
4.366985
4.293142
4.055655
4.009005
3.851198
3.792051
3.758991
3.534988
3.349912
3.440520
3.388958
3.209598
3.162296
3.396616
2.977933
2.964582
3.010308
2.891194
2.774325
2.906053
2.581545
2.817961
2.627779
2.567940
2.447105
2.489764
2.171082
2.080366
2.266379
2.089319
2.089862
2.088372
1.852401
2.069961
1.844631
1.839137
1.757150
1.824544
1.896732
1.844719
1.656401
1.608462
1.634338
1.571666
1.681186
1.493411
1.419150
1.488011
1.601737
1.274820
1.213148
1.421262
1.452317
1.207443
1.213783
1.225782
1.139903
1.135548
1.073140
1.053115
1.159123
1.044230
1.026865
0.986623
0.974025
1.029439
0.958489
0.846169
0.964341
0.898996
0.919498
0.850482
0.964810
0.963680
0.804404
0.818493
0.805915
0.782078
0.802037
0.757226
0.805709
0.817506
0.694705
0.688022
0.707137
0.748675
0.640369
0.679954
0.689967
0.633962
0.609516
0.593878
0.588845
0.601619
0.597367
0.531288
0.686831
0.550789
0.556686
0.557858
0.462984
0.623710
0.474747
0.456393
0.466829
0.482030
0.433719
0.412646
0.387429
0.491044
0.400733
0.454036
0.454168
0.493920
0.451702
0.412920
0.451111
0.414999
0.401112
0.411076
0.385398
0.438169
0.342583
0.413799
0.363602
0.338238
0.334568
0.361581
0.400662
0.349740
0.381357
0.420229
0.348638
0.349858
0.357964
0.295384
0.331735
0.319503
0.344028
0.284714
0.321564
0.321053
0.312234
0.299817
0.281332
0.290985
0.230017
0.270944
0.261923
0.377346
0.255107
0.248223
0.306078
0.297473
0.265961
0.259572
0.237464
0.253428
0.336077
0.263121
0.252215
0.248779
0.241877
0.218647
0.293165
0.249213
0.215268
0.259467
0.209272
0.221298
0.253030
0.237883
0.274169
0.206875
0.230540
0.210794
0.254642
0.222314
0.220805
0.280806
0.253640
0.278361
0.263301
0.272516
0.216959
0.219694
0.205447
0.241736
0.211021
0.192352
0.285580
0.234820
0.199982
0.235191
0.198047
0.225731
0.244372
0.201399
0.201354
0.237446
0.223990
0.242593
0.216724
0.220539
0.209785
0.168576
0.213594
0.258432
0.210090
0.225928
0.199801
0.215629
0.209682
0.239242
0.195399
0.209213
0.227647
0.255290
0.272096
0.195946
0.208664
0.212626
0.174962
0.246882
0.190217
0.233321
0.219530
0.193850
0.199404
0.220192
0.193967
0.172045
0.203208
0.196349
0.236893
0.174976
0.175235
0.218350
0.218399
0.206649
0.220011
0.125961
0.211544
0.213726
0.177474
0.200329
0.185012
0.190411
0.198658
0.187329
0.197611
0.204566
0.222794
0.154317
0.213102
0.241400
0.179040
0.169288
0.176219
0.187706
0.194126
0.252862
0.220069
0.248514
0.226999
0.224952
0.184379
0.178694
0.165574
0.218993
0.187972
0.237747
0.170872
0.174660
0.222455
0.222465
0.164184
0.180430
0.186960
0.230389
0.199887
0.183428
0.162958
0.215837
0.196509
0.198971
0.223030
0.158367
0.218746
0.209998
0.229623
0.198699
0.208954
0.189880
0.205222
0.226075
0.200378
0.202466
0.214113
0.130877
0.195439
0.199073
0.226115
0.220428
0.181726
0.177358
0.199443
0.178076
0.184920
0.203331
0.227899
0.170385
0.172030
0.222639
0.212442
0.239207
0.219320
0.240308
0.192894
0.253355
0.181108
0.260625
0.178948
0.175634
0.236698
0.208157
0.190298
0.192472
0.195659
0.205172
0.223397
0.202406
0.181717
0.197748
0.217647
0.189548
0.185039
0.187187
0.176258
0.252102
0.232543
0.209751
0.160713
0.244223
0.204585
0.192362
0.215324
0.173840
0.185735
0.225623
0.173576
0.219062
0.178868
0.155235
0.245442
0.201652
0.159495
0.196858
0.197208
0.238221
0.306394
0.214486
0.234626
0.244615
0.266655
0.171255
0.215373
0.196003
0.233709
0.201062
0.175336
0.201994
0.207973
0.222203
0.212065
0.200813
0.196890
0.219184
0.207014
0.229538
0.177160
0.195574
0.217481
0.222071
0.233723
0.240385
0.196078
0.168838
0.215582
0.153573
0.253732
0.213051
0.228374
0.181244
0.258258
0.306404
0.272898
0.249914
0.206987
0.225618
0.185195
0.182545
0.199744
0.211566
0.226631
0.232178
0.226194
0.186011
0.201708
0.274619
0.239953
0.272345
0.187433
0.230096
0.168886
0.235399
0.194394
0.198812
0.200078
0.233567
0.217123
0.171353
0.209157
0.184744
0.189555
0.205295
0.155776
0.210622
0.223415
0.221022
0.199927
0.254285
0.212840
0.188672
0.173249
0.227529
0.241322
0.197865
0.280178
0.181703
0.203362
0.224519
0.201156
0.269775
0.213165
0.189943
0.205217
0.196162
0.290667
0.185241
0.185189
0.208296
0.213160
0.227325
0.202329
0.178095
0.285541
0.174812
0.261976
0.209616
0.234560
0.196519
0.203285
0.247574
0.212870
0.175341
0.213624
0.236784
0.199288
0.190129
0.232312
0.213655
0.197591
0.186673
0.190749
0.223512
0.199535
0.211613
0.293504
0.204361
0.189680
0.231874
0.174139
0.192865
0.184013
0.252048
0.166333
0.225248
0.197272
0.225855
0.237481
0.155672
0.226967
0.160180
0.219259
0.213831
0.258609
0.202601
0.150324
0.224889
0.235722
0.193878
0.203161
0.199696
0.196354
0.268646
0.175492
0.188310
0.194272
0.178607
0.152242
0.255637
0.172952
0.182086
0.192377
0.148594
0.178506
0.221284
0.193693
0.206607
0.176458
0.191485
0.166348
0.204514
0.180757
0.199230
0.253161
0.199254
0.256024
0.216555
0.240318
0.183327
0.194622
0.171890
0.218965
0.187807
0.157756
0.269300
0.212070
0.158111
0.213367
0.186707
0.216737
0.214611
0.187173
0.160311
0.209138
0.211710
0.204591
0.188908
0.206094
0.195715
0.152502
0.204437
0.240389
0.185369
0.216079
0.194226
0.204403
0.191677
0.213091
0.196417
0.177823
0.223339
0.242051
0.255501
0.189295
0.203319
0.196391
0.166775
0.234524
0.173092
0.224178
0.209957
0.181753
0.194114
0.206422
0.174455
0.161523
0.199251
0.184209
0.238888
0.166472
0.160509
0.207753
0.204674
0.200837
0.214449
0.117612
0.204550
0.210751
0.176177
0.196442
0.185018
0.178112
0.196861
0.185311
0.183121
0.196944
0.211453
0.146765
0.206288
0.234495
0.176380
0.164798
0.168939
0.181665
0.188255
0.251301
0.211010
0.247961
0.224951
0.221454
0.176404
0.178383
0.162402
0.211295
0.184975
0.233872
0.168965
0.172350
0.219968
0.220050
0.161902
0.182391
0.181641
0.229105
0.197429
0.181003
0.161539
0.210269
0.192663
0.197510
0.222234
0.156838
0.215614
0.211461
0.224103
0.193650
0.205500
0.186067
0.200112
0.224001
0.195484
0.200517
0.207343
0.128484
0.194034
0.192320
0.221164
0.217151
0.179084
0.175555
0.197662
0.176915
0.183843
0.203413
0.226894
0.165050
0.165656
0.214241
0.210667
0.238803
0.215900
0.235442
0.192945
0.254722
0.180384
0.261650
0.175963
0.174548
0.236718
0.207776
0.187397
0.185070
0.191261
0.202518
0.222149
0.201843
0.176945
0.196770
0.213372
0.188108
0.183848
0.180493
0.181511
0.248074
0.229183
0.206790
0.159315
0.241331
0.203643
0.186242
0.214110
0.167918
0.180006
0.223524
0.169542
0.217343
0.175533
0.149142
0.245365
0.202771
0.156390
0.194012
0.196608
0.237619
0.301216
0.214174
0.233792
0.241762
0.265018
0.169463
0.209580
0.194956
0.229945
0.198598
0.172617
0.200457
0.205241
0.222699
0.211836
0.202754
0.197473
0.220123
0.208557
0.228769
0.181599
0.196072
0.218184
0.221912
0.234165
0.241222
0.197032
0.169347
0.215968
0.154314
0.253974
0.214043
0.228754
0.181541
0.258697
0.308257
0.273083
0.249575
0.207858
0.226737
0.185518
0.182093
0.197635
0.210858
0.225865
0.232205
0.226277
0.178652
0.199582
0.274692
0.238990
0.271711
0.180182
0.226885
0.166833
0.229522
0.188950
0.191554
0.195968
0.223913
0.205723
0.165660
0.204067
0.177759
0.183723
0.198539
0.147943
0.202498
0.214556
0.218684
0.194226
0.250253
0.203907
0.184201
0.164732
0.221195
0.238571
0.193511
0.280999
0.177353
0.199083
0.220833
0.199089
0.263736
0.210187
0.184996
0.201056
0.195339
0.286746
0.182672
0.183386
0.206764
0.210972
0.227455
0.202088
0.177685
0.285058
0.172220
0.261557
0.207150
0.231121
0.193070
0.201478
0.245812
0.210994
0.173139
0.211673
0.236622
0.195378
0.189537
0.230486
0.211822
0.196844
0.185415
0.188433
0.220751
0.198313
0.209025
0.292593
0.202506
0.187152
0.230426
0.172965
0.190882
0.182072
0.251681
0.164908
0.224561
0.195461
0.225272
0.237241
0.153687
0.226946
0.159903
0.219562
0.214249
0.256243
0.202728
0.148669
0.223795
0.235295
0.193020
0.202798
0.199829
0.197345
0.268871
0.176151
0.188690
0.194546
0.179039
0.152751
0.255841
0.171205
0.182128
0.193016
0.149157
0.178821
0.220820
0.193972
0.207402
0.176554
0.191769
0.166763
0.205069
0.181149
0.199193
0.253221
0.201136
0.256040
0.217120
0.240516
0.184293
0.194803
0.172281
0.219084
0.187943
0.158200
0.269304
0.212165
0.158791
0.213544
0.186622
0.216620
0.214026
0.187181
0.161071
0.209556
0.211691
0.205237
0.189353
0.206166
0.195784
0.152621
0.204339
0.240583
0.185816
0.216163
0.194272
0.204556
0.190812
0.211531
0.197070
0.176033
0.223521
0.241450
0.254577
0.189237
0.203355
0.195451
0.166535
0.233877
0.172021
0.223800
0.209526
0.181082
0.194042
0.205553
0.173055
0.160890
0.199324
0.183460
0.239460
0.165838
0.159489
0.207099
0.203747
0.200315
0.213929
0.117833
0.204079
0.210696
0.176044
0.196332
0.185261
0.177227
0.196920
0.185343
0.182012
0.196444
0.210597
0.146277
0.205843
0.234032
0.176316
0.164559
0.168439
0.181273
0.187873
0.251301
0.210326
0.248044
0.224893
0.221261
0.175818
0.178478
0.162244
0.210732
0.184937
0.232323
0.168476
0.171766
0.219137
0.219209
0.161351
0.183820
0.179252
0.228751
0.197034
0.180591
0.161500
0.208615
0.191656
0.197398
0.222365
0.156692
0.214817
0.212412
