23.447809
22.885818
23.168144
21.929424
23.102133
22.348598
22.393373
25.233358
24.595024
26.561255
23.239784
22.767937
22.174719
21.365490
21.693459
22.574188
22.760857
22.076546
21.856651
20.514923
21.785242
21.967369
22.755373
22.848736
22.996120
21.333746
21.911083
22.170025
20.981760
21.065792
20.590441
20.922005
21.264957
21.547451
21.397606
19.787895
20.749069
21.550179
21.281984
21.771179
20.475887
19.763180
20.846684
19.241945
19.361172
19.848068
20.246296
20.228874
19.856604
20.662767
20.615538
20.112545
20.341478
20.272558
20.879139
22.086512
19.545164
20.217659
20.404320
21.334797
20.856197
20.975544
21.088799
20.853210
20.854214
19.813786
20.487274
19.700405
18.934952
18.424969
19.413033
21.264692
21.331127
21.759850
20.968498
20.924698
20.210810
20.169302
19.505461
19.453571
19.117577
18.392021
20.732407
20.097042
18.666607
19.631470
19.761086
20.597565
20.858929
20.201027
21.325525
17.955923
17.105524
18.370853
19.435188
18.806717
17.245674
18.167900
18.034746
19.777609
16.158134
18.336756
17.502146
18.853539
17.844999
18.301121
19.747169
16.431660
17.366318
18.405766
17.918667
19.174019
19.066147
18.152618
18.619976
16.858791
17.699528
16.636992
17.648834
17.538219
16.127211
14.286576
19.296452
20.102051
17.390419
19.884275
17.276405
20.404539
14.951979
17.249634
20.913353
10.145840
20.305046
16.189898
16.930477
19.849106
19.553442
17.192104
15.248771
19.384502
17.290062
17.373001
21.237953
17.902828
16.982132
17.130905
16.646925
17.573677
18.925419
15.229786
15.436061
10.947262
14.460714
18.574406
17.682220
16.902266
18.791058
17.917953
14.501595
17.710030
16.861414
16.243118
15.596276
16.918427
18.381073
15.134758
16.207836
16.538929
17.767672
19.422012
16.287315
18.915863
17.097948
15.138908
15.675418
12.990298
14.427824
10.529517
17.633862
16.807972
14.569946
14.946627
13.456341
13.805853
15.583481
16.163895
14.425814
13.266852
18.196712
15.288103
14.749794
15.183829
14.925659
15.351244
14.848858
14.914753
14.775696
15.130393
16.386118
11.810831
10.388494
14.087152
14.165712
14.652666
16.755518
16.161869
15.657453
13.001657
15.694612
14.411877
14.450823
14.239931
15.096310
12.499838
14.439507
15.232761
13.312533
15.256772
15.807922
13.379855
15.834336
15.274574
13.542414
13.003290
14.903358
14.598561
13.643139
12.623505
15.529499
15.156494
15.378065
13.166117
13.343285
12.651464
12.544113
13.684456
11.251158
15.539937
11.655192
13.917750
13.327747
13.557321
12.900064
14.771442
14.765432
13.563269
13.639191
10.618948
13.125786
13.567005
13.263416
12.208563
14.104193
14.515978
12.830500
14.125801
12.611675
12.598034
15.054787
12.252791
12.972231
13.459330
11.168206
12.181561
12.625417
13.247343
12.535513
11.318216
13.659407
12.609650
14.330353
12.845011
11.619486
12.020920
11.887693
14.575178
13.868567
10.869042
11.929020
13.640446
15.386416
12.432081
12.230982
13.213590
13.567617
12.587820
11.662119
12.849073
10.320016
13.478033
12.219721
10.169468
11.550635
11.715862
12.646778
12.161865
12.473194
11.756628
12.126595
10.831120
11.600208
10.884436
10.974344
11.290133
11.885262
10.289567
10.455620
12.380888
11.682280
10.300272
11.450956
10.612133
9.436006
11.452085
9.727463
10.776253
10.448545
10.223967
9.774889
9.606139
8.186241
9.804585
8.008502
9.775208
10.606113
9.748123
10.420216
9.311077
7.679026
8.920422
9.292493
12.505623
9.605833
8.373082
8.424560
8.556877
9.057296
8.145512
12.036667
7.867788
8.419416
8.439836
8.082905
10.359453
8.916180
11.414982
8.205735
8.115273
11.772551
11.312906
11.565602
10.603060
11.458895
10.849581
10.854136
12.886726
12.416059
13.946961
11.511708
11.064606
10.708395
10.199169
10.337971
11.043955
11.090343
10.642618
10.495363
9.575733
10.452385
10.578758
11.116618
11.243994
11.304184
10.186981
10.577559
10.784993
9.910332
10.033611
9.672831
9.946194
10.105450
10.312168
10.234227
9.119312
9.756872
10.340506
10.178099
10.513697
9.640667
9.185556
9.887489
8.855477
9.016659
9.280718
9.534502
9.498669
9.269136
9.848898
9.787193
9.475570
9.634956
9.607937
10.014656
10.848083
9.146707
9.564081
9.754115
10.337120
10.039261
10.100657
10.185953
10.069298
10.063000
9.376635
9.826326
9.292282
8.801500
8.504547
9.170428
10.402262
10.419415
10.789385
10.178600
10.127914
9.645982
9.665237
9.260396
9.229156
8.958484
8.498545
10.027664
9.629005
8.717624
9.345011
9.518389
10.034039
10.207896
9.795706
10.560272
8.278057
7.747052
8.559883
9.242987
8.974699
7.901762
8.527872
8.397437
9.621483
7.250073
8.637031
8.046728
8.956114
8.357127
8.624666
9.612024
7.406270
8.064940
8.795735
8.392055
9.257237
9.184249
8.586523
8.908959
7.813305
8.359081
7.622916
8.249552
8.245220
7.251951
6.073739
9.344958
10.072478
8.065447
9.805945
7.989784
10.199549
6.583353
8.150249
10.592469
4.649508
10.233502
7.336795
7.871623
9.864071
9.692632
8.112651
7.094452
9.676956
8.110106
8.301884
10.935461
8.552795
7.916815
8.144339
7.741560
8.369029
9.427884
6.948794
7.085148
4.600239
6.368248
9.141199
8.488369
7.958398
9.337187
8.732944
6.481755
8.594683
8.073511
7.644607
7.180557
8.044635
9.113304
6.827823
7.780337
7.834228
8.691943
9.877544
7.781881
9.527184
8.237421
6.924245
7.407460
5.576836
6.916247
4.336328
8.784498
8.155843
6.668203
6.880557
5.957867
6.220275
7.264264
7.876910
6.581622
5.933804
9.216939
7.339383
6.815331
7.152642
6.918182
7.255309
6.891016
6.969492
6.835362
7.147588
8.096700
5.054732
4.231947
6.584962
6.550643
7.029387
8.261493
7.877506
7.606496
5.907987
7.526787
6.717356
6.773383
6.661241
7.189031
5.777465
6.745497
7.399867
6.029858
7.296457
7.764195
6.117721
7.941796
7.970862
6.280748
5.911468
7.153104
6.930303
6.426032
5.654524
7.585849
7.334674
7.517165
6.110406
6.202561
5.652064
5.725083
6.435021
4.928313
7.723322
5.337341
6.559612
6.395808
6.276298
6.078234
7.160299
7.150560
6.365868
6.437685
4.491844
6.152135
6.374722
6.209904
5.483333
6.852517
7.183760
5.996022
6.814789
5.894812
5.800797
7.436162
5.551976
6.103312
6.423457
4.974125
5.791011
6.044780
6.318746
5.769264
5.092010
6.543232
5.956323
7.065613
6.048930
5.581968
5.577800
5.516020
7.250985
6.791704
4.851745
5.544612
6.600042
7.890815
5.864867
5.776501
6.410164
6.588293
5.896310
5.599622
6.133528
4.567765
6.573214
5.813810
4.488359
5.335827
5.507616
6.101180
5.680433
6.244262
5.448482
5.643178
4.901829
5.461794
4.924742
5.193424
5.172171
5.621943
4.609051
4.788483
5.902619
5.509487
4.933173
5.377796
4.818576
4.169595
5.352282
4.273384
5.054916
4.768378
4.611954
4.539348
4.224970
3.769416
4.610215
3.607217
4.716707
4.968095
4.563992
4.930766
4.159113
3.543745
4.035614
4.244574
6.343336
4.562525
3.752897
3.746277
4.050677
4.076728
3.689215
6.050651
3.514775
3.807921
3.944375
3.478268
5.086621
4.278997
5.799670
3.846027
3.700128
6.048131
5.684207
5.936971
5.190105
5.840452
5.348484
5.339862
6.818769
6.479363
7.716512
5.909768
5.489597
5.305216
5.010287
5.023158
5.612870
5.566755
5.286054
5.192000
4.565329
5.173096
5.262976
5.630572
5.782430
5.783584
5.039944
5.302860
5.475089
4.814035
4.963668
4.679562
4.913094
4.944810
5.098952
5.068645
4.287869
4.703745
5.137791
5.045165
5.275257
4.689144
4.403168
4.844436
4.197453
4.383469
4.497194
4.649387
4.597973
4.464866
4.884606
4.813461
4.627505
4.738206
4.735463
5.006474
5.585997
4.445108
4.687247
4.877522
5.225834
5.045389
5.066141
5.129484
5.088601
5.076164
4.623934
4.919876
4.551190
4.241563
4.083132
4.529593
5.348465
5.330157
5.657483
5.164172
5.106556
4.773634
4.833085
4.594248
4.574512
4.343493
4.057143
5.046124
4.804332
4.233501
4.630943
4.831897
5.132982
5.245741
4.995712
5.516065
3.950161
3.625478
4.138842
4.566678
4.530092
3.773888
4.205012
4.074347
4.952415
3.404110
4.260873
3.829982
4.447080
4.111738
4.248384
4.941817
3.458664
3.925704
4.451805
4.102816
4.710220
4.655270
4.262060
4.487529
3.823123
4.173686
3.641537
4.017508
4.081587
3.355508
2.605584
4.739143
5.415546
3.864322
5.110577
3.805330
5.416144
2.988176
4.074748
5.722087
2.904095
5.523949
3.410281
3.808672
5.199723
5.105387
4.025004
3.600068
5.182420
3.951934
4.211904
6.045443
4.277270
3.816828
4.094356
3.744934
4.174569
5.047440
3.340591
3.430367
2.226482
2.874479
4.778458
4.281391
3.906598
4.956821
4.526993
3.012671
4.426134
4.112147
3.802221
3.450038
4.022634
4.836720
3.160762
4.034396
3.906273
4.527557
5.407358
3.967904
5.149346
4.195750
3.289947
3.736426
2.443686
3.719498
1.976793
4.727643
4.230171
3.211105
3.318406
2.754796
2.956917
3.530599
4.159001
3.144626
2.813438
5.055437
3.826305
3.306749
3.580746
3.361630
3.637527
3.357471
3.447442
3.308645
3.593338
4.341326
2.269494
1.824736
3.318175
3.218830
3.688597
4.372097
4.117577
3.978265
2.889483
3.822435
3.310387
3.378578
3.323807
3.645135
2.994946
3.329038
3.890849
2.858832
3.703536
4.116832
2.954635
4.400214
3.910128
3.105776
2.852251
3.669182
3.496806
3.277325
2.658842
3.976560
3.793047
3.958376
3.048880
3.083117
2.616381
2.801750
3.246758
2.313088
4.165811
2.721224
3.285021
3.388426
3.048800
3.135020
3.721447
3.710678
3.181850
3.243754
1.969200
3.099817
3.174962
3.102647
2.579354
3.621427
3.889665
3.015524
3.525393
2.976210
2.835568
3.949369
2.635614
3.085227
3.299973
2.368021
3.064073
3.193098
3.244591
2.803748
2.457680
3.352472
3.046266
3.769267
3.054273
3.036185
2.794771
2.768728
3.909888
3.607491
2.319031
2.775358
3.429194
4.434164
2.974385
2.959233
3.372840
3.441536
2.928854
3.009061
3.135645
2.164383
3.463608
3.002928
2.132869
2.640516
2.808844
3.195423
2.809626
3.532846
2.686585
2.768116
2.364284
2.800376
2.370277
2.744310
2.517793
2.862626
2.216282
2.399392
3.004781
2.800007
2.709947
2.726212
2.335963
2.004040
2.680773
1.992000
2.605300
2.343189
2.227292
2.385420
1.971786
2.114740
2.473210
1.908423
2.541388
2.337572
2.312495
2.465107
1.923241
2.009949
1.978497
2.071081
3.394313
2.385906
1.866103
1.815272
2.238210
1.930829
1.903596
3.201388
1.794669
1.905598
2.119672
1.574300
2.715915
2.346527
3.186226
2.098263
1.913513
3.350353
3.050040
3.299039
2.698888
3.204423
2.789914
2.769825
3.861026
3.611129
4.640496
3.266209
2.863337
2.794628
2.644907
2.567308
3.073372
2.960453
2.792389
2.732356
2.305303
2.724018
2.786351
3.033395
3.199703
3.155660
2.667869
2.840335
2.984760
2.468539
2.632388
2.400475
2.601707
2.545439
2.658907
2.658329
2.106516
2.366496
2.694597
2.647562
2.801323
2.409806
2.239331
2.497833
2.114346
2.315641
2.321204
2.400897
2.336460
2.265652
2.575763
2.492785
2.391375
2.465190
2.477367
2.651105
3.052106
2.296951
2.415784
2.603210
2.785879
2.684534
2.674081
2.719844
2.729261
2.709310
2.416517
2.603951
2.347417
2.160393
2.095387
2.387973
2.917232
2.871778
3.167247
2.752803
2.687769
2.456329
2.540280
2.414883
2.400321
2.194527
2.025811
2.637825
2.501413
2.164168
2.400568
2.617880
2.767635
2.835655
2.694888
3.044353
1.972110
1.788223
2.091006
2.339580
2.461663
1.922960
2.215753
2.082158
2.718214
1.735965
2.224996
1.901659
2.313448
2.158117
2.199690
2.782204
1.704132
2.037139
2.418477
2.104372
2.530332
2.485791
2.231921
2.387461
2.020136
2.232627
1.840696
2.039495
2.148443
1.605736
1.151180
2.492070
3.130083
1.893133
2.793688
1.841283
3.033239
1.429171
2.179853
3.271968
2.623999
3.180163
1.609338
1.910499
2.880614
2.837632
2.103088
2.088796
2.971838
1.973392
2.278425
3.552941
2.209905
1.870128
2.179889
1.864789
2.154640
2.894980
1.724915
1.779783
1.467031
1.331480
2.628233
2.236824
1.968295
2.787010
2.475936
1.474190
2.396921
2.225212
1.995972
1.719922
2.086415
2.720680
1.468072
2.284330
2.027284
2.480960
3.145630
2.162579
2.947924
2.226570
1.603258
2.021929
1.103159
2.332219
1.172089
2.735691
2.326684
1.633604
1.665123
1.350193
1.508364
1.751444
2.389001
1.568593
1.457286
2.968971
2.191145
1.672815
1.900853
1.691098
1.920670
1.697567
1.792931
1.649342
1.912537
2.518323
1.123155
0.940992
1.831264
1.683358
2.144891
2.442253
2.276051
2.228435
1.563643
2.014984
1.709053
1.783565
1.767036
1.941435
1.815301
1.710868
2.206249
1.409806
1.956037
2.329234
1.505399
2.674742
2.203594
1.642531
1.466952
1.985130
1.846044
1.823934
1.310933
2.196284
2.059040
2.209342
1.647426
1.639411
1.229885
1.492060
1.748520
1.216111
2.405828
1.620417
1.720018
2.009152
1.512962
1.797035
2.033657
2.020433
1.669448
1.723300
0.919168
1.674935
1.645874
1.636239
1.253682
2.063798
2.287448
1.631234
1.923536
1.632983
1.457200
2.203638
1.289154
1.664914
1.803800
1.234627
1.843578
1.883813
1.777702
1.410316
1.295918
1.797748
1.688076
2.138232
1.632131
1.930839
1.518801
1.517239
2.238892
2.044485
1.213663
1.502833
1.871211
2.673531
1.611964
1.645974
1.903254
1.893036
1.504604
1.850403
1.688577
1.134619
1.933174
1.682710
1.130620
1.398419
1.563646
1.802182
1.439911
2.273095
1.389781
1.390301
1.223410
1.569404
1.213441
1.660776
1.287137
1.558678
1.167898
1.352536
1.598557
1.524850
1.777934
1.488840
1.216622
1.108013
1.424415
1.010577
1.503911
1.257387
1.168531
1.488004
1.004167
1.566969
1.580006
1.346700
1.671180
1.189788
1.384878
1.394566
1.003839
1.549185
1.173974
1.189288
2.002675
1.499666
1.169418
1.089981
1.584862
1.060426
1.268430
1.867709
1.199936
1.190068
1.453426
0.855918
1.691186
1.606852
1.998393
1.479204
1.263962
2.102963
1.842685
2.089714
1.584259
1.992396
1.629393
1.599347
2.436923
2.241575
3.135989
2.044918
1.649005
1.656144
1.601477
1.463910
1.914278
1.755941
1.661221
1.622338
1.326410
1.619501
1.661359
1.827490
2.001496
1.929702
1.609315
1.719494
1.845670
1.424532
1.598909
1.396615
1.578664
1.457907
1.546342
1.565321
1.162462
1.317865
1.574257
1.556161
1.659810
1.395617
1.300466
1.436501
1.226473
1.435005
1.369537
1.401011
1.325930
1.298546
1.535755
1.441378
1.394079
1.443510
1.464275
1.572918
1.855566
1.352980
1.388203
1.573274
1.647408
1.596237
1.565275
1.597952
1.638571
1.614233
1.425813
1.539490
1.355315
1.248779
1.244238
1.432855
1.773175
1.708839
1.981106
1.618264
1.547639
1.380094
1.481287
1.427212
1.415831
1.225063
1.133161
1.496861
1.430917
1.246127
1.373632
1.601521
1.651180
1.688567
1.620267
1.854155
1.106297
1.013316
1.177969
1.307222
1.531302
1.133666
1.336268
1.200473
1.675533
1.064919
1.310426
1.058168
1.334345
1.297523
1.284842
1.629330
0.971846
1.212536
1.498127
1.207470
1.513566
1.474294
1.311641
1.420685
1.247685
1.368796
1.065875
1.148879
1.287410
0.863538
0.602423
1.420631
2.033604
1.002398
1.674538
0.952782
1.869038
0.804784
1.333100
2.059980
2.834628
2.037935
0.821572
1.058061
1.751348
1.741114
1.231987
1.485695
1.911026
1.063593
1.397649
2.303624
1.239603
0.976694
1.307441
1.015152
1.211797
1.865916
1.045116
1.076634
1.346909
0.697565
1.593807
1.272184
1.071945
1.738342
1.505533
0.837731
1.438797
1.359623
1.182670
0.955235
1.186759
1.702236
0.726115
1.504229
1.161303
1.504948
2.026768
1.341472
1.866626
1.297310
0.858245
1.257922
0.582986
1.781007
1.002621
1.785625
1.435664
0.954544
0.936023
0.783775
0.911941
0.937076
1.579517
0.886153
0.917451
1.951266
1.467274
0.948794
1.147162
0.939655
1.140442
0.953895
1.053178
0.904815
1.153538
1.664480
0.713127
0.702856
1.195494
1.016687
1.471928
1.515807
1.406857
1.416500
1.030571
1.164290
0.993135
1.071687
1.079231
1.157023
1.374145
0.980888
1.431576
0.788157
1.138923
1.485224
0.882133
1.869421
1.410844
1.007142
0.883737
1.203933
1.086215
1.193524
0.749027
1.350046
1.241584
1.382703
1.047473
1.010761
0.637780
0.949928
1.082938
0.812455
1.565847
1.212933
1.006692
1.417428
0.817777
1.231070
1.237454
1.222249
0.987088
1.034317
0.538293
1.047821
0.948593
0.980318
0.689652
1.347283
1.539668
1.026527
1.174195
1.053051
0.854226
1.357960
0.704994
1.032247
1.120766
0.788527
1.340093
1.320895
1.110246
0.791579
0.828310
1.071455
1.089577
1.359512
0.991336
1.494970
0.972288
0.985419
1.431030
1.307496
0.775984
0.954051
1.135262
1.803768
1.002117
1.068374
1.222227
1.159759
0.852588
1.370923
1.019080
0.738436
1.208752
1.094780
0.751764
0.860694
1.022683
1.163828
0.816101
1.721422
0.813198
0.759662
0.747401
1.034422
0.726376
1.220908
0.750603
0.972056
0.749361
0.934140
0.943027
0.954962
1.431797
0.942622
0.747148
0.783949
0.864243
0.629705
1.043547
0.806799
0.735178
1.160033
0.628816
1.467232
1.252921
1.235981
1.357055
0.694260
1.032567
0.947552
0.655806
1.500600
0.899992
0.864152
1.342749
1.170368
0.964010
0.865743
1.405626
0.739242
1.100863
1.242037
1.057673
0.966812
1.262966
0.631035
1.265200
1.366758
1.463765
1.317533
1.080448
1.527272
1.292444
1.538157
1.094068
1.437336
1.108116
1.070554
1.741898
1.580697
2.386909
1.481192
1.088143
1.144836
1.152159
0.974962
1.388334
1.199499
1.152507
1.126921
0.916862
1.126854
1.154252
1.266539
1.444791
1.355297
1.144276
1.212464
1.325682
0.967533
1.148055
0.964776
1.133594
0.969906
1.041408
1.072991
0.767258
0.853105
1.061516
1.061918
1.132518
0.951563
0.905509
0.960141
0.863951
1.076055
0.963853
0.963329
0.880360
0.882267
1.068240
0.967810
0.955361
0.988629
1.014023
1.080159
1.284259
0.946960
0.926234
1.109449
1.112340
1.093291
1.048728
1.072133
1.132404
1.105273
0.985109
1.049314
0.911997
0.858168
0.892566
1.012039
1.228472
1.151501
1.407546
1.078352
1.003713
0.876901
0.989765
0.981111
0.971555
0.790025
0.748261
0.948619
0.929283
0.844086
0.898579
1.133491
1.117097
1.133780
1.113247
1.269845
0.734843
0.700792
0.774745
0.824936
1.114920
0.809146
0.952768
0.815282
1.183819
0.816940
0.901742
0.696072
0.883046
0.922425
0.867776
1.188792
0.681289
0.859471
1.081847
0.806751
1.033820
0.997255
0.894287
0.972507
0.926638
0.987405
0.741495
0.748702
0.906591
0.560024
0.425410
0.899787
1.496338
0.599832
1.121384
0.550494
1.285466
0.574896
0.956407
1.443266
3.150482
1.466929
0.482234
0.675868
1.187259
1.198037
0.836031
1.264841
1.390464
0.641457
0.994300
1.657675
0.776698
0.563081
0.907498
0.630264
0.765079
1.362540
0.886384
0.785848
1.437739
0.451514
1.083975
0.808372
0.652205
1.218464
1.037216
0.587050
0.977498
0.958672
0.815671
0.619436
0.762572
1.199739
0.404346
1.157176
0.757279
1.028738
1.455963
0.965129
1.319483
0.849763
0.531000
0.917837
0.402082
1.579594
1.051396
1.321475
1.010849
0.667739
0.616290
0.570537
0.678432
0.560065
1.205129
0.595044
0.718988
1.439322
1.147834
0.628659
0.806848
0.602289
0.782492
0.619512
0.721699
0.569302
0.808405
1.256298
0.596099
0.698451
0.929284
0.730754
1.181408
1.059062
0.987265
1.032794
0.830326
0.754748
0.671829
0.753106
0.775862
0.790250
1.232331
0.648959
1.069761
0.525840
0.748706
1.077094
0.618136
1.485583
1.035637
0.733636
0.645256
0.834381
0.730489
0.922780
0.522892
0.937040
0.846538
0.982213
0.794940
0.738868
0.389337
0.734135
0.786460
0.687154
1.153427
1.084602
0.676828
1.167334
0.499563
0.997276
0.852253
0.835782
0.676063
0.718200
0.424400
0.772059
0.625726
0.685046
0.454443
1.012003
1.182676
0.763615
0.815236
0.805247
0.591503
0.934990
0.453490
0.749055
0.804292
0.626947
1.140876
1.082036
0.802171
0.516020
0.651487
0.724461
0.825806
0.976821
0.699935
1.336187
0.741967
0.763958
1.028067
0.951214
0.615615
0.719953
0.778612
1.358892
0.727012
0.814594
0.900150
0.803241
0.549387
1.179906
0.702982
0.601516
0.856802
0.831559
0.626228
0.630021
0.789211
0.866441
0.527801
1.480621
0.555836
0.466321
0.555110
0.803710
0.526757
1.051803
0.518131
0.705466
0.593532
0.777962
0.630458
0.698505
1.321354
0.701245
0.555809
0.687381
0.613187
0.495653
0.856956
0.626462
0.565955
1.059828
0.496720
1.516295
1.152446
1.276819
1.263858
0.482781
0.914277
0.766720
0.539826
1.579974
0.831911
0.762400
1.021767
1.065357
0.939918
0.829459
1.397384
0.638512
1.100455
0.941457
1.073133
0.928575
1.246223
0.591770
1.094475
1.316970
1.221170
1.318891
1.066208
1.256787
1.038231
1.283295
0.878914
1.179229
0.872313
0.829228
1.392319
1.252284
2.001345
1.216565
0.824207
0.913315
0.961111
0.757929
1.146967
0.937795
0.921904
0.904703
0.750903
0.906179
0.923498
1.000120
1.180695
1.080199
0.940612
0.980599
1.085087
0.768474
0.953028
0.781486
0.941779
0.748914
0.809462
0.849315
0.606924
0.646635
0.823065
0.835365
0.884326
0.757873
0.743916
0.744539
0.723190
0.936951
0.794121
0.772481
0.683819
0.705639
0.857211
0.752454
0.762550
0.785188
0.813226
0.851391
1.003522
0.774624
0.716523
0.898422
0.854557
0.856187
0.802686
0.819627
0.892377
0.863537
0.788204
0.819265
0.712469
0.693332
0.753008
0.826383
0.961658
0.876054
1.120865
0.813762
0.736308
0.635686
0.756488
0.777046
0.768606
0.592847
0.584038
0.676468
0.688112
0.668409
0.673969
0.913523
0.853332
0.856032
0.867183
0.971971
0.577598
0.582154
0.596146
0.593707
0.926785
0.681418
0.786127
0.647415
0.945058
0.739401
0.717436
0.542612
0.670385
0.759986
0.678462
0.877026
0.574490
0.710480
0.890820
0.626079
0.800608
0.765515
0.702005
0.759639
0.797872
0.818457
0.609792
0.566769
0.737454
0.441848
0.391049
0.636885
1.222575
0.415187
0.836496
0.365518
0.979971
0.504002
0.787681
1.114933
3.441383
1.168766
0.337632
0.502603
0.892951
0.917474
0.652956
1.197908
1.124340
0.440521
0.805688
1.307387
0.548057
0.366856
0.720255
0.453024
0.546366
1.106709
0.664879
0.670373
1.576245
0.365525
0.821942
0.576934
0.449898
0.949288
0.802273
0.496876
0.746808
0.768043
0.647497
0.471850
0.555901
0.940616
0.265611
1.001401
0.563245
0.786359
1.150151
0.788948
1.028997
0.625655
0.387094
0.765166
0.355674
1.519320
1.158332
1.085063
0.800610
0.549627
0.475985
0.501337
0.595492
0.380879
1.027532
0.473030
0.658837
1.169040
1.006336
0.486516
0.650972
0.448263
0.614494
0.467127
0.571080
0.415814
0.648296
1.053759
0.588567
0.766261
0.821415
0.609459
1.056893
0.822874
0.775842
0.845293
0.765698
0.549555
0.525650
0.608568
0.641386
0.613024
1.205949
0.494799
0.895372
0.418145
0.554898
0.871085
0.508794
1.295581
0.851167
0.617466
0.552361
0.653306
0.558521
0.807753
0.437689
0.725997
0.647474
0.779200
0.691365
0.622132
0.288247
0.654848
0.652603
0.668435
0.941314
1.063516
0.519976
1.063989
0.350175
0.904624
0.657422
0.639869
0.530867
0.569491
0.411761
0.650162
0.472063
0.549674
0.359406
0.849268
1.005319
0.649453
0.636297
0.701092
0.477008
0.712346
0.346381
0.620300
0.652898
0.580056
1.068352
0.982671
0.655987
0.391424
0.593485
0.551371
0.708885
0.779481
0.563845
1.290004
0.646924
0.674891
0.816136
0.770567
0.567378
0.621855
0.597301
1.117770
0.600749
0.702480
0.741700
0.621279
0.403278
1.109863
0.548107
0.567844
0.677091
0.712003
0.599571
0.532182
0.689473
0.723133
0.390570
1.375296
0.439104
0.325146
0.482385
0.704575
0.448601
0.994290
0.417346
0.581773
0.544583
0.728717
0.475107
0.581038
1.303134
0.593707
0.482128
0.678095
0.498497
0.460494
0.786045
0.559607
0.506488
1.047063
0.462363
1.604668
1.138709
1.359635
1.255522
0.393323
0.888411
0.698194
0.515255
1.688398
0.838173
0.745753
0.860498
1.045398
0.972953
0.854632
1.440134
0.620982
1.148557
0.792857
1.131449
0.951312
1.283165
0.613988
1.030402
1.332036
1.109427
1.367565
1.104070
1.126278
0.918223
1.162925
0.784485
1.056262
0.764117
0.717139
1.209122
1.082539
1.794223
1.088984
0.696559
0.807013
0.881392
0.661136
1.034115
0.811460
0.815942
0.804185
0.687337
0.806565
0.816984
0.870028
1.051940
0.944605
0.851766
0.872938
0.971553
0.682485
0.869697
0.705446
0.860338
0.647752
0.701319
0.746668
0.545500
0.554784
0.710027
0.730019
0.764983
0.674108
0.681095
0.646142
0.673760
0.888125
0.725473
0.690078
0.597394
0.632857
0.761182
0.653744
0.678328
0.694171
0.723701
0.743765
0.861943
0.703424
0.620586
0.801666
0.727709
0.742489
0.683359
0.695918
0.776467
0.746864
0.700665
0.709793
0.622579
0.626072
0.701889
0.744959
0.828364
0.737153
0.974269
0.681596
0.602371
0.518028
0.644548
0.683135
0.675552
0.503274
0.515761
0.538797
0.571036
0.593358
0.566581
0.809428
0.721175
0.714771
0.746744
0.817428
0.513498
0.542437
0.518398
0.481979
0.842005
0.634860
0.715283
0.575944
0.827841
0.725280
0.634687
0.479942
0.570067
0.691251
0.591325
0.754757
0.541895
0.649232
0.856452
0.587224
0.728822
0.699550
0.654956
0.697893
0.785352
0.780604
0.610613
0.526696
0.697534
0.437321
0.434404
0.552882
1.124110
0.367988
0.733870
0.323567
0.864754
0.530660
0.763634
0.994516
3.699129
1.053067
0.321901
0.469615
0.784872
0.818474
0.618202
1.238052
1.028050
0.386914
0.756938
1.168417
0.475097
0.325478
0.678845
0.408374
0.482022
1.007382
0.673310
0.669250
1.734653
0.379556
0.740973
0.503492
0.399115
0.855156
0.718610
0.514932
0.669397
0.714132
0.605952
0.447260
0.486896
0.840188
0.241118
0.964368
0.507438
0.695296
1.029229
0.753242
0.920895
0.553023
0.364960
0.737576
0.397522
1.549116
1.284711
1.015564
0.730618
0.544733
0.453529
0.518374
0.607823
0.338740
0.989582
0.462847
0.693588
1.067028
0.986170
0.468829
0.622168
0.416404
0.578493
0.440906
0.534620
0.386299
0.611037
0.999043
0.642392
0.860478
0.823101
0.587694
1.034842
0.728166
0.696412
0.801313
0.779703
0.490202
0.498174
0.575037
0.617388
0.558724
1.238191
0.456434
0.848875
0.419114
0.494585
0.802311
0.501943
1.242683
0.789606
0.614932
0.545138
0.608092
0.516206
0.791902
0.439060
0.653966
0.591744
0.706474
0.683279
0.609432
0.287668
0.663747
0.619538
0.707514
0.876604
1.098614
0.485189
1.054837
0.313876
0.900902
0.595044
0.571142
0.494850
0.538147
0.452674
0.627682
0.443091
0.518986
0.350289
0.796483
0.958098
0.630050
0.592760
0.695473
0.457316
0.641425
0.338654
0.592929
0.611257
0.602305
1.070724
0.974927
0.626325
0.360499
0.602471
0.496496
0.691145
0.721503
0.523469
1.325439
0.632585
0.671496
0.743928
0.708488
0.583544
0.617913
0.537110
1.025533
0.581292
0.683654
0.698649
0.562672
0.360447
1.121750
0.513321
0.599613
0.616011
0.693456
0.621227
0.522873
0.685084
0.689711
0.363228
1.358811
0.415104
0.290576
0.488431
0.686966
0.443723
1.003770
0.396870
0.563413
0.556669
0.743027
0.437667
0.561763
1.347776
0.578309
0.486400
0.723890
0.474757
0.486494
0.793563
0.567558
0.517314
1.082070
0.493315
1.695526
1.174208
1.453663
1.303364
0.381699
0.918696
0.708092
0.545215
1.800990
0.888859
0.781781
0.803805
1.081136
1.040437
0.910591
1.526386
0.656862
1.226431
0.741835
1.216725
1.020827
1.356680
0.673757
1.030551
1.388215
1.085223
1.438636
1.184024
1.093578
0.894551
1.132223
0.772257
1.030985
0.740915
0.696748
1.135140
1.030187
1.707264
1.050496
0.672024
0.791556
0.879673
0.645823
1.007295
0.777995
0.793207
0.785215
0.686632
0.784831
0.796626
0.837596
1.023440
0.898642
0.833704
0.850365
0.945669
0.664160
0.849212
0.697265
0.842114
0.630797
0.673399
0.717780
0.543729
0.538984
0.685830
0.710325
0.731723
0.660476
0.678169
0.627303
0.678867
0.901721
0.721741
0.675671
0.585335
0.612821
0.738806
0.629058
0.664581
0.672011
0.705244
0.710786
0.809997
0.694588
0.603595
0.781663
0.682781
0.709497
0.642182
0.654395
0.743847
0.706337
0.675117
0.677726
0.604359
0.617268
0.704906
0.736425
0.776481
0.681378
0.920101
0.632778
0.550870
0.485664
0.605145
0.666265
0.655949
0.488179
0.511417
0.489683
0.523874
0.572446
0.537695
0.777038
0.669822
0.659243
0.695698
0.757327
0.504522
0.552085
0.498568
0.444296
0.828281
0.648990
0.705628
0.562835
0.791446
0.749790
0.621615
0.473326
0.537713
0.682288
0.575905
0.698818
0.544536
0.652648
0.788370
0.527382
0.646306
0.615785
0.590089
0.624711
0.749269
0.727337
0.567668
0.465427
0.680081
0.404842
0.439341
0.454164
1.023352
0.307019
0.627255
0.260259
0.749033
0.516904
0.704125
0.865471
3.837637
0.941952
0.274790
0.409923
0.673242
0.712440
0.552428
1.220811
0.930265
0.316100
0.692343
1.030906
0.393009
0.252875
0.612075
0.349296
0.402940
0.916605
0.641678
0.634198
1.806836
0.358024
0.639107
0.418861
0.325057
0.753254
0.635273
0.488509
0.586351
0.648517
0.550383
0.398758
0.416196
0.746760
0.198148
0.914835
0.439760
0.609088
0.912545
0.689451
0.809330
0.471591
0.317015
0.685857
0.389143
1.536103
1.344737
0.924403
0.656814
0.506569
0.407396
0.503819
0.585926
0.274337
0.924481
0.423607
0.677711
0.965292
0.937675
0.418877
0.567366
0.363926
0.518321
0.387172
0.485923
0.332946
0.556231
0.922956
0.652691
0.904672
0.787302
0.552066
0.997097
0.644959
0.623504
0.730350
0.767104
0.413410
0.447809
0.528017
0.573215
0.498108
1.243175
0.404662
0.786861
0.382458
0.425031
0.727943
0.467011
1.172516
0.725961
0.628656
0.551410
0.591735
0.501271
0.793418
0.452269
0.617181
0.568335
0.667913
0.690435
0.614191
0.301452
0.683229
0.607881
0.746381
0.846773
1.134137
0.475260
1.061047
0.301462
0.910655
0.564895
0.535219
0.482086
0.530248
0.492535
0.624175
0.438118
0.509760
0.355375
0.770558
0.939485
0.628291
0.577807
0.705160
0.455320
0.607148
0.346794
0.585798
0.594034
0.629812
1.083317
0.981925
0.619571
0.349400
0.619163
0.469950
0.691312
0.695552
0.505138
1.365222
0.632755
0.681086
0.706652
0.676180
0.605609
0.628303
0.506637
0.973574
0.581157
0.682051
0.680940
0.533698
0.341128
1.142991
0.502847
0.634349
0.584298
0.693160
0.645398
0.528143
0.695281
0.678800
0.357180
1.358363
0.409217
0.278242
0.504591
0.684548
0.450311
1.020953
0.391969
0.563871
0.575079
0.763579
0.424673
0.560436
1.392609
0.579206
0.501025
0.768534
0.468775
0.516114
0.810854
0.584671
0.536079
1.116943
0.527490
1.768495
1.209225
1.530366
1.349638
0.383572
0.950914
0.727258
0.576918
1.890993
0.933853
0.816508
0.777771
1.115148
1.094410
0.955662
1.595248
0.690612
1.287199
0.718969
1.282423
1.077947
1.415208
0.722459
1.039944
1.434808
1.080365
1.493278
1.247907
1.084082
0.891376
1.123002
0.775311
1.026838
0.736438
0.695276
1.097513
1.009357
1.661863
1.035590
0.669206
0.793525
0.889706
0.646540
1.000365
0.767263
0.788831
0.783316
0.695223
0.780409
0.794400
0.828316
1.017382
0.878432
0.830915
0.846394
0.939681
0.660736
0.843531
0.701201
0.838113
0.630761
0.664867
0.707617
0.551114
0.538614
0.681245
0.708532
0.720191
0.660818
0.684761
0.625254
0.690485
0.920624
0.728489
0.675152
0.587438
0.606029
0.733495
0.621988
0.664908
0.666025
0.702255
0.697822
0.785519
0.697291
0.602813
0.778388
0.662246
0.697409
0.623811
0.636363
0.732408
0.688151
0.665700
0.665832
0.601640
0.619444
0.715007
0.740896
0.750843
0.653175
0.894413
0.609635
0.525655
0.474712
0.587240
0.665322
0.652508
0.488151
0.517635
0.467077
0.499968
0.565247
0.528275
0.764087
0.644463
0.631580
0.668892
0.727608
0.506122
0.566346
0.492712
0.427848
0.828770
0.668159
0.707630
0.561917
0.776922
0.773281
0.622379
0.476786
0.524247
0.684602
0.575536
0.668002
0.551653
0.664444
0.788511
0.523487
0.627916
0.600829
0.582346
0.610174
0.755833
0.722607
0.582711
0.460834
0.638517
0.414983
0.469771
0.431262
0.992726
0.298105
0.595166
0.254627
0.711399
0.541117
0.707794
0.827073
3.965179
0.903047
0.280886
0.408498
0.638600
0.681899
0.550984
1.253052
0.899730
0.304850
0.682729
0.983092
0.372730
0.248713
0.606866
0.340892
0.386864
0.882794
0.658432
0.646128
1.890382
0.376149
0.617407
0.398404
0.315567
0.724075
0.608727
0.509683
0.563241
0.635673
0.542778
0.399521
0.395578
0.712207
0.197945
0.908634
0.425993
0.578452
0.870144
0.686365
0.773245
0.450474
0.318846
0.685213
0.420620
1.561501
1.412659
0.906570
0.635662
0.516432
0.408583
0.522112
0.602792
0.267351
0.920039
0.430546
0.706316
0.930462
0.940455
0.423310
0.566264
0.360640
0.513987
0.387296
0.479281
0.331081
0.550174
0.910548
0.687580
0.956864
0.800227
0.551468
0.996704
0.610681
0.596216
0.723070
0.782998
0.398258
0.446370
0.522506
0.572676
0.482958
1.266433
0.397109
0.776390
0.394913
0.407867
0.706738
0.474619
1.159672
0.707339
0.584753
0.526347
0.531583
0.445313
0.758641
0.426321
0.554023
0.502388
0.610561
0.657828
0.575570
0.265327
0.655595
0.570952
0.739830
0.777247
1.128468
0.423351
1.028536
0.255560
0.881644
0.505233
0.479051
0.438582
0.481082
0.487910
0.587306
0.383713
0.469048
0.327693
0.725895
0.880896
0.594219
0.515495
0.668438
0.421005
0.533222
0.309257
0.546694
0.549013
0.613052
1.062404
0.949377
0.569673
0.315192
0.603439
0.418592
0.653148
0.629488
0.469154
1.339195
0.607059
0.651928
0.640023
0.624089
0.590932
0.593022
0.452627
0.900328
0.536940
0.647085
0.630667
0.477888
0.299090
1.115575
0.449117
0.618127
0.531486
0.652368
0.640775
0.495799
0.658163
0.631666
0.309967
1.325583
0.373697
0.233132
0.478441
0.656541
0.427865
1.002712
0.364624
0.519196
0.560724
0.747417
0.371210
0.520436
1.376517
0.543229
0.474641
0.757579
0.433507
0.500978
0.783864
0.560111
0.514544
1.110723
0.509157
1.793100
1.202360
1.548819
1.337306
0.356595
0.938551
0.699616
0.565552
1.914206
0.931441
0.808123
0.726951
1.105715
1.102212
0.964925
1.598297
0.682499
1.298818
0.673041
1.296457
1.076971
1.421503
0.726851
1.020951
1.436315
1.043206
1.508741
1.250518
1.038976
0.847967
1.083534
0.742450
0.982215
0.700640
0.655044
1.040754
0.948709
1.596381
0.995393
0.620483
0.753917
0.860006
0.613250
0.962926
0.724490
0.753531
0.749404
0.675637
0.748664
0.757024
0.781955
0.969502
0.836293
0.804045
0.809255
0.900432
0.635800
0.821652
0.676886
0.816055
0.594343
0.630161
0.677203
0.532702
0.507649
0.640708
0.670518
0.680624
0.633873
0.665740
0.591253
0.675748
0.901177
0.705722
0.649259
0.557324
0.589984
0.702848
0.590801
0.637084
0.638491
0.673481
0.665211
0.740825
0.675196
0.568533
0.745282
0.623239
0.660272
0.587613
0.597296
0.693347
0.653191
0.641795
0.630678
0.571665
0.599362
0.698956
0.710825
0.710758
0.611475
0.846413
0.568312
0.484632
0.433495
0.554043
0.631152
0.620479
0.455801
0.493515
0.421622
0.467435
0.546063
0.491520
0.731597
0.603784
0.587022
0.635962
0.676498
0.487056
0.553059
0.470525
0.392722
0.798072
0.647368
0.684014
0.539841
0.736984
0.768512
0.592383
0.456754
0.493327
0.661689
0.543863
0.635595
0.546661
0.639513
0.755562
0.497405
0.591796
0.562699
0.554254
0.578918
0.741987
0.701144
0.561277
0.434081
0.617658
0.402092
0.474667
0.385845
0.948578
0.272816
0.547602
0.226637
0.659670
0.535651
0.679096
0.766750
4.025076
0.854667
0.259448
0.381287
0.588367
0.633945
0.519701
1.242346
0.857133
0.273481
0.654879
0.920079
0.336904
0.213676
0.575996
0.316137
0.351496
0.845674
0.643203
0.630246
1.920980
0.367032
0.568775
0.360675
0.281081
0.677861
0.573824
0.496167
0.527321
0.607750
0.519681
0.378235
0.366843
0.673168
0.180550
0.888915
0.396842
0.542743
0.818295
0.656106
0.722589
0.414602
0.297292
0.661983
0.415119
1.554977
1.439934
0.863040
0.604647
0.498457
0.388245
0.516811
0.593117
0.237620
0.889008
0.412696
0.696558
0.885437
0.917839
0.399152
0.540753
0.337360
0.485970
0.361997
0.459545
0.306654
0.526174
0.874645
0.692660
0.978437
0.782285
0.538149
0.981906
0.577290
0.567240
0.688634
0.779189
0.362581
0.423467
0.503155
0.553502
0.457842
1.271604
0.375219
0.748722
0.376212
0.377430
0.674466
0.458619
1.127325
0.681645
0.563255
0.517999
0.499548
0.416144
0.743708
0.417229
0.520342
0.466541
0.580897
0.644261
0.557917
0.249211
0.645177
0.554732
0.743451
0.739036
1.132713
0.396811
1.014941
0.233145
0.870348
0.473700
0.449990
0.417747
0.456278
0.492655
0.570786
0.355229
0.449972
0.317243
0.704389
0.849737
0.579475
0.481694
0.651642
0.406052
0.491794
0.291883
0.528511
0.526961
0.609450
1.056223
0.935332
0.544032
0.300320
0.600651
0.392270
0.635314
0.593087
0.453122
1.328836
0.597668
0.639980
0.603364
0.597245
0.588573
0.576805
0.424385
0.859360
0.514775
0.631243
0.604677
0.448324
0.278721
1.104372
0.420566
0.614253
0.503948
0.632391
0.644963
0.481440
0.640429
0.607514
0.285644
1.310959
0.357309
0.210321
0.467969
0.645159
0.420082
0.997553
0.353696
0.496322
0.558143
0.743533
0.342598
0.500721
1.372136
0.526179
0.463836
0.756664
0.417033
0.497482
0.772517
0.550416
0.506858
1.113119
0.503288
1.815631
1.204251
1.567013
1.335180
0.345463
0.936687
0.687613
0.564348
1.935254
0.936014
0.808839
0.700078
1.105703
1.113485
0.977379
1.605971
0.683329
1.312481
0.649322
1.311627
1.082074
1.431527
0.735780
1.014796
1.443294
1.024955
1.525024
1.257819
1.015370
0.825363
1.063739
0.726864
0.958752
0.683187
0.634490
1.009731
0.914640
1.559547
0.975099
0.594094
0.733623
0.846268
0.597255
0.944267
0.702263
0.736239
0.732985
0.668741
0.733750
0.738212
0.757159
0.943586
0.814589
0.792336
0.790571
0.880256
0.625384
0.813057
0.694507
0.825915
0.615592
0.643496
0.686779
0.549913
0.525634
0.660690
0.691386
0.694367
0.650207
0.682715
0.609675
0.694436
0.928568
0.724991
0.664334
0.576982
0.594239
0.716607
0.603516
0.653977
0.650010
0.688188
0.673889
0.746934
0.690770
0.588228
0.762247
0.629352
0.672287
0.593903
0.605517
0.707007
0.658930
0.648414
0.641728
0.587300
0.613343
0.717146
0.732439
0.713320
0.612855
0.853496
0.573655
0.488099
0.448823
0.559029
0.650665
0.636704
0.475020
0.513134
0.429816
0.467121
0.551800
0.505552
0.740272
0.606981
0.590564
0.633513
0.682144
0.499955
0.573019
0.479099
0.400065
0.816759
0.675671
0.699857
0.552403
0.748690
0.791102
0.610889
0.471724
0.500699
0.677363
0.562164
0.629607
0.555935
0.664128
0.775247
0.509830
0.598139
0.573002
0.564677
0.585580
0.755794
0.710188
0.586508
0.446229
0.625269
0.418374
0.497277
0.393859
0.949567
0.280653
0.549349
0.238718
0.659290
0.559117
0.699174
0.770731
4.095177
0.851332
0.277316
0.396336
0.589578
0.637192
0.537081
1.275346
0.857294
0.282921
0.663621
0.917952
0.341552
0.231010
0.590067
0.324086
0.359309
0.840045
0.666135
0.649626
1.971824
0.387549
0.579680
0.366302
0.293763
0.681268
0.572865
0.521685
0.529741
0.613916
0.527320
0.391632
0.367161
0.668127
0.190916
0.895736
0.402978
0.538967
0.814302
0.671562
0.723057
0.418666
0.311712
0.675358
0.444289
1.579795
1.479674
0.874221
0.605907
0.517307
0.401428
0.535151
0.612823
0.249638
0.903803
0.429095
0.725821
0.883705
0.933620
0.417167
0.555055
0.348612
0.499108
0.377179
0.466029
0.319723
0.535581
0.885810
0.718395
1.008625
0.803566
0.545800
0.990573
0.569299
0.562344
0.703101
0.794678
0.371396
0.435988
0.510310
0.564583
0.460543
1.287810
0.382202
0.756689
0.397532
0.381583
0.676396
0.474444
1.136075
0.681501
0.585149
0.527661
0.511281
0.426871
0.754731
0.431089
0.521753
0.476615
0.578847
0.657473
0.572299
0.267597
0.663201
0.559190
0.763526
0.746926
1.150566
0.408479
1.027576
0.240921
0.883509
0.477293
0.448910
0.424350
0.467963
0.512511
0.579818
0.370746
0.457416
0.327275
0.704154
0.859392
0.588358
0.494956
0.668042
0.414923
0.499099
0.307779
0.536527
0.531799
0.627555
1.067724
0.948551
0.556784
0.304124
0.612317
0.394581
0.647086
0.601862
0.453655
1.357732
0.604284
0.653313
0.606078
0.596696
0.602888
0.593167
0.425686
0.856644
0.528991
0.640794
0.611591
0.451243
0.281320
1.123604
0.432994
0.636401
0.504119
0.645163
0.656399
0.493830
0.657576
0.617000
0.297899
1.320367
0.364808
0.218206
0.483932
0.651500
0.429159
1.010833
0.358391
0.511237
0.570514
0.757875
0.353617
0.512720
1.400067
0.537768
0.479131
0.782367
0.424491
0.516527
0.789597
0.566389
0.522508
1.131447
0.526280
1.842587
1.222835
1.598708
1.362534
0.353914
0.956164
0.706088
0.583107
1.971212
0.957458
0.827263
0.703440
1.124215
1.135605
0.994088
1.638220
0.701232
1.336822
0.652321
1.337703
1.109822
1.457021
0.756747
1.024112
1.464378
1.034099
1.544733
1.288013
1.025293
0.838042
1.071450
0.738569
0.971427
0.692005
0.646816
1.009053
0.924857
1.558241
0.980045
0.609285
0.747644
0.860593
0.607963
0.952499
0.710652
0.744998
0.742547
0.678072
0.741022
0.749057
0.767889
0.956723
0.817559
0.798511
0.800387
0.889940
0.630419
0.815875
0.675537
0.811112
0.587701
0.619493
0.666787
0.534675
0.502236
0.630556
0.662494
0.667056
0.629862
0.667090
0.584120
0.680851
0.908863
0.706139
0.645030
0.553359
0.585019
0.694785
0.581709
0.632756
0.630916
0.667150
0.652626
0.719016
0.673584
0.561892
0.737634
0.604975
0.646932
0.571214
0.580319
0.679828
0.637203
0.633295
0.617934
0.565078
0.597918
0.702708
0.707958
0.689514
0.588467
0.823074
0.548051
0.463367
0.419627
0.538638
0.624339
0.612918
0.449930
0.493043
0.400564
0.449072
0.539872
0.479588
0.718940
0.582542
0.563575
0.615990
0.650289
0.485433
0.559494
0.464211
0.377560
0.792823
0.654355
0.681375
0.536091
0.721556
0.781859
0.587426
0.455774
0.480773
0.659346
0.537741
0.613683
0.551433
0.641524
0.749465
0.491014
0.575318
0.547453
0.545335
0.565653
0.744050
0.695467
0.565801
0.427056
0.611448
0.406290
0.493906
0.364587
0.923702
0.263962
0.521066
0.218770
0.629199
0.548932
0.675793
0.733690
4.108240
0.824415
0.259257
0.375725
0.559803
0.608071
0.513061
1.258297
0.832640
0.261800
0.644940
0.881478
0.319438
0.204652
0.567506
0.307608
0.336288
0.820949
0.649949
0.634353
1.973591
0.376043
0.547266
0.342619
0.269446
0.653131
0.553389
0.505548
0.508356
0.596089
0.511927
0.375199
0.351016
0.647623
0.178017
0.882717
0.384386
0.520043
0.785479
0.648775
0.693309
0.396689
0.294684
0.657682
0.431590
1.568102
1.483195
0.844827
0.587983
0.500784
0.385582
0.526633
0.601084
0.228424
0.880729
0.413549
0.710407
0.858227
0.915355
0.397103
0.535549
0.331637
0.478487
0.357466
0.453029
0.301336
0.518824
0.861054
0.713411
1.012132
0.786065
0.536290
0.979761
0.553296
0.547891
0.677969
0.788053
0.347627
0.418696
0.497232
0.550129
0.445586
1.286442
0.367611
0.738159
0.379485
0.362780
0.657282
0.460123
1.114348
0.667235
0.565132
0.520371
0.488610
0.406338
0.742853
0.421735
0.501963
0.452210
0.562846
0.645593
0.557453
0.252175
0.651419
0.548980
0.759598
0.721878
1.147860
0.389169
1.015865
0.225622
0.873006
0.457958
0.432870
0.410454
0.449693
0.509311
0.567646
0.348747
0.444262
0.318443
0.692419
0.837962
0.577309
0.470526
0.652870
0.403743
0.472230
0.292434
0.523678
0.517778
0.619818
1.060912
0.936245
0.537533
0.294890
0.607510
0.378875
0.632992
0.577500
0.444943
1.341717
0.597320
0.642221
0.583853
0.581740
0.597300
0.578281
0.409156
0.833838
0.511271
0.628726
0.594305
0.433286
0.269127
1.110669
0.412019
0.626836
0.488446
0.629306
0.655857
0.481557
0.641409
0.599830
0.279562
1.309050
0.353148
0.202461
0.472646
0.643338
0.422153
1.003819
0.351129
0.492745
0.565421
0.751228
0.333090
0.497265
1.387905
0.524096
0.467868
0.773183
0.412743
0.508306
0.777315
0.555539
0.513013
1.127117
0.515105
1.847348
1.218235
1.599029
1.352032
0.345036
0.948815
0.692883
0.576467
1.972597
0.954054
0.822458
0.686363
1.118909
1.136218
0.997343
1.632976
0.696659
1.338142
0.637367
1.339355
1.104484
1.455580
0.756192
1.018082
1.462524
1.020449
1.549247
1.283104
1.007961
0.820369
1.057318
0.725680
0.953210
0.678959
0.630562
0.990784
0.900796
1.536531
0.966563
0.588304
0.730933
0.847922
0.595146
0.938865
0.694700
0.732041
0.729857
0.671482
0.730091
0.734384
0.749471
0.936736
0.803842
0.789993
0.786150
0.874882
0.623112
0.810798
0.667026
0.805550
0.572972
0.607513
0.657622
0.528802
0.490686
0.614317
0.647121
0.652796
0.620439
0.660947
0.571075
0.676122
0.899876
0.697739
0.636312
0.541632
0.583292
0.684290
0.571229
0.622676
0.622301
0.657181
0.642485
0.704242
0.666267
0.548216
0.725143
0.592619
0.633898
0.560012
0.567367
0.665499
0.626632
0.627315
0.605920
0.554159
0.591723
0.697205
0.695466
0.677392
0.575918
0.806332
0.534642
0.450543
0.403747
0.528824
0.610472
0.600792
0.436906
0.483512
0.384507
0.440770
0.535906
0.465849
0.708386
0.569733
0.548965
0.607944
0.632243
0.479656
0.554508
0.458102
0.366050
0.780462
0.643978
0.672804
0.528987
0.706789
0.779891
0.575342
0.448929
0.470982
0.651037
0.524916
0.606466
0.552548
0.630089
0.735695
0.482028
0.563383
0.533654
0.535917
0.555748
0.740066
0.689268
0.555657
0.417743
0.605825
0.402061
0.495972
0.347999
0.909401
0.256284
0.505011
0.208827
0.611790
0.546148
0.663560
0.711376
4.123004
0.809137
0.250720
0.365317
0.542563
0.591330
0.500249
1.250782
0.818987
0.250835
0.635687
0.859291
0.307624
0.190108
0.555580
0.299851
0.323835
0.810950
0.642774
0.627734
1.980010
0.372124
0.528128
0.329575
0.256127
0.636829
0.543140
0.498419
0.496813
0.587186
0.504803
0.367488
0.343118
0.636417
0.172730
0.877224
0.374856
0.509948
0.768244
0.636491
0.675500
0.384588
0.286490
0.648979
0.427046
1.564119
1.490751
0.827547
0.578620
0.493065
0.378142
0.524669
0.596836
0.217035
0.868100
0.406403
0.703818
0.843235
0.906197
0.386720
0.525433
0.323222
0.467505
0.347202
0.447298
0.291941
0.510482
0.846969
0.714159
1.019174
0.777566
0.533069
0.975641
0.544807
0.540632
0.663686
0.787173
0.334104
0.409981
0.491361
0.543404
0.438176
1.289343
0.360610
0.728330
0.370498
0.352599
0.646805
0.453613
1.102199
0.660140
0.554711
0.518694
0.475856
0.395087
0.737888
0.418698
0.490856
0.438086
0.554322
0.640678
0.550426
0.244887
0.646757
0.544894
0.760720
0.707124
1.149763
0.378734
1.010984
0.217927
0.869019
0.447150
0.424244
0.403707
0.439967
0.510891
0.562236
0.336451
0.438055
0.315490
0.686906
0.825801
0.572668
0.456320
0.645538
0.398988
0.455967
0.284937
0.517648
0.510743
0.617954
1.059423
0.930824
0.527012
0.291271
0.607470
0.370452
0.626165
0.563033
0.441521
1.334223
0.595439
0.637626
0.570636
0.573674
0.596757
0.571038
0.400005
0.819890
0.501825
0.623194
0.584821
0.423109
0.263143
1.104949
0.400066
0.623724
0.479762
0.621104
0.658828
0.475955
0.633179
0.590471
0.269481
1.303981
0.347721
0.194046
0.467912
0.640408
0.420203
1.002071
0.348757
0.482630
0.565019
0.749776
0.321268
0.489213
1.383066
0.517323
0.463040
0.770388
0.407162
0.505869
0.771794
0.551005
0.509449
1.127449
0.510625
1.854676
1.218206
1.603256
1.348148
0.341535
0.946861
0.686617
0.574940
1.976639
0.954188
0.821628
0.677109
1.117714
1.139076
1.002038
1.631739
0.695944
1.341461
0.629545
1.342888
1.103192
1.456984
0.758228
1.016368
1.463663
1.013459
1.554792
1.282129
0.998405
0.810569
1.049968
0.719186
0.943017
0.672342
0.621715
0.980526
0.886517
1.523867
0.959614
0.576159
0.721739
0.841526
0.588644
0.931794
0.686016
0.725428
0.723423
0.669270
0.724864
0.726563
0.739048
0.925224
0.796670
0.786415
0.778603
0.866761
0.620359
0.809581
0.663427
0.803985
0.565059
0.601502
0.653555
0.527004
0.484954
0.605334
0.638730
0.645175
0.616160
0.658933
0.564276
0.675074
0.895869
0.694141
0.632495
0.535725
0.584311
0.679155
0.566177
0.617889
0.618530
0.652461
0.637655
0.696206
0.663370
0.540916
0.718657
0.586240
0.627038
0.554420
0.560562
0.657730
0.621469
0.625319
0.599744
0.548728
0.589549
0.695470
0.688914
0.671144
0.569377
0.796883
0.527491
0.443802
0.394860
0.524147
0.602947
0.594454
0.429951
0.478933
0.375016
0.447565
0.542783
0.488019
0.723735
0.583422
0.564661
0.613064
0.652779
0.493434
0.572529
0.469165
0.381490
0.804781
0.673201
0.691448
0.543883
0.728530
0.796936
0.599324
0.465311
0.484833
0.669355
0.549475
0.608319
0.557167
0.657833
0.762210
0.498722
0.578619
0.553528
0.551617
0.569250
0.752904
0.700863
0.582635
0.434585
0.615841
0.416913
0.509221
0.368977
0.923158
0.268485
0.520995
0.226250
0.627574
0.564759
0.688935
0.735030
4.157944
0.820737
0.270934
0.385340
0.559325
0.609066
0.524280
1.280845
0.831528
0.267388
0.650082
0.878459
0.321576
0.215803
0.576396
0.312230
0.340665
0.815761
0.665356
0.647232
2.009484
0.389824
0.553669
0.345425
0.277308
0.654243
0.551551
0.522838
0.508906
0.599416
0.516374
0.383770
0.350170
0.642806
0.184493
0.886633
0.387676
0.516163
0.781197
0.658691
0.692213
0.398386
0.303999
0.666227
0.451720
1.585105
1.511423
0.851482
0.587749
0.513343
0.394054
0.539037
0.614400
0.235909
0.890189
0.424366
0.730559
0.855641
0.925660
0.408983
0.544753
0.338694
0.486823
0.367309
0.456742
0.309687
0.524572
0.867860
0.731309
1.033482
0.800402
0.540948
0.985132
0.546449
0.543332
0.687181
0.798484
0.352777
0.426701
0.501453
0.557170
0.446530
1.297545
0.371676
0.742833
0.393872
0.364685
0.657573
0.470627
1.119518
0.666131
0.579902
0.526586
0.495926
0.412981
0.749947
0.430955
0.501849
0.458275
0.560308
0.654286
0.566920
0.264544
0.663629
0.551348
0.773524
0.726338
1.160199
0.396545
1.024153
0.230275
0.881720
0.459461
0.431047
0.414298
0.457125
0.523119
0.573313
0.358876
0.448746
0.324939
0.691342
0.843834
0.582907
0.478949
0.663845
0.409336
0.476239
0.303042
0.528600
0.520345
0.632266
1.068562
0.945001
0.545744
0.296845
0.615346
0.379558
0.640641
0.582664
0.444526
1.361849
0.601408
0.651109
0.584648
0.580357
0.607070
0.589286
0.409085
0.830637
0.520620
0.634828
0.598321
0.434352
0.270124
1.123854
0.419973
0.642271
0.487563
0.637669
0.663709
0.489752
0.652982
0.605744
0.287477
1.315090
0.357773
0.207246
0.483512
0.647227
0.428090
1.012846
0.353838
0.502626
0.573842
0.761051
0.340050
0.505102
1.407556
0.531690
0.478254
0.791279
0.417363
0.521539
0.788984
0.566437
0.523713
1.139928
0.531134
1.866725
1.231237
1.621717
1.371253
0.350480
0.962347
0.705538
0.589503
1.999247
0.969888
0.835842
0.687426
1.132309
1.152720
1.009796
1.656727
0.709488
1.356146
0.638380
1.358695
1.124742
1.474331
0.771558
1.024336
1.477922
1.026199
1.563919
1.305287
1.014129
0.828627
1.061978
0.733431
0.961442
0.684500
0.638613
0.988857
0.906854
1.533945
0.969149
0.598301
0.740253
0.857677
0.602144
0.943953
0.699787
0.737560
0.736000
0.677761
0.734582
0.741414
0.756226
0.945257
0.804934
0.793769
0.792426
0.880954
0.626090
0.811970
0.672837
0.807474
0.580685
0.611275
0.659480
0.534328
0.496705
0.621404
0.654619
0.656783
0.625603
0.666361
0.577325
0.682351
0.910442
0.704325
0.640858
0.548477
0.582433
0.688233
0.574669
0.628153
0.625131
0.661595
0.643969
0.704559
0.671074
0.555158
0.730734
0.592918
0.637097
0.560388
0.568727
0.669544
0.626751
0.627779
0.608667
0.559127
0.595797
0.703317
0.703385
0.676045
0.574014
0.807297
0.534701
0.449689
0.408728
0.528663
0.617452
0.606146
0.443740
0.490464
0.386081
0.438053
0.536025
0.470218
0.710094
0.568857
0.548306
0.604237
0.632710
0.483320
0.561557
0.459701
0.367204
0.787105
0.655202
0.677990
0.532557
0.710166
0.788152
0.581926
0.453671
0.472166
0.656167
0.531449
0.601175
0.554355
0.639630
0.742939
0.485658
0.564180
0.536414
0.538613
0.556657
0.744234
0.691225
0.565501
0.421295
0.607093
0.407450
0.504206
0.349809
0.907714
0.257736
0.503824
0.212413
0.609647
0.554967
0.671061
0.711490
4.153583
0.805541
0.257069
0.370374
0.541231
0.590963
0.506519
1.264356
0.817049
0.253263
0.637734
0.856572
0.307812
0.196447
0.560288
0.301501
0.325618
0.806242
0.651562
0.634815
2.001605
0.379661
0.531629
0.330349
0.260287
0.636696
0.540704
0.508466
0.496061
0.588115
0.506372
0.371821
0.341243
0.632119
0.175542
0.878377
0.375837
0.506253
0.764728
0.642013
0.674147
0.384738
0.291374
0.653395
0.438751
1.573753
1.506949
0.831300
0.577370
0.500049
0.382448
0.531189
0.604101
0.220974
0.873395
0.412243
0.715709
0.840835
0.911842
0.393474
0.530424
0.326717
0.472000
0.352635
0.448430
0.296348
0.513120
0.850683
0.724134
1.030997
0.785843
0.534691
0.977774
0.539257
0.536499
0.668994
0.792425
0.336727
0.414159
0.492892
0.546824
0.437674
1.294806
0.362119
0.730431
0.378881
0.352927
0.646101
0.459304
1.104794
0.658330
0.563442
0.521287
0.479900
0.398607
0.741276
0.423347
0.489990
0.441440
0.551727
0.645111
0.555513
0.251870
0.653457
0.545187
0.768133
0.709522
1.156104
0.382723
1.015184
0.219970
0.873431
0.447369
0.422176
0.405169
0.443964
0.518222
0.564791
0.342380
0.439916
0.318418
0.685124
0.828980
0.575156
0.461299
0.651687
0.401477
0.458260
0.290862
0.519808
0.511464
0.624671
1.063024
0.935416
0.531623
0.291368
0.611094
0.370080
0.630162
0.565990
0.440090
1.346329
0.596805
0.642270
0.570705
0.571977
0.601680
0.577243
0.399244
0.817483
0.507144
0.626143
0.586724
0.423184
0.262871
1.112449
0.404697
0.632469
0.478507
0.625721
0.662264
0.480270
0.639858
0.593626
0.273971
1.306905
0.349760
0.196420
0.473883
0.641787
0.422817
1.006646
0.349353
0.488401
0.569110
0.754850
0.325314
0.493530
1.394688
0.521394
0.468750
0.780879
0.409246
0.513236
0.778399
0.557045
0.515296
1.134373
0.519985
1.865360
1.225374
1.616358
1.359600
0.344027
0.954520
0.694000
0.582278
1.992558
0.963294
0.829221
0.677086
1.125370
1.148563
1.008783
1.646425
0.703329
1.352139
0.629336
1.354487
1.115651
1.468316
0.767255
1.019416
1.472776
1.016409
1.563237
1.295963
1.001755
0.815344
1.052197
0.723483
0.947798
0.675145
0.626322
0.978404
0.889996
1.521393
0.960433
0.582239
0.727239
0.847210
0.592456
0.934331
0.688625
0.728244
0.726659
0.672430
0.726931
0.730470
0.742877
0.930303
0.796512
0.787936
0.781998
0.870042
0.621311
0.809241
0.666349
0.804180
0.569462
0.603137
0.653814
0.529667
0.488120
0.609366
0.643020
0.647047
0.618692
0.661544
0.567659
0.678204
0.902074
0.697624
0.634601
0.539486
0.582538
0.680985
0.567586
0.620682
0.619479
0.654532
0.637737
0.695629
0.665635
0.544822
0.721613
0.585593
0.628387
0.553798
0.560664
0.659700
0.620661
0.624612
0.600771
0.551234
0.591310
0.698620
0.693480
0.669405
0.567274
0.796858
0.526755
0.442432
0.397547
0.523164
0.606937
0.597308
0.433825
0.482803
0.375908
0.434394
0.534273
0.460641
0.703489
0.561634
0.539830
0.601079
0.621621
0.479187
0.556801
0.456040
0.360165
0.777657
0.645500
0.671505
0.527572
0.700248
0.784924
0.572668
0.448451
0.466234
0.649852
0.521728
0.599109
0.555301
0.629781
0.732343
0.479407
0.556970
0.527319
0.532393
0.550727
0.741039
0.687348
0.556360
0.414843
0.603817
0.403670
0.503535
0.339221
0.899764
0.253044
0.494609
0.205531
0.599886
0.550922
0.661339
0.697773
4.153390
0.797661
0.250135
0.362664
0.531300
0.581021
0.496831
1.255573
0.809640
0.246095
0.631803
0.843922
0.300872
0.185603
0.551705
0.296676
0.317731
0.802200
0.644614
0.628818
1.998914
0.375243
0.518811
0.322414
0.250992
0.626987
0.535701
0.501078
0.489639
0.582797
0.501971
0.366065
0.337555
0.627160
0.171875
0.875167
0.370097
0.501811
0.755646
0.632887
0.663940
0.377660
0.285093
0.646954
0.432333
1.568441
1.506628
0.819613
0.572547
0.493297
0.376839
0.528277
0.599460
0.212980
0.864108
0.406264
0.707899
0.832807
0.904643
0.385091
0.522844
0.320769
0.464049
0.344801
0.445033
0.289435
0.507512
0.841027
0.721674
1.031884
0.778106
0.532715
0.975032
0.536495
0.534004
0.658622
0.790628
0.327802
0.407742
0.489245
0.541945
0.433774
1.295335
0.357749
0.724042
0.370765
0.346959
0.640312
0.453732
1.096747
0.655098
0.554269
0.519909
0.470936
0.390796
0.737511
0.420351
0.483864
0.431858
0.547877
0.640986
0.549809
0.245303
0.648656
0.543096
0.766739
0.699888
1.155598
0.375243
1.011155
0.214942
0.869887
0.441025
0.418058
0.400948
0.436924
0.517128
0.561011
0.332999
0.435887
0.316058
0.682867
0.820686
0.571889
0.451046
0.645362
0.398128
0.447689
0.284508
0.515771
0.507320
0.621587
1.061326
0.930858
0.523830
0.289608
0.610295
0.365453
0.624930
0.556307
0.439020
1.337676
0.595675
0.638203
0.562872
0.568060
0.600066
0.570915
0.394298
0.810116
0.499754
0.622102
0.580571
0.417281
0.259745
1.106581
0.395976
0.627781
0.474049
0.619363
0.663378
0.475662
0.632709
0.587087
0.266473
1.303155
0.346106
0.190764
0.469187
0.639945
0.421128
1.004351
0.348156
0.480400
0.567838
0.752551
0.316872
0.487358
1.387798
0.516116
0.464084
0.775704
0.405462
0.509462
0.772964
0.552444
0.511382
1.132518
0.514195
1.866552
1.223236
1.614733
1.353454
0.341392
0.950994
0.687833
0.579155
1.989902
0.960609
0.826475
0.671689
1.122378
1.147525
1.009904
1.640941
0.700765
1.351015
0.624878
1.353203
1.110965
1.465776
0.765933
1.017751
1.470861
1.011362
1.564415
1.291075
0.994905
0.807839
1.047149
0.718286
0.940027
0.670376
0.619484
0.972937
0.880008
1.514471
0.956118
0.572751
0.719869
0.841598
0.587408
0.929344
0.682564
0.723457
0.721848
0.670393
0.723298
0.724525
0.735266
0.921555
0.792366
0.785555
0.776402
0.864107
0.619660
0.809022
0.663474
0.803551
0.563284
0.599128
0.651536
0.528046
0.483769
0.602609
0.636556
0.641906
0.615495
0.659796
0.562538
0.676904
0.897801
0.694545
0.631845
0.534809
0.584240
0.677518
0.564255
0.617059
0.617140
0.651193
0.635003
0.691032
0.663411
0.539179
0.716820
0.582094
0.623899
0.550801
0.556634
0.654408
0.618006
0.623973
0.596837
0.547269
0.589712
0.696855
0.688082
0.666358
0.564164
0.791151
0.522783
0.438944
0.391276
0.520880
0.601100
0.592650
0.428404
0.478937
0.370349
0.433393
0.534564
0.455464
0.700393
0.558132
0.535453
0.600415
0.615420
0.477772
0.554915
0.454963
0.356744
0.772511
0.640131
0.668424
0.525544
0.694798
0.784059
0.567637
0.446234
0.463555
0.646864
0.516328
0.599165
0.557369
0.624302
0.726352
0.476466
0.553391
0.522408
0.529475
0.548024
0.740197
0.686047
0.551331
0.411740
0.602931
0.402391
0.504380
0.333262
0.895662
0.251166
0.489617
0.202106
0.594521
0.549408
0.655896
0.689631
4.154313
0.793597
0.246627
0.358629
0.525785
0.575489
0.491400
1.250694
0.805867
0.242444
0.629011
0.836520
0.297395
0.179356
0.547033
0.294643
0.313573
0.800767
0.641027
0.625905
1.998140
0.373411
0.511198
0.318209
0.245812
0.621556
0.533553
0.497142
0.486490
0.580390
0.500189
0.363314
0.336294
0.625043
0.170578
0.874201
0.367379
0.500034
0.750651
0.627766
0.658139
0.374011
0.281943
0.643697
0.429016
1.565906
1.507479
0.812720
0.570455
0.489778
0.374139
0.527421
0.597397
0.208626
0.858841
0.403281
0.703582
0.828477
0.900810
0.380423
0.518741
0.317818
0.459694
0.340517
0.443862
0.285796
0.504790
0.835492
0.721053
1.033561
0.773846
0.532510
0.974288
0.535809
0.533488
0.652565
0.790502
0.322757
0.404419
0.487869
0.539693
0.432244
1.296811
0.355864
0.720745
0.366201
0.343964
0.637450
0.450952
1.092281
0.653997
0.548965
0.520061
0.465813
0.386476
0.735991
0.419349
0.480746
0.426300
0.546353
0.639192
0.546917
0.241789
0.646364
0.542744
0.766780
0.694288
1.156225
0.371108
1.009337
0.212048
0.886248
0.460378
0.430469
0.416486
0.460966
0.530287
0.576448
0.364007
0.451324
0.328554
0.691284
0.846989
0.586086
0.483318
0.669568
0.412517
0.478491
0.308600
0.531455
0.522063
0.638800
1.072797
0.949714
0.550138
0.298320
0.619687
0.380367
0.644818
0.585566
0.444868
1.372058
0.603932
0.655908
0.585471
0.580190
0.612336
0.595079
0.409543
0.829555
0.525604
0.638285
0.600747
0.435364
0.271141
1.130695
0.424276
0.650204
0.487666
0.642191
0.668046
0.494211
0.659040
0.609095
0.291778
1.318530
0.360525
0.210067
0.489246
0.649634
0.431482
1.017716
0.355690
0.507872
0.578426
0.766303
0.343892
0.509380
1.417497
0.535854
0.483765
0.800497
0.420108
0.528436
0.795123
0.572208
0.529399
1.146663
0.539397
1.876727
1.238162
1.633346
1.381140
0.353637
0.969496
0.712207
0.596438
2.013036
0.978275
0.843041
0.688258
1.139531
1.161607
1.016745
1.669460
0.716639
1.366145
0.639105
1.369391
1.135720
1.484623
0.780102
1.028011
1.486439
1.029426
1.572194
1.317216
1.017500
0.833053
1.064625
0.737709
0.965850
0.687636
0.642975
0.988032
0.910018
1.532721
0.970755
0.603560
0.745257
0.862988
0.606037
0.946836
0.702622
0.740685
0.739443
0.681409
0.737219
0.745276
0.759872
0.949780
0.805753
0.796079
0.795917
0.884315
0.628017
0.812999
0.676203
0.808885
0.584909
0.613513
0.660784
0.537602
0.500115
0.625271
0.658715
0.659086
0.628610
0.669572
0.580825
0.686012
0.916258
0.708093
0.643564
0.552310
0.582476
0.690562
0.576756
0.631313
0.626945
0.664198
0.645053
0.704939
0.673933
0.559001
0.733897
0.593336
0.639007
0.560868
0.569682
0.671866
0.627105
0.628409
0.610360
0.561993
0.598295
0.706890
0.707755
0.675593
0.573262
0.807949
0.534943
0.449475
0.411490
0.528866
0.621299
0.609180
0.447532
0.494394
0.387049
0.436939
0.536493
0.472697
0.711249
0.568601
0.548124
0.602600
0.633038
0.485607
0.565649
0.460888
0.368028
0.790808
0.661370
0.681014
0.534762
0.712087
0.792957
0.585606
0.456500
0.473040
0.659163
0.535042
0.598673
0.555812
0.644892
0.746929
0.487841
0.564795
0.538018
0.540292
0.557380
0.746824
0.692585
0.570955
0.423424
0.608097
0.410680
0.509097
0.350837
0.906976
0.258801
0.503265
0.214540
0.608543
0.560060
0.675217
0.711462
4.170712
0.803709
0.260703
0.373278
0.540550
0.590810
0.510008
1.271869
0.816146
0.254742
0.639048
0.855026
0.308075
0.199935
0.562957
0.302635
0.326686
0.803894
0.656542
0.638892
2.013811
0.384050
0.533463
0.330880
0.262619
0.636638
0.539574
0.514123
0.495791
0.588821
0.507468
0.374390
0.340465
0.629951
0.177357
0.879279
0.376552
0.504422
0.762808
0.645102
0.673368
0.384914
0.294225
0.655980
0.445409
1.579302
1.516388
0.833284
0.576861
0.504055
0.385008
0.535101
0.608357
0.223223
0.876353
0.415640
0.722414
0.839535
0.915079
0.397283
0.533278
0.328802
0.474560
0.355726
0.449307
0.298906
0.514746
0.852739
0.729993
1.038027
0.790530
0.535892
0.979241
0.536415
0.534459
0.671921
0.795666
0.338206
0.416608
0.493973
0.548917
0.437608
1.298261
0.363160
0.731708
0.383611
0.353236
0.645842
0.462636
1.106287
0.657541
0.568332
0.523051
0.482167
0.400624
0.743392
0.426195
0.489609
0.443286
0.550466
0.647795
0.558500
0.255888
0.657388
0.545622
0.772607
0.710822
1.160011
0.385010
1.017733
0.221269
0.876133
0.447585
0.421181
0.406174
0.446279
0.522660
0.566428
0.345687
0.441143
0.320326
0.684373
0.830777
0.576767
0.464031
0.655242
0.403092
0.459454
0.294291
0.521203
0.512040
0.628688
1.065337
0.938169
0.534253
0.291687
0.613453
0.370010
0.632550
0.567595
0.439577
1.353163
0.597868
0.645073
0.570748
0.571184
0.604748
0.580837
0.398937
0.816130
0.510185
0.627979
0.587876
0.423303
0.262907
1.116800
0.407289
0.637588
0.477921
0.628406
0.664606
0.482865
0.643687
0.595468
0.276530
1.308727
0.351085
0.197857
0.477415
0.642812
0.424563
1.009485
0.349962
0.491683
0.571718
0.757970
0.327579
0.496053
1.401349
0.523811
0.472128
0.786965
0.410596
0.517598
0.782255
0.560612
0.518781
1.138549
0.525384
1.871779
1.229643
1.624014
1.366156
0.345645
0.959016
0.698245
0.586598
2.001684
0.968604
0.833676
0.677219
1.129836
1.154103
1.012850
1.654694
0.707633
1.358282
0.629422
1.361113
1.122645
1.474736
0.772436
1.021341
1.477972
1.018215
1.568104
1.303618
1.003763
0.818100
1.053615
0.726012
0.950554
0.676886
0.629000
0.977520
0.892042
1.520324
0.961126
0.585665
0.730383
0.850468
0.594730
0.935924
0.690241
0.729988
0.728621
0.674382
0.728290
0.732778
0.745134
0.933209
0.796679
0.789010
0.784045
0.872017
0.622095
0.809336
0.668169
0.804556
0.572048
0.604261
0.654216
0.531364
0.490055
0.611740
0.645531
0.648280
0.620293
0.663206
0.569703
0.680146
0.905628
0.699739
0.635986
0.541734
0.581889
0.682122
0.568587
0.622425
0.620247
0.655883
0.638038
0.695560
0.667103
0.547138
0.723424
0.585490
0.629344
0.553714
0.560956
0.660984
0.620473
0.624501
0.601564
0.552808
0.592507
0.700551
0.696146
0.668700
0.566377
0.797047
0.526572
0.441920
0.399187
0.522867
0.609283
0.599048
0.436118
0.485104
0.376310
0.433148
0.534021
0.462042
0.703885
0.561107
0.539400
0.599464
0.621644
0.480259
0.559113
0.456355
0.360359
0.779886
0.649398
0.673169
0.528628
0.701300
0.787665
0.574882
0.449936
0.466434
0.651494
0.523812
0.596888
0.555630
0.633103
0.734819
0.480509
0.557055
0.528138
0.533159
0.550839
0.742309
0.687811
0.559782
0.415927
0.604006
0.405390
0.506214
0.339725
0.898970
0.253327
0.493606
0.238101
0.634084
0.581488
0.706001
0.745300
4.197275
0.825163
0.285938
0.399194
0.566898
0.617704
0.540112
1.304386
0.837661
0.278217
0.660088
0.885423
0.329874
0.232111
0.590175
0.321429
0.350988
0.817709
0.683067
0.662754
2.039845
0.405316
0.567489
0.354644
0.290679
0.663027
0.556257
0.542038
0.515907
0.607898
0.525248
0.396124
0.355012
0.645397
0.194462
0.894610
0.396303
0.519210
0.785982
0.673419
0.699732
0.406501
0.317053
0.678813
0.472319
1.603045
1.534915
0.865066
0.593520
0.528818
0.406190
0.552698
0.629456
0.248422
0.904630
0.438282
0.751755
0.861144
0.939753
0.424694
0.558237
0.349970
0.499874
0.381351
0.464534
0.322270
0.534758
0.880604
0.748500
1.051561
0.817501
0.548735
0.993747
0.546573
0.544921
0.701882
0.810180
0.364004
0.438775
0.509649
0.567874
0.452553
1.308636
0.380068
0.752553
0.411123
0.372296
0.663980
0.484014
1.130333
0.670400
0.597872
0.535071
0.508629
0.424699
0.760117
0.442240
0.508112
0.470395
0.563858
0.665700
0.579598
0.279613
0.677761
0.557444
0.787241
0.737370
1.172407
0.408577
1.035206
0.239290
0.892839
0.466902
0.435158
0.422362
0.468970
0.536559
0.582409
0.373664
0.457136
0.333931
0.695066
0.855165
0.591698
0.492956
0.677759
0.418139
0.487363
0.316700
0.537259
0.527440
0.645630
1.077974
0.956518
0.558424
0.302366
0.624431
0.385561
0.651705
0.594143
0.448078
1.383120
0.608059
0.662442
0.592234
0.584582
0.617824
0.603137
0.414697
0.835274
0.533843
0.644214
0.607298
0.441200
0.275585
1.138928
0.432875
0.658299
0.492379
0.649691
0.671730
0.500804
0.667566
0.616183
0.299738
1.324253
0.365908
0.216478
0.496391
0.653953
0.436136
1.023286
0.359445
0.516454
0.583356
0.772019
0.352095
0.516625
1.427462
0.542596
0.490760
0.809289
0.425501
0.535552
0.802750
0.579260
0.536066
1.152723
0.548069
1.882583
1.244397
1.641277
1.390634
0.358581
0.976526
0.720374
0.603161
2.022290
0.985346
0.849646
0.693668
1.146255
1.167990
1.021221
1.679578
0.723046
1.372902
0.644001
1.376496
1.144698
1.492215
0.786383
1.032580
1.493009
1.035576
1.577052
1.326649
1.024633
0.840941
1.070531
0.744328
0.973856
0.693584
0.650471
0.992801
0.918694
1.538090
0.975853
0.612779
0.753267
0.870199
0.612396
0.952771
0.709093
0.746600
0.745494
0.686085
0.742331
0.752072
0.767461
0.958299
0.810417
0.800392
0.802377
0.890898
0.631793
0.815667
0.681175
0.811911
0.591947
0.618630
0.664626
0.541862
0.505862
0.632457
0.665831
0.664806
0.633576
0.673855
0.586995
0.690225
0.922876
0.713282
0.648165
0.558361
0.583682
0.695382
0.581405
0.636536
0.630961
0.669046
0.648988
0.709581
0.678283
0.565537
0.739715
0.597399
0.644171
0.564683
0.574226
0.677608
0.630679
0.631020
0.615133
0.567231
0.602129
0.711230
0.714332
0.679036
0.576623
0.813232
0.539142
0.453235
0.417887
0.532142
0.627884
0.614820
0.453871
0.499956
0.392354
0.439002
0.538484
0.478383
0.715306
0.572320
0.552333
0.604257
0.638417
0.489195
0.570189
0.463860
0.372099
0.796925
0.668565
0.685763
0.538623
0.717661
0.797209
0.591638
0.460692
0.476712
0.663828
0.541230
0.599549
0.557158
0.651771
0.753574
0.492148
0.568827
0.543141
0.544382
0.560976
0.750154
0.695673
0.577643
0.427778
0.610812
0.414476
0.512403
0.356278
0.910727
0.262063
0.507555
0.219040
0.612815
0.564694
0.681591
0.717639
4.178751
0.806982
0.265823
0.378390
0.545051
0.595525
0.516093
1.279238
0.819611
0.259075
0.642847
0.860189
0.311830
0.206450
0.568294
0.305948
0.331116
0.805503
0.662196
0.643827
2.020781
0.388513
0.540046
0.335105
0.268080
0.641289
0.542024
0.520210
0.499120
0.592130
0.510590
0.378612
0.342558
0.631957
0.180486
0.881866
0.380015
0.506364
0.766459
0.650795
0.677903
0.388654
0.298748
0.660453
0.451522
1.584547
1.521322
0.839487
0.579469
0.509215
0.389147
0.538772
0.612818
0.228137
0.882041
0.420256
0.729060
0.843023
0.920089
0.402972
0.538277
0.332870
0.479576
0.360916
0.451919
0.303528
0.518496
0.858200
0.734264
1.041498
0.796325
0.538085
0.981833
0.537266
0.535530
0.678000
0.798613
0.343147
0.420986
0.496743
0.552567
0.440007
1.300405
0.366184
0.735593
0.389556
0.356568
0.648872
0.467042
1.110888
0.659379
0.574742
0.525217
0.487429
0.405345
0.746608
0.429414
0.492708
0.448609
0.552336
0.651376
0.562807
0.260942
0.661728
0.547503
0.775864
0.715938
1.162696
0.389702
1.021213
0.224621
0.879491
0.451000
0.423247
0.409094
0.450811
0.525777
0.569430
0.351521
0.444072
0.322895
0.685816
0.835574
0.579558
0.469957
0.659996
0.405911
0.464877
0.299002
0.524192
0.514735
0.632379
1.067802
0.941911
0.539189
0.293357
0.615583
0.372624
0.636399
0.572836
0.440638
1.360141
0.599592
0.648637
0.574635
0.573217
0.607472
0.585594
0.401565
0.819264
0.515121
0.631129
0.591562
0.426471
0.264968
1.121682
0.412553
0.642325
0.480239
0.632795
0.665960
0.486540
0.648847
0.599576
0.281306
1.311750
0.353862
0.201454
0.481500
0.644755
0.426748
1.012350
0.351488
0.496944
0.574091
0.760947
0.332593
0.500290
1.407560
0.527654
0.476129
0.792272
0.413420
0.521654
0.786747
0.564660
0.522529
1.141779
0.530644
1.874736
1.233013
1.628575
1.372030
0.348120
0.963022
0.703175
0.590371
2.007246
0.972612
0.837356
0.680159
1.133616
1.157556
1.014852
1.661009
0.711176
1.362017
0.631970
1.365107
1.128121
1.479133
0.775848
1.023546
1.481620
1.021693
1.570401
1.309442
1.008024
0.822935
1.056931
0.729844
0.955486
0.680227
0.633532
0.980051
0.897554
1.523350
0.963849
0.591547
0.735316
0.854760
0.598389
0.939282
0.694028
0.733326
0.732062
0.676726
0.731011
0.736803
0.749795
0.938586
0.799110
0.791118
0.787823
0.875900
0.623794
0.810179
0.670776
0.805680
0.576276
0.607026
0.656000
0.533422
0.493292
0.616107
0.649837
0.651534
0.622928
0.665296
0.573285
0.682171
0.909495
0.702538
0.638353
0.545218
0.581647
0.684709
0.571018
0.625285
0.622188
0.658462
0.639944
0.698050
0.669286
0.551029
0.726767
0.587525
0.632213
0.555554
0.563362
0.664302
0.622133
0.625391
0.604140
0.555716
0.594312
0.702732
0.700075
0.670292
0.567918
0.800074
0.528751
0.443767
0.403035
0.524321
0.613249
0.602293
0.439898
0.488264
0.379360
0.433691
0.534459
0.465356
0.705945
0.562945
0.541627
0.599711
0.624789
0.481921
0.561478
0.457571
0.362455
0.783521
0.653810
0.675743
0.530523
0.704564
0.789792
0.578460
0.452082
0.468230
0.654017
0.527614
0.596572
0.555569
0.637314
0.738887
0.482780
0.559160
0.531076
0.535282
0.552599
0.743802
0.689152
0.563855
0.418252
0.605082
0.407243
0.507675
0.342948
0.900922
0.254854
0.496361
0.209090
0.601303
0.556395
0.667802
0.701541
4.169161
0.797753
0.255178
0.367257
0.533196
0.583429
0.502655
1.264967
0.810486
0.249150
0.634284
0.845914
0.302694
0.191833
0.556388
0.298633
0.320651
0.800542
0.650989
0.634007
2.010817
0.380198
0.524133
0.324844
0.255616
0.629448
0.535554
0.508263
0.490803
0.584526
0.503777
0.369744
0.337313
0.626006
0.174127
0.876386
0.371995
0.500817
0.756125
0.638211
0.665902
0.379491
0.289237
0.650895
0.440198
1.574858
1.515110
0.824748
0.572971
0.498718
0.380477
0.532325
0.604421
0.217138
0.869386
0.410851
0.716295
0.833563
0.909496
0.390899
0.527459
0.324095
0.468506
0.349741
0.446332
0.293550
0.510285
0.845600
0.727470
1.037673
0.784565
0.533860
0.976694
0.534007
0.532195
0.664298
0.793692
0.331580
0.411609
0.490863
0.544957
0.434375
1.297836
0.359578
0.726781
0.377419
0.348624
0.641366
0.458177
1.100261
0.654773
0.561458
0.521418
0.475516
0.394747
0.740180
0.423463
0.484924
0.436248
0.547319
0.644329
0.553998
0.250772
0.653435
0.543578
0.770884
0.703783
1.158902
0.379357
1.014349
0.217277
0.873079
0.442766
0.417864
0.402727
0.440944
0.521155
0.563248
0.338787
0.437821
0.318087
0.682290
0.824640
0.573942
0.456568
0.650341
0.400215
0.451848
0.289378
0.517878
0.508678
0.625906
1.063535
0.934468
0.528435
0.289917
0.612239
0.366361
0.628429
0.560572
0.438299
1.346647
0.596495
0.641711
0.565003
0.568039
0.602993
0.575969
0.395108
0.810750
0.504640
0.624674
0.583211
0.418843
0.260278
1.112216
0.400894
0.633759
0.474434
0.623571
0.664681
0.479200
0.638296
0.590536
0.270957
1.305638
0.348072
0.193529
0.473649
0.640977
0.422830
1.007318
0.348587
0.485781
0.570241
0.755795
0.321410
0.491368
1.396060
0.519720
0.468407
0.782824
0.407523
0.514434
0.778024
0.556927
0.515550
1.136646
0.520873
1.871792
1.227548
1.622146
1.361390
0.343319
0.956024
0.693529
0.583876
1.999103
0.966137
0.831202
0.673155
1.127198
1.152706
1.012903
1.650339
0.705292
1.356823
0.625983
1.359540
1.118837
1.472346
0.770886
1.019666
1.476032
1.014336
1.568189
1.299682
0.998702
0.812607
1.049758
0.722027
0.944886
0.673213
0.623944
0.973476
0.884958
1.515341
0.957775
0.578860
0.724975
0.846208
0.590856
0.932122
0.685733
0.726306
0.724929
0.672495
0.725376
0.728338
0.739610
0.926934
0.793472
0.786922
0.779847
0.867603
0.620501
0.808666
0.665755
0.803632
0.567477
0.601132
0.652237
0.529779
0.486689
0.606795
0.640774
0.644417
0.617676
0.661532
0.565845
0.678762
0.902262
0.697192
0.633677
0.538153
0.582531
0.679397
0.565912
0.619557
0.618230
0.653206
0.635788
0.692111
0.665146
0.542951
0.719789
0.582753
0.625944
0.551310
0.557871
0.657058
0.618286
0.623627
0.598546
0.549727
0.590959
0.698890
0.692110
0.666271
0.563931
0.792894
0.523542
0.439222
0.394620
0.520937
0.604979
0.595529
0.432099
0.482087
0.372261
0.432080
0.533751
0.458226
0.701421
0.558415
0.536138
0.598625
0.617213
0.478870
0.557388
0.455216
0.357692
0.776066
0.645367
0.670700
0.526846
0.697313
0.786585
0.571141
0.448019
0.464267
0.649092
0.519950
0.596540
0.556508
0.629060
0.730453
0.478158
0.554327
0.524521
0.530842
0.548681
0.741323
0.686552
0.556029
0.413489
0.603041
0.404107
0.506328
0.335454
0.895952
0.251729
0.490385
0.203992
0.595088
0.552458
0.659936
0.692035
4.164241
0.793155
0.249548
0.361273
0.526704
0.576762
0.495010
1.256711
0.805935
0.244018
0.630121
0.837670
0.298118
0.183320
0.549813
0.295346
0.315107
0.798942
0.644889
0.628900
2.005575
0.376156
0.514658
0.319422
0.248604
0.622891
0.532838
0.501608
0.486754
0.580979
0.500789
0.365278
0.335451
0.623637
0.171447
0.874340
0.368125
0.498723
0.750600
0.631058
0.659176
0.374787
0.284272
0.645893
0.433916
1.569744
1.512465
0.816035
0.570158
0.493024
0.376093
0.529515
0.600211
0.211069
0.862128
0.405915
0.708941
0.828598
0.903696
0.384034
0.521497
0.319590
0.462355
0.343511
0.444108
0.288172
0.506174
0.838339
0.724353
1.036668
0.777886
0.532578
0.974748
0.533416
0.531539
0.656241
0.791897
0.325031
0.406625
0.488384
0.541231
0.432073
1.297709
0.356569
0.722197
0.370423
0.344648
0.637711
0.453530
1.094346
0.653208
0.553611
0.520411
0.468669
0.388834
0.737262
0.420886
0.481037
0.429062
0.545402
0.640954
0.549332
0.245137
0.649147
0.542433
0.768966
0.696721
1.157826
0.373585
1.011067
0.213647
0.870106
0.438495
0.415648
0.399784
0.435482
0.519452
0.560429
0.331254
0.434950
0.316241
0.681371
0.818402
0.571511
0.448559
0.644998
0.397716
0.444097
0.284053
0.514927
0.505915
0.622825
1.062033
0.930700
0.522279
0.289015
0.611393
0.363429
0.624264
0.553326
0.438166
1.338497
0.595810
0.638275
0.559641
0.565861
0.601298
0.570595
0.392001
0.806177
0.498634
0.621558
0.578737
0.414886
0.258422
1.106923
0.394028
0.629096
0.471772
0.618447
0.665242
0.475416
0.632203
0.585533
0.265011
1.302725
0.345392
0.189309
0.469478
0.639736
0.421474
1.005160
0.347960
0.479216
0.568926
0.753542
0.314839
0.486411
1.389240
0.515463
0.464298
0.777465
0.404716
0.510669
0.773179
0.552795
0.511954
1.134373
0.515267
1.871077
1.225023
1.618918
1.355137
0.341272
0.952388
0.688002
0.580594
1.994633
0.962861
0.828159
0.669514
1.123965
1.150580
1.012862
1.644032
0.702433
1.354449
0.623057
1.356888
1.113523
1.468819
0.768668
1.018237
1.473362
1.010415
1.567943
1.293989
0.993359
0.806529
1.045946
0.717746
0.938606
0.669501
0.618390
0.970084
0.877249
1.510916
0.954731
0.571072
0.718864
0.841374
0.586751
0.928283
0.681083
0.722563
0.721096
0.670748
0.722626
0.723547
0.733585
0.919856
0.790711
0.785191
0.775399
0.862928
0.619405
0.808863
0.663407
0.803438
0.562407
0.598161
0.650794
0.528414
0.483200
0.601358
0.635518
0.640555
0.615147
0.660061
0.561741
0.677544
0.898301
0.694580
0.631542
0.534307
0.584390
0.676796
0.563469
0.616659
0.616605
0.650647
0.634016
0.689056
0.663380
0.538347
0.715984
0.580533
0.622636
0.549462
0.555117
0.653043
0.616713
0.623542
0.595710
0.546607
0.589732
0.697305
0.687564
0.664567
0.562244
0.788917
0.520984
0.437127
0.389746
0.519667
0.600205
0.591827
0.427643
0.478796
0.368319
0.432070
0.534389
0.454259
0.699318
0.556305
0.533342
0.598995
0.612890
0.477802
0.555568
0.454646
0.355402
0.771829
0.640422
0.668191
0.525321
0.693218
0.785385
0.566991
0.446213
0.462523
0.646663
0.515516
0.597627
0.558282
0.624216
0.725498
0.475930
0.551945
0.520913
0.528737
0.546950
0.740618
0.685767
0.551480
0.411139
0.602657
0.402938
0.506429
0.331135
0.893450
0.250545
0.487166
0.201392
0.591692
0.550677
0.655342
0.686276
4.161723
0.790922
0.246544
0.358032
0.523097
0.573021
0.490564
1.251821
0.803711
0.241375
0.628181
0.832782
0.295857
0.178228
0.546125
0.294012
0.312145
0.798832
0.641516
0.626245
2.002809
0.374278
0.508874
0.316539
0.244575
0.619190
0.531896
0.497824
0.484846
0.579435
0.499630
0.363062
0.335103
0.622933
0.170510
0.873859
0.366322
0.498207
0.747626
0.626894
0.655332
0.372389
0.281675
0.643271
0.430360
1.567036
1.511525
0.810744
0.569097
0.489896
0.373910
0.528445
0.598135
0.207666
0.857873
0.403319
0.704599
0.825990
0.900476
0.380047
0.518157
0.317295
0.458881
0.339967
0.443449
0.285242
0.504154
0.834044
0.723026
1.036861
0.774002
0.532577
0.974268
0.533925
0.532015
0.651330
0.791506
0.321238
0.403947
0.487492
0.539446
0.431307
1.298489
0.355293
0.719794
0.366288
0.342680
0.635970
0.451071
1.090989
0.652954
0.548848
0.520548
0.464631
0.385465
0.736032
0.419904
0.479130
0.424785
0.544915
0.639397
0.546844
0.241957
0.646940
0.542484
0.768462
0.692518
1.157913
0.370313
1.009583
0.211899
0.868816
0.436291
0.414933
0.398536
0.432391
0.519095
0.559278
0.326661
0.433745
0.315761
0.681568
0.814749
0.570607
0.443645
0.642002
0.396764
0.439353
0.281057
0.513656
0.504769
0.621446
1.061785
0.928810
0.518678
0.289177
0.611601
0.362155
0.622076
0.548940
0.438870
1.333439
0.596118
0.636603
0.556593
0.565097
0.600865
0.567524
0.390566
0.803688
0.495114
0.620107
0.576312
0.412826
0.257862
1.103905
0.389885
0.626521
0.470638
0.615535
0.666408
0.473449
0.628598
0.582717
0.261512
1.301397
0.344228
0.187047
0.467242
0.639616
0.421253
1.004361
0.348265
0.475241
0.568721
0.752670
0.310874
0.483597
1.385082
0.513147
0.462082
0.774351
0.403434
0.508695
0.770432
0.550559
0.510104
1.133458
0.511968
1.871272
1.223915
1.617320
1.351363
0.340523
0.950493
0.684750
0.578948
1.992127
0.961218
0.826679
0.667614
1.122346
1.149757
1.013533
1.640195
0.701074
1.353433
0.621660
1.355666
1.110388
1.466977
0.767759
1.017901
1.472130
1.008292
1.568437
1.290585
0.990214
0.802859
1.043903
0.715365
0.934792
0.667526
0.615085
0.968337
0.872401
1.508426
0.953233
0.566172
0.715154
0.838571
0.584485
0.926196
0.678419
0.720549
0.719014
0.670148
0.721310
0.720769
0.729930
0.915440
0.789390
0.784592
0.772861
0.860118
0.619234
0.807003
0.681129
0.811803
0.591761
0.618401
0.664438
0.541959
0.505809
0.632325
0.665766
0.664627
0.633607
0.674000
0.586991
0.690462
0.923224
0.713450
0.648227
0.558468
0.583662
0.695355
0.581391
0.636638
0.630963
0.669106
0.648891
0.709312
0.678438
0.565644
0.739786
0.597199
0.644107
0.564520
0.574069
0.677566
0.630520
0.630986
0.615080
0.567326
0.602284
0.711521
0.714563
0.678770
0.576323
0.812991
0.538936
0.452981
0.417886
0.531999
0.628043
0.614930
0.454042
0.500211
0.392176
0.438753
0.538483
0.478417
0.715254
0.572083
0.552069
0.603963
0.638146
0.489361
0.570562
0.463909
0.372008
0.797127
0.669062
0.685959
0.538762
0.717629
0.797718
0.591850
0.460908
0.476664
0.664042
0.541365
0.599190
0.557371
0.652165
0.753793
0.492257
0.568722
0.543107
0.544437
0.560918
0.750402
0.695753
0.578100
0.427889
0.610865
0.414790
0.513010
0.356148
0.910448
0.262088
0.507269
0.219146
0.612446
0.565245
0.681890
0.717315
4.180909
0.806571
0.266128
0.378579
0.544747
0.595284
0.516320
1.279994
0.819338
0.259109
0.642889
0.859725
0.311725
0.206660
0.568456
0.306001
0.331093
0.805137
0.662691
0.644229
2.022289
0.388989
0.540024
0.335022
0.268200
0.641099
0.541796
0.520804
0.498973
0.592127
0.510661
0.378843
0.342409
0.631602
0.180663
0.881946
0.380018
0.506070
0.766053
0.651033
0.677625
0.388562
0.299016
0.660686
0.452276
1.585176
1.522548
0.839544
0.579339
0.509632
0.389391
0.539251
0.613304
0.228303
0.882281
0.420611
0.729812
0.842742
0.920406
0.403343
0.538538
0.333065
0.479799
0.361213
0.452009
0.303774
0.518643
0.858339
0.735019
1.042454
0.796833
0.538243
0.982007
0.536888
0.535258
0.678251
0.799036
0.343229
0.421237
0.496866
0.552799
0.439978
1.300897
0.366290
0.735702
0.390087
0.356556
0.648788
0.467428
1.111001
0.659252
0.575284
0.525462
0.487636
0.405534
0.746869
0.429780
0.492609
0.448757
0.552152
0.651709
0.563163
0.261417
0.662212
0.547564
0.776363
0.716126
1.163251
0.389948
1.021543
0.224770
0.879847
0.450991
0.423112
0.409218
0.451075
0.526398
0.569641
0.351897
0.444233
0.323164
0.685736
0.835762
0.579779
0.470245
0.660442
0.406133
0.464968
0.299431
0.524376
0.514813
0.632920
1.068136
0.942280
0.539506
0.293432
0.615933
0.372614
0.636713
0.572999
0.440610
1.361010
0.599775
0.649024
0.574621
0.573125
0.607916
0.586066
0.401531
0.819075
0.515510
0.631388
0.591714
0.426491
0.265004
1.122268
0.412875
0.643022
0.480180
0.633159
0.666338
0.486916
0.649358
0.599827
0.281651
1.312023
0.354072
0.201657
0.481995
0.644925
0.427026
1.012770
0.351615
0.497391
0.574491
0.761404
0.332900
0.500647
1.408472
0.528006
0.476616
0.793121
0.413641
0.522280
0.787297
0.565174
0.523033
1.142395
0.531407
1.875668
1.233597
1.629658
1.372954
0.348385
0.963673
0.703784
0.591002
2.008532
0.973376
0.838012
0.680227
1.134275
1.158361
1.015463
1.662179
0.711818
1.362909
0.632032
1.366065
1.129126
1.480060
0.776616
1.023870
1.482384
1.021991
1.571127
1.310542
1.008344
0.823369
1.057180
0.730245
0.955917
0.680528
0.633959
0.979995
0.897894
1.523265
0.964006
0.592077
0.735813
0.855276
0.598762
0.939568
0.694315
0.733627
0.732404
0.677065
0.731266
0.737194
0.750177
0.939068
0.799207
0.791339
0.788183
0.876258
0.623975
0.810258
0.671101
0.805815
0.576713
0.607258
0.656137
0.533735
0.493641
0.616522
0.650274
0.651791
0.623227
0.665599
0.573658
0.682515
0.910071
0.702910
0.638626
0.545617
0.581626
0.684951
0.571243
0.625617
0.622375
0.658741
0.640073
0.698132
0.669579
0.551448
0.727109
0.587599
0.632439
0.555635
0.563494
0.664581
0.622192
0.625454
0.604349
0.556029
0.594552
0.703092
0.700557
0.670277
0.567889
0.800209
0.528828
0.443789
0.403371
0.524364
0.613682
0.602633
0.440335
0.488682
0.379538
0.433578
0.534475
0.465677
0.706087
0.562973
0.541670
0.599551
0.624924
0.482151
0.561891
0.457702
0.362568
0.783956
0.654461
0.676077
0.530754
0.704826
0.790247
0.578893
0.452375
0.468352
0.654357
0.528019
0.596317
0.555658
0.637901
0.739358
0.483032
0.559286
0.531302
0.535496
0.552715
0.744065
0.689305
0.564473
0.418517
0.605191
0.407566
0.508128
0.343150
0.900936
0.254993
0.496405
0.209359
0.601304
0.556916
0.668309
0.701691
4.170788
0.797643
0.255605
0.367603
0.533246
0.583526
0.503100
1.265784
0.810478
0.249364
0.634461
0.845938
0.302803
0.192305
0.556744
0.298795
0.320851
0.800350
0.651552
0.634467
2.012017
0.380649
0.524489
0.324996
0.255966
0.629577
0.535496
0.508918
0.490859
0.584647
0.503935
0.370064
0.337274
0.625841
0.174331
0.876508
0.372140
0.500691
0.756055
0.638648
0.665971
0.379594
0.289600
0.651232
0.440942
1.575455
1.516003
0.825123
0.572982
0.499204
0.380790
0.532741
0.604892
0.217466
0.869818
0.411263
0.717075
0.833557
0.909916
0.391401
0.527856
0.324380
0.468872
0.350175
0.446454
0.293910
0.510524
0.845974
0.728081
1.038323
0.785154
0.533988
0.976853
0.533745
0.531999
0.664772
0.794020
0.331884
0.411961
0.491027
0.545245
0.434431
1.298151
0.359751
0.727020
0.378035
0.348758
0.641439
0.458595
1.100548
0.654737
0.562122
0.521584
0.475906
0.395090
0.740438
0.423768
0.484976
0.436610
0.547234
0.644653
0.554401
0.251289
0.653887
0.543625
0.771317
0.704091
1.159276
0.379716
1.014662
0.217492
0.873415
0.442903
0.417816
0.402890
0.441329
0.521587
0.563448
0.339338
0.437995
0.318300
0.682229
0.825011
0.574148
0.457054
0.650821
0.400423
0.452207
0.289847
0.518064
0.508795
0.626343
1.063781
0.934826
0.528866
0.289965
0.612449
0.366419
0.628775
0.560938
0.438252
1.347535
0.596601
0.642072
0.565173
0.568012
0.603319
0.576473
0.395173
0.810777
0.505106
0.624929
0.583455
0.418987
0.260347
1.112779
0.401350
0.634375
0.474456
0.623999
0.664852
0.479622
0.638853
0.590854
0.271395
1.305899
0.348270
0.193794
0.474104
0.641044
0.423020
1.007634
0.348640
0.486333
0.570525
0.756141
0.321849
0.491773
1.396913
0.520092
0.468858
0.783572
0.407748
0.514968
0.778555
0.557386
0.515983
1.137098
0.521573
1.872381
1.227956
1.622930
1.362238
0.343515
0.956559
0.694114
0.584383
2.000070
0.966727
0.831725
0.673312
1.127714
1.153266
1.013231
1.651379
0.705798
1.357470
0.626109
1.360255
1.119680
1.473068
0.771452
1.019897
1.476607
1.014643
1.568625
1.300620
0.999092
0.813120
1.050028
0.722421
0.945394
0.673521
0.624413
0.973540
0.885472
1.515429
0.957937
0.579481
0.725519
0.846707
0.591212
0.932427
0.686059
0.726598
0.725273
0.672746
0.725602
0.728747
0.740056
0.927512
0.793592
0.787066
0.780228
0.867983
0.620604
0.808593
0.666019
0.803648
0.567950
0.601364
0.652335
0.530002
0.487028
0.607257
0.641243
0.644702
0.617912
0.661731
0.566230
0.678990
0.902744
0.697483
0.633889
0.538528
0.582375
0.679396
0.566089
0.619859
0.618362
0.653375
0.635866
0.693050
0.665356
0.543380
0.720111
0.582832
0.626185
0.551390
0.558016
0.657368
0.618316
0.623609
0.598783
0.549995
0.591083
0.699128
0.692550
0.666243
0.563920
0.793111
0.523633
0.439270
0.394988
0.520949
0.605401
0.595850
0.432525
0.482448
0.372500
0.431935
0.533659
0.458576
0.701545
0.558467
0.536227
0.598424
0.617464
0.479011
0.557687
0.455278
0.357790
0.776481
0.645938
0.670977
0.526996
0.697603
0.786867
0.571554
0.448224
0.464363
0.649364
0.520393
0.596237
0.556400
0.629651
0.730930
0.478382
0.554472
0.524787
0.531038
0.548803
0.741506
0.686670
0.556587
0.413729
0.603129
0.404370
0.506626
0.335732
0.896031
0.251843
0.490521
0.204255
0.595194
0.552854
0.660432
0.692346
4.165404
0.793175
0.249920
0.361634
0.526858
0.576951
0.495467
1.257443
0.806002
0.244262
0.630328
0.837835
0.298249
0.183806
0.550190
0.295494
0.315335
0.798830
0.645373
0.629296
2.006480
0.376547
0.515098
0.319616
0.248972
0.623101
0.532826
0.502187
0.486844
0.581119
0.500922
0.365562
0.335440
0.623564
0.171620
0.874450
0.368268
0.498661
0.750667
0.631492
0.659359
0.374949
0.284605
0.646215
0.434523
1.570253
1.513116
0.816470
0.570192
0.493469
0.376400
0.529824
0.600600
0.211416
0.862575
0.406289
0.709615
0.828709
0.904098
0.384511
0.521893
0.319865
0.462739
0.343917
0.444231
0.288513
0.506416
0.838719
0.724808
1.037110
0.778402
0.532676
0.974888
0.533258
0.531448
0.656671
0.792114
0.325355
0.406936
0.488492
0.541456
0.432092
1.297829
0.356684
0.722410
0.370965
0.344775
0.637784
0.453870
1.094642
0.653160
0.554202
0.520473
0.469059
0.389163
0.737445
0.421100
0.481123
0.429449
0.545343
0.641204
0.549665
0.245581
0.649518
0.542443
0.769266
0.697068
1.158054
0.373940
1.011321
0.213832
0.870342
0.438647
0.415640
0.399922
0.435816
0.519748
0.560601
0.331750
0.435103
0.316382
0.681311
0.818757
0.571664
0.449053
0.645413
0.397874
0.444490
0.284462
0.515093
0.506024
0.623157
1.062186
0.930986
0.522678
0.289009
0.611503
0.363505
0.624546
0.553717
0.438067
1.339260
0.595823
0.638551
0.559842
0.565827
0.601490
0.571014
0.392059
0.806258
0.499051
0.621741
0.578956
0.415024
0.258446
1.107383
0.394461
0.629570
0.471782
0.618814
0.665250
0.475753
0.632684
0.585816
0.265409
1.302909
0.345522
0.189537
0.469829
0.639727
0.421558
1.005352
0.347929
0.479723
0.569083
0.753769
0.315263
0.486764
1.389948
0.515772
0.464661
0.778062
0.404885
0.511075
0.773616
0.553173
0.512299
1.134687
0.515838
1.871437
1.225211
1.619486
1.355819
0.341408
0.952793
0.688494
0.580969
1.995361
0.963292
0.828532
0.669662
1.124346
1.150959
1.013029
1.644835
0.702792
1.354894
0.623162
1.357376
1.114190
1.469351
0.769051
1.018378
1.473773
1.010690
1.568196
1.294715
0.993723
0.806986
1.046187
0.718083
0.939074
0.669762
0.618812
0.970164
0.877762
1.511042
0.954880
0.571668
0.719352
0.841792
0.587059
0.928539
0.681385
0.722817
0.721377
0.670905
0.722799
0.723904
0.734009
0.920396
0.790820
0.785290
0.775727
0.863269
0.619448
0.808770
0.663593
0.803404
0.562804
0.598344
0.650842
0.528537
0.483467
0.601774
0.635930
0.640808
0.615313
0.660193
0.562053
0.677673
0.898691
0.694795
0.631690
0.534615
0.584169
0.677013
0.563604
0.616883
0.616674
0.650819
0.634077
0.689160
0.663498
0.538726
0.716245
0.580584
0.622830
0.549503
0.555225
0.653307
0.616709
0.623455
0.595895
0.546808
0.589771
0.697435
0.687929
0.664524
0.562215
0.789127
0.521059
0.437157
0.390077
0.519643
0.600562
0.592088
0.428002
0.479071
0.368537
0.431891
0.534225
0.454571
0.699404
0.556343
0.533428
0.598794
0.613112
0.477863
0.555757
0.454634
0.355465
0.772179
0.640888
0.668389
0.525399
0.693469
0.785535
0.567336
0.446340
0.462575
0.646853
0.515947
0.597306
0.558075
0.624690
0.725910
0.476083
0.552053
0.521133
0.528867
0.547016
0.740689
0.685796
0.551935
0.411307
0.602650
0.403072
0.506549
0.331396
0.893517
0.250589
0.487291
0.201582
0.591807
0.550933
0.655756
0.686604
4.162515
0.790938
0.246824
0.358310
0.523250
0.573204
0.490946
1.252399
0.803760
0.241554
0.628310
0.832988
0.295952
0.178656
0.546427
0.294086
0.312329
0.798691
0.641884
0.626529
2.003435
0.374527
0.509292
0.316696
0.244889
0.619387
0.531848
0.498271
0.484904
0.579514
0.499699
0.363259
0.335050
0.622847
0.170592
0.873888
0.366416
0.498122
0.747705
0.627262
0.655518
0.372512
0.281922
0.643512
0.430818
1.567402
1.511926
0.811142
0.569093
0.490231
0.374121
0.528625
0.598402
0.207947
0.858250
0.403592
0.705131
0.826096
0.900790
0.380433
0.518475
0.317492
0.459190
0.340294
0.443493
0.285504
0.504323
0.834382
0.723315
1.037097
0.774417
0.532590
0.974327
0.533755
0.531886
0.651716
0.791605
0.321520
0.404182
0.487535
0.539595
0.431290
1.298482
0.355359
0.719958
0.366729
0.342770
0.636021
0.451324
1.091240
0.652873
0.549347
0.520534
0.464968
0.385740
0.736141
0.420024
0.479192
0.425128
0.544830
0.639557
0.547091
0.242300
0.647204
0.542425
0.768615
0.692835
1.157997
0.370598
1.009737
0.212020
0.868957
0.436405
0.414882
0.398606
0.432662
0.519238
0.559369
0.327094
0.433825
0.315805
0.681451
0.815050
0.570676
0.444084
0.642321
0.396839
0.439717
0.281374
0.513754
0.504820
0.621657
1.061834
0.929015
0.519013
0.289120
0.611632
0.362198
0.622289
0.549303
0.438728
1.334053
0.596079
0.636799
0.556793
0.565084
0.600975
0.567849
0.390615
0.803782
0.495471
0.620250
0.576505
0.412940
0.257853
1.104281
0.390275
0.626883
0.470660
0.615823
0.666368
0.473634
0.628996
0.582982
0.261852
1.301530
0.344340
0.187238
0.467524
0.639652
0.421302
1.004502
0.348227
0.475630
0.568788
0.752821
0.311244
0.483881
1.385651
0.513383
0.462358
0.774810
0.403546
0.508987
0.770768
0.550854
0.510360
1.133671
0.512416
1.871496
1.223579
1.617747
1.351886
0.340620
0.950793
0.685159
0.579224
1.992693
0.961537
0.826939
0.667739
1.122628
1.150013
1.013626
1.640753
0.701321
1.353706
0.621726
1.355693
1.091325
1.377492
0.692435
1.003820
1.400453
1.019132
1.481637
1.194280
1.009801
0.813147
1.061634
0.714087
0.946853
0.677664
0.622252
1.030884
0.912439
1.584349
0.979358
0.577677
0.717432
0.826799
0.586827
0.940447
0.699519
0.730687
0.725276
0.657724
0.730578
0.728526
0.750124
0.931542
0.823817
0.790331
0.783105
0.873916
0.625381
0.818161
0.658004
0.810129
0.564020
0.612767
0.667614
0.517293
0.484977
0.610361
0.640038
0.660217
0.615593
0.650273
0.566374
0.659687
0.869611
0.684871
0.633253
0.532314
0.595036
0.686571
0.575724
0.617240
0.626905
0.656439
0.655449
0.729170
0.659922
0.541176
0.722592
0.614155
0.643110
0.579538
0.584905
0.672685
0.646452
0.638926
0.615740
0.552183
0.587031
0.682102
0.682128
0.706206
0.607928
0.831226
0.558881
0.478164
0.408910
0.548887
0.603457
0.598748
0.429342
0.470265
0.405723
0.470471
0.546101
0.470728
0.720898
0.597574
0.578462
0.641878
0.661705
0.476019
0.533917
0.464558
0.382622
0.772711
0.611906
0.666188
0.527688
0.717881
0.748981
0.567436
0.441740
0.484855
0.644208
0.518489
0.646698
0.547040
0.607357
0.727206
0.483231
0.582254
0.546178
0.542114
0.571027
0.731121
0.694031
0.529483
0.419763
0.612909
0.387735
0.458723
0.369209
0.943224
0.265541
0.539478
0.211629
0.652849
0.513420
0.651468
0.749337
3.961156
0.853757
0.238365
0.361853
0.579614
0.623082
0.494791
1.202875
0.853305
0.260574
0.644588
0.910537
0.329230
0.186978
0.556110
0.308316
0.339103
0.852970
0.616672
0.608817
1.872189
0.346826
0.545602
0.350392
0.261446
0.667122
0.574781
0.466186
0.522609
0.600861
0.512653
0.363191
0.368447
0.678393
0.171773
0.884490
0.389282
0.547432
0.816181
0.633740
0.714188
0.407160
0.280262
0.645788
0.382450
1.528490
1.405304
0.841240
0.603477
0.476007
0.373416
0.500603
0.572878
0.220411
0.866952
0.393896
0.661555
0.882521
0.897823
0.375026
0.521698
0.323916
0.467550
0.341612
0.454846
0.289826
0.515090
0.855707
0.669130
0.955195
0.755579
0.534247
0.975786
0.588566
0.575668
0.665102
0.767270
0.347099
0.407801
0.497191
0.541594
0.456154
1.262263
0.368325
0.737823
0.348735
0.371116
0.670738
0.440614
1.113102
0.683856
0.533544
0.512582
0.480822
0.400149
0.733317
0.404969
0.516607
0.448624
0.584137
0.630979
0.541080
0.226879
0.625786
0.553609
0.726825
0.723306
1.119703
0.380189
1.002305
0.224176
0.857830
0.467228
0.451687
0.411151
0.440211
0.476533
0.562232
0.331687
0.442707
0.309639
0.707805
0.833951
0.571745
0.459241
0.631511
0.398181
0.475189
0.272212
0.520530
0.522198
0.592080
1.047855
0.921026
0.525581
0.300021
0.593344
0.389433
0.621527
0.576129
0.457231
1.291869
0.595181
0.626139
0.595479
0.598403
0.577138
0.556468
0.422074
0.857921
0.495199
0.621389
0.594652
0.442915
0.277582
1.081529
0.400970
0.589914
0.503501
0.615742
0.640251
0.467642
0.617937
0.594102
0.267905
1.301531
0.350066
0.199838
0.450135
0.641661
0.413845
0.985935
0.352838
0.474931
0.548899
0.730720
0.324767
0.485001
1.338268
0.512130
0.446649
0.727578
0.409472
0.477485
0.752307
0.532549
0.490288
1.096546
0.476241
1.794093
1.186977
1.536517
1.302981
0.338320
0.916572
0.664841
0.545539
1.897560
0.913843
0.790067
0.695038
1.086542
1.092804
0.965670
1.568156
0.665518
1.289394
0.645682
1.286486
1.050641
1.405486
0.716419
1.007808
1.423086
1.013560
1.510616
1.223798
1.000573
0.806673
1.053769
0.712397
0.939680
0.672401
0.617086
1.008046
0.895079
1.556458
0.969011
0.569940
0.713639
0.828394
0.584010
0.933719
0.690070
0.725404
0.721256
0.661072
0.726075
0.723531
0.740303
0.922585
0.810770
0.787537
0.777431
0.866964
0.622764
0.815386
0.658331
0.807938
0.559951
0.605836
0.661055
0.520270
0.482016
0.603520
0.634847
0.650922
0.613809
0.652738
0.561983
0.665066
0.876656
0.686463
0.631319
0.530373
0.593005
0.681600
0.569991
0.615118
0.622427
0.652802
0.647078
0.713525
0.660009
0.537038
0.717767
0.601326
0.633940
0.568183
0.572987
0.663276
0.635424
0.633863
0.607049
0.548216
0.587269
0.686312
0.680849
0.691054
0.591406
0.814155
0.544360
0.462916
0.399039
0.538267
0.599055
0.593894
0.425700
0.470950
0.390353
0.457669
0.542826
0.462416
0.712252
0.582255
0.561334
0.627851
0.642175
0.476050
0.540118
0.460994
0.371941
0.769504
0.618138
0.665224
0.525976
0.706735
0.760632
0.564439
0.442138
0.476224
0.643454
0.514504
0.631115
0.552373
0.609682
0.723185
0.479317
0.570443
0.535168
0.536230
0.561799
0.733999
0.690843
0.533778
0.415309
0.609337
0.392193
0.475108
0.353354
0.924734
0.259785
0.519612
0.206444
0.629867
0.524897
0.649594
0.723978
4.027292
0.831061
0.239113
0.358364
0.558044
0.603598
0.490284
1.216012
0.835093
0.252327
0.637798
0.880863
0.316479
0.180474
0.550211
0.302682
0.328011
0.834780
0.622773
0.612936
1.914441
0.354893
0.529138
0.337028
0.252977
0.648404
0.559780
0.474274
0.508641
0.592667
0.507596
0.361698
0.357114
0.659318
0.170804
0.880715
0.380382
0.530603
0.791034
0.628558
0.691687
0.393832
0.279001
0.643174
0.396166
1.539648
1.440548
0.827254
0.591280
0.478556
0.372132
0.509372
0.580035
0.213772
0.860933
0.395318
0.673061
0.861717
0.896519
0.373955
0.518218
0.320153
0.462230
0.338630
0.450668
0.286289
0.510080
0.845436
0.686485
0.983011
0.759122
0.533833
0.975074
0.570665
0.561431
0.657029
0.775320
0.335773
0.404709
0.493444
0.539737
0.447390
1.275217
0.363166
0.730149
0.351795
0.360259
0.657913
0.442508
1.103357
0.673422
0.535391
0.515528
0.472578
0.392905
0.733498
0.409438
0.502739
0.437625
0.570719
0.632831
0.541370
0.229788
0.631447
0.550045
0.740624
0.710020
1.132784
0.374622
1.003815
0.218919
0.860752
0.455352
0.438923
0.406138
0.435489
0.490740
0.560531
0.326814
0.438955
0.311499
0.699256
0.824981
0.570850
0.450555
0.633005
0.397153
0.459818
0.273156
0.517426
0.515638
0.601102
1.052513
0.922419
0.520783
0.296647
0.599799
0.379465
0.620278
0.563928
0.451724
1.302327
0.595880
0.628601
0.580322
0.586800
0.584977
0.558097
0.410579
0.838009
0.492754
0.620058
0.586868
0.431448
0.270703
1.087008
0.394370
0.600504
0.491780
0.613704
0.650071
0.468314
0.619046
0.588370
0.263352
1.300676
0.347416
0.194038
0.454414
0.641048
0.416339
0.991712
0.351686
0.472290
0.555575
0.737625
0.317349
0.482629
1.351135
0.510934
0.450381
0.741197
0.406665
0.486705
0.756559
0.537144
0.495770
1.108480
0.486010
1.820403
1.198809
1.562748
1.316684
0.338687
0.926791
0.669340
0.555778
1.927821
0.928805
0.801516
0.684544
1.097630
1.111626
0.982536
1.589838
0.676718
1.310489
0.636678
1.309187
1.068758
1.425135
0.733321
1.011143
1.438985
1.010373
1.530779
1.244148
