10.478185
9.880454
10.482746
9.244444
10.023840
9.659204
9.467196
12.681353
11.391400
13.905013
10.748835
9.538931
9.204759
8.591921
9.190184
10.069684
10.140907
9.591247
9.455439
8.364946
9.495370
9.440267
10.169909
9.950976
10.789707
9.270897
9.437483
9.746134
9.134247
9.408237
8.643992
9.301589
8.810346
9.617807
9.526187
8.008978
8.706059
9.163253
9.014485
9.659358
8.516286
8.084258
8.775553
7.636355
7.285149
8.054472
8.487977
8.196353
8.675540
8.891824
8.800058
8.252973
8.745900
8.490936
9.125330
10.176681
7.854607
8.212657
8.482802
9.300327
8.879944
9.124792
9.250793
8.790983
9.055290
8.280749
8.712935
7.837785
7.249616
6.863433
7.332926
9.457329
9.174373
9.576161
8.791715
9.026090
8.000924
8.757280
7.510437
7.438738
6.566121
6.774494
8.700324
8.657950
7.599612
7.624053
7.702099
8.594734
8.639074
8.683363
8.942765
6.365011
5.645926
6.892546
7.792989
6.783345
5.210253
6.426315
6.318780
8.079653
4.782538
6.207672
5.807030
7.416518
6.055171
6.501656
8.261259
5.281275
5.145925
6.064648
6.790310
7.348059
6.985607
6.260775
6.809256
5.324698
6.200629
4.986235
5.887367
6.180604
5.046631
3.442577
6.928979
8.078899
5.555827
8.261831
5.396246
7.938521
4.087023
5.395090
8.330353
0.967497
7.750075
4.200165
5.263542
7.566410
7.411959
5.115673
3.728939
7.232043
5.465278
5.758924
4.617406
6.164750
4.493664
4.680409
5.371550
6.233748
7.190839
3.923479
4.081273
0.728840
3.197253
6.191587
5.895855
5.448873
6.683754
6.685663
3.487119
5.901416
5.193895
4.815594
4.152699
6.398628
5.820066
3.780352
4.890386
4.878013
5.655631
7.475955
4.599453
6.716586
5.456032
3.764115
4.179254
2.115915
3.987406
1.339323
5.799305
5.332374
3.357408
3.741297
2.830795
2.977337
3.975319
4.563037
3.139872
2.119639
5.780806
4.137127
3.387045
3.917155
3.907026
4.051236
3.672490
3.893580
3.527046
3.482277
4.788584
1.624494
2.010649
3.350821
3.357751
3.945939
5.719152
4.930789
4.285180
2.795632
4.263425
3.636130
4.017391
3.038493
4.139374
2.409417
3.724827
4.547554
2.349184
3.814257
4.638251
2.807159
4.780771
4.431388
2.802162
2.999788
4.148499
3.520787
3.339761
2.346637
4.614779
3.748587
4.394197
2.839061
2.908613
1.955957
2.493947
3.308494
1.538045
4.143563
2.330202
3.238575
2.905159
2.823008
3.051916
3.858779
3.496103
3.188667
2.973219
0.111887
2.922104
2.919149
2.648800
2.276826
4.127441
3.808183
2.689751
3.276702
2.422433
2.437416
3.968387
1.873004
2.715739
3.111102
1.787765
2.518321
2.290714
2.788933
2.869219
1.877539
3.248530
2.633041
3.539336
2.970109
2.023240
2.559150
2.184787
3.728217
3.658634
1.638786
2.182529
3.266450
4.484306
2.656918
2.759708
3.088333
3.368429
2.590886
2.334980
2.510481
1.279370
3.331647
2.520028
1.622752
2.102736
2.315276
2.694006
2.319487
2.336524
2.411281
2.354966
1.695528
2.258884
1.675220
1.977282
2.076068
2.017437
1.432763
1.517654
2.392953
2.185798
0.868089
2.081994
1.254080
0.828089
2.197906
0.981556
1.599555
1.652661
1.458698
1.444930
0.545607
0.794874
1.575327
0.532981
1.314256
1.640098
1.416589
1.624532
1.025335
0.587897
1.107218
1.065725
2.751580
1.387427
0.838318
0.807884
0.539360
0.695162
0.845527
2.779762
0.611205
0.586638
0.717969
0.431176
1.884046
1.038406
2.389258
0.942058
0.679594
2.547370
2.192881
2.572667
1.884609
2.319750
2.007082
1.890535
3.403347
2.798359
4.231834
2.600200
1.870225
1.808578
1.663129
1.754049
2.306376
2.165058
1.990165
1.927836
1.463730
1.915922
1.914017
2.209224
2.210630
2.463279
1.865372
1.934946
2.077941
1.728835
1.882844
1.581323
1.836217
1.575932
1.914743
1.886891
1.245299
1.493525
1.730839
1.712805
1.929765
1.481309
1.399082
1.597636
1.217704
1.221565
1.432247
1.552665
1.392363
1.609246
1.706827
1.634003
1.490421
1.679792
1.581322
1.851591
2.274860
1.386632
1.472470
1.660311
1.895528
1.816955
1.830058
1.917520
1.798402
1.882673
1.671046
1.762412
1.427326
1.312318
1.153749
1.313967
2.105154
1.936817
2.173883
1.796402
1.879805
1.462572
1.828360
1.405611
1.405818
1.033241
1.140056
1.773560
1.794988
1.423682
1.438737
1.665400
1.877662
1.907287
1.978052
2.077433
1.146819
0.808243
1.262504
1.512654
1.413374
0.775084
1.251756
1.066202
1.860357
0.673634
1.134903
0.907714
1.517451
1.117499
1.225353
1.906005
0.757559
1.019466
1.231299
1.326154
1.645052
1.512083
1.233079
1.422047
1.007960
1.264983
0.758168
1.058958
1.229669
0.730051
0.162837
1.396878
2.177659
0.869663
2.060602
0.789377
1.946555
0.454722
1.037234
2.195168
0.187571
2.051854
0.436383
0.906649
1.832165
1.853238
0.924026
0.923290
1.930996
0.926203
1.246472
1.277911
1.254600
0.576946
0.972930
0.967999
1.331097
1.912435
0.707022
0.833165
0.233731
0.256435
1.416111
1.223464
1.039973
1.702023
1.708473
0.345107
1.360198
1.287444
0.985427
0.664219
1.539254
1.386598
0.441485
1.100723
0.982238
1.229609
2.174693
0.985823
1.849909
1.193178
0.549913
1.146176
0.044748
0.815136
0.008029
1.643802
1.309408
0.499138
0.650361
0.284878
0.525422
0.613561
1.259246
0.420607
0.309108
1.608167
1.163648
0.592772
0.795419
0.702601
0.829925
0.629675
0.747251
0.548035
0.779147
1.351688
0.217896
0.068450
0.639979
0.642176
1.204591
1.558529
1.221701
1.045551
0.827810
0.915489
0.726219
0.928819
0.739526
0.920322
0.727085
0.760714
1.140941
0.359384
0.972425
1.279691
0.524505
1.657991
1.170990
0.595618
0.580468
1.059132
0.759768
0.942881
0.330004
1.209702
0.843182
1.183322
0.700131
0.644729
0.143454
0.541426
1.129334
0.279128
1.155149
0.741503
0.657775
1.036136
0.462293
0.917654
0.964886
0.731309
0.691754
0.728309
0.462043
0.696209
0.588264
0.565968
0.380556
1.189516
1.208342
0.654917
0.836534
0.600031
0.457647
1.060591
0.183798
0.625896
0.784836
0.374440
0.951876
0.868663
0.650564
0.590903
0.410072
0.775089
0.707287
0.997968
0.743306
0.974571
0.652759
0.567374
1.040100
1.077312
0.312387
0.593585
0.847436
1.518622
0.695774
0.720345
0.889896
0.911812
0.501407
0.970352
0.592203
0.252182
0.927031
0.543396
0.279982
0.421400
0.697839
0.782387
0.446639
1.088287
0.541948
0.468015
0.628387
0.643937
0.342419
0.716198
0.417605
0.490129
0.363935
0.510707
0.532189
0.600657
0.586083
0.662577
0.298689
0.261787
0.506835
0.183629
0.677850
0.392009
0.510629
0.744452
0.071367
0.884533
0.777494
0.386451
0.844251
0.340696
0.676788
0.585821
0.717097
0.953701
0.511250
0.529609
0.909752
0.859101
0.482551
0.463105
0.863879
0.377670
0.808766
0.926463
0.728366
0.353808
0.687604
0.095389
0.972862
0.870696
1.034738
0.744643
0.880880
1.101136
0.856662
1.149471
0.698880
0.996047
0.711272
0.631857
1.448007
1.133086
2.131177
1.130996
0.602749
0.656895
0.704932
0.595695
1.021262
0.799903
0.779223
0.750234
0.537713
0.725423
0.747896
0.876325
0.967367
0.995157
0.758098
0.792433
0.873683
0.627580
0.736856
0.613504
0.715287
0.543379
0.704367
0.700752
0.389478
0.467138
0.620363
0.649809
0.704488
0.513579
0.558935
0.570404
0.469312
0.600710
0.599301
0.598860
0.482126
0.596686
0.644914
0.573328
0.572515
0.643722
0.596380
0.725909
0.911293
0.543211
0.521817
0.672135
0.686212
0.725655
0.646215
0.711979
0.710144
0.720732
0.707672
0.666292
0.521327
0.571857
0.488867
0.528043
0.823319
0.689268
0.858377
0.622222
0.642752
0.440400
0.655691
0.526911
0.545748
0.348591
0.410767
0.564117
0.601495
0.474098
0.478376
0.752069
0.708269
0.725279
0.798519
0.832225
0.496636
0.290035
0.447548
0.452944
0.679406
0.375806
0.575264
0.354244
0.788189
0.365897
0.468110
0.297535
0.535190
0.479861
0.457304
0.737073
0.251281
0.651760
0.598789
0.456674
0.681851
0.626311
0.503807
0.555081
0.525761
0.550398
0.295835
0.371089
0.490859
0.216840
0.022286
0.427435
1.067322
0.197197
0.828709
0.133961
0.779265
0.143520
0.455152
0.958050
0.900814
0.962837
0.048260
0.296197
0.712961
0.792536
0.357086
0.857006
0.947764
0.215804
0.540338
0.994754
0.392387
0.072220
0.539286
0.274820
0.450351
0.889205
0.431677
0.541064
0.941946
0.066308
0.550809
0.390749
0.298458
0.746285
0.749413
0.051357
0.550497
0.704672
0.425656
0.224404
0.593948
0.592060
0.041966
0.531829
0.369893
0.418935
1.039717
0.462579
0.864440
0.423670
0.158849
0.816695
0.062130
0.425914
0.286710
0.886643
0.596269
0.206995
0.268910
0.098161
0.368740
0.120346
0.782950
0.153581
0.369753
0.802008
0.791275
0.281738
0.360703
0.233620
0.350731
0.211645
0.287420
0.145331
0.473231
0.773872
0.377618
0.028707
0.315665
0.312291
0.861438
0.693306
0.517605
0.509139
0.752087
0.332090
0.299093
0.432775
0.528180
0.369363
0.733641
0.295668
0.510735
0.243028
0.541387
0.656472
0.290706
1.113858
0.573233
0.379279
0.283033
0.513626
0.330804
0.643538
0.166213
0.535569
0.348236
0.573553
0.478562
0.374304
0.034665
0.378300
0.880227
0.362950
0.604276
0.698603
0.249541
0.884676
0.128284
0.663254
0.430096
0.240654
0.295920
0.421508
1.099816
0.390452
0.241257
0.306620
0.186443
0.612163
0.751550
0.401614
0.432404
0.418655
0.216032
0.477316
0.042753
0.335790
0.405673
0.325923
0.844713
0.811533
0.329251
0.215837
0.328447
0.323509
0.453084
0.516378
0.374011
1.032769
0.395355
0.412950
0.492193
0.565897
0.256725
0.439561
0.387871
0.856977
0.398518
0.392112
0.501169
0.426418
0.147709
0.878944
0.296306
0.279341
0.448879
0.219226
0.184981
0.200486
0.497970
0.472844
0.149024
1.016497
0.241169
0.158600
0.616094
0.429460
0.228819
0.626607
0.180795
0.299075
0.338167
0.505408
0.213075
0.380092
0.839188
0.498376
0.301868
0.404941
0.237478
0.238191
0.685170
0.273748
0.504389
0.826533
0.234006
1.250498
0.818411
0.661346
0.999775
0.193267
0.730240
0.529165
0.923242
1.401844
0.609269
0.647441
0.553306
0.976094
0.660180
0.642823
1.283422
0.563241
1.093624
0.554689
1.065130
0.562567
0.967384
0.263508
0.932131
1.095735
0.831351
0.955448
1.233178
0.860161
0.653571
0.913574
0.546613
0.792692
0.516366
0.448712
1.013368
0.800968
1.641291
0.866149
0.408779
0.502967
0.618931
0.436376
0.814958
0.563398
0.596593
0.578121
0.454455
0.545780
0.575563
0.642685
0.764487
0.710120
0.601219
0.621516
0.679183
0.468705
0.560541
0.499809
0.545246
0.403744
0.499516
0.503264
0.309341
0.324411
0.446102
0.491297
0.486384
0.386724
0.476638
0.419626
0.417457
0.593360
0.514599
0.469466
0.367146
0.443676
0.472964
0.400600
0.449891
0.477428
0.447279
0.525006
0.623658
0.441440
0.380338
0.515979
0.449384
0.530099
0.416246
0.473049
0.512264
0.495221
0.552479
0.462225
0.384574
0.493533
0.436618
0.431209
0.546977
0.424154
0.567712
0.381367
0.378194
0.252156
0.412199
0.388243
0.412751
0.277757
0.322828
0.302216
0.344316
0.303781
0.303176
0.592803
0.455756
0.467228
0.540373
0.549425
0.427345
0.267374
0.316952
0.233160
0.576104
0.392258
0.490793
0.256111
0.559256
0.411632
0.383513
0.232459
0.335058
0.403093
0.332617
0.466898
0.219271
0.668816
0.519487
0.291040
0.481539
0.453069
0.386178
0.386934
0.495598
0.435556
0.271198
0.264248
0.364805
0.171400
0.110542
0.215738
0.803944
0.091076
0.519824
0.032414
0.492107
0.164697
0.377742
0.643322
1.289632
0.700074
0.037856
0.204749
0.437020
0.536962
0.279122
0.959107
0.717955
0.083829
0.409174
1.015643
0.203418
0.011690
0.503708
0.144800
0.251851
0.638505
0.450539
0.553172
1.314832
0.113854
0.354416
0.205210
0.145117
0.515038
0.516299
0.057495
0.369928
0.605294
0.333930
0.175304
0.361887
0.413743
0.005511
0.433654
0.255417
0.232283
0.735434
0.378407
0.612856
0.249407
0.120566
0.799999
0.170101
0.386525
0.487848
0.713263
0.438204
0.200334
0.229434
0.128423
0.409269
0.038872
0.706974
0.152615
0.486534
0.605297
0.750607
0.262675
0.296507
0.156473
0.269362
0.151834
0.211985
0.090002
0.452338
0.654265
0.523861
0.102381
0.286079
0.280203
0.824036
0.466901
0.348836
0.400444
0.809341
0.205430
0.228399
0.336704
0.534494
0.252485
0.817749
0.208880
0.363803
0.281302
0.465498
0.510660
0.285154
0.995691
0.435247
0.378675
0.252671
0.393212
0.252023
0.611171
0.182394
0.366852
0.243849
0.427229
0.472137
0.349788
0.068155
0.391712
0.862150
0.464801
0.476551
0.753831
0.172297
0.899847
0.077065
0.640400
0.305522
0.131579
0.220738
0.378138
1.397714
0.346693
0.182179
0.278851
0.181881
0.468655
0.651258
0.374535
0.350389
0.416860
0.192062
0.329394
0.054425
0.293196
0.330497
0.370012
0.867259
0.851833
0.273580
0.140371
0.358792
0.219676
0.420311
0.401002
0.298911
1.112058
0.360062
0.414594
0.351122
0.437698
0.293113
0.440043
0.277442
0.673103
0.346184
0.328243
0.415089
0.305031
0.073665
0.899554
0.242562
0.342232
0.328547
0.154323
0.202734
0.172355
0.477154
0.412028
0.092241
1.041125
0.182701
0.096668
0.661413
0.401303
0.236892
0.643062
0.143736
0.278269
0.376914
0.551268
0.145198
0.347509
0.977896
0.485674
0.349490
0.502983
0.185854
0.303530
0.733209
0.275965
0.546847
0.900585
0.336704
1.426726
0.876808
0.805093
1.099571
0.182301
0.792651
0.550784
1.040386
1.606904
0.686112
0.730928
0.465242
1.058437
0.764112
0.747378
1.474718
0.669975
1.236397
0.458331
1.226130
0.676084
1.105948
0.360767
0.954341
1.212270
0.795087
1.066486
1.394261
0.809936
0.616617
0.864828
0.527285
0.755090
0.481579
0.417886
0.893572
0.717137
1.501521
0.805677
0.373159
0.481315
0.621113
0.412427
0.774165
0.511821
0.563814
0.548878
0.456477
0.514036
0.546111
0.590879
0.723404
0.639667
0.576079
0.591283
0.640366
0.442354
0.527808
0.489213
0.514405
0.383543
0.455885
0.462083
0.309871
0.302419
0.412690
0.463349
0.436940
0.369754
0.475456
0.393752
0.426860
0.618617
0.511918
0.450602
0.353291
0.416099
0.438393
0.365602
0.432708
0.444411
0.420267
0.479275
0.546664
0.430961
0.355437
0.485678
0.389929
0.485333
0.358923
0.412352
0.466176
0.439014
0.521618
0.413413
0.359867
0.489908
0.442221
0.420500
0.471229
0.352332
0.486492
0.317978
0.306059
0.207481
0.347353
0.361233
0.387664
0.275088
0.313832
0.229867
0.273529
0.264421
0.261894
0.557201
0.386033
0.395325
0.468273
0.468168
0.423872
0.280800
0.290828
0.174297
0.559722
0.419560
0.481096
0.241224
0.496331
0.449303
0.373237
0.229214
0.282148
0.395328
0.307159
0.387968
0.227560
0.695051
0.510217
0.249956
0.427614
0.408965
0.362376
0.344460
0.503681
0.412424
0.281047
0.244003
0.337276
0.173342
0.161511
0.156414
0.725432
0.070281
0.424358
0.013089
0.404382
0.190341
0.366992
0.545080
1.450426
0.621679
0.051191
0.188472
0.353536
0.460780
0.267461
1.013035
0.650812
0.052199
0.377748
1.039614
0.150697
0.005706
0.506775
0.113275
0.195252
0.562768
0.473127
0.573246
1.466702
0.146738
0.297156
0.152157
0.103851
0.444981
0.445458
0.074746
0.318259
0.583480
0.314843
0.171855
0.290842
0.362431
0.006482
0.411752
0.227406
0.177515
0.637089
0.361337
0.533769
0.198822
0.120233
0.807776
0.223803
0.385552
0.575950
0.662480
0.393003
0.211188
0.228049
0.152820
0.437422
0.021628
0.691777
0.165129
0.542650
0.545134
0.748229
0.268220
0.285159
0.140308
0.251561
0.141951
0.196242
0.081641
0.456683
0.621944
0.590052
0.141591
0.286912
0.280020
0.821886
0.394551
0.297840
0.371634
0.841944
0.169835
0.213471
0.312306
0.547964
0.220251
0.859961
0.187671
0.320244
0.306307
0.448135
0.467321
0.293739
0.962567
0.394606
0.388931
0.251827
0.358844
0.233093
0.609398
0.198577
0.314372
0.215172
0.382919
0.479720
0.350599
0.090456
0.406526
0.865227
0.512362
0.438408
0.783965
0.153127
0.914980
0.067443
0.641295
0.268523
0.100325
0.202010
0.371174
1.517496
0.339459
0.169210
0.277478
0.189074
0.424172
0.622806
0.373201
0.328623
0.424800
0.191732
0.283041
0.067226
0.285804
0.310969
0.394687
0.883868
0.874966
0.261106
0.120539
0.378104
0.189234
0.416130
0.366142
0.278945
1.149517
0.354777
0.422966
0.306499
0.397799
0.314256
0.447812
0.244003
0.612351
0.334217
0.311949
0.390499
0.267275
0.053456
0.914479
0.229808
0.372807
0.290953
0.137293
0.216412
0.168922
0.476409
0.396358
0.078015
1.057206
0.167711
0.080409
0.685080
0.397553
0.246582
0.655861
0.136528
0.277102
0.397851
0.574806
0.126377
0.341801
1.035476
0.487249
0.372610
0.544042
0.173268
0.332826
0.756305
0.282602
0.567994
0.933213
0.379842
1.496454
0.904708
0.863101
1.141697
0.184055
0.821045
0.564469
1.089355
1.688670
0.720726
0.768273
0.437268
1.095446
0.809212
0.792532
1.552449
0.715478
1.295197
0.427772
1.291436
0.723884
1.163501
0.403534
0.968275
1.262966
0.786148
1.114744
1.461606
0.795382
0.607193
0.850819
0.524667
0.745408
0.472943
0.410772
0.852186
0.689636
1.452547
0.787082
0.364075
0.477569
0.626524
0.407770
0.763061
0.496397
0.555720
0.542106
0.461760
0.505510
0.538609
0.575347
0.711989
0.616938
0.570779
0.583884
0.629711
0.436449
0.519431
0.489335
0.506713
0.379922
0.443221
0.450344
0.314165
0.298021
0.403879
0.456621
0.421910
0.367211
0.478979
0.387738
0.434419
0.632283
0.514799
0.447204
0.351810
0.409309
0.428892
0.355919
0.429859
0.435457
0.413598
0.465393
0.520733
0.430593
0.349496
0.477643
0.370651
0.471685
0.340414
0.392513
0.451945
0.420849
0.513221
0.398052
0.353806
0.491990
0.447853
0.419807
0.445317
0.327903
0.458392
0.296765
0.281417
0.193483
0.325481
0.354066
0.381226
0.277372
0.313633
0.204930
0.249169
0.252311
0.249013
0.546522
0.361976
0.370387
0.443227
0.439500
0.425698
0.289246
0.283728
0.154315
0.556418
0.433415
0.480383
0.238458
0.474654
0.467197
0.372238
0.230964
0.264344
0.395270
0.300122
0.359866
0.233775
0.708351
0.509495
0.236686
0.409273
0.394480
0.355878
0.330578
0.509755
0.406153
0.287831
0.238584
0.329146
0.176873
0.184366
0.135651
0.697223
0.064782
0.389457
0.008142
0.372493
0.203079
0.365387
0.508997
1.516498
0.592064
0.059284
0.184399
0.321750
0.431988
0.265249
1.037813
0.625716
0.041723
0.367342
1.051992
0.131508
0.005742
0.510514
0.102777
0.174425
0.534055
0.484841
0.583905
1.531503
0.162609
0.276246
0.132872
0.089367
0.418736
0.418890
0.084100
0.299494
0.576877
0.309343
0.172716
0.264147
0.343768
0.009108
0.405051
0.218206
0.157413
0.599240
0.356563
0.503749
0.180392
0.122239
0.813023
0.247759
0.387263
0.613859
0.643921
0.376706
0.217657
0.229534
0.164767
0.450881
0.016646
0.687601
0.172202
0.567422
0.522610
0.749203
0.272403
0.282501
0.135668
0.246248
0.139839
0.191741
0.080124
0.460302
0.610699
0.618696
0.159288
0.289066
0.281758
0.822808
0.367071
0.278974
0.361740
0.856905
0.157175
0.209165
0.304163
0.555138
0.208916
0.878762
0.180773
0.304299
0.318093
0.442782
0.451446
0.298849
0.950829
0.379808
0.394689
0.253089
0.346570
0.227032
0.610271
0.206682
0.294735
0.205146
0.366580
0.484315
0.352450
0.100962
0.414005
0.867991
0.533060
0.424556
0.797640
0.146841
0.922602
0.064998
0.643116
0.255007
0.089139
0.195879
0.369776
1.567136
0.337942
0.165371
0.278294
0.193326
0.407640
0.612722
0.374011
0.321198
0.429334
0.192916
0.265685
0.073672
0.284133
0.304405
0.405906
0.891875
0.885616
0.257342
0.113760
0.387160
0.178164
0.415700
0.353354
0.272141
1.165814
0.353856
0.427526
0.289779
0.382974
0.323909
0.452107
0.231752
0.589149
0.330567
0.306556
0.381776
0.253268
0.046471
0.921604
0.225805
0.386181
0.276966
0.131553
0.222987
0.168625
0.477214
0.391152
0.073366
1.064780
0.162750
0.074914
0.695694
0.397107
0.251530
0.662094
0.134633
0.277647
0.407347
0.585417
0.119629
0.340487
1.060216
0.488917
0.384151
0.563932
0.168512
0.347408
0.767981
0.286704
0.578751
0.949211
0.400648
1.529449
0.917570
0.890642
1.161964
0.185871
0.835042
0.571689
1.112549
1.726580
0.737228
0.786047
0.425566
1.113346
0.830907
0.814357
1.589472
0.737722
1.323834
0.414307
1.323606
0.748551
1.193114
0.425685
0.976172
1.288903
0.782932
1.138551
1.494907
0.789353
0.603629
0.844959
0.524370
0.741589
0.469612
0.408176
0.832314
0.676742
1.428831
0.778707
0.360478
0.476641
0.630139
0.406375
0.758440
0.489708
0.552616
0.539654
0.465205
0.502465
0.536002
0.568628
0.707266
0.606750
0.569030
0.581159
0.625399
0.434445
0.516246
0.490194
0.503853
0.379005
0.438036
0.445604
0.316953
0.296733
0.400527
0.454240
0.415684
0.366774
0.481338
0.385698
0.438618
0.639257
0.516797
0.446353
0.351833
0.406872
0.425236
0.352180
0.429232
0.432051
0.411238
0.459751
0.509633
0.431085
0.347476
0.474676
0.362645
0.466217
0.332796
0.384327
0.446270
0.413460
0.510044
0.391942
0.351770
0.493433
0.450871
0.420094
0.434743
0.317999
0.446948
0.288302
0.271533
0.188136
0.316841
0.351620
0.379090
0.278868
0.314090
0.195161
0.239670
0.247872
0.244270
0.542679
0.352716
0.360801
0.433631
0.428483
0.426916
0.293101
0.281376
0.146942
0.555591
0.439370
0.480575
0.237845
0.466605
0.474672
0.372311
0.232111
0.257842
0.395702
0.297829
0.349365
0.236641
0.713945
0.509652
0.231975
0.402598
0.389303
0.353790
0.325645
0.512501
0.404151
0.290830
0.236980
0.326451
0.178635
0.193529
0.128128
0.686815
0.063079
0.376501
0.006650
0.360720
0.208319
0.365162
0.495672
1.541892
0.581569
0.062654
0.183291
0.310485
0.421831
0.264818
1.047229
0.616928
0.038273
0.363919
1.056859
0.124891
0.006116
0.512228
0.099322
0.167225
0.524001
0.489429
0.588103
1.555268
0.168693
0.269021
0.126233
0.084464
0.409580
0.409620
0.087807
0.293050
0.574821
0.307683
0.173348
0.254859
0.337375
0.010366
0.402958
0.215218
0.150518
0.585999
0.355161
0.493332
0.174122
0.123251
0.815169
0.256568
0.388163
0.627609
0.637619
0.371209
0.220237
0.230343
0.169284
0.455930
0.015161
0.686396
0.174982
0.576469
0.514913
0.749817
0.274153
0.281825
0.134287
0.244628
0.139352
0.190407
0.079845
0.461842
0.606968
0.629100
0.165815
0.290080
0.282623
0.823378
0.357562
0.272524
0.358473
0.862445
0.152926
0.207877
0.301513
0.557911
0.205136
0.885633
0.178564
0.298887
0.322487
0.441111
0.446059
0.300878
0.946884
0.374801
0.396939
0.253751
0.342456
0.225110
0.610789
0.209749
0.288029
0.201825
0.361038
0.486136
0.353306
0.104859
0.416833
0.869149
0.540518
0.419904
0.802619
0.144836
0.925448
0.064339
0.643938
0.250465
0.085404
0.193915
0.369472
1.584739
0.337594
0.164207
0.278765
0.195004
0.402008
0.609351
0.374472
0.318766
0.431100
0.193508
0.259766
0.076111
0.283716
0.302271
0.410009
0.894838
0.889498
0.256189
0.111561
0.390490
0.174460
0.415706
0.349027
0.269913
1.171636
0.353692
0.429282
0.284066
0.377926
0.327450
0.453762
0.227608
0.581165
0.329439
0.304818
0.378873
0.248519
0.044180
0.924229
0.224554
0.390985
0.272237
0.129698
0.225416
0.168663
0.477624
0.389478
0.071892
1.067523
0.161171
0.073149
0.699481
0.397078
0.253368
0.664360
0.134115
0.277966
0.410741
0.589172
0.117480
0.340162
1.068746
0.489605
0.387953
0.570337
0.167160
0.352111
0.771779
0.288123
0.582254
0.954354
0.407282
1.539901
0.921820
0.899369
1.168426
0.186568
0.839548
0.574088
1.119986
1.738757
0.742626
0.791823
0.422035
1.119075
0.837817
0.821304
1.601132
0.744761
1.332692
0.410458
1.333183
0.755684
1.201609
0.432032
0.978551
1.296622
0.781920
1.147283
1.507030
0.787369
0.602511
0.843027
0.524432
0.740359
0.468590
0.407414
0.825410
0.672300
1.420549
0.775881
0.359347
0.476459
0.631567
0.406028
0.756941
0.487467
0.551646
0.538921
0.466581
0.501520
0.535225
0.566363
0.705716
0.603244
0.568543
0.580323
0.623998
0.433858
0.515238
0.490631
0.502961
0.378803
0.436302
0.444026
0.318076
0.296392
0.399440
0.453504
0.413560
0.366733
0.482305
0.385075
0.440243
0.641884
0.517637
0.446159
0.351953
0.406116
0.424028
0.350939
0.429118
0.430927
0.410492
0.457815
0.505726
0.431367
0.346844
0.473705
0.359850
0.464339
0.330138
0.381464
0.444314
0.410885
0.508998
0.389826
0.351126
0.494051
0.452059
0.420287
0.431007
0.314505
0.442898
0.285329
0.268046
0.186288
0.313804
0.350819
0.378401
0.279488
0.314336
0.191717
0.236324
0.246349
0.242638
0.541381
0.349458
0.357426
0.430253
0.424595
0.427441
0.294572
0.280627
0.144269
0.555365
0.441571
0.480711
0.237692
0.463788
0.477412
0.372401
0.232586
0.255579
0.395920
0.297071
0.345671
0.237727
0.716005
0.509768
0.230352
0.400273
0.387512
0.353102
0.323941
0.513539
0.403493
0.291957
0.236464
0.325545
0.179319
0.196853
0.125499
0.683157
0.062526
0.371934
0.006171
0.356579
0.210237
0.365134
0.490982
1.550974
0.577886
0.063903
0.182946
0.306529
0.418270
0.264714
1.050621
0.613855
0.037097
0.362752
1.058632
0.122590
0.006295
0.512882
0.098143
0.164718
0.520484
0.491097
0.589634
1.563725
0.170892
0.266505
0.123924
0.082769
0.406378
0.406379
0.089161
0.290810
0.574135
0.307138
0.173612
0.251616
0.335157
0.010851
0.402259
0.214203
0.148125
0.581369
0.354705
0.489703
0.171953
0.123645
0.815953
0.259698
0.388516
0.632473
0.635442
0.369315
0.221179
0.230663
0.170904
0.457736
0.014674
0.686007
0.175993
0.579679
0.512243
0.750066
0.274801
0.281620
0.133836
0.244091
0.139213
0.189970
0.079779
0.462414
0.605689
0.632787
0.168140
0.290468
0.282959
0.823608
0.354246
0.270285
0.357353
0.864424
0.151462
0.207454
0.300611
0.558915
0.203836
0.888077
0.177816
0.297013
0.324061
0.440551
0.444193
0.301619
0.945521
0.373069
0.397757
0.254011
0.341039
0.224462
0.610996
0.210852
0.285702
0.200687
0.359120
0.486801
0.353631
0.106250
0.417849
0.869578
0.543154
0.418298
0.804385
0.144157
0.926467
0.064132
0.644249
0.248895
0.084119
0.193250
0.369389
1.590928
0.337494
0.163822
0.278952
0.195615
0.400052
0.608185
0.374653
0.317933
0.431735
0.193734
0.257723
0.076986
0.283587
0.301543
0.411459
0.895877
0.890859
0.255822
0.110819
0.391666
0.173189
0.415722
0.347528
0.269150
1.173667
0.353651
0.429915
0.282080
0.376172
0.328708
0.454357
0.226172
0.578381
0.329060
0.304226
0.377872
0.246873
0.043396
0.925157
0.224134
0.392675
0.270608
0.129067
0.226278
0.168692
0.477776
0.388907
0.071396
1.068478
0.160638
0.072553
0.700796
0.397078
0.254013
0.665148
0.133955
0.278088
0.411913
0.590456
0.116787
0.340076
1.071585
0.489848
0.389215
0.572452
0.166731
0.353668
0.773042
0.288603
0.583420
0.956060
0.409481
1.543368
0.923180
0.902267
1.170578
0.186813
0.841054
0.574895
1.122459
1.742768
0.744405
0.793728
0.420892
1.120981
0.840113
0.823611
1.605033
0.747141
1.335897
0.408914
1.337081
0.758616
1.205119
0.434682
0.979551
1.299776
0.781594
1.150365
1.511353
0.786667
0.602127
0.842327
0.524476
0.739941
0.468230
0.407153
0.822858
0.670662
1.417482
0.774844
0.358951
0.476411
0.632121
0.405916
0.756410
0.486659
0.551308
0.538671
0.467108
0.501191
0.534949
0.565546
0.705167
0.601972
0.568378
0.580034
0.623497
0.433660
0.514884
0.490805
0.502645
0.378744
0.435689
0.443470
0.318498
0.296282
0.399065
0.453253
0.412813
0.366733
0.482663
0.384869
0.440841
0.642842
0.517945
0.446105
0.352009
0.405851
0.423607
0.350507
0.429086
0.430539
0.410239
0.457137
0.504341
0.431480
0.346634
0.473372
0.358869
0.463685
0.329211
0.380465
0.443635
0.409993
0.508627
0.389099
0.350912
0.494267
0.452479
0.420365
0.429729
0.313314
0.441520
0.284324
0.266869
0.185671
0.312789
0.350559
0.378179
0.279703
0.314426
0.190583
0.235225
0.245856
0.242110
0.540961
0.348403
0.356337
0.429168
0.423350
0.427613
0.295046
0.280389
0.143449
0.555299
0.442273
0.480759
0.237650
0.462909
0.478274
0.372436
0.232740
0.254878
0.395994
0.296841
0.344527
0.238070
0.716645
0.509809
0.229854
0.399558
0.386964
0.352894
0.323422
0.513858
0.403295
0.292303
0.236313
0.325271
0.179528
0.197858
0.124746
0.682054
0.062363
0.370547
0.006031
0.355326
0.210822
0.365130
0.489570
1.553707
0.576781
0.064284
0.182848
0.305344
0.417206
0.264687
1.051632
0.612943
0.036750
0.362408
1.059160
0.121911
0.006352
0.513079
0.097799
0.163982
0.519450
0.491591
0.590085
1.566202
0.171540
0.265777
0.123253
0.082275
0.405440
0.405430
0.089563
0.290157
0.573937
0.306982
0.173693
0.250672
0.334514
0.010995
0.402059
0.213912
0.147436
0.580035
0.354577
0.488664
0.171337
0.123760
0.816175
0.260590
0.388620
0.633854
0.634828
0.368782
0.221448
0.230756
0.171365
0.458250
0.014540
0.685900
0.176282
0.580590
0.511489
0.750140
0.274988
0.281565
0.133710
0.243942
0.139177
0.189849
0.079763
0.462579
0.605328
0.633834
0.168804
0.290582
0.283057
0.823675
0.353303
0.269649
0.357037
0.864987
0.151048
0.207336
0.300357
0.559201
0.203470
0.888765
0.177607
0.296485
0.324506
0.440395
0.443676
0.301830
0.945135
0.372582
0.397989
0.254086
0.340641
0.224281
0.611056
0.211164
0.285050
0.200369
0.358585
0.486988
0.353724
0.106641
0.418134
0.869697
0.543890
0.417852
0.804877
0.143970
0.926750
0.064076
0.644337
0.248463
0.083763
0.193066
0.369367
1.592657
0.337468
0.163716
0.279006
0.195788
0.399507
0.607863
0.374709
0.317701
0.431922
0.193804
0.257132
0.077237
0.283557
0.301340
0.411881
0.896195
0.891267
0.255699
0.110600
0.392014
0.172823
0.415735
0.347108
0.268938
1.174241
0.353644
0.430098
0.281520
0.375679
0.329068
0.454531
0.225768
0.577598
0.328957
0.304063
0.377595
0.246414
0.043179
0.925425
0.224019
0.393153
0.270150
0.128894
0.226522
0.168703
0.477828
0.388754
0.071259
1.068760
0.160491
0.072387
0.701176
0.397085
0.254204
0.665381
0.133908
0.278127
0.412261
0.590847
0.116557
0.340043
1.072521
0.489929
0.389641
0.573165
0.166587
0.354185
0.773435
0.288750
0.583751
0.956533
0.410076
1.544303
0.923507
0.903054
1.171150
0.186880
0.841439
0.575078
1.122963
1.743468
0.744704
0.794049
0.420699
1.121305
0.840504
0.824005
1.605699
0.747546
1.336419
0.408683
1.337672
0.759060
1.205651
0.435084
0.979704
1.300257
0.781544
1.150840
1.512010
0.786563
0.602066
0.842223
0.524483
0.739879
0.468177
0.407116
0.822480
0.670416
1.417020
0.774691
0.358892
0.476406
0.632205
0.405901
0.756329
0.486536
0.551258
0.538635
0.467190
0.501141
0.534909
0.565423
0.705085
0.601780
0.568356
0.579991
0.623424
0.433631
0.514830
0.490833
0.502599
0.378735
0.435596
0.443386
0.318564
0.296267
0.399008
0.453216
0.412700
0.366735
0.482720
0.384838
0.440932
0.642991
0.517993
0.446098
0.352019
0.405812
0.423543
0.350442
0.429083
0.430480
0.410201
0.457033
0.504130
0.431498
0.346602
0.473322
0.358720
0.463585
0.329069
0.380313
0.443532
0.409855
0.508571
0.388988
0.350880
0.494303
0.452545
0.420378
0.429533
0.313130
0.441307
0.284168
0.266687
0.185576
0.312631
0.350519
0.378144
0.279738
0.314441
0.190406
0.235054
0.245779
0.242027
0.540896
0.348237
0.356166
0.428997
0.423154
0.427640
0.295122
0.280352
0.143320
0.555290
0.442385
0.480769
0.237644
0.462770
0.478417
0.372442
0.232766
0.254767
0.396007
0.296805
0.344344
0.238126
0.716756
0.509818
0.229775
0.399444
0.386877
0.352863
0.323339
0.513917
0.403266
0.292366
0.236287
0.325230
0.179570
0.198042
0.124571
0.681864
0.062336
0.370323
0.006008
0.355123
0.210918
0.365131
0.489342
1.554160
0.576601
0.064347
0.182832
0.305152
0.417033
0.264684
1.051806
0.612793
0.036694
0.362353
1.059252
0.121800
0.006362
0.513113
0.097743
0.163861
0.519281
0.491675
0.590164
1.566625
0.171652
0.265646
0.123136
0.082193
0.405285
0.405274
0.089629
0.290050
0.573906
0.306957
0.173707
0.250518
0.334409
0.011019
0.402027
0.213865
0.147323
0.579816
0.354557
0.488493
0.171235
0.123780
0.816220
0.260739
0.388637
0.634084
0.634727
0.368694
0.221493
0.230772
0.171442
0.458336
0.014517
0.685883
0.176330
0.580743
0.511364
0.750152
0.275020
0.281557
0.133690
0.243917
0.139171
0.189829
0.079761
0.462608
0.605269
0.634010
0.168914
0.290601
0.283074
0.823690
0.353147
0.269544
0.356985
0.865085
0.150979
0.207317
0.300315
0.559252
0.203409
0.888891
0.177572
0.296395
0.324585
0.440370
0.443578
0.301868
0.945079
0.372501
0.398030
0.254100
0.340575
0.224252
0.611068
0.211217
0.284941
0.200316
0.358495
0.487021
0.353740
0.106707
0.418184
0.869723
0.544019
0.417776
0.804969
0.143938
0.926807
0.064066
0.644355
0.248384
0.083700
0.193035
0.369365
1.592963
0.337465
0.163698
0.279017
0.195820
0.399411
0.607809
0.374720
0.317663
0.431955
0.193816
0.257034
0.077280
0.283553
0.301307
0.411954
0.896251
0.891341
0.255681
0.110563
0.392076
0.172758
0.415738
0.347035
0.268902
1.174369
0.353643
0.430132
0.281425
0.375596
0.329131
0.454563
0.225701
0.577466
0.328940
0.304036
0.377548
0.246337
0.043143
0.925473
0.224001
0.393235
0.270073
0.128865
0.226564
0.168706
0.477838
0.388729
0.071236
1.068812
0.160466
0.072359
0.701251
0.397089
0.254239
0.665428
0.133900
0.278135
0.412330
0.590928
0.116510
0.340035
1.072712
0.489946
0.389738
0.573332
0.166555
0.354321
0.773571
0.288807
0.583914
0.956784
0.410420
1.544846
0.923666
0.903526
1.171520
0.186923
0.841723
0.575257
1.123568
1.744587
0.745223
0.794612
0.420359
1.121876
0.841202
0.824719
1.606913
0.748299
1.337399
0.408243
1.338801
0.759923
1.206700
0.435891
0.980013
1.301241
0.781442
1.151822
1.513407
0.786331
0.601950
0.841998
0.524501
0.739747
0.468059
0.407028
0.821615
0.669858
1.415974
0.774338
0.358758
0.476392
0.632401
0.405865
0.756145
0.486260
0.551144
0.538551
0.467372
0.501032
0.534818
0.565147
0.704902
0.601347
0.568302
0.579896
0.623254
0.433567
0.514713
0.490893
0.502496
0.378717
0.435394
0.443201
0.318707
0.296232
0.398885
0.453135
0.412453
0.366737
0.482841
0.384772
0.441133
0.643308
0.518094
0.446081
0.352041
0.405726
0.423407
0.350302
0.429075
0.430354
0.410119
0.456812
0.503675
0.431536
0.346535
0.473215
0.358401
0.463375
0.328771
0.379993
0.443317
0.409572
0.508441
0.388761
0.350816
0.494365
0.452678
0.420404
0.429139
0.312766
0.440886
0.283865
0.266335
0.185394
0.312332
0.350444
0.378081
0.279801
0.314468
0.190083
0.234744
0.245642
0.241881
0.540781
0.347949
0.355871
0.428707
0.422824
0.427686
0.295246
0.280292
0.143111
0.555274
0.442563
0.480781
0.237635
0.462553
0.478629
0.372452
0.232805
0.254596
0.396025
0.296749
0.344069
0.238209
0.716909
0.509829
0.229658
0.399276
0.386748
0.352815
0.323218
0.513992
0.403221
0.292447
0.236253
0.325168
0.179619
0.198275
0.124389
0.681612
0.062300
0.370011
0.005977
0.354847
0.211047
0.365130
0.489037
1.554741
0.576364
0.064428
0.182811
0.304900
0.416809
0.264678
1.052004
0.612604
0.036624
0.362283
1.059346
0.121668
0.006374
0.513143
0.097681
0.163726
0.519084
0.491767
0.590246
1.567092
0.171777
0.265502
0.123004
0.082097
0.405103
0.405091
0.089706
0.289926
0.573867
0.306927
0.173721
0.250343
0.334291
0.011046
0.401991
0.213813
0.147202
0.579584
0.354534
0.488317
0.171133
0.123799
0.816237
0.260879
0.388652
0.634296
0.634629
0.368611
0.221532
0.230783
0.171505
0.458394
0.014506
0.685884
0.176351
0.580803
0.511327
0.750158
0.275029
0.281554
0.133684
0.243910
0.139169
0.189823
0.079760
0.462616
0.605251
0.634061
0.168947
0.290607
0.283079
0.823693
0.353099
0.269512
0.356969
0.865113
0.150958
0.207311
0.300303
0.559266
0.203391
0.888922
0.177562
0.296370
0.324606
0.440362
0.443553
0.301878
0.945056
0.372478
0.398041
0.254104
0.340556
0.224243
0.611071
0.211231
0.284912
0.200302
0.358472
0.487029
0.353744
0.106723
0.418196
0.869726
0.544049
0.417758
0.804987
0.143930
0.926817
0.064064
0.644358
0.248365
0.083685
0.193027
0.369364
1.593031
0.337464
0.163693
0.279019
0.195827
0.399386
0.607791
0.374721
0.317652
0.431959
0.193817
0.257013
0.077289
0.283548
0.301298
0.411959
0.896244
0.891327
0.255687
0.110572
0.392074
0.172760
0.415733
0.347015
0.268892
1.174356
0.353642
0.430138
0.281399
0.375573
0.329145
0.454567
0.225682
0.577430
0.328935
0.304028
0.377536
0.246318
0.043134
0.925478
0.223996
0.393250
0.270057
0.128859
0.226570
0.168705
0.477833
0.388721
0.071233
1.068802
0.160465
0.072360
0.701240
0.397083
0.254236
0.665418
0.133902
0.278132
0.412320
0.590908
0.116533
0.340038
1.072661
0.489943
0.389682
0.573232
0.166575
0.354246
0.773511
0.288784
0.583856
0.956699
0.410318
1.544675
0.923554
0.903381
1.171386
0.186905
0.841584
0.575175
1.123308
1.744149
0.745027
0.794404
0.420482
1.121672
0.840958
0.824476
1.606508
0.748056
1.337091
0.408377
1.338465
0.759675
1.206408
0.435675
0.979933
1.300995
0.781466
1.151583
1.513091
