12.949274
12.892635
12.826744
12.786430
13.128702
12.695938
13.022240
12.578852
13.221302
12.677191
12.477325
13.309410
12.967998
12.650897
12.665554
12.680065
12.722125
12.563884
12.596852
12.234870
12.254400
12.734309
12.864041
13.084327
12.413111
12.189008
12.570308
12.694242
12.097166
12.052028
12.120241
12.024655
12.747632
12.309385
12.069371
12.127333
12.419264
12.619181
12.633824
12.420558
12.114098
11.996990
12.351387
12.058088
12.400159
12.154814
12.041544
12.292386
11.467306
12.246561
12.125731
12.178025
11.916320
12.058319
11.918052
12.136873
12.036429
12.240993
12.279080
12.001479
12.050570
11.945971
12.040585
12.069243
11.716893
11.667019
12.055664
12.085382
11.668324
11.844104
12.299627
11.809707
11.708456
11.995016
11.863240
11.778383
12.255869
11.650996
12.325666
11.885948
12.077410
11.797374
12.081001
11.266953
11.205992
11.927367
11.557613
11.572771
11.749476
11.169164
11.970507
11.539901
11.550963
11.377625
11.722654
11.936773
12.045481
11.639839
11.447293
11.739639
11.455379
11.977139
11.481724
11.413592
11.559690
11.974254
11.062293
10.965131
11.823668
11.923331
11.412102
11.493281
11.601676
11.337251
11.357468
11.233335
11.212214
11.725186
11.368507
11.125557
11.209825
11.065399
11.717193
11.351317
10.991879
11.454751
11.389117
11.455989
11.231132
11.697743
11.767388
11.236038
11.279222
11.436097
11.450539
11.378236
11.456134
11.518253
11.682699
11.209367
11.169778
11.153439
11.620451
11.115019
11.550235
11.339765
11.018106
11.220552
10.729785
11.290953
11.206915
11.147882
10.960574
11.659283
11.180336
11.380274
11.253585
10.781201
11.367021
10.958109
10.783239
10.872763
10.953836
10.655692
10.629512
10.733916
10.786546
10.840896
10.689330
11.016882
11.270505
11.101872
10.913092
10.895326
10.927548
11.138672
10.978861
10.537504
11.343554
10.589184
11.011719
10.799869
10.564103
10.645821
10.908547
11.095293
10.812692
11.030966
10.844569
10.788557
11.023794
10.933539
10.598396
10.936069
10.955019
10.534027
10.767186
10.562720
10.830269
10.447107
10.288889
10.868298
10.371021
10.263660
10.147512
10.191283
11.082408
10.269998
10.772278
10.648210
10.296590
10.481057
10.228848
10.036766
10.372549
10.566662
10.810998
10.445917
10.365627
10.391096
10.552093
10.127391
10.816617
10.020751
10.680151
10.481784
10.207435
10.144772
10.286602
10.703794
10.059275
10.259650
10.382030
10.461430
10.394629
9.948617
10.084945
10.637306
10.002625
10.431696
10.248034
10.107332
10.065922
10.228696
9.956983
10.085606
10.338137
9.915173
10.070925
10.476946
9.975937
9.757356
9.720633
10.231071
9.926538
10.515137
10.267869
9.868332
10.504515
10.229445
9.904245
9.822853
9.862488
9.723831
10.033697
10.225805
9.769104
9.777411
9.903758
10.040751
10.307578
9.457698
10.381643
9.624957
9.949653
10.122975
9.670306
9.703678
10.113462
9.731363
9.963869
10.127649
9.728101
9.941014
9.915144
9.672458
9.977993
10.261021
9.850487
9.648185
9.923999
9.285983
9.813375
10.035291
9.940871
10.058496
9.680165
9.571340
9.689127
9.781256
9.503315
9.452013
9.577574
9.296395
10.084201
9.360678
9.469164
10.118721
9.786188
10.075414
9.749178
9.620349
9.851951
9.424590
9.607543
9.742423
9.612928
9.603524
9.463786
9.877211
9.334940
9.430237
9.466215
9.846024
9.182505
9.431273
9.858222
9.439960
9.734542
9.443750
9.330465
9.495596
9.585598
9.386777
8.833833
9.773758
9.430457
9.319980
9.236649
9.246958
9.645237
9.379792
9.246569
9.143927
9.208246
9.379903
8.967752
9.591906
9.567899
9.508466
9.446508
9.402437
9.691825
9.321630
9.592793
9.209579
9.756968
9.277648
9.114112
9.821756
9.532308
9.261372
9.265343
9.276380
9.316154
9.178110
9.206717
8.900509
8.921741
9.324060
9.431363
9.625266
9.054873
8.868111
9.190420
9.300374
8.786598
8.758448
8.804211
8.738235
9.340758
8.968565
8.778104
8.823485
9.068402
9.237590
9.253181
9.074661
8.816689
8.716995
9.016488
8.771570
9.067759
8.853926
8.759431
8.973699
8.272439
8.946394
8.840545
8.885727
8.656902
8.791293
8.666775
8.852607
8.771996
8.939198
8.977041
8.746912
8.783291
8.702227
8.777286
8.799673
8.517489
8.466956
8.792247
8.826626
8.473201
8.633379
9.027361
8.598592
8.517644
8.765519
8.655022
8.571978
8.984138
8.471152
9.050668
8.672019
8.831767
8.600147
8.845760
8.154656
8.104582
8.716662
8.403716
8.418834
8.570444
8.081001
8.757195
8.395000
8.408158
8.263175
8.559677
8.743293
8.830085
8.485552
8.330307
8.568563
8.344516
8.781232
8.363460
8.301756
8.438569
8.798838
8.024035
7.935034
8.660240
8.749257
8.309849
8.378655
8.473584
8.250220
8.272977
8.171373
8.156672
8.583720
8.284407
8.090318
8.157540
8.039289
8.583494
8.282137
7.968899
8.371207
8.311926
8.368636
8.180060
8.583206
8.639153
8.185608
8.227813
8.358765
8.374464
8.317206
8.374091
8.437351
8.578912
8.178284
8.143202
8.140062
8.528452
8.098972
8.468374
8.299676
8.029438
8.197943
7.791982
8.255517
8.188809
8.145391
7.980955
8.583570
8.171289
8.343218
8.235354
7.833776
8.348269
7.985291
7.838524
7.919784
7.989206
7.740543
7.716396
7.800658
7.863605
7.895236
7.783056
8.051311
8.273738
8.123543
7.967638
7.958389
7.983786
8.156488
8.028576
7.659341
8.339329
7.697297
8.061834
7.882936
7.682861
7.749888
7.975181
8.140984
7.896497
8.086852
7.940900
7.881016
8.079929
8.012510
7.719048
8.010039
8.024967
7.679617
7.870021
7.702665
7.928949
7.607660
7.473905
7.957018
7.544832
7.445766
7.357018
7.392991
8.159153
7.459353
7.883217
7.787211
7.492023
7.645405
7.434226
7.271004
7.554525
7.729111
7.925515
7.617437
7.551606
7.572305
7.706679
7.365501
7.933650
7.260510
7.821880
7.649547
7.421474
7.376186
7.495307
7.849765
7.298356
7.471827
7.571674
7.643899
7.589176
7.212395
7.337373
7.797080
7.269132
7.627068
7.473999
7.348065
7.316323
7.452760
7.228611
7.333612
7.544917
7.202009
7.327924
7.663128
7.249235
7.059180
7.031771
7.466892
7.205983
7.701259
7.499206
7.160384
7.700746
7.465026
7.193547
7.125427
7.151851
7.041081
7.312300
7.464971
7.084195
7.090041
7.197056
7.312962
7.541482
6.817888
7.602477
6.968997
7.248097
7.395458
7.004004
7.033788
7.381376
7.054446
7.261927
7.393201
7.063599
7.240357
7.216173
7.014378
7.273693
7.511590
7.160040
6.994681
7.228339
6.700434
7.132870
7.320537
7.249461
7.348417
7.028415
6.939909
7.023726
7.114483
6.882262
6.834327
6.945250
6.704451
7.372988
6.763520
6.853724
7.405145
7.125579
7.373247
7.091244
6.988118
7.188587
6.818481
6.973422
7.088337
6.982619
6.975036
6.865858
7.211398
6.757977
6.835699
6.868669
7.183141
6.622260
6.830813
7.201059
6.842820
7.100665
6.843894
6.747954
6.897352
6.974188
6.798924
6.331914
7.129371
6.843848
6.747159
6.677648
6.682496
7.027861
6.798691
6.690104
6.602448
6.651139
6.804896
6.453748
6.980285
6.965009
6.910839
6.859805
6.818835
7.066861
6.757908
6.984598
6.659160
7.125692
6.707239
6.578833
7.178628
6.937440
6.709224
6.705236
6.714436
6.753185
6.633775
6.659101
6.402588
6.425549
6.759391
6.846823
7.017249
6.535705
6.381587
6.651316
6.748392
6.307689
6.293934
6.319149
6.278634
6.773796
6.459217
6.311769
6.345123
6.547487
6.688500
6.703938
6.555216
6.339225
6.253946
6.503698
6.300660
6.555049
6.368118
6.289216
6.469899
5.877581
6.456818
6.363199
6.400931
6.200248
6.326711
6.215128
6.370444
6.306368
6.439132
6.475607
6.286672
6.310557
6.249356
6.305810
6.321445
6.100797
6.048544
6.316067
6.353446
6.055799
6.200843
6.538629
6.163458
6.099563
6.311633
6.219061
6.136505
6.488911
6.057218
6.550187
6.225206
6.355307
6.166038
6.376338
5.794619
5.753220
6.265849
6.002882
6.016838
6.144719
5.736003
6.298311
5.996638
6.010565
5.890034
6.141621
6.296510
6.362185
6.071618
5.948854
6.136958
5.966072
6.324549
5.975716
5.918504
6.045553
6.355086
5.703442
5.620503
6.223347
6.301286
5.925691
5.981843
6.063116
5.875659
5.899317
5.816805
5.806545
6.153856
5.905401
5.754464
5.804704
5.708935
6.153433
5.909579
5.637155
5.982637
5.927726
5.973680
5.816894
6.160421
6.202326
5.818695
5.858557
5.964251
5.979654
5.934760
5.970862
6.033705
6.152726
5.817583
5.785215
5.792798
6.107217
5.746364
6.053557
5.921973
5.697809
5.833501
5.504532
5.876320
5.824213
5.793819
5.649157
6.161228
5.809334
5.953827
5.861989
5.524759
5.971539
5.649832
5.527793
5.599954
5.657117
5.453150
5.429514
5.493594
5.564780
5.573809
5.497020
5.708484
5.900323
5.765950
5.639396
5.636714
5.654322
5.789615
5.690181
5.387191
5.947496
5.409513
5.718178
5.568851
5.400933
5.452762
5.641441
5.786121
5.576135
5.738771
5.629543
5.564627
5.727860
5.680582
5.425110
5.670603
5.680313
5.405123
5.553689
5.420090
5.605906
5.341880
5.229957
5.620367
5.287578
5.195117
5.131208
5.158655
5.804973
5.211234
5.559561
5.489343
5.247012
5.369990
5.197102
5.060637
5.293661
5.448956
5.599013
5.344615
5.291943
5.307489
5.415882
5.153788
5.605885
5.049277
5.516569
5.368544
5.184110
5.154899
5.251842
5.545891
5.082892
5.230184
5.308023
5.372917
5.329249
5.018146
5.131809
5.502509
5.076102
5.365584
5.241295
5.129027
5.106073
5.216877
5.037761
5.119726
5.291144
5.024376
5.121305
5.388296
5.057314
4.894129
4.875203
5.237781
5.018200
5.423685
5.264482
4.983370
5.431513
5.233042
5.012581
4.956748
4.970079
4.885602
5.119349
5.233788
4.925351
4.928411
5.016461
5.111717
5.303070
4.700157
5.350660
4.834919
5.069856
5.191876
4.858724
4.884645
5.172121
4.897705
5.080736
5.180384
4.917498
5.059119
5.036122
4.873170
5.087674
5.281797
4.986470
4.856173
5.048906
4.626372
4.967145
5.121471
5.072412
5.152995
4.888636
4.819238
4.869978
4.958998
4.770317
4.725200
4.821628
4.619254
5.172637
4.672478
4.744672
5.201239
4.972229
5.179471
4.939632
4.860827
5.030899
4.715504
4.843048
4.938326
4.855087
4.848839
4.768688
5.048411
4.680176
4.740558
4.770222
5.021308
4.558961
4.728435
5.043774
4.743187
4.965488
4.741437
4.662174
4.796415
4.860619
4.708124
4.324017
4.984367
4.754667
4.671440
4.615439
4.615251
4.909951
4.715930
4.631311
4.558348
4.592292
4.729131
4.436928
4.869957
4.863411
4.814633
4.774429
4.736786
4.945462
4.695639
4.880016
4.610355
4.999712
4.640001
4.545622
5.042449
4.847883
4.660959
4.649722
4.657539
4.695683
4.594475
4.617031
4.408408
4.433387
4.702144
4.770967
4.919350
4.523046
4.400470
4.620365
4.705505
4.334915
4.335235
4.341215
4.325324
4.718511
4.459213
4.353095
4.375347
4.537546
4.652100
4.667767
4.547766
4.372066
4.300852
4.503661
4.340785
4.555810
4.394794
4.331050
4.480192
3.991648
4.481248
4.399657
4.430674
4.257027
4.376341
4.277335
4.404076
4.356014
4.456498
4.492033
4.342443
4.354849
4.312792
4.351984
4.361581
4.199457
4.145903
4.359162
4.399727
4.155107
4.286000
4.571251
4.247018
4.199544
4.378166
4.302838
4.221072
4.517488
4.162750
4.574500
4.300428
4.402942
4.253882
4.431280
3.952831
3.919904
4.339299
4.123667
4.136849
4.242749
3.910213
4.365842
4.121339
4.136306
4.039049
4.248811
4.377193
4.423746
4.184267
4.092461
4.234157
4.113688
4.399576
4.115960
4.063669
4.182355
4.444532
3.909417
3.832931
4.322409
4.390892
4.075664
4.120905
4.190353
4.037213
4.062603
3.998739
3.993464
4.267680
4.067372
3.957347
3.992793
3.918744
4.271865
4.082195
3.848458
4.142328
4.092410
4.129390
4.002899
4.292399
4.322345
4.004110
4.042771
4.126180
4.142278
4.109728
4.127702
4.191146
4.290464
4.016367
3.987437
4.005800
4.253458
3.956377
4.207637
4.110957
3.929833
4.036510
3.778753
4.067776
4.029929
4.012345
3.886615
4.317260
4.021241
4.141748
4.065427
3.787543
4.173815
3.890476
3.791765
3.856597
3.903574
3.740944
3.718658
3.765401
3.844916
3.834438
3.790465
3.951616
4.116817
3.997614
3.898386
3.902517
3.914016
4.016611
3.943666
3.701021
4.154873
3.711071
3.970572
3.848618
3.710359
3.749470
3.906304
4.033015
3.854727
3.993534
3.917885
3.849432
3.981772
3.953264
3.732546
3.938451
3.944424
3.732447
3.844732
3.741954
3.892755
3.680348
3.588596
3.897795
3.636113
3.550295
3.509088
3.529734
4.070940
3.571502
3.853854
3.807026
3.611887
3.708675
3.570064
3.457702
3.646827
3.785694
3.895542
3.688839
3.648230
3.659749
3.745833
3.553497
3.904401
3.450418
3.835738
3.709478
3.563712
3.549015
3.626991
3.868665
3.483403
3.608251
3.667299
3.726230
3.692652
3.439284
3.543478
3.837008
3.499454
3.729789
3.630976
3.531039
3.516146
3.605060
3.465515
3.527857
3.665028
3.464773
3.536962
3.745154
3.486532
3.347049
3.335859
3.635951
3.452584
3.780700
3.659014
3.428249
3.797014
3.631178
3.455226
3.410398
3.412807
3.351422
3.553206
3.635052
3.389411
3.390450
3.462535
3.540391
3.700127
3.201514
3.736993
3.322958
3.520284
3.620908
3.338253
3.361228
3.597458
3.368522
3.530948
3.603854
3.398573
3.510452
3.488863
3.359565
3.536073
3.693121
3.446302
3.346382
3.504497
3.172409
3.435222
3.561455
3.531582
3.596872
3.380375
3.327629
3.350555
3.438467
3.287260
3.244908
3.329350
3.160044
3.615818
3.209000
3.266244
3.642567
3.456887
3.630185
3.426517
3.368725
3.513385
3.244760
3.349443
3.428448
3.364626
3.359877
3.304652
3.529053
3.233251
3.279316
3.306534
3.504427
3.125666
3.262451
3.531735
3.280073
3.472604
3.276390
3.211384
3.333027
3.386731
3.253579
2.939412
3.484431
3.301835
3.230033
3.185485
3.181136
3.433203
3.268900
3.204487
3.143920
3.165514
3.288185
3.045531
3.400062
3.400882
3.356666
3.325589
3.290766
3.466454
3.266271
3.415181
3.192320
3.516995
3.206544
3.140707
3.551265
3.395789
3.243465
3.226181
3.232857
3.270503
3.184549
3.204798
3.036256
3.062922
3.277241
3.330522
3.460494
3.135460
3.039238
3.217507
3.292541
2.980669
2.992685
2.982658
2.987298
3.295388
3.082234
3.010596
3.023590
3.152286
3.244778
3.260644
3.164585
3.022484
2.962988
3.126677
2.997260
3.179495
3.040064
2.988942
3.111823
2.709650
3.124270
3.053063
3.078505
2.927340
3.040365
2.952204
3.055173
3.020410
3.094047
3.128798
3.011895
3.014761
2.988593
3.013451
3.018031
2.904477
2.849842
3.018074
3.061281
2.860636
2.979488
3.221468
2.939485
2.905617
3.056507
2.995463
2.914345
3.164385
2.873375
3.217877
2.985933
3.065634
2.949856
3.100026
2.706999
2.681068
3.023306
2.846857
2.859397
2.947120
2.677528
3.045007
2.847729
2.863546
2.785492
2.960706
3.067144
3.097778
2.900397
2.834049
2.937332
2.858320
3.084181
2.854187
2.805789
2.917321
3.138942
2.700973
2.630195
3.025451
3.085900
2.820203
2.856192
2.915635
2.790545
2.817106
2.768352
2.766950
2.980617
2.819731
2.743176
2.766136
2.709727
2.987228
2.841943
2.639819
2.890862
2.844775
2.874074
2.772270
3.016943
3.036748
2.772134
2.809517
2.874270
2.890656
2.867989
2.870735
2.934386
3.017180
2.793112
2.766728
2.793689
2.986030
2.741224
2.946095
2.877895
2.731964
2.814437
2.615087
2.835607
2.809231
2.801918
2.691507
3.054749
2.804501
2.904954
2.841136
2.611887
2.947993
2.696002
2.616235
2.674743
2.713042
2.584203
2.562750
2.594915
2.681010
2.654176
2.636967
2.756370
2.899333
2.792354
2.715373
2.724836
2.731020
2.806385
2.754997
2.561813
2.927639
2.561190
2.779887
2.680221
2.566134
2.594485
2.724793
2.836418
2.683982
2.802867
2.754621
2.682981
2.789583
2.776223
2.583939
2.756946
2.759565
2.599410
2.681519
2.603870
2.725532
2.555398
2.479990
2.721991
2.518643
2.438035
2.415255
2.430037
2.884332
2.462356
2.690057
2.662238
2.505727
2.580662
2.470052
2.377273
2.529949
2.655002
2.731448
2.563789
2.532861
2.540793
2.608223
2.473161
2.740346
2.370691
2.688182
2.579601
2.465441
2.462444
2.524513
2.722764
2.401316
2.507398
2.550699
2.604445
2.578924
2.372882
2.469002
2.698679
2.434105
2.615425
2.537334
2.447324
2.438815
2.509428
2.402225
2.448149
2.556831
2.411119
2.462682
2.622152
2.422890
2.302709
2.297640
2.545965
2.392198
2.656289
2.565270
2.375749
2.678831
2.539638
2.400122
2.364111
2.357261
2.314656
2.489844
2.544573
2.350446
2.349546
2.408235
2.471497
2.604924
2.192030
2.632446
2.301990
2.468067
2.550801
2.309525
2.329821
2.523565
2.331866
2.477058
2.527676
2.369628
2.456743
2.436066
2.334261
2.479205
2.605447
2.398366
2.323239
2.452574
2.194791
2.393096
2.495931
2.481625
2.534069
2.356776
2.317517
2.317269
2.404028
2.283472
2.243147
2.317471
2.175175
2.550256
2.220132
2.264810
2.574752
2.424546
2.569623
2.395533
2.354819
2.478294
2.247979
2.333581
2.398934
2.350878
2.347126
2.312208
2.490772
2.254421
2.288459
2.313428
2.467240
2.157134
2.266741
2.497828
2.286256
2.454005
2.280512
2.227020
2.338042
2.382878
2.265418
2.008668
2.458389
2.314378
2.251768
2.216424
2.208412
2.425071
2.285072
2.237086
2.186507
2.197690
2.308447
2.106395
2.395996
2.402653
2.361974
2.338187
2.305458
2.453728
2.294215
2.413675
2.229157
2.500291
2.230221
2.187681
2.526897
2.403419
2.279389
2.256891
2.262385
2.299410
2.225803
2.243925
2.108189
2.136025
2.305251
2.345495
2.460064
2.193557
2.118835
2.262559
2.329147
2.065345
2.086799
2.063338
2.084654
2.322416
2.147079
2.103601
2.108761
2.209629
2.283709
2.299512
2.222969
2.108336
2.058283
2.189509
2.087455
2.242441
2.120584
2.079647
2.180664
1.849469
2.202468
2.139192
2.159805
2.026968
2.134799
2.055245
2.138247
2.114239
2.165569
2.199463
2.109290
2.104084
2.090801
2.103633
2.103866
2.030138
1.974390
2.105295
2.150464
1.985859
2.095051
2.300670
2.053320
2.030415
2.158237
2.108750
2.027969
2.239573
2.000879
2.289740
2.092319
2.153001
2.064437
2.191959
1.869131
1.848754
2.127243
1.982829
1.994625
2.067154
1.849242
2.143853
1.985294
2.001603
1.939173
2.085701
2.173848
2.191149
2.028261
1.982688
2.054108
2.009061
2.185238
1.999241
1.953842
2.059298
2.248729
1.907819
1.822112
2.140257
2.193874
1.968817
1.996990
2.047982
1.945812
1.973130
1.936621
1.938128
2.101772
1.973176
1.923917
1.936488
1.894238
2.109411
2.000479
1.824206
2.039738
1.996606
2.019372
1.937716
2.145243
2.156487
1.935867
1.971996
2.021178
2.037602
2.022886
2.012880
2.076505
2.145478
1.962449
1.937970
1.971816
2.118369
1.916456
2.082892
2.037976
1.920853
1.983178
1.831775
1.995637
1.978520
1.979478
1.881503
2.188990
1.976274
2.060006
2.006300
1.816944
2.111515
1.885163
1.820817
1.873920
1.904873
1.803694
1.782735
1.802695
1.894024
1.853513
1.858172
1.942975
2.067416
1.970325
1.911488
1.925158
1.926773
1.979502
1.945693
1.793085
2.086171
1.783291
1.968167
1.886682
1.792331
1.811624
1.919879
2.018874
1.887568
1.989845
1.963943
1.889547
1.974751
1.973551
1.805514
1.950345
1.950014
1.832366
1.889458
1.832331
1.929791
1.794288
1.732105
1.918635
1.763146
1.686694
1.678846
1.688680
2.071150
1.712842
1.895308
1.882969
1.758104
1.814854
1.727127
1.650324
1.772776
1.886255
1.934990
1.799336
1.776203
1.780999
1.832872
1.744754
1.942844
1.642517
1.903921
1.809730
1.721445
1.727903
1.776672
1.938966
1.669939
1.760379
1.790517
1.839823
1.820763
1.653546
1.742814
1.919700
1.714993
1.855869
1.794578
1.712751
1.709234
1.764579
1.683850
1.716071
1.801097
1.700193
1.734554
1.853690
1.703195
1.598738
1.598541
1.804022
1.674482
1.885626
1.819712
1.664015
1.912782
1.795379
1.685721
1.656807
1.642155
1.614859
1.767945
1.800148
1.648305
1.645675
1.693125
1.744187
1.855756
1.513352
1.875236
1.613501
1.753654
1.821473
1.614130
1.632053
1.790605
1.629426
1.760241
1.792327
1.673044
1.739578
1.719487
1.640177
1.758932
1.859613
1.685121
1.630263
1.735709
1.539004
1.683974
1.767355
1.765718
1.807401
1.662261
1.633915
1.614439
1.700080
1.604609
1.565807
1.631620
1.511429
1.819831
1.552758
1.586917
1.841979
1.720851
1.842501
1.692629
1.665815
1.771678
1.572767
1.642490
1.696426
1.661203
1.658112
1.639763
1.780388
1.592880
1.616843
1.639793
1.757115
1.503442
1.590483
1.789927
1.611238
1.758309
1.603479
1.559320
1.661433
1.698781
1.594117
1.384532
1.755538
1.643157
1.587976
1.560064
1.548874
1.736062
1.616082
1.581480
1.538964
1.541401
1.642171
1.473427
1.709360
1.720670
1.682750
1.664816
1.633659
1.759172
1.633032
1.728057
1.574999
1.801837
1.564896
1.541404
1.821670
1.724402
1.623538
1.596594
1.600984
1.637320
1.573729
1.589950
1.481105
1.509747
1.641647
1.670996
1.772715
1.554300
1.497125
1.612254
1.671550
1.447403
1.476224
1.442335
1.476750
1.656317
1.511975
1.491646
1.490142
1.567904
1.626674
1.642283
1.581696
1.489545
1.447121
1.551441
1.471798
1.604167
1.496649
1.463957
1.546804
1.273970
1.576303
1.519144
1.535640
1.417750
1.521449
1.448393
1.514956
1.499663
1.532450
1.565490
1.497203
1.485195
1.482391
1.485155
1.481661
1.440610
1.383804
1.483796
1.530437
1.395391
1.496775
1.671986
1.452993
1.439020
1.547686
1.507592
1.426927
1.606706
1.410990
1.653845
1.484747
1.529597
1.463327
1.572034
1.306935
1.290995
1.516820
1.398637
1.409680
1.469551
1.294082
1.528493
1.401706
1.418278
1.368591
1.491334
1.564265
1.570429
1.435833
1.407246
1.452256
1.435068
1.570152
1.420285
1.377217
1.477534
1.641917
1.998159
1.281172
1.535498
1.583328
1.391603
1.413176
1.457063
1.373629
1.401440
1.374898
1.378819
1.500914
1.398795
1.372043
1.375761
1.345358
1.508618
1.429572
1.274481
1.460606
1.419787
1.437031
1.371856
1.548610
1.552666
1.368186
1.403151
1.439344
1.455670
1.447372
1.426718
1.490185
1.547630
1.398303
1.375262
1.414642
1.523308
1.356633
1.491249
1.465390
1.371891
1.417472
1.305483
1.422476
1.412864
1.420510
1.332652
1.594041
1.412135
1.481943
1.436453
1.279856
1.540056
1.334704
1.282943
1.331458
1.356224
1.277718
1.257035
1.266802
1.362314
1.310403
1.332966
1.389108
1.498145
1.409078
1.365070
1.382074
1.379796
1.413737
1.394296
1.275011
1.507991
1.257398
1.414257
1.347638
1.269426
1.281128
1.371072
1.459533
1.345516
1.433971
1.426599
1.349584
1.417000
1.426137
1.277565
1.398977
1.396091
1.313419
1.349687
1.309367
1.386759
1.279747
1.228544
1.368935
1.252876
1.179621
1.184161
1.189597
1.512731
1.206789
1.351848
1.352162
1.253295
1.294896
1.225929
1.162152
1.259565
1.363396
1.389145
1.279754
1.262925
1.265015
1.303939
1.254767
1.395395
1.152104
1.367134
1.284692
1.217612
1.231761
1.269492
1.401961
1.176036
1.253453
1.272624
1.318145
1.304293
1.168976
1.252559
1.385707
1.230641
1.337606
1.290297
1.214732
1.215345
1.257998
1.199035
1.219790
1.285196
1.221241
1.241175
1.326938
1.216605
1.124922
1.128620
1.298688
1.188974
1.356347
1.311017
1.183088
1.386959
1.287404
1.202249
1.179068
1.157866
1.143075
1.277831
1.291349
1.174254
1.170057
1.208134
1.249020
1.342453
1.058046
1.355072
1.149886
1.268541
1.323955
1.144472
1.160322
1.289741
1.153621
1.272489
1.289148
1.201713
1.251163
1.231438
1.170563
1.267618
1.347106
1.199369
1.161109
1.246744
1.100290
1.201167
1.268395
1.277089
1.309790
1.191047
1.171708
1.136142
1.220749
1.145856
1.108189
1.166886
1.064794
1.318108
1.102917
1.128282
1.337981
1.240714
1.342947
1.212927
1.197497
1.288697
1.115588
1.172086
1.216501
1.191750
1.189093
1.184320
1.293535
1.146201
1.161738
1.182917
1.270031
1.062777
1.131102
1.304347
1.152666
1.282866
1.143018
1.106445
1.201097
1.232182
1.137934
0.967132
1.273139
1.186776
1.137578
1.115678
1.101762
1.265143
1.160923
1.137233
1.101277
1.096412
1.188866
1.047504
1.239052
1.254107
1.218344
1.205131
1.175166
1.281809
1.183087
1.257856
1.130624
1.320841
1.111106
1.103214
1.334769
1.259010
1.177170
1.146423
1.149789
1.185462
1.130033
1.144576
1.057804
1.087009
1.188041
1.208288
1.299313
1.120437
1.077700
1.169073
1.222819
1.030679
1.066090
1.021892
1.068054
1.199489
1.080631
1.079261
1.072177
1.130791
1.176827
1.192171
1.144632
1.070920
1.034685
1.116716
1.055443
1.169074
1.073275
1.047282
1.115045
0.890228
1.150636
1.098473
1.111454
1.005785
1.105990
1.038065
1.091100
1.082908
1.100294
1.132533
1.082190
1.064474
1.070205
1.064579
1.057909
1.043712
0.985925
1.060328
1.108089
0.997312
1.092080
1.242224
1.046464
1.039773
1.132556
1.100102
1.019441
1.172883
1.012507
1.217335
1.071491
1.103189
1.055202
1.148299
0.930703
0.918319
1.100616
1.003977
1.014301
1.063635
0.923072
1.107744
1.007060
1.023758
0.984477
1.087515
1.147806
1.144689
1.033323
1.018652
1.041789
1.047482
1.148580
1.028432
0.987159
1.083241
1.227000
0.986239
0.920359
1.121859
1.164844
1.000540
1.016596
1.054547
0.986493
1.014613
0.996186
1.001893
1.089930
1.009398
1.001106
0.997412
0.976616
1.097149
1.042626
0.904894
1.066707
1.027684
1.040291
0.988599
1.139921
1.137956
0.983166
1.017076
1.042491
1.058635
1.055536
1.026018
1.089264
1.137122
1.015475
0.993513
1.037392
1.114746
0.977004
1.085307
1.075063
1.000927
1.032634
0.952944
1.031589
1.027799
1.040869
0.961259
1.184565
1.027973
1.086221
1.047398
0.917703
1.149506
0.961358
0.919871
0.964518
0.984100
0.924194
0.903645
0.904925
1.003803
0.942398
0.979623
1.012064
1.108325
1.025776
0.993906
1.013576
1.007998
1.026364
1.018662
0.926763
1.110129
0.902531
1.036224
0.981758
0.916765
0.922119
0.996886
1.076593
0.976726
1.053708
1.061519
0.982224
1.034920
1.052472
0.917622
1.021932
1.016850
0.962886
0.981938
0.955386
1.016141
0.932490
0.890142
0.992573
0.908870
0.838216
0.852776
0.854603
1.128761
0.865880
0.980026
0.990672
0.913130
0.942182
0.888587
0.835471
0.912158
1.007946
1.014681
0.926847
0.915131
0.914905
0.943076
0.925712
1.019113
0.822736
0.999481
0.926624
0.876945
0.897336
0.925867
1.033708
0.843207
0.909819
0.919866
0.962187
0.952547
0.843427
0.922208
1.019274
0.904862
0.983989
0.948031
0.877640
0.881566
0.913671
0.872530
0.883780
0.932939
0.899260
0.907317
0.965499
0.888126
0.806939
0.813769
0.954559
0.861119
0.992344
0.963893
0.858763
1.025560
0.940631
0.875579
0.857048
0.830370
0.825804
0.945373
0.943412
0.854871
0.849307
0.879582
0.912007
0.990417
0.753723
0.997225
0.838551
0.939419
0.984528
0.827924
0.841983
0.947327
0.831771
0.940707
0.944595
0.883322
0.918621
0.899122
0.853353
0.932447
0.994397
0.868630
0.843970
0.913205
0.808077
0.872548
0.926390
0.943521
0.968742
0.871669
0.859612
0.810779
0.894459
0.836441
0.799636
0.852384
0.765142
0.972989
0.800461
0.818515
0.990765
0.913089
0.999234
0.885501
0.879356
0.958415
0.806480
0.852018
0.888514
0.872312
0.869936
0.876265
0.959536
0.845223
0.853748
0.873390
0.935547
0.766465
0.819299
0.970883
0.841376
0.957451
0.830030
0.799633
0.888066
0.913911
0.828183
0.689259
0.941632
0.876611
0.832281
0.815273
0.799037
0.942384
0.851436
0.836676
0.806047
0.795085
0.880601
0.761714
0.916635
0.934694
0.900643
0.891244
0.862190
0.953216
0.877012
0.935016
0.828994
0.988963
0.801576
0.806466
0.997812
0.939705
0.873446
0.839519
0.841969
0.877025
0.828251
0.841339
0.772679
0.802275
0.877800
0.890484
0.972626
0.826262
0.795305
0.867076
0.915856
0.750357
0.790812
0.738811
0.794080
0.885844
0.787899
0.802073
0.790330
0.833099
0.868574
0.883634
0.846764
0.788181
0.756980
0.820579
0.774368
0.872491
0.786277
0.765736
0.821003
0.635679
0.861336
0.813360
0.823387
0.727723
0.824817
0.761336
0.803037
0.800613
0.805247
0.836757
0.801131
0.778644
0.791342
0.778732
0.769378
0.777231
0.718571
0.771830
0.820444
0.729600
0.818716
0.948253
0.771622
0.770842
0.850460
0.824237
0.743511
0.875188
0.743864
0.917292
0.790537
0.811340
0.778346
0.858522
0.679991
0.670479
0.816831
0.737885
0.747552
0.788142
0.676274
0.819899
0.740653
0.757389
0.726624
0.813355
0.863163
0.852337
0.760049
0.756773
0.761825
0.786305
0.859341
0.763601
0.723761
0.816240
0.942643
0.740567
0.680773
0.838670
0.877606
0.735804
0.747246
0.780232
0.724766
0.753081
0.741288
0.748518
0.808019
0.745490
0.752306
0.742492
0.729509
0.814781
0.780396
0.656915
0.798616
0.761018
0.769736
0.729095
0.859387
0.852398
0.722015
0.754994
0.771455
0.787393
0.788515
0.751631
0.814634
0.854525
0.755630
0.734514
0.782015
0.833498
0.719546
0.806103
0.808671
0.750451
0.770641
0.717650
0.764001
0.765435
0.782911
0.710036
0.901906
0.766098
0.814759
0.781375
0.673798
0.882108
0.708102
0.675032
0.716429
0.731673
0.687031
0.666542
0.660759
0.762344
0.693063
0.742320
0.755159
0.840829
0.763596
0.741664
0.763471
0.755108
0.760589
0.762517
0.693109
0.835528
0.663304
0.777838
0.733344
0.679172
0.679250
0.741459
0.813868
0.725617
0.793080
0.813063
0.734030
0.772635
0.796904
0.674802
0.763607
0.756659
0.726293
0.731100
0.715836
0.762825
0.698369
0.663256
0.734347
0.677258
0.608688
0.631449
0.630244
0.863973
0.636531
0.725136
0.744244
0.684222
0.702874
0.661887
0.617500
0.677050
0.766152
0.757158
0.687036
0.679478
0.677286
0.696539
0.705324
0.759753
0.601989
0.747114
0.682109
0.646714
0.672199
0.693086
0.780572
0.619222
0.676859
0.679342
0.718963
0.712738
0.625157
0.699918
0.767195
0.686192
0.742364
0.715684
0.649548
0.656124
0.679480
0.652972
0.656340
0.692046
0.683267
0.681477
0.716874
0.666610
0.594022
0.603382
0.719981
0.639900
0.741279
0.726683
0.640294
0.776477
0.703550
0.655025
0.640261
0.609015
0.612824
0.719820
0.705050
0.639988
0.633245
0.657037
0.682432
0.748407
0.550982
0.750316
0.629930
0.716081
0.752643
0.614845
0.627378
0.712821
0.614160
0.714856
0.708164
0.668401
0.691985
0.672619
0.639252
0.703489
0.750935
0.643217
0.629709
0.685379
0.614262
0.648674
0.691431
0.715461
0.734468
0.655210
0.649098
0.589278
0.672140
0.627984
0.591835
0.639627
0.564573
0.734892
0.597485
0.609456
0.750788
0.689202
0.762042
0.661679
0.663140
0.732136
0.597609
0.634058
0.663976
0.654769
0.652580
0.668002
0.729841
0.642693
0.645386
0.663713
0.705248
0.567576
0.607596
0.741273
0.629996
0.734372
0.617147
0.591792
0.675048
0.696524
0.617769
0.505075
0.713189
0.665708
0.625347
0.612313
0.594117
0.720901
0.640846
0.633394
0.607104
0.591070
0.670820
0.570407
0.695083
0.715576
0.682885
0.676586
0.648231
0.726334
0.668638
0.712779
0.624191
0.759180
0.590163
0.605542
0.763696
0.720091
0.666629
0.630024
0.631675
0.666175
0.622835
0.634680
0.580900
0.610774
0.665220
0.671626
0.746397
0.626783
0.605495
0.661061
0.705688
0.562105
0.606671
0.548192
0.610922
0.669940
0.589189
0.616123
0.600493
0.630152
0.656878
0.671649
0.643540
0.597373
0.570270
0.618632
0.584798
0.670083
0.591726
0.575629
0.620547
0.467733
0.664679
0.620127
0.627674
0.540213
0.634686
0.574828
0.607140
0.609425
0.603506
0.634363
0.610827
0.584360
0.602753
0.584341
0.572729
0.598716
0.539297
0.575072
0.624342
0.549883
0.634256
0.746800
0.585890
0.589939
0.658666
0.637530
0.556708
0.670394
0.562968
0.710470
0.599407
0.611181
0.590506
0.659981
0.513611
0.506417
0.623094
0.558696
0.567779
0.601111
0.512850
0.622605
0.560986
0.577703
0.553906
0.627157
0.668281
0.651060
0.574450
0.580526
0.570628
0.610543
0.660406
0.584736
0.546036
0.635484
0.746966
0.580694
0.522503
0.644415
0.679961
0.556673
0.564266
0.593118
0.547988
0.576418
0.570047
0.578424
0.614554
0.566694
0.585919
0.571024
0.564429
0.620598
0.602772
0.490991
0.616072
0.579605
0.585076
0.553502
0.666414
0.655244
0.544936
0.577106
0.586149
0.601871
0.606433
0.563431
0.626191
0.659471
0.579287
0.558827
0.609272
0.639390
0.545009
0.613595
0.626678
0.581531
0.592194
0.561110
0.581075
0.586557
0.607622
0.540262
0.706170
0.587460
0.628178
0.599233
0.509842
0.698766
0.536361
0.510184
0.548860
0.560491
0.528391
0.507906
0.496268
0.600050
0.524230
0.583361
0.580002
0.656902
0.584010
0.570230
0.593760
0.583071
0.577873
0.587692
0.536803
0.645419
0.502324
0.601028
0.564700
0.519430
0.515095
0.566903
0.633273
0.554549
0.614133
0.644446
0.561787
0.592191
0.621965
0.510332
0.586314
0.577787
0.566843
0.559872
0.553861
0.589469
0.540794
0.511613
0.556823
0.521630
0.454742
0.484221
0.480480
0.680846
0.482576
0.550094
0.576137
0.530515
0.540553
0.509920
0.472690
0.518082
0.601636
0.579638
0.524074
0.519902
0.516052
0.527914
0.558208
0.580482
0.454503
0.573538
0.514964
0.491299
0.520945
0.535491
0.606167
0.468800
0.519014
0.515209
0.552574
0.549122
0.479258
0.550667
0.593357
0.539851
0.577064
0.557993
0.495335
0.504050
0.520158
0.505675
0.502505
0.527090
0.538797
0.528854
0.545430
0.517481
0.451937
0.463339
0.559966
0.490861
0.567601
0.564391
0.493411
0.604321
0.541253
0.506307
0.494617
0.459571
0.470242
0.566840
0.541477
0.495731
0.487978
0.506392
0.525957
0.581643
0.416553
0.579444
0.490577
0.564563
0.594044
0.471713
0.482950
0.551954
0.467186
0.561050
0.545606
0.523538
0.537425
0.518134
0.494953
0.546908
0.582362
0.489491
0.485147
0.529594
0.486472
0.496071
0.529657
0.559337
0.573189
0.508574
0.507327
0.438419
0.520574
0.487809
0.452162
0.495841
0.430792
0.570144
0.461648
0.468573
0.584385
0.536027
0.597863
0.508490
0.516181
0.576855
0.456635
0.485562
0.510019
0.506550
0.504474
0.527362
0.571493
0.506705
0.504559
0.521769
0.546269
0.434460
0.463876
0.582753
0.486474
0.581174
0.472321
0.451086
0.530046
0.547879
0.474840
0.383730
0.555331
0.522273
0.485150
0.475363
0.455512
0.568607
0.497501
0.496044
0.473294
0.453044
0.528007
0.442789
0.542511
0.564966
0.533366
0.529588
0.501775
0.569193
0.526724
0.559400
0.485149
0.599515
0.445609
0.469598
0.600361
0.568677
0.525730
0.486894
0.487845
0.521852
0.482960
0.493745
0.452200
0.482268
0.519314
0.520508
0.589172
0.491573
0.478222
0.520398
0.561571
0.436019
0.483940
0.420093
0.488938
0.520929
0.454320
0.491739
0.472875
0.491697
0.511177
0.525685
0.504754
0.468795
0.445042
0.480807
0.457142
0.531819
0.459904
0.447442
0.483804
0.357745
0.530981
0.489234
0.494706
0.413970
0.506257
0.449358
0.473893
0.480032
0.465379
0.495674
0.482065
0.452288
0.475344
0.452117
0.438616
0.479514
0.419435
0.440774
0.490553
0.429569
0.509951
0.608514
0.460524
0.468523
0.528241
0.511268
0.430335
0.529166
0.441410
0.567511
0.469346
0.473652
0.463102
0.523724
0.403825
0.398509
0.490655
0.438256
0.446835
0.474147
0.405303
0.487153
0.440005
0.456680
0.438595
0.500708
0.534645
0.512121
0.448405
0.462153
0.439906
0.492517
0.523250
0.464096
0.426304
0.513220
0.611959
0.475531
0.418554
0.564787
0.543628
0.435569
0.439959
0.465369
0.428731
0.457224
0.455291
0.464580
0.481420
0.445619
0.475046
0.455930
0.454573
0.486720
0.482516
0.380350
0.491700
0.456141
0.458902
0.434775
0.533332
0.518683
0.424896
0.456371
0.459266
0.474784
0.482151
0.434077
0.496607
0.524411
0.459626
0.439671
0.492519
0.504997
0.426718
0.480463
0.502188
0.467786
0.470568
0.457513
0.455703
0.464491
0.488488
0.425643
0.570122
0.465482
0.499618
0.474311
0.399882
0.572790
0.419927
0.399402
0.435811
0.444432
0.422648
0.402135
0.385641
0.491202
0.409966
0.477209
0.460472
0.530116
0.460772
0.453688
0.478605
0.465969
0.451950
0.468249
0.432589
0.513319
0.394200
0.479831
0.450209
0.412243
0.404252
0.447461
0.508821
0.437927
0.490986
0.529637
0.445678
0.467733
0.502017
0.398984
0.464373
0.454519
0.459553
0.442841
0.444438
0.470633
0.434944
0.410618
0.434473
0.417308
0.351775
0.386771
0.380906
0.553745
0.379499
0.429603
0.461336
0.427559
0.430472
0.408348
0.376992
0.410682
0.489635
0.456889
0.413301
0.411897
0.406654
0.412397
0.460405
0.456136
0.356341
0.453832
0.400536
0.386519
0.419568
0.428864
0.485648
0.368032
0.412097
0.403084
0.438563
0.437377
0.382091
0.450708
0.473101
0.442245
0.463799
0.450974
0.391156
0.401613
0.411719
0.407126
0.398539
0.413928
0.442501
0.425812
0.426847
0.417264
0.357506
0.370575
0.450707
0.390625
0.447024
0.453177
0.394874
0.484929
0.429957
0.406183
0.397004
0.358796
0.375103
0.463105
0.428979
0.399130
0.390525
0.404480
0.419209
0.466391
0.327933
0.460756
0.397850
0.461782
0.485402
0.375794
0.385942
0.441370
0.368030
0.456239
0.433548
0.426050
0.431919
0.412662
0.397856
0.439662
0.465205
0.384548
0.387733
0.422901
0.402842
0.391959
0.417956
0.452276
0.461849
0.409286
0.412028
0.335600
0.417145
0.393748
0.358495
0.398755
0.341932
0.455731
0.371048
0.373782
0.468532
0.431058
0.483802
0.403461
0.416268
0.470053
0.361607
0.384307
0.404242
0.405478
0.403477
0.432492
0.462009
0.415628
0.409464
0.425732
0.436169
0.345651
0.366300
0.472968
0.389018
0.475723
0.373745
0.355885
0.431276
0.446089
0.377738
0.304397
0.445875
0.424686
0.390201
0.383070
0.361839
0.463630
0.399873
0.403336
0.383485
0.359733
0.430725
0.358012
0.437136
0.461188
0.430465
0.428742
0.401354
0.459941
0.429998
0.453206
0.390747
0.488093
0.346620
0.377681
0.485848
0.463965
0.429663
0.388963
0.389320
0.422899
0.387651
0.397539
0.366058
0.396265
0.418939
0.415818
0.479422
0.399954
0.393124
0.424234
0.462549
0.351835
0.402502
0.334205
0.408069
0.417758
0.362785
0.408830
0.387274
0.397143
0.410623
0.424893
0.409865
0.382294
0.361278
0.386641
0.371335
0.437245
0.370622
0.361132
0.390415
0.286399
0.440098
0.400608
0.404348
0.329141
0.419605
0.365114
0.383219
0.392516
0.370640
0.400448
0.395001
0.362476
0.389356
0.362140
0.347057
0.400232
0.339588
0.348999
0.399182
0.349284
0.426451
0.513365
0.376012
0.387246
0.439516
0.425956
0.344911
0.431469
0.359909
0.468347
0.380800
0.378924
0.376698
0.430003
0.331916
0.328134
0.400112
0.357513
0.365636
0.387982
0.335143
0.393885
0.358698
0.375318
0.361926
0.414831
0.442820
0.415904
0.362798
0.382855
0.350403
0.413460
0.428399
0.382839
0.345782
0.430595
0.519531
0.407060
0.351201
0.418928
0.449300
0.353775
0.355514
0.378073
0.348415
0.376943
0.378648
0.388675
0.389594
0.363717
0.401529
0.378919
0.381856
0.394189
0.401192
0.306930
0.406949
0.372112
0.372624
0.354613
0.441322
0.423790
0.343596
0.374479
0.372290
0.387618
0.397278
0.345004
0.407330
0.430600
0.378485
0.358925
0.413736
0.411656
0.346628
0.388126
0.416954
0.391385
0.387653
0.389431
0.369659
0.381152
0.407553
0.348405
0.475210
0.382138
0.410837
0.388505
0.326392
0.486080
0.341061
0.325178
0.359697
0.365824
0.352514
0.331965
0.311449
0.418458
0.332744
0.406651
0.378869
0.442511
0.376075
0.374490
0.400538
0.386273
0.364965
0.386584
0.363455
0.421187
0.321811
0.396645
0.372535
0.340567
0.329546
0.365648
0.422863
0.358406
0.406065
0.451570
0.366523
0.381679
0.419661
0.323699
0.380336
0.369367
0.387554
0.362798
0.370644
0.389067
0.364058
0.343723
0.349959
0.347624
0.283195
0.322716
0.315090
0.465221
0.310752
0.346492
0.382895
0.358863
0.355884
0.340756
0.314221
0.338252
0.413395
0.371773
0.338040
0.338898
0.332488
0.333173
0.395754
0.369599
0.291360
0.371080
0.322118
0.316034
0.351869
0.356820
0.402138
0.300784
0.339761
0.326448
0.360348
0.361010
0.317720
0.384022
0.389670
0.377460
0.386092
0.378402
0.320906
0.332779
0.337922
0.341459
0.328392
0.336189
0.378641
0.356375
0.344585
0.350123
0.295118
0.309534
0.376061
0.323397
0.363018
0.376864
0.328996
0.401848
0.353531
0.338947
0.331820
0.290989
0.311924
0.392823
0.351461
0.334703
0.325374
0.335631
0.346367
0.386516
0.269992
0.378022
0.336490
0.392123
0.410896
0.311756
0.320986
0.365208
0.301269
0.384804
0.356130
0.360615
0.359861
0.340617
0.332696
0.366120
0.383480
0.312873
0.322243
0.349757
0.348674
0.320905
0.340632
0.378755
0.384788
0.342139
0.348150
0.265511
0.346542
0.330840
0.295898
0.333326
0.283266
0.375992
0.310913
0.310186
0.387559
0.359038
0.404272
0.331360
0.348366
0.396459
0.297700
0.315253
0.331445
0.336539
0.334580
0.368632
0.386085
0.354860
0.345374
0.360845
0.359677
0.286691
0.300104
0.396687
0.322889
0.402982
0.306655
0.291561
0.363999
0.376305
0.311798
0.253092
0.369728
0.358300
0.325987
0.321021
0.298633
0.391092
0.333377
0.340876
0.323399
0.296750
0.364457
0.302031
0.364163
0.389521
0.359496
0.359457
0.332404
0.383697
0.364064
0.379447
0.326702
0.409999
0.278760
0.315644
0.405160
0.391342
0.364152
0.321898
0.321750
0.354964
0.322699
0.331838
0.308635
0.338940
0.349760
0.343065
0.402485
0.337943
0.336467
0.358451
0.394386
0.295890
0.348802
0.276823
0.354809
0.346106
0.300707
0.353843
0.330055
0.332528
0.341056
0.355111
0.344927
0.324261
0.305487
0.322261
0.313831
0.372504
0.310221
0.303169
0.326604
0.240737
0.378304
0.340681
0.342976
0.272307
0.361251
0.308738
0.321531
0.333410
0.305571
0.334962
0.336232
0.301421
0.331443
0.300924
0.284523
0.347798
0.286674
0.286247
0.336742
0.295967
0.370424
0.447770
0.319168
0.333054
0.379169
0.368407
0.287258
0.363693
0.305465
0.399330
0.320516
0.313531
0.318154
0.365417
0.285286
0.282749
0.338062
0.303552
0.311297
0.329532
0.289860
0.329579
0.304212
0.320773
0.311232
0.356536
0.379611
0.349064
0.304687
0.329929
0.289055
0.360708
0.362621
0.328247
0.291777
0.374842
0.455336
0.362898
0.307887
0.355414
0.383841
0.298636
0.298163
0.318355
0.294438
0.322981
0.327670
0.338286
0.326069
0.308359
0.353067
0.327564
0.334029
0.330019
0.346244
0.258484
0.349145
0.314896
0.313536
0.300556
0.377482
0.357557
0.288557
0.318939
0.312542
0.327704
0.339240
0.283496
0.345634
0.365153
0.323470
0.304227
0.360638
0.346547
0.292430
0.323816
0.358485
0.340190
0.331072
0.345068
0.310478
0.324184
0.352546
0.296443
0.408660
0.325116
0.349317
0.329423
0.277448
0.426228
0.287660
0.275593
0.308539
0.312592
0.306261
0.285667
0.261823
0.370013
0.280592
0.359981
0.323081
0.381765
0.317717
0.320648
0.347613
0.331995
0.304667
0.330660
0.317849
0.356607
0.273495
0.339415
0.319839
0.292800
0.279270
0.309506
0.363287
0.304120
0.347321
0.398462
0.312504
0.321960
0.362978
0.272829
0.322242
0.310347
0.339357
0.307957
0.320947
0.332948
0.316730
0.299670
0.291371
0.301256
0.237719
0.280958
0.271865
0.403268
0.265092
0.288980
0.329219
0.313204
0.305357
0.295983
0.273414
0.289467
0.361457
0.312504
0.286885
0.289597
0.282213
0.278713
0.353296
0.309091
0.248608
0.313673
0.268265
0.268707
0.306829
0.308186
0.344046
0.256076
0.290853
0.273975
0.306568
0.308741
0.275327
0.339711
0.331542
0.334690
0.332665
0.329191
0.273597
0.286626
0.287667
0.297892
0.281124
0.282647
0.336528
0.309654
0.287283
0.305272
0.254168
0.269688
0.324987
0.278425
0.304207
0.324388
0.285103
0.343761
0.300922
0.293901
0.288449
0.245448
0.270186
0.345223
0.297881
0.291900
0.281962
0.289166
0.296595
0.330945
0.232483
0.320061
0.296141
0.344917
0.359684
0.269162
0.277629
0.312599
0.256401
0.336065
0.302448
0.316804
0.310580
0.291337
0.289073
0.315583
0.326181
0.263850
0.278309
0.299496
0.314052
0.272346
0.286900
0.328145
0.331249
0.296762
0.305454
0.217685
0.298276
0.288916
0.254215
0.289295
0.244800
0.320147
0.271216
0.267621
0.330664
0.309512
0.348543
0.281741
0.302196
0.345590
0.254804
0.268103
0.281199
0.289466
0.287529
0.325722
0.333226
0.314478
0.302243
0.317040
0.306300
0.247756
0.255191
0.343455
0.278009
0.352646
0.260966
0.248141
0.318130
0.328360
0.267017
0.220356
0.316506
0.313117
0.282575
0.279389
0.256037
0.340793
0.288051
0.298864
0.283333
0.254283
0.319274
0.265316
0.313432
0.339850
0.310405
0.311734
0.284946
0.330219
0.319068
0.328005
0.283241
0.354952
0.232139
0.273804
0.347945
0.340763
0.319424
0.275884
0.275306
0.308208
0.278397
0.286904
0.270510
0.300889
0.301924
0.292275
0.348238
0.295988
0.298919
0.313365
0.347332
0.258894
0.313650
0.238625
0.319998
0.296127
0.258606
0.317577
0.291940
0.288312
0.292741
0.306612
0.300416
0.285426
0.268489
0.278174
0.275401
0.328093
0.269384
0.264329
0.282935
0.212016
0.336280
0.300179
0.301279
0.234340
0.322026
0.271128
0.279533
0.293533
0.260767
0.289806
0.296602
0.259901
0.292494
0.259245
0.241750
0.313338
0.251811
0.243262
0.294010
0.260743
0.332952
0.402409
0.281007
0.297071
0.338103
0.329639
0.248393
0.316471
0.269225
0.351073
0.279444
0.268243
0.278497
0.320771
0.255427
0.253910
0.295473
0.267627
0.275051
0.289882
0.261056
0.285085
0.267806
0.284310
0.277933
0.316964
0.335985
0.302424
0.265235
0.294742
0.246914
0.325642
0.316806
0.291649
0.255655
0.337266
0.410794
0.334861
0.280539
0.311405
0.338216
0.261509
0.259207
0.277440
0.258243
0.286790
0.293933
0.305027
0.281974
0.270982
0.321369
0.293465
0.302831
0.285337
0.309154
0.226748
0.309688
0.275912
0.273005
0.264158
0.333014
0.311108
0.251327
0.281284
0.271415
0.286426
0.299503
0.240884
0.302861
0.319280
0.286180
0.267194
0.324917
0.300912
0.255780
0.278825
0.318298
0.305986
0.292421
0.316484
0.269666
0.285195
0.315164
0.261554
0.361744
0.286045
0.306527
0.288639
0.245006
0.384787
0.251531
0.242595
0.274239
0.276575
0.275987
0.255346
0.228750
0.337901
0.245421
0.329316
0.284899
0.339490
0.277394
0.284041
0.311750
0.295015
0.262708
0.292302
0.287988
0.311100
0.241380
0.299947
0.284093
0.261113
0.245505
0.270896
0.321841
0.267026
0.306539
0.362311
0.275605
0.280352
0.323868
0.238502
0.281950
0.269283
0.307207
0.270325
0.287538
0.294238
0.285263
0.270891
0.250604
0.270549
0.207745
0.254038
0.243732
0.359692
0.234928
0.249037
0.292434
0.283021
0.271152
0.266514
0.247202
0.256672
0.326056
0.271065
0.252113
0.256342
0.248149
0.241193
0.325666
0.266568
0.220714
0.273687
0.231206
0.237019
0.277015
0.275401
0.303458
0.226515
0.257816
0.237998
0.269501
0.272913
0.247631
0.310421
0.290862
0.306661
0.295839
0.295830
0.241798
0.255772
0.253424
0.269158
0.249328
0.245675
0.308963
0.278285
0.247185
0.275430
0.227535
0.243956
0.289991
0.248455
0.262818
0.288211
0.255997
0.302950
0.264615
0.263817
0.259744
0.214948
0.242808
0.313001
0.260731
0.263622
0.253175
0.257855
0.262548
0.292110
0.208528
0.279242
0.269831
0.312950
0.324408
0.240979
0.248805
0.276148
0.226318
0.302790
0.265088
0.287569
0.276829
0.257576
0.259977
0.280774
0.285800
0.230275
0.248921
0.264888
0.292328
0.239126
0.249402
0.293216
0.293897
0.266129
0.277030
0.185020
0.265245
0.261099
0.226592
0.259730
0.219814
0.280824
0.245198
0.239232
0.290454
0.275366
0.309281
0.247510
0.270802
0.310316
0.226091
0.235877
0.246412
0.257285
0.255363
0.296961
0.296250
0.287783
0.273276
0.287521
0.268874
0.222229
0.224731
0.306125
0.247557
0.317691
0.229836
0.218871
0.286836
0.295350
0.236602
0.199863
0.279121
0.282350
0.253265
0.251537
0.227382
0.305782
0.257132
0.270670
0.256736
0.225700
0.288444
0.241460
0.278018
0.305305
0.276325
0.278775
0.252202
0.292505
0.288346
0.291950
0.253768
0.315914
0.200037
0.245639
0.307102
0.305387
0.288863
0.244245
0.243311
0.275947
0.248151
0.256134
0.245348
0.275777
0.268742
0.256648
0.309756
0.267631
0.274183
0.282414
0.314750
0.234597
0.290862
0.213322
0.297480
0.261098
0.230065
0.293840
0.266673
0.258005
0.259051
0.272764
0.269846
0.259529
0.244100
0.247936
0.249818
0.297575
0.241805
0.238390
0.253007
0.194404
0.307696
0.272846
0.272947
0.209079
0.295714
0.246150
0.250927
0.266672
0.229836
0.258578
0.269918
0.231655
0.266367
0.230857
0.212453
0.290888
0.229022
0.213773
0.264719
0.237636
0.307989
0.370932
0.255462
0.273312
0.310155
0.303575
0.222237
0.283427
0.245222
0.317154
0.251449
0.236762
0.251651
0.289804
0.236648
0.235962
0.266187
0.243823
0.250974
0.262998
0.243106
0.254198
0.243576
0.260022
0.256247
0.290102
0.305766
0.269727
0.238455
0.271472
0.217908
0.302459
0.284761
0.267188
0.231580
0.311989
0.379756
0.317432
0.263673
0.280802
0.306273
0.236563
0.232749
0.249360
0.234049
0.262591
0.271747
0.283227
0.251238
0.245777
0.300838
0.270956
0.282699
0.254094
0.284163
0.206157
0.282728
0.249334
0.245146
0.239702
0.301900
0.278356
0.226165
0.255764
0.243028
0.257912
0.272247
0.211256
0.273094
0.286955
0.260930
0.242137
0.300938
0.268756
0.231023
0.247185
0.290617
0.283231
0.265996
0.298345
0.241445
0.258468
0.289755
0.238197
0.328463
0.259219
0.276641
0.260394
0.223637
0.355991
0.227106
0.220743
0.251312
0.252227
0.256365
0.235681
0.206813
0.316751
0.221740
0.309344
0.258723
0.309933
0.249442
0.259147
0.287465
0.269797
0.233394
0.265941
0.268624
0.278834
0.220150
0.272650
0.259859
0.240217
0.222890
0.244282
0.292884
0.241650
0.278122
0.337712
0.250369
0.251234
0.296796
0.215372
0.253899
0.240585
0.285854
0.244446
0.265139
0.267464
0.264450
0.252290
0.222115
0.250347
0.188140
0.236945
0.225630
0.328851
0.215146
0.221189
0.267181
0.263200
0.248017
0.247272
0.230642
0.234681
0.301913
0.241926
0.228475
0.233949
0.225084
0.215274
0.307886
0.236512
0.202711
0.245712
0.205636
0.215868
0.257406
0.253342
0.274956
0.207099
0.235533
0.213280
0.243886
0.248310
0.229728
0.291202
0.262243
0.288462
0.270386
0.273229
0.220480
0.235226
0.230080
0.250347
0.227988
0.220062
0.291106
0.257285
0.218983
0.255673
0.210419
0.227578
0.265971
0.228569
0.233520
0.263205
0.236808
0.274105
0.239482
0.243808
0.240866
0.194582
0.225014
0.291211
0.234868
0.245066
0.234197
0.236789
0.239225
0.264833
0.193514
0.250321
0.252862
0.291313
0.300031
0.222452
0.229746
0.250796
0.206210
0.280043
0.238973
0.268145
0.253674
0.234413
0.240649
0.256733
0.257155
0.207242
0.229333
0.240992
0.279043
0.216362
0.223108
0.269035
0.267716
0.245480
0.258193
0.162687
0.242603
0.242752
0.208398
0.239930
0.203782
0.252971
0.228307
0.220383
0.261857
0.251767
0.281454
0.223825
0.249451
0.285755
0.206940
0.213823
0.222245
0.235262
0.233346
0.277744
0.270259
0.270263
0.253875
0.267657
0.242491
0.205642
0.204077
0.279805
0.226904
0.293321
0.208610
0.199176
0.265466
0.272560
0.215948
0.187385
0.252713
0.261396
0.233501
0.232971
0.208150
0.281308
0.236021
0.251805
0.239180
0.206502
0.267385
0.226148
0.253174
