10.469442
9.833570
10.453727
9.225492
10.047856
9.753371
9.423811
12.714315
11.398360
13.938604
10.712883
9.501626
9.234797
8.601129
9.101702
10.083604
10.152701
9.613472
9.469583
8.383936
9.451318
9.475021
10.104643
9.970476
10.711467
9.269293
9.482263
9.847821
9.145915
9.446664
8.709661
9.292427
8.865644
9.658949
9.572412
8.069551
8.691811
9.242110
9.053758
9.706261
8.611591
8.295751
8.929235
7.721104
7.429035
8.230227
8.692417
8.397110
8.964304
9.076982
9.151287
8.526886
8.967515
8.793085
9.507998
10.554151
8.298502
8.645756
8.894118
9.860427
9.383441
9.808315
9.916273
9.575835
9.919081
8.789220
9.440306
8.531618
7.897141
7.460101
7.984385
10.608752
10.252697
10.317080
9.651546
10.211816
9.019631
9.404447
8.450235
8.279519
7.951542
9.060386
9.720470
9.694102
8.687998
8.449763
9.203029
10.014061
10.143631
10.214004
10.379388
7.366298
6.706395
8.146944
9.294747
7.936240
7.031964
7.802339
7.755786
9.235494
5.973846
7.589976
7.262481
8.657379
7.371042
7.850726
10.371316
6.526820
7.200433
7.739017
8.299654
8.970775
8.763107
8.159824
8.881535
6.842202
7.575288
6.557518
7.820117
7.795752
6.022982
4.288956
8.314022
10.319839
7.839173
11.590897
6.739974
10.581078
5.869617
7.542431
10.788261
1.925184
9.489375
5.784404
7.053823
10.476723
9.909549
7.300134
5.837733
8.940268
7.846908
7.462193
6.636475
8.442330
7.336005
7.860547
7.582586
8.176152
9.988909
6.116080
6.311322
5.105459
9.005183
9.141408
7.263308
9.455891
9.240603
4.681280
8.775698
7.689970
7.268500
6.379706
7.922503
8.236385
6.218826
7.604271
7.626869
8.454546
10.840438
7.055346
9.025007
8.336480
6.137970
6.883028
4.065650
6.734185
2.541657
8.643698
8.266504
5.989639
6.115085
5.128218
5.304748
6.611790
7.209465
5.616924
3.941786
9.792441
6.908389
5.727051
6.547921
6.596116
7.012340
6.188651
6.693762
6.480355
6.831941
7.744069
3.378286
4.845338
5.433589
5.947289
6.832358
8.798717
8.269965
7.218285
5.242997
7.264569
6.677413
6.816607
5.548873
7.788607
4.733043
6.721136
7.482717
4.998614
7.621396
7.876559
5.328816
7.795684
7.615857
5.384306
5.949453
7.282393
6.592840
6.063835
4.947113
8.039270
7.132191
7.741664
5.435627
5.649216
4.444520
4.913949
6.641065
3.735563
7.454561
4.629746
6.376159
5.575612
6.319290
5.860033
7.183197
6.618505
6.197570
5.548615
1.774795
5.932150
5.963271
5.508647
5.189715
7.736771
7.100705
5.729385
6.489438
4.997630
5.419537
7.921993
4.886728
5.706713
6.293112
4.520573
5.234099
5.023519
6.232453
5.254017
4.485760
6.645905
5.657612
7.330889
6.243816
4.411852
5.258531
4.982883
7.487684
7.257215
4.205045
5.039998
6.838917
8.530245
5.379410
5.253466
6.429036
6.789027
5.829448
5.003028
5.625679
3.621064
6.635543
5.288894
4.406068
5.320736
4.735071
5.999865
5.355025
4.970704
5.467298
5.683835
4.610263
5.290155
4.241495
4.815473
5.134992
5.303001
3.917773
3.892979
5.864994
5.340779
3.036486
5.245009
3.799700
2.477613
5.371984
3.607494
4.465394
4.403060
4.121309
3.812038
3.118925
1.830152
3.880743
1.528501
3.366956
4.099132
3.605235
4.462417
2.872547
1.636306
3.139403
3.208521
6.030491
3.363364
2.337059
2.909259
1.880404
3.531071
2.335083
6.415654
2.150739
2.398661
3.066608
2.515426
4.620573
2.393668
5.390141
2.577624
2.637102
5.726310
5.221153
5.719677
4.758426
5.386014
5.099672
4.847279
7.265345
6.299301
8.292751
5.849712
4.879295
4.725580
4.330589
4.620951
5.404251
5.371233
5.018351
4.916766
4.141664
4.901333
4.922719
5.369818
5.325290
5.822273
4.806698
4.955172
5.217184
4.684661
4.929230
4.401407
4.824458
4.482594
5.053833
4.996172
3.921259
4.350206
4.774321
4.654506
5.103658
4.332773
4.142798
4.558293
3.751009
3.600500
4.114368
4.423864
4.199583
4.610686
4.701849
4.730734
4.324012
4.651800
4.517591
5.024418
5.781604
4.188428
4.404075
4.628092
5.263541
4.973073
5.220973
5.314390
5.103189
5.331423
4.585945
4.994482
4.361166
3.955756
3.659845
4.011081
5.840214
5.584381
5.675136
5.140932
5.537011
4.693355
5.010123
4.351893
4.255211
3.985438
4.720055
5.183309
5.184159
4.504378
4.344613
4.960794
5.463403
5.547657
5.641883
5.750268
3.616085
3.166457
4.140716
4.926477
4.115045
3.420367
3.997787
3.888080
4.980609
2.717211
3.833396
3.542848
4.550207
3.707207
4.017827
5.784751
3.142142
3.552037
3.999939
4.310815
4.823790
4.684973
4.270685
4.758570
3.415699
3.896330
3.182118
4.002718
4.015634
2.770795
1.592526
4.306023
5.897418
3.989241
6.751963
3.207394
6.006371
2.678622
3.881689
6.184463
0.344226
5.301490
2.615399
3.506781
5.950174
5.571233
3.704619
2.688051
5.022024
4.035708
3.884469
3.512982
4.474343
3.680817
4.113684
3.874149
4.299789
5.698120
2.945574
3.114921
2.199704
4.946253
5.021194
3.663470
5.306028
5.146064
1.936226
4.809609
4.114925
3.766203
3.133043
4.158399
4.460266
2.959127
4.068698
4.019056
4.564368
6.371696
3.672009
5.025771
4.504169
2.947385
3.553380
1.563655
3.480828
0.689039
4.873627
4.542788
2.908175
2.994190
2.293866
2.508512
3.287136
3.913203
2.680176
1.597764
5.678046
3.689012
2.778690
3.345982
3.333707
3.664967
3.059971
3.428519
3.252508
3.553531
4.304629
1.206781
2.117296
2.742835
2.958730
3.742197
4.949544
4.581407
3.879534
2.593879
3.848098
3.455915
3.599661
2.861176
4.251450
2.238572
3.498736
4.125738
2.322682
4.127617
4.390210
2.566898
4.480440
4.199092
2.637923
2.993802
3.951387
3.455598
3.173937
2.299870
4.479870
3.832932
4.307482
2.721124
2.831160
1.935813
2.387045
3.534433
1.578446
4.146303
2.314274
3.304092
3.067523
3.241375
3.087146
3.913423
3.463848
3.215788
2.889272
0.387103
3.077270
3.045804
2.778236
2.507638
4.396617
3.981498
2.966945
3.475824
2.484539
2.697073
4.479563
2.299915
2.940603
3.348457
2.167784
2.757137
2.641488
3.294920
2.561946
2.136817
3.572220
2.953590
4.099874
3.330111
2.326069
2.694669
2.991522
6.490689
6.102490
3.367838
4.111598
5.724214
7.289948
4.440674
4.335980
5.389882
5.705524
4.824776
4.167487
4.664954
2.877978
5.591073
4.382542
3.584182
4.401141
3.906518
5.047545
4.436321
4.184674
4.549147
4.744244
3.788593
4.427216
3.492075
4.022164
4.275741
4.441596
3.196193
3.189226
4.944412
4.482141
2.440925
4.410676
3.113132
1.928582
4.525798
2.931598
3.715508
3.657576
3.404504
3.175055
2.493577
1.448398
3.261507
1.258878
3.050579
3.711533
3.541171
4.389510
2.820056
1.602076
3.087990
3.159114
5.965079
3.319528
2.302165
2.872027
1.856934
3.492162
2.210189
6.179329
2.030048
2.264229
2.920931
2.375963
4.447577
2.279831
5.202544
2.459543
2.514120
5.539912
5.043928
5.539814
4.593746
5.215491
4.932469
4.686326
7.070397
6.122485
8.097000
5.689054
4.731249
4.584715
4.201477
4.486619
5.265484
5.231698
4.888164
4.790819
4.028676
4.780819
4.804839
5.248957
5.209980
5.702544
4.702261
4.851469
5.113453
4.588050
4.833918
4.313848
4.735787
4.398254
4.966997
4.912678
3.849636
4.276959
4.701052
4.585198
5.033156
4.270741
4.085394
4.499733
3.701223
3.555034
4.067452
4.376667
4.155713
4.567449
4.660739
4.691658
4.289876
4.619072
4.487531
4.995242
5.753057
4.167063
4.384376
4.610798
5.247422
4.960443
5.210589
5.306863
5.098742
5.329771
4.589420
4.998547
4.367578
3.964148
3.670204
4.024396
5.859782
5.606483
5.700122
5.168052
5.568413
4.724866
5.045122
4.386773
4.291919
4.024036
4.765913
5.234635
5.238158
4.556540
4.398293
5.019448
5.530220
5.618417
5.715453
5.828102
3.679104
3.227444
4.214273
5.010987
4.189536
3.492224
4.076795
3.971166
5.076533
2.788559
3.920743
3.631491
4.652692
3.798817
4.117001
5.910453
3.231576
3.652386
4.105671
4.427632
4.948859
4.810218
4.391594
4.890917
3.523800
4.016547
3.292466
4.133289
4.147105
2.882258
1.681929
4.454559
6.067058
4.135774
6.946693
3.344221
6.195157
2.803595
4.031850
6.384218
0.393567
5.485975
2.749432
3.662835
6.161151
5.775134
3.870436
2.831257
5.211026
4.221139
4.058865
3.662871
4.676849
3.867059
4.308045
4.068648
4.507398
5.934928
3.113063
3.286205
2.353871
5.179431
5.261341
3.870926
5.554202
5.393294
2.090766
5.053497
4.333365
3.981770
3.332137
4.398416
4.703965
3.165964
4.299125
4.257596
4.827703
6.683987
3.900370
5.306613
4.774329
3.167215
3.787154
1.729812
3.712755
0.802556
5.154745
4.822470
3.133731
3.225311
2.501323
2.714343
3.543022
4.168736
2.904492
1.768505
6.017102
3.945912
3.011782
3.605497
3.601230
3.943030
3.318708
3.702990
3.525406
3.833796
4.603489
1.378030
2.347361
2.970762
3.219555
4.015786
5.305609
4.923054
4.186172
2.828072
4.167842
3.756642
3.902151
3.106924
4.594392
2.466176
3.810841
4.455509
2.576308
4.478028
4.742348
2.836300
4.817981
4.550465
2.911347
3.294446
4.299791
3.782720
3.472879
2.570791
4.866383
4.189501
4.683524
3.008275
3.133513
2.200377
2.655697
3.880352
1.802164
4.523112
2.561965
3.654084
3.345322
3.596404
3.402848
4.298931
3.835917
3.566360
3.197264
0.519627
3.416272
3.395588
3.103560
2.827972
4.812871
4.368417
3.304574
3.851956
2.789751
3.034781
4.925456
2.621473
3.290754
3.727412
2.459686
3.069498
2.941175
3.681200
2.912587
2.436377
3.985928
3.311865
4.542721
3.725395
2.602189
3.037385
2.847580
4.674658
4.527233
2.274196
2.869494
4.183721
5.543735
3.160817
3.082949
3.936786
4.174357
3.412547
3.020597
3.310332
1.870030
4.087835
3.098284
2.432674
3.083867
2.733803
3.664866
3.103716
3.067641
3.206506
3.360146
2.597281
3.161354
2.413324
2.864414
3.000956
3.158040
2.147319
2.166739
3.543861
3.183335
1.593572
3.144241
2.099768
1.151970
3.224282
1.925049
2.574373
2.519897
2.313423
2.221956
1.557553
0.945044
2.317321
0.647220
1.971300
2.326768
2.075247
2.592329
1.534541
0.815227
1.684804
1.742720
3.889505
1.930873
1.177834
1.568054
1.079149
1.915005
1.262994
4.143267
1.091338
1.173790
1.700233
1.198732
2.884108
1.333061
3.463207
1.429340
1.419473
3.732316
3.309431
3.746881
2.943488
3.468324
3.192887
2.989507
4.927547
4.161942
5.857914
3.853338
3.021015
2.931851
2.671049
2.848920
3.526338
3.440259
3.191429
3.115026
2.510410
3.104756
3.126523
3.476458
3.481846
3.848704
3.064291
3.178996
3.386605
2.945723
3.161245
2.745888
3.084655
2.788382
3.241928
3.200337
2.353556
2.680234
3.037891
2.954918
3.296953
2.697748
2.574576
2.875413
2.279633
2.203709
2.567413
2.796119
2.609371
2.939154
3.019168
3.024641
2.732247
3.001470
2.888243
3.287086
3.894477
2.646075
2.793668
3.005402
3.469956
3.276516
3.433525
3.520061
3.376120
3.545766
3.002061
3.283004
2.791537
2.503877
2.280500
2.543406
3.966850
3.762946
3.867922
3.401343
3.714748
3.048824
3.331745
2.824045
2.765284
2.525352
3.071651
3.436408
3.451787
2.936804
2.817019
3.365074
3.713932
3.776437
3.883587
3.964479
2.269028
1.924377
2.667239
3.273938
2.734370
2.143872
2.626177
2.485702
3.387749
1.616837
2.486982
2.214951
3.032443
2.407338
2.635497
4.034287
1.979633
2.261052
2.665081
2.854791
3.291464
3.186726
2.864745
3.239939
2.234647
2.593556
2.026225
2.634018
2.665374
1.674833
0.763565
2.847711
4.241113
2.607778
4.898416
1.978673
4.281196
1.613409
2.593323
4.448747
0.043233
3.764855
1.561648
2.274558
4.256053
3.966962
2.451013
1.644560
3.617937
2.682507
2.641292
2.482756
3.049866
2.403056
2.793814
2.572805
2.921058
4.127891
1.895601
2.053287
1.272742
3.487093
3.534681
2.417528
3.807939
3.674388
1.084283
3.398748
2.883833
2.568962
2.053002
2.843181
3.140477
1.874607
2.859595
2.777911
3.196263
4.743335
2.534464
3.611569
3.166134
1.898445
2.442654
0.824006
2.405372
0.239352
3.568712
3.259336
1.911123
1.980009
1.407171
1.638912
2.183993
2.823159
1.749219
0.928236
4.229354
2.634727
1.843837
2.300313
2.262042
2.556701
2.047777
2.357279
2.198075
2.477704
3.159430
0.612117
1.281504
1.923373
2.010810
2.750906
3.631541
3.333515
2.782876
1.793808
2.719459
2.411458
2.557786
2.045776
3.074391
1.506011
2.457057
3.027593
1.513853
2.973075
3.239725
1.722876
3.404835
3.080446
1.801709
2.070237
2.871191
2.457232
2.279544
1.507169
3.307751
2.769994
3.189362
1.902216
1.969856
1.202841
1.646846
2.555709
0.990992
3.086000
1.662161
2.342074
2.338865
2.278173
2.248736
2.873373
2.471403
2.294321
2.099127
0.112079
2.208870
2.152652
1.961054
1.710380
3.335129
3.009602
2.138850
2.547740
1.757224
1.886560
3.382606
1.544483
2.114374
2.451996
1.506440
2.046983
1.969266
2.403875
1.768207
1.478515
2.629685
2.156738
3.097298
2.452471
1.787934
1.952802
1.816525
3.197804
3.101642
1.369570
1.805165
2.798230
3.937095
2.056955
2.008145
2.646786
2.800437
2.166595
2.059947
2.126122
1.058332
2.743451
1.989013
1.465766
1.938437
1.743377
2.448377
1.940626
2.135787
2.031704
2.140296
1.584175
2.067600
1.520240
1.885867
1.896030
2.043128
1.284290
1.331573
2.301408
2.049766
0.945265
2.044371
1.271729
0.578270
2.084913
1.102735
1.606561
1.555238
1.398407
1.455042
0.808508
0.661762
1.557359
0.363985
1.329899
1.421984
1.337025
1.615550
0.926494
0.566189
0.992054
1.040455
2.713177
1.248479
0.685315
0.946326
0.835193
1.096849
0.825955
2.859193
0.660406
0.624646
1.049599
0.581636
1.968233
0.894337
2.408456
0.925173
0.864926
2.623775
2.257346
2.649111
1.956177
2.405443
2.135552
1.965023
3.556478
2.932033
4.411439
2.719572
1.984282
1.939256
1.773089
1.867312
2.465622
2.338555
2.162822
2.102268
1.619495
2.090996
2.110588
2.387055
2.426459
2.695362
2.078059
2.165586
2.330601
1.954890
2.146448
1.811950
2.085758
1.821103
2.184864
2.152733
1.473349
1.721532
2.027229
1.969359
2.228798
1.755826
1.680490
1.892864
1.453978
1.432178
1.680082
1.845915
1.685306
1.951100
2.020404
2.005750
1.797820
2.020123
1.920698
2.234667
2.724946
1.738078
1.831184
2.031124
2.361773
2.240522
2.324862
2.403458
2.308913
2.430534
2.039029
2.220110
1.836490
1.638259
1.469255
1.660938
2.764364
2.598396
2.711780
2.295628
2.541176
2.012686
2.266250
1.875055
1.843910
1.625284
2.019449
2.303155
2.327351
1.941279
1.850956
2.341908
2.564757
2.606948
2.721565
2.777438
1.433521
1.171519
1.724708
2.183595
1.862368
1.354371
1.756955
1.589066
2.332980
0.962888
1.629340
1.370300
2.029361
1.581389
1.739325
2.831527
1.260840
1.433735
1.799178
1.885905
2.256606
2.177805
1.930444
2.208960
1.484046
1.738743
1.292672
1.719291
1.763894
0.985826
0.298480
1.848064
3.071108
1.668593
3.555180
1.164812
3.041460
0.934894
1.721762
3.191246
0.015293
2.672957
0.883213
1.440203
3.020339
2.806099
1.591429
0.965196
2.622900
1.729371
1.781733
1.807091
2.027124
1.506421
1.857857
1.650766
1.928454
2.963697
1.188515
1.333861
0.670744
2.410507
2.431119
1.525647
2.688477
2.575809
0.538134
2.349262
1.993233
1.706515
1.293931
1.869541
2.160093
1.105031
1.974711
1.861532
2.161796
3.468612
1.705354
2.526740
2.148355
1.143692
1.628806
0.350208
1.619653
0.030712
2.566120
2.274179
1.189847
1.240794
0.784902
1.030837
1.355542
2.004816
1.078203
0.501304
3.066938
1.841750
1.161675
1.511338
1.446356
1.704112
1.284399
1.535555
1.390286
1.647275
2.260423
0.238963
0.675299
1.331173
1.293093
1.989310
2.552134
2.319373
1.912921
1.209869
1.813883
1.585635
1.732280
1.439702
2.111972
0.977656
1.622973
2.135674
0.905182
2.020751
2.288895
1.073713
2.522803
2.153972
1.154543
1.333863
1.975917
1.641652
1.566191
0.894151
2.310340
1.880222
2.241354
1.255033
1.277672
0.639244
1.074162
1.737693
0.571076
2.180107
1.172862
1.532638
1.766204
1.463301
1.560900
1.974617
1.619709
1.514076
1.453512
0.001995
1.477871
1.393782
1.279808
1.048166
2.393173
2.159622
1.438392
1.739527
1.159518
1.198790
2.388344
0.911388
1.403865
1.664350
0.968471
1.454973
1.416226
1.613569
1.080761
0.935496
1.777267
1.460075
2.175102
1.663826
1.354883
1.309710
1.214677
2.249768
2.193092
0.864949
1.176343
1.919929
2.886915
1.396596
1.370046
1.841431
1.929682
1.394845
1.509279
1.401708
0.622669
1.894189
1.321894
0.908823
1.242696
1.167623
1.696938
1.230338
1.604636
1.311768
1.385126
0.989140
1.409711
1.017772
1.316810
1.228637
1.367708
0.804031
0.872657
1.526199
1.358763
0.630507
1.378965
0.816966
0.320575
1.388037
0.651592
1.042252
0.993102
0.874517
1.045794
0.412852
0.627223
1.152693
0.328942
1.016684
0.904138
0.948146
1.041305
0.638082
0.556065
0.637384
0.678135
1.982767
0.901044
0.484940
0.645431
0.827149
0.643014
0.667566
2.043321
0.506228
0.378485
0.724429
0.282225
1.436737
0.732802
1.768679
0.712337
0.612740
1.941475
1.618595
1.974656
1.367169
1.757537
1.491690
1.346394
2.668672
2.153499
3.464614
2.015143
1.354862
1.343832
1.250846
1.279903
1.816573
1.657450
1.538184
1.489678
1.101190
1.477117
1.494799
1.713976
1.779532
1.972181
1.484282
1.550462
1.682184
1.356785
1.529528
1.257494
1.480672
1.240286
1.534126
1.509100
0.959352
1.146376
1.411507
1.372884
1.567993
1.192720
1.154254
1.297734
0.980338
1.000286
1.158104
1.274909
1.134341
1.350238
1.410995
1.380469
1.237834
1.423495
1.334537
1.582410
1.981595
1.197410
1.247998
1.438544
1.665056
1.599576
1.627297
1.699489
1.643037
1.727159
1.453507
1.556872
1.256700
1.127612
1.000562
1.136752
1.991640
1.854873
1.974547
1.597287
1.789953
1.367863
1.598418
1.297388
1.287444
1.085111
1.361004
1.581591
1.612398
1.326118
1.258425
1.704842
1.829690
1.855890
1.976074
2.012306
0.940916
0.742817
1.148609
1.492582
1.340539
0.896328
1.236830
1.047446
1.668440
0.609121
1.117304
0.868118
1.404027
1.093271
1.196499
2.050591
0.855196
0.943664
1.278947
1.285546
1.604838
1.545939
1.356258
1.559540
1.051952
1.225571
0.873367
1.159193
1.213855
0.600429
0.086607
1.221203
2.311848
1.088210
2.661076
0.681237
2.227228
0.555903
1.192769
2.362585
0.140441
1.972359
0.503209
0.939007
2.207510
2.051136
1.070017
0.583405
1.995964
1.134733
1.259492
1.427322
1.377844
0.954778
1.275493
1.078990
1.301717
2.203614
0.782895
0.918457
0.346244
1.717564
1.717036
0.975601
1.961643
1.864971
0.255722
1.676101
1.443147
1.178068
0.845487
1.254407
1.539520
0.647821
1.427829
1.290008
1.498444
2.618639
1.200931
1.823701
1.497138
0.696356
1.135416
0.120463
1.147685
0.006303
1.925477
1.646862
0.767078
0.803905
0.438553
0.695302
0.848817
1.505735
0.693235
0.305525
2.300294
1.361559
0.767268
1.033858
0.947953
1.176879
0.826190
1.031878
0.897226
1.136453
1.696195
0.082554
0.337869
1.004417
0.868753
1.530730
1.846769
1.664455
1.369685
0.888361
1.242623
1.076064
1.222763
1.100252
1.495841
0.698127
1.106037
1.573672
0.562764
1.411501
1.680615
0.699310
1.967525
1.564023
0.781123
0.891038
1.409613
1.136995
1.140665
0.546288
1.664039
1.317252
1.633013
0.879916
0.867453
0.328613
0.756295
1.229286
0.371371
1.603146
0.918955
1.030150
1.447248
0.956228
1.152214
1.402094
1.083519
1.033142
1.076856
0.040678
1.034603
0.928706
0.874781
0.657725
1.785498
1.623132
1.017737
1.235085
0.818231
0.787443
1.739009
0.542106
0.974339
1.174795
0.672465
1.116858
1.108172
1.121240
0.668066
0.634687
1.236216
1.039699
1.579558
1.171732
1.138519
0.930202
0.866993
1.633302
1.607089
0.592183
0.807036
1.356875
2.190326
1.002300
0.992849
1.334284
1.371620
0.913430
1.199232
0.956678
0.401512
1.351947
0.920807
0.593053
0.819062
0.836917
1.229747
0.794908
1.308029
0.868514
0.914366
0.642460
1.014095
0.742580
0.989784
0.825144
0.957822
0.545402
0.630422
1.038383
0.936119
0.499626
0.975851
0.577123
0.233474
0.960010
0.414063
0.716753
0.669126
0.580052
0.840116
0.217558
0.711958
0.950081
0.412959
0.884703
0.613221
0.757133
0.706304
0.524698
0.658447
0.472269
0.506923
1.525790
0.741060
0.438901
0.521238
0.930021
0.399835
0.653466
1.518917
0.495078
0.295805
0.580288
0.157912
1.132189
0.715153
1.379802
0.654568
0.524283
1.519130
1.229878
1.558088
1.016743
1.361260
1.098400
0.972519
2.085794
1.655240
2.835626
1.574064
0.971843
0.987035
0.950672
0.929022
1.417709
1.233563
1.157949
1.118644
0.803158
1.104776
1.120814
1.295403
1.381093
1.514423
1.126775
1.176258
1.281984
0.995488
1.153465
0.929756
1.113493
0.891788
1.131235
1.111559
0.662251
0.801679
1.035194
1.011342
1.156385
0.856771
0.846766
0.936651
0.713371
0.765574
0.853339
0.931955
0.806785
0.983825
1.037800
0.994822
0.902716
1.059783
0.978807
1.175259
1.503618
0.876540
0.893989
1.077110
1.222678
1.200327
1.183975
1.251055
1.224016
1.278902
1.096548
1.139470
0.903898
0.828331
0.733683
0.826674
1.488578
1.374328
1.498741
1.151519
1.303010
0.963339
1.175901
0.944689
0.951053
0.761227
0.945212
1.116686
1.152483
0.943494
0.893221
1.304945
1.353616
1.367270
1.491635
1.512491
0.652421
0.503765
0.795056
1.049730
1.028821
0.633969
0.926162
0.719965
1.245449
0.427124
0.812370
0.570695
1.010915
0.806490
0.867135
1.536344
0.632006
0.654834
0.966580
0.910874
1.190144
1.146559
1.001495
1.146270
0.807175
0.917753
0.638249
0.814700
0.877036
0.391224
0.011910
0.824384
1.812168
0.727191
2.056509
0.395070
1.684374
0.350624
0.870973
1.808145
0.325938
1.517026
0.296497
0.638132
1.664711
1.553105
0.753071
0.374665
1.596886
0.760589
0.941392
1.219641
0.960920
0.613485
0.910236
0.721823
0.901778
1.700084
0.554269
0.682114
0.180309
1.265627
1.248571
0.634288
1.483033
1.398648
0.121694
1.238764
1.101180
0.852766
0.582137
0.861597
1.142367
0.377299
1.087607
0.930543
1.067606
2.042879
0.893162
1.361703
1.075227
0.432515
0.835718
0.025210
0.864368
0.070127
1.511041
1.242646
0.521451
0.547202
0.251980
0.517000
0.537567
1.200296
0.476219
0.235181
1.786895
1.070301
0.542451
0.744465
0.642208
0.848646
0.551395
0.721685
0.595155
0.820482
1.338669
0.041339
0.156082
0.830794
0.619297
1.254591
1.379031
1.235744
1.027513
0.718113
0.878475
0.759666
0.906291
0.915621
1.096416
0.559758
0.783348
1.215903
0.375256
1.016842
1.286595
0.486641
1.614402
1.183885
0.568877
0.624827
1.047481
0.822582
0.887538
0.353308
1.239386
0.957144
1.237589
0.665341
0.625531
0.163848
0.585804
0.910844
0.292342
1.231291
0.797647
0.715857
1.275248
0.638158
0.910371
1.033020
0.742525
0.734912
0.859427
0.145404
0.765271
0.642343
0.634902
0.429055
1.388166
1.280925
0.765299
0.917528
0.627159
0.541902
1.308705
0.328989
0.714372
0.868143
0.515882
0.927496
0.942027
0.812010
0.420517
0.473845
0.888863
0.785873
1.189712
0.862046
1.042671
0.707663
0.669043
1.226695
1.224015
0.452047
0.591887
0.991294
1.721031
0.767450
0.771163
1.011666
1.009392
0.610570
1.029234
0.681843
0.300279
1.001479
0.679760
0.418101
0.560314
0.650171
0.937000
0.526702
1.147436
0.594034
0.618442
0.442710
0.776273
0.598095
0.804979
0.580908
0.708524
0.413366
0.511006
0.728320
0.676521
0.466309
0.731208
0.459063
0.233828
0.695737
0.297501
0.531837
0.485290
0.419016
0.747873
0.133272
0.844851
0.859921
0.545100
0.849151
0.454252
0.675583
0.512935
0.503186
0.804251
0.410424
0.440251
1.237293
0.682906
0.469061
0.490662
1.075530
0.276744
0.708024
1.177430
0.551733
0.296864
0.533563
0.126478
0.960815
0.766289
1.142806
0.674387
0.520196
1.255882
0.992646
1.299136
0.809017
1.117868
0.857219
0.746317
1.697321
1.332344
2.411202
1.295351
0.738076
0.773525
0.781002
0.719917
1.171282
0.967630
0.925798
0.893535
0.634596
0.878471
0.893138
1.033039
1.134253
1.221475
0.911532
0.947952
1.033417
0.777015
0.923448
0.737145
0.890190
0.682895
0.880047
0.864439
0.492972
0.595371
0.804265
0.791785
0.897903
0.656901
0.668891
0.717101
0.566758
0.643892
0.677214
0.726116
0.612811
0.759610
0.808235
0.755503
0.702510
0.837312
0.762441
0.918898
1.192207
0.686967
0.678614
0.855883
0.938559
0.949582
0.898949
0.961979
0.957675
0.989790
0.878189
0.874129
0.688599
0.654466
0.584877
0.644265
1.156346
1.059481
1.187487
0.863486
0.982947
0.707139
0.905656
0.728534
0.747467
0.567260
0.679850
0.813133
0.852718
0.703616
0.666776
1.051499
1.040980
1.044817
1.172344
1.181186
0.484997
0.374623
0.576989
0.762292
0.843050
0.486412
0.741043
0.521717
0.973012
0.341596
0.631373
0.395445
0.761338
0.639335
0.666858
1.192534
0.513948
0.485764
0.779169
0.675040
0.923177
0.891391
0.780868
0.880167
0.671726
0.733311
0.510135
0.601644
0.669855
0.282980
0.007952
0.570410
1.478305
0.500838
1.641106
0.226638
1.316698
0.244797
0.674661
1.431246
0.523083
1.216868
0.189169
0.457665
1.296455
1.219508
0.559903
0.265376
1.339836
0.522808
0.747021
1.110866
0.689716
0.400887
0.678969
0.496756
0.643448
1.361301
0.428711
0.550491
0.103241
0.966572
0.936617
0.420916
1.163057
1.088130
0.068931
0.950587
0.886926
0.651368
0.428734
0.607671
0.884996
0.218108
0.874261
0.702193
0.783803
1.646556
0.704702
1.053501
0.798056
0.277918
0.653229
0.001274
0.694440
0.169476
1.239233
0.978694
0.380477
0.397561
0.156681
0.428046
0.345386
1.012552
0.357010
0.229704
1.437577
0.893271
0.416902
0.568740
0.453724
0.642643
0.386782
0.529538
0.409237
0.623708
1.109582
0.057610
0.063212
0.744187
0.473781
1.088301
1.064009
0.950931
0.809777
0.633705
0.643548
0.561719
0.708218
0.819774
0.833841
0.499669
0.580175
0.985440
0.276832
0.757620
1.027799
0.368489
1.387201
0.935654
0.450848
0.464857
0.813017
0.625077
0.737516
0.249886
0.956141
0.723911
0.976888
0.544894
0.483797
0.081915
0.499361
0.709537
0.276731
0.988407
0.749099
0.517503
1.187234
0.436740
0.768032
0.791895
0.523123
0.548624
0.735766
0.271640
0.601207
0.465001
0.493560
0.296344
1.124525
1.059990
0.613951
0.715589
0.523295
0.395711
1.019090
0.207827
0.556793
0.674277
0.438390
0.824507
0.856989
0.615886
0.272189
0.392728
0.662968
0.632483
0.930719
0.665187
1.011665
0.578294
0.558689
0.954381
0.969895
0.386362
0.467937
0.750560
1.399761
0.628026
0.641889
0.804017
0.770947
0.418126
0.939817
0.511020
0.264092
0.771848
0.534967
0.324530
0.401664
0.547326
0.751846
0.360529
1.064699
0.422870
0.430578
0.329407
0.633370
0.527551
0.703091
0.432846
0.556473
0.352240
0.459610
0.528939
0.516238
0.481539
0.582407
0.408420
0.275003
0.531526
0.247841
0.429079
0.383313
0.334670
0.716843
0.108357
0.988388
0.830331
0.687934
0.861814
0.371095
0.652437
0.402968
0.526507
0.957336
0.402333
0.428356
1.053226
0.677506
0.532126
0.506542
1.227978
0.220727
0.789787
0.951843
0.635008
0.336946
0.536511
0.141232
0.866931
0.844997
0.997893
0.728680
0.555883
1.090433
0.847313
1.136897
0.686471
0.967583
0.708611
0.609268
1.434314
1.120163
2.120182
1.117338
0.594881
0.645989
0.687430
0.595683
1.018029
0.799191
0.783517
0.756665
0.541554
0.740562
0.754114
0.867046
0.980265
1.031637
0.781933
0.808169
0.877866
0.644751
0.782167
0.624833
0.754009
0.557843
0.722121
0.709617
0.398492
0.472113
0.661841
0.658142
0.733993
0.538416
0.567418
0.583232
0.489435
0.585860
0.576891
0.602680
0.498526
0.621809
0.666233
0.605882
0.583183
0.700656
0.630469
0.755848
0.986398
0.575620
0.547207
0.719878
0.753702
0.790577
0.713288
0.773123
0.786406
0.800801
0.744048
0.703480
0.556723
0.554693
0.504498
0.537759
0.933541
0.850114
0.980857
0.674823
0.769379
0.543073
0.730641
0.595436
0.624071
0.451278
0.508421
0.612021
0.654495
0.551810
0.525343
0.889065
0.832570
0.828741
0.958670
0.958142
0.389059
0.308339
0.441657
0.573087
0.732679
0.405642
0.631077
0.401517
0.795199
0.308758
0.524410
0.292892
0.601066
0.542966
0.544742
0.959000
0.455528
0.387716
0.666840
0.525092
0.749023
0.726345
0.642574
0.706539
0.599427
0.622949
0.443431
0.468984
0.541705
0.231550
0.037391
0.405813
1.251674
0.357576
1.351112
0.128224
1.063642
0.194864
0.554473
1.170892
0.708086
1.015965
0.137836
0.349537
1.042574
0.992473
0.441780
0.212289
1.172054
0.369931
0.627779
1.057994
0.510768
0.267365
0.530915
0.353467
0.474305
1.129689
0.362495
0.479525
0.074557
0.765602
0.725593
0.286338
0.945719
0.878085
0.058834
0.757786
0.751438
0.525810
0.340370
0.441265
0.715874
0.125119
0.739208
0.555454
0.593993
1.369397
0.588781
0.844627
0.613215
0.188139
0.541762
0.012788
0.592633
0.276559
1.058288
0.803801
0.300960
0.311276
0.112516
0.388761
0.225963
0.896528
0.294120
0.255017
1.196057
0.785389
0.348920
0.461784
0.336824
0.512107
0.288320
0.409667
0.294157
0.500163
0.960922
0.099282
0.020158
0.705951
0.389794
0.988153
0.848417
0.758738
0.669586
0.596921
0.489935
0.436757
0.583115
0.773948
0.658607
0.481504
0.450948
0.834999
0.228798
0.584780
0.855249
0.305025
1.239084
0.771179
0.387355
0.368782
0.659100
0.499795
0.649036
0.197523
0.764210
0.570746
0.802368
0.479158
0.401505
0.045981
0.459888
0.580900
0.292135
0.827429
0.738867
0.390996
1.146300
0.307775
0.684868
0.632042
0.380084
0.431240
0.666935
0.396666
0.500947
0.354399
0.410852
0.220294
0.946845
0.915407
0.523322
0.585667
0.469431
0.308966
0.821022
0.140423
0.461095
0.550385
0.404755
0.771050
0.817420
0.490087
0.183436
0.356087
0.513954
0.539687
0.755947
0.538587
1.013714
0.503983
0.499094
0.769082
0.798677
0.361313
0.397642
0.589613
1.176288
0.545611
0.567312
0.668590
0.611588
0.294422
0.896014
0.404017
0.261517
0.619141
0.448049
0.277318
0.303921
0.492845
0.633464
0.256837
1.025708
0.315232
0.309946
0.266591
0.547549
0.497838
0.649021
0.342913
0.463409
0.329687
0.444572
0.399043
0.416640
0.518087
0.491646
0.393784
0.331574
0.428701
0.233860
0.373864
0.328668
0.293668
0.717175
0.113398
1.124096
0.831673
0.823026
0.895869
0.330768
0.658638
0.341770
0.568690
1.100168
0.420074
0.443111
0.934355
0.697228
0.604936
0.542708
1.370072
0.201036
0.876967
0.800513
0.723292
0.391680
0.562399
0.176246
0.817618
0.929563
0.908916
0.794236
0.606968
0.985422
0.757874
1.034314
0.614645
0.874205
0.616494
0.526091
1.253358
0.978612
1.917432
1.002230
0.506765
0.569987
0.637739
0.522181
0.921988
0.691321
0.695907
0.673216
0.492080
0.656238
0.668898
0.760870
0.883364
0.906897
0.703894
0.722197
0.779624
0.564549
0.694940
0.560050
0.670668
0.483104
0.621844
0.611715
0.347378
0.398635
0.573469
0.576539
0.628879
0.468516
0.510685
0.501342
0.451377
0.562737
0.520923
0.528746
0.431662
0.536668
0.577799
0.511499
0.512276
0.616274
0.549691
0.650921
0.848259
0.510750
0.466735
0.635812
0.631704
0.688599
0.590598
0.647923
0.674822
0.675436
0.661207
0.592285
0.475586
0.498429
0.463247
0.476208
0.781722
0.708691
0.841527
0.549402
0.624604
0.436676
0.615719
0.513007
0.549140
0.382068
0.396159
0.476698
0.521384
0.454684
0.436234
0.783631
0.691434
0.681625
0.813389
0.805560
0.335070
0.277329
0.357043
0.446641
0.667371
0.363273
0.566026
0.328494
0.677445
0.303461
0.461569
0.233444
0.496803
0.488257
0.470025
0.797806
0.430177
0.331587
0.599602
0.428635
0.633757
0.618115
0.555072
0.591595
0.563074
0.557034
0.411362
0.385711
0.461903
0.211245
0.079804
0.297643
1.095344
0.265905
1.145562
0.071293
0.886694
0.175492
0.480563
0.988197
0.870918
0.879342
0.117238
0.284842
0.864761
0.835462
0.369246
0.190190
1.060934
0.270348
0.554266
1.035949
0.390873
0.182689
0.434936
0.261158
0.361907
0.968793
0.329903
0.443221
0.071033
0.628372
0.580535
0.200568
0.795707
0.733706
0.069568
0.626731
0.664826
0.446875
0.290267
0.330583
0.603057
0.071347
0.652772
0.459923
0.465017
1.172619
0.517082
0.700779
0.487987
0.136644
0.473414
0.039833
0.531726
0.377704
0.935925
0.686107
0.257242
0.262281
0.096176
0.376181
0.151177
0.824354
0.263146
0.292454
1.026431
0.719427
0.313892
0.396489
0.263789
0.428465
0.229537
0.334249
0.222430
0.421842
0.863089
0.149102
0.004214
0.693720
0.342040
0.927833
0.698497
0.626948
0.578120
0.585665
0.388005
0.357031
0.503256
0.755575
0.539801
0.484543
0.367788
0.735353
0.208587
0.467706
0.738375
0.272766
1.141118
0.660495
0.354999
0.311120
0.556535
0.419422
0.597195
0.173680
0.632052
0.468641
0.683670
0.444840
0.354317
0.034739
0.445876
0.497680
0.320654
0.719067
0.747446
0.309333
1.131009
0.224157
0.636762
0.524409
0.285474
0.356510
0.629855
0.509976
0.439434
0.284836
0.362908
0.177493
0.825166
0.819384
0.469139
0.500971
0.443726
0.257725
0.683382
0.104143
0.402837
0.470228
0.394606
0.745497
0.802621
0.408358
0.130427
0.343489
0.414143
0.483472
0.636104
0.456098
1.031020
0.462019
0.468525
0.640956
0.681453
0.357479
0.358679
0.480290
1.018428
0.497175
0.524936
0.578978
0.503384
0.213861
0.877426
0.336369
0.274872
0.515985
0.395918
0.255973
0.243345
0.465814
0.556830
0.191578
1.010630
0.246868
0.231477
0.232960
0.496046
0.489848
0.622110
0.288153
0.406198
0.327165
0.447858
0.313188
0.354273
0.561334
0.436092
0.397274
0.390291
0.363721
0.237793
0.345782
0.301005
0.276571
0.732126
0.131983
1.244044
0.847344
0.942453
0.936880
0.314044
0.677993
0.308809
0.615923
1.225474
0.448299
0.468998
0.856541
0.726928
0.675806
0.585123
1.494657
0.200071
0.958901
0.697365
0.806042
0.448378
0.596694
0.217601
0.793523
1.009325
0.854004
0.859205
0.660689
