12.178177
12.459489
12.395543
12.470134
12.272380
11.737273
12.148272
11.628497
12.271671
11.569494
11.346551
12.220778
11.585774
11.322857
11.307718
10.750636
10.993337
10.920584
10.832280
10.217660
10.150820
10.183739
10.596472
10.304537
9.782392
9.280578
9.651549
9.620972
9.012824
8.742391
8.692542
8.459849
9.037057
8.605985
8.222613
8.044742
8.100960
8.357608
8.010679
7.692178
7.416680
7.354494
7.543132
7.167652
7.261730
6.963715
6.691843
6.685164
6.087194
6.594695
6.341889
6.395772
6.016124
6.110522
5.856804
5.950343
5.753595
5.776191
5.698767
5.481303
5.417742
5.211953
5.097844
5.218396
4.839596
4.684838
4.775248
4.719297
4.434863
4.587707
4.655559
4.408895
4.176712
4.361049
4.237314
4.129922
4.199892
3.905500
4.151156
3.866721
3.909144
3.779902
3.773161
3.408920
3.234335
3.541194
3.345983
3.284238
3.351469
2.983734
3.321247
3.040365
3.092969
2.975889
3.019896
3.103396
3.040971
2.780004
2.745443
2.819402
2.691161
2.810160
2.596051
2.515620
2.569118
2.678993
2.298054
2.182803
2.524259
2.550627
2.245646
2.262305
2.253334
2.145972
2.099199
2.046191
1.988708
2.130692
2.011146
1.901919
1.898687
1.842810
1.958649
1.833857
1.691005
1.839767
1.770471
1.781301
1.693439
1.847800
1.833053
1.620362
1.637906
1.616832
1.591745
1.596799
1.559276
1.597253
1.624520
1.448606
1.444211
1.425311
1.537467
1.328354
1.430676
1.410201
1.304116
1.316742
1.203902
1.289094
1.256121
1.275140
1.161918
1.370052
1.174844
1.222695
1.215045
1.056451
1.252735
1.047354
1.008606
1.025588
1.055101
0.954735
0.922325
0.902791
1.015745
0.937232
0.949720
0.957189
1.061180
0.966341
0.936263
0.933197
0.898783
0.891126
0.886446
0.816192
0.930714
0.761833
0.904797
0.816282
0.781039
0.747440
0.816125
0.877717
0.783213
0.808671
0.847339
0.764956
0.751810
0.758782
0.687787
0.733282
0.727444
0.672841
0.664856
0.705999
0.773460
0.638798
0.616893
0.646641
0.599538
0.520027
0.523623
0.574012
0.742793
0.561484
0.576097
0.648861
0.565072
0.542256
0.531059
0.502767
0.533690
0.610435
0.568115
0.518390
0.529743
0.537494
0.525422
0.535023
0.572084
0.425174
0.527641
0.477524
0.466953
0.474313
0.457810
0.559828
0.457675
0.443981
0.449787
0.482300
0.440320
0.410172
0.499669
0.465986
0.470556
0.518336
0.477376
0.374493
0.417230
0.417190
0.404163
0.372825
0.414554
0.481466
0.400457
0.388052
0.416136
0.317249
0.353190
0.403845
0.360699
0.380669
0.465154
0.366621
0.431539
0.403459
0.382678
0.361295
0.361413
0.367535
0.393899
0.389147
0.338074
0.319219
0.329142
0.332874
0.367001
0.355920
0.352622
0.374210
0.363314
0.423651
0.350976
0.335755
0.363753
0.298736
0.334354
0.335195
0.368111
0.319881
0.299547
0.333337
0.455941
0.339575
0.322912
0.318099
0.400917
0.305427
0.340896
0.303880
0.392510
0.348051
0.320040
0.309580
0.276777
0.309764
0.316632
0.265445
0.330362
0.317028
0.306786
0.368755
0.234090
0.337495
0.292563
0.339540
0.302222
0.340817
0.328692
0.260975
0.339986
0.367471
0.314291
0.317978
0.322376
0.338451
0.298204
0.267256
0.298036
0.289152
0.233825
0.304285
0.331638
0.244402
0.309945
0.323332
0.260996
0.266248
0.339460
0.265600
0.211023
0.284499
0.334490
0.252377
0.297706
0.194784
0.346441
0.289523
0.270964
0.330742
0.250487
0.293146
0.241571
0.276112
0.280758
0.296040
0.234976
0.256792
0.308918
0.241556
0.291380
0.248699
0.286071
0.322609
0.247009
0.272039
0.274095
0.258229
0.289667
0.304741
0.277727
0.266277
0.229822
0.247361
0.285450
0.297596
0.296835
0.302123
0.208228
0.239779
0.259833
0.232197
0.344377
0.235652
0.284263
0.267061
0.237103
0.324754
0.263342
0.335256
0.240363
0.263494
0.267226
0.271156
0.224961
0.310314
0.260271
0.293816
0.260492
0.294587
0.322881
0.236730
0.209815
0.196943
0.260000
0.314414
0.215391
0.245153
0.263937
0.262866
0.294528
0.289612
0.279079
0.250501
0.265867
0.296804
0.269577
0.269490
0.212197
0.279938
0.260346
0.246372
0.280379
0.213578
0.245995
0.254324
0.222308
0.273526
0.217821
0.219904
0.264582
0.224947
0.258817
0.311320
0.287120
0.246093
0.268383
0.312746
0.260847
0.246535
0.221773
0.355829
0.229555
0.188041
0.270642
0.224500
0.210420
0.263131
0.251650
0.227466
0.267018
0.207102
0.266012
0.237453
0.420721
0.335768
0.294102
0.251339
0.359635
0.389214
0.337467
0.346920
0.349887
0.260819
0.322332
0.279446
0.362140
0.323887
0.250572
0.351058
0.290354
0.233185
0.229871
0.291597
0.333544
0.317757
0.197327
0.327819
0.260348
0.335106
0.276856
0.299567
0.237672
0.319569
0.258614
0.330406
0.210530
0.198329
0.282515
0.276941
0.281782
0.220601
0.286959
0.315787
0.323891
0.221792
0.211510
0.195998
0.275927
0.236897
0.252194
0.293157
0.219746
0.296700
0.286955
0.209386
0.228932
0.263000
0.243085
0.213074
0.243549
0.237409
0.255322
0.265815
0.219188
0.283118
0.286104
0.176817
0.329156
0.265051
0.247732
0.284241
0.293820
0.268890
0.426224
0.238556
0.351976
0.298993
0.323523
0.196513
0.340622
0.239236
0.322138
0.308688
0.263475
0.240653
0.303243
0.260145
0.292859
0.289707
0.262281
0.288794
0.273848
0.323771
0.255238
0.264421
0.220046
0.229625
0.300174
0.311742
0.282742
0.280249
0.284791
0.203426
0.299379
0.304141
0.288035
0.205486
0.325875
0.429942
0.324685
0.325557
0.283100
0.279401
0.253585
0.212147
0.263082
0.212510
0.284089
0.277960
0.314284
0.300406
0.227186
0.348372
0.277540
0.254554
0.298497
0.395218
0.322974
0.344128
0.305224
0.240787
0.260800
0.259723
0.302694
0.239988
0.256997
0.222186
0.277998
0.340908
0.247265
0.289664
0.350460
0.257947
0.289463
0.399028
0.239685
0.245424
0.242412
0.255116
0.362264
0.275680
0.320461
0.311693
0.209618
0.297373
0.258677
0.303380
0.250989
0.284344
0.318719
0.273887
0.340050
0.251136
0.250735
0.235156
0.295518
0.271442
0.247845
0.219411
0.420910
0.279405
0.323833
0.216434
0.350637
0.223570
0.332690
0.265408
0.265322
0.204905
0.261470
0.280082
0.211808
0.230468
0.349708
0.281963
0.329610
0.229338
0.280760
0.335985
0.308446
0.241164
0.379085
0.292562
0.212803
0.260165
0.231240
0.248425
0.251730
0.275164
0.207197
0.337315
0.400455
0.270416
0.310795
0.226443
0.297095
0.201184
0.235402
0.315711
0.331510
0.297108
0.203171
0.326102
0.290385
0.220862
0.255498
0.268614
0.263361
0.310294
0.227516
0.236517
0.279802
0.270438
0.253217
0.320188
0.281450
0.208133
0.243845
0.219620
0.251398
0.266381
0.227155
0.307468
0.283305
0.238062
0.233945
0.250249
0.223169
0.249800
0.338754
0.226718
0.322169
0.327092
0.298828
0.192701
0.263239
0.245012
0.251744
0.212652
0.233211
0.365372
0.260795
0.186837
0.285089
0.189217
0.246320
0.229766
0.235238
0.185477
0.321178
0.251575
0.256326
0.256037
0.274826
0.249747
0.260583
0.279276
0.271171
0.252917
0.242802
0.234279
0.225426
0.213141
0.219442
0.304097
0.201983
0.312619
0.265152
0.319589
0.279776
0.265934
0.259755
0.219770
0.238774
0.231014
0.295201
0.227368
0.211181
0.269987
0.383141
0.231150
0.246139
0.258722
0.327111
0.268340
0.276237
0.213970
0.322602
0.261414
0.261034
0.259154
0.209952
0.245406
0.270934
0.219187
0.286224
0.288562
0.227393
0.337730
0.185432
0.257985
0.228020
0.268036
0.247989
0.291875
0.268657
0.218796
0.296182
0.320385
0.267710
0.269692
0.285439
0.277983
0.268072
0.223937
0.256685
0.231025
0.202060
0.271124
0.278779
0.205614
0.262584
0.293387
0.228382
0.228809
0.306181
0.236057
0.199330
0.233389
0.304961
0.224357
0.272608
0.165798
0.307964
0.259661
0.245886
0.314981
0.226939
0.263183
0.229003
0.234784
0.242385
0.284136
0.187067
0.238353
0.285439
0.208664
0.258158
0.240610
0.269020
0.308105
0.224847
0.262754
0.246693
0.237527
0.259020
0.289310
0.248520
0.242492
0.210222
0.232265
0.265853
0.285112
0.284463
0.288965
0.184326
0.220799
0.235220
0.218274
0.326667
0.219004
0.259972
0.246563
0.230004
0.319460
0.248742
0.317270
0.233169
0.249295
0.253360
0.261568
0.208038
0.307568
0.240998
0.281707
0.246962
0.275172
0.316424
0.217597
0.201716
0.184745
0.247637
0.301307
0.206727
0.236977
0.256899
0.255782
0.289132
0.288255
0.277825
0.246458
0.263532
0.295346
0.267315
0.263512
0.209446
0.278346
0.260609
0.248964
0.279709
0.208828
0.242726
0.251846
0.220074
0.270021
0.214575
0.216175
0.259810
0.218782
0.256338
0.305864
0.284893
0.243525
0.265033
0.312051
0.255044
0.240589
0.212614
0.350628
0.217972
0.183534
0.267294
0.215304
0.201798
0.254882
0.244610
0.223163
0.262687
0.202161
0.258095
0.228420
0.414402
0.329122
0.289171
0.244834
0.352828
0.385215
0.331221
0.343113
0.341577
0.256380
0.319020
0.271320
0.355867
0.319180
0.246171
0.346457
0.285822
0.229438
0.225854
0.289677
0.330471
0.312960
0.191616
0.321020
0.257915
0.333380
0.272789
0.294870
0.236420
0.318648
0.255102
0.329195
0.203412
0.193792
0.280705
0.274580
0.276275
0.213147
0.279604
0.309918
0.319625
0.220535
0.205634
0.194815
0.272651
0.234526
0.250275
0.289680
0.220432
0.294608
0.283048
0.207501
0.227084
0.259960
0.241459
0.210891
0.241960
0.234182
0.251958
0.263811
0.216840
0.281064
0.283259
0.174422
0.327373
0.263675
0.243553
0.281561
0.292496
0.268576
0.422041
0.236818
0.350469
0.298304
0.322611
0.196219
0.340818
0.238553
0.324953
0.310708
0.266003
0.242593
0.305310
0.259805
0.291199
0.291516
0.264091
0.289234
0.275366
0.322224
0.254975
0.263639
0.220109
0.229543
0.299341
0.311207
0.281963
0.279061
0.283985
0.203044
0.298712
0.303371
0.287118
0.205194
0.325022
0.429531
0.323656
0.323761
0.283446
0.277354
0.252955
0.212057
0.265053
0.214215
0.285120
0.276477
0.310852
0.292586
0.222750
0.345635
0.274389
0.253379
0.291006
0.389409
0.318767
0.338405
0.299575
0.235384
0.256387
0.253115
0.296593
0.235042
0.252342
0.219637
0.272515
0.332003
0.240784
0.282881
0.342499
0.254247
0.282632
0.394010
0.237362
0.243434
0.239644
0.253474
0.359498
0.273595
0.319884
0.308314
0.208566
0.295451
0.256973
0.301113
0.249486
0.281691
0.315804
0.271971
0.338609
0.247477
0.247634
0.231355
0.291152
0.269712
0.246014
0.217161
0.416912
0.275425
0.321128
0.213861
0.345252
0.219993
0.328137
0.262254
0.262399
0.202377
0.258389
0.278315
0.208165
0.228474
0.344682
0.279015
0.326005
0.226997
0.276722
0.331081
0.305474
0.238175
0.376178
0.288737
0.209360
0.258056
0.228843
0.245440
0.248154
0.274066
0.204974
0.334003
0.391555
0.267326
0.308185
0.219609
0.294139
0.198947
0.235070
0.313090
0.319781
0.292650
0.197734
0.319994
0.287571
0.219608
0.254183
0.266347
0.259735
0.306329
0.221708
0.232791
0.275541
0.265358
0.247776
0.318760
0.270018
0.205490
0.235362
0.211603
0.246122
0.262398
0.222334
0.298000
0.278035
0.233297
0.227283
0.243275
0.218020
0.247374
0.334270
0.219289
0.319137
0.318923
0.293422
0.187396
0.259006
0.239310
0.249220
0.209384
0.226314
0.361138
0.257595
0.179907
0.281186
0.188247
0.244830
0.225227
0.232314
0.175885
0.313631
0.248798
0.249145
0.249696
0.271035
0.247833
0.256541
0.276291
0.269781
0.249443
0.242004
0.232881
0.224288
0.211525
0.217978
0.300102
0.199646
0.309977
0.262442
0.314686
0.276034
0.261934
0.254681
0.216994
0.236710
0.226556
0.291764
0.224402
0.208383
0.266887
0.374901
0.226058
0.241107
0.255677
0.320355
0.268309
0.270805
0.209605
0.316797
0.257196
0.257575
0.256979
0.205148
0.242380
0.268209
0.217181
0.282552
0.284964
0.222907
0.332028
0.184899
0.252761
0.225563
0.260502
0.243280
0.287508
0.265360
0.216515
0.290176
0.313219
0.263289
0.265116
0.283522
0.273460
0.267482
0.223502
0.255299
0.227270
0.201075
0.266327
0.274588
0.204044
0.260575
0.287665
0.225378
0.228234
0.302234
0.233131
0.199530
0.229480
0.301108
0.223211
0.268833
0.165370
0.303528
0.256441
0.243863
0.310832
0.224047
0.260871
0.228765
0.231600
0.239523
0.281939
0.184489
0.236566
0.284530
0.206089
0.255505
0.238753
0.265394
0.303976
0.220942
0.262851
0.241441
0.233840
0.252129
0.284593
0.244005
0.240052
0.207600
0.230590
0.261458
0.280211
0.279659
0.281269
0.176273
0.213887
0.225809
0.213330
0.319119
0.213946
0.250419
0.237368
0.228824
0.317183
0.244348
0.309105
0.232057
0.242438
0.246634
0.258120
0.202075
0.306542
0.233076
0.275672
0.241293
0.264458
0.313080
0.208682
0.199447
0.180450
0.241148
0.292839
0.204119
0.233661
0.251164
0.251181
0.281588
0.286478
0.265925
0.230463
0.251501
0.281706
0.256999
0.247051
0.197198
0.268809
0.253514
0.237389
0.278149
0.204797
0.238018
0.241331
0.218013
0.261119
0.207566
0.209335
0.251331
0.207272
0.249622
0.289435
0.278772
0.236304
0.255993
0.310970
0.245011
0.234586
0.202517
0.337810
0.204536
0.179036
0.261919
0.204020
0.192631
0.242746
0.236576
0.218602
0.255832
0.196771
0.242862
0.213539
0.396867
0.314690
0.279734
0.236071
0.336843
0.372311
0.317346
0.331615
0.324530
0.244832
0.309573
0.258102
0.341818
0.308680
0.238475
0.332351
0.276689
0.225062
0.221020
0.284521
0.323276
0.302444
0.186467
0.310124
0.254567
0.327130
0.266771
0.288520
0.234195
0.316375
0.249445
0.327135
0.198646
0.191299
0.278370
0.270463
0.270759
0.211244
0.273869
0.303107
0.313280
0.218953
0.201818
0.194487
0.267888
0.230640
0.245719
0.281069
0.220163
0.290849
0.278260
0.206364
0.222541
0.258069
0.238527
0.208139
0.240258
0.227785
0.245750
0.260278
0.212682
0.276510
0.275330
0.171194
0.322379
0.260624
0.236755
0.275294
0.285335
0.266504
0.409709
0.235374
0.340937
0.290888
0.316372
0.192579
0.325896
0.234697
0.310609
0.297436
0.252569
0.234591
0.293004
0.257316
0.287322
0.280084
0.255997
0.280768
0.266356
0.316450
0.243603
0.257547
0.217533
0.228635
0.291557
0.300787
0.269041
0.268339
0.277613
0.194429
0.294161
0.291065
0.280438
0.201669
0.318078
0.415799
0.323123
0.320746
0.272159
0.265677
0.246058
0.207415
0.254256
0.208692
0.277389
0.271677
0.303307
0.276771
0.216690
0.339035
0.269264
0.252970
0.275944
0.373663
0.306559
0.326000
0.287306
0.226629
0.248060
0.243461
0.279136
0.226064
0.244833
0.208066
0.261148
0.317276
0.228018
0.269557
0.325173
0.247809
0.272265
0.380878
0.223520
0.233851
0.224182
0.243690
0.346761
0.262548
0.318019
0.291428
0.202047
0.284052
0.248497
0.286363
0.240871
0.266855
0.299918
0.263254
0.327533
0.239979
0.240820
0.227230
0.281344
0.266379
0.241596
0.211796
0.403850
0.263134
0.314418
0.207898
0.328781
0.210536
0.313541
0.255350
0.254430
0.192781
0.249788
0.273568
0.198562
0.223055
0.328661
0.270313
0.314246
0.220449
0.264387
0.315861
0.292213
0.229713
0.365594
0.277532
0.201060
0.251393
0.221726
0.236542
0.237134
0.271047
0.198565
0.322968
0.371009
0.262149
0.301459
0.208864
0.287004
0.195040
0.234601
0.305170
0.308350
0.283791
0.189497
0.307685
0.280753
0.213512
0.248998
0.261701
0.251684
0.297795
0.209361
0.224974
0.265299
0.253306
0.234922
0.315012
0.252193
0.203217
0.224521
0.200311
0.238237
0.257214
0.217140
0.283516
0.267821
0.227006
0.217448
0.234018
0.212134
0.243926
0.325813
0.210510
0.313406
0.304733
0.284601
0.184926
0.251997
0.230399
0.246403
0.205677
0.215793
0.351592
0.252744
0.171472
0.274281
0.188370
0.242121
0.220542
0.227498
0.168713
0.299820
0.244293
0.238883
0.239539
0.264536
0.241768
0.244368
0.268070
0.263821
0.236388
0.239355
0.229071
0.219987
0.204653
0.209299
0.290401
0.187662
0.303286
0.257220
0.305244
0.267352
0.255407
0.244797
0.211608
0.234010
0.218649
0.284396
0.219534
0.203772
0.260045
0.355891
0.217020
0.230501
0.248849
0.305377
0.267844
0.258737
0.201679
0.304031
0.249379
0.250100
0.252219
0.194926
0.236398
0.261777
0.212810
0.273862
0.275563
0.214922
0.317762
0.184258
0.242446
0.221023
0.252673
0.232997
0.277670
0.258769
0.211604
0.276275
0.296748
0.253382
0.254981
0.278821
0.264165
0.265504
0.222683
0.252154
0.220150
0.198750
0.255078
0.265663
0.200839
0.256497
0.274516
0.218208
0.227130
0.292812
0.226215
0.198749
0.222439
0.291883
0.220587
0.259977
0.164723
0.293213
0.249140
0.239174
0.300587
0.217291
0.255570
0.227398
0.225279
0.233240
0.276215
0.179467
0.232242
0.281783
0.200466
0.249539
0.233267
0.258818
0.295520
0.215823
0.261418
0.234010
0.228810
0.243696
0.275839
0.240009
0.238823
0.204744
0.228226
0.254351
0.273645
0.273088
0.270221
0.172206
0.208385
0.219452
0.208501
0.311171
0.210815
0.243997
0.229309
0.227030
0.311476
0.241351
0.301316
0.230144
0.235201
0.239372
0.253622
0.198583
0.300167
0.227579
0.270218
0.237745
0.257283
0.306933
0.205158
0.197619
0.178939
0.235553
0.287424
0.202351
0.229790
0.247392
0.247294
0.271466
0.280050
0.257958
0.227085
0.247859
0.273845
0.255391
0.243733
0.195719
0.262925
0.249572
0.233009
0.272301
0.202705
0.235869
0.236913
0.216092
0.254621
0.203219
0.206961
0.248783
0.206463
0.243305
0.278297
0.272511
0.229943
0.249446
0.307127
0.236396
0.232220
0.199725
0.323050
0.203450
0.176833
0.255726
0.201179
0.191873
0.235513
0.233983
0.216356
0.249449
0.194435
0.231766
0.205494
0.377724
0.301711
0.271135
0.229493
0.321761
0.355566
0.304417
0.316966
0.311313
0.232152
0.297094
0.251061
0.328886
0.298063
0.232002
0.315583
0.268229
0.219566
0.215269
0.276482
0.312448
0.287910
0.181259
0.296013
0.250012
0.317206
0.258833
0.280116
0.230651
0.311490
0.241058
0.322316
0.194160
0.188404
0.274889
0.264740
0.259896
0.204550
0.261373
0.289983
0.301798
0.217254
0.196741
0.194747
0.261022
0.225238
0.239271
0.268259
0.220196
0.285138
0.271134
0.205088
0.216003
0.255331
0.234403
0.204353
0.237844
0.218457
0.236416
0.255136
0.206695
0.269751
0.263400
0.166659
0.314602
0.255629
0.226882
0.265604
0.275326
0.264445
0.394419
0.232425
0.327977
0.281249
0.308114
0.189137
0.307110
0.230185
0.295849
0.283569
0.238797
0.227529
0.280196
0.255327
0.282298
0.267938
0.248940
0.271422
0.257259
0.308584
0.232572
0.251153
0.216845
0.229405
0.283274
0.290123
0.255230
0.255861
0.270639
0.186372
0.289594
0.277822
0.273038
0.198977
0.310292
0.398543
0.321928
0.315546
0.261201
0.256205
0.238702
0.203635
0.245480
0.205793
0.270930
0.267874
0.295242
0.262210
0.213249
0.331241
0.265142
0.253029
0.265671
0.356582
0.291590
0.315530
0.276718
0.224609
0.242983
0.244762
0.274442
0.221350
0.242356
0.206171
0.254678
0.306606
0.222228
0.264058
0.315786
0.244875
0.265416
0.366712
0.225103
0.228626
0.220987
0.243867
0.334553
0.257845
0.312913
0.280654
0.203916
0.279457
0.242946
0.285660
0.238076
0.260804
0.291553
0.255138
0.325726
0.233496
0.234453
0.225123
0.272833
0.262194
0.237406
0.207595
0.389041
0.252498
0.308066
0.207646
0.320951
0.208276
0.300791
0.253188
0.250168
0.190524
0.245497
0.269425
0.198253
0.218827
0.315851
0.263911
0.301557
0.216171
0.255806
0.305126
0.281574
0.227414
0.357050
0.268987
0.198766
0.249138
0.217426
0.232172
0.230641
0.268942
0.196334
0.312397
0.351902
0.257917
0.293087
0.202383
0.278630
0.190862
0.232444
0.294187
0.304451
0.273153
0.187484
0.298673
0.275177
0.214024
0.245547
0.255008
0.248357
0.298989
0.214530
0.225408
0.260333
0.250257
0.232728
0.311196
0.251302
0.201796
0.228224
0.200486
0.234787
0.254897
0.218844
0.283114
0.258843
0.225878
0.216097
0.236066
0.214586
0.239740
0.319031
0.216028
0.307714
0.300040
0.282206
0.187737
0.247638
0.228064
0.245626
0.205810
0.215153
0.341981
0.250097
0.176611
0.269834
0.188401
0.237185
0.225707
0.224793
0.176539
0.294711
0.241245
0.242021
0.238554
0.259797
0.239180
0.236156
0.260386
0.264483
0.235451
0.237664
0.224884
0.219471
0.205947
0.215186
0.277158
0.192557
0.294549
0.257392
0.301253
0.260022
0.249903
0.241037
0.208450
0.235354
0.216818
0.279333
0.219053
0.203157
0.254727
0.342220
0.215752
0.224190
0.243520
0.295482
0.265119
0.250232
0.199832
0.295935
0.247488
0.245115
0.248776
0.188410
0.233567
0.256272
0.209180
0.266625
0.265798
0.213027
0.304638
0.184513
0.238916
0.220357
0.250779
0.226557
0.271009
0.256251
0.208237
0.265888
0.284774
0.246764
0.248482
0.275370
0.260123
0.263572
0.223047
0.250808
0.217892
0.196991
0.246283
0.261448
0.199521
0.255656
0.263872
0.213090
0.227647
0.286006
0.221024
0.196274
0.220029
0.284969
0.218980
0.252880
0.164998
0.286834
0.244139
0.235743
0.291349
0.212029
0.252456
0.225232
0.222604
0.230591
0.270467
0.179023
0.228646
0.280248
0.197488
0.246739
0.227402
0.253476
0.288269
0.212610
0.259254
0.229093
0.225559
0.239260
0.268732
0.238985
0.241364
0.204573
0.227191
0.250755
0.269076
0.268522
0.262658
0.174228
0.207456
0.220097
0.206341
0.308624
0.211058
0.248763
0.230800
0.225179
0.305235
0.243936
0.301908
0.228530
0.234083
0.238206
0.251902
0.202277
0.294524
0.225603
0.266802
0.236723
0.254668
0.301938
0.207272
0.198159
0.181832
0.236589
0.288322
0.203967
0.228915
0.247105
0.246234
0.265106
0.274017
0.253873
0.229360
0.248317
0.271376
0.257311
0.246263
0.198507
0.260220
0.247154
0.231738
0.265499
0.201799
0.235459
0.235852
0.214288
0.251788
0.201663
0.207672
0.250443
0.211929
0.239359
0.274956
0.268299
0.226274
0.246819
0.302648
0.232020
0.232640
0.202323
0.313309
0.210137
0.176402
0.251187
0.204461
0.196383
0.234867
0.235637
0.216029
0.245803
0.194611
0.227912
0.205079
0.365937
0.295187
0.266466
0.229191
0.317006
0.345196
0.300559
0.308048
0.310406
0.225981
0.289108
0.255151
0.325282
0.293935
0.230836
0.306282
0.265581
0.219274
0.215512
0.270115
0.305837
0.282572
0.185827
0.295266
0.248017
0.308910
0.257561
0.279719
0.226838
0.304576
0.235244
0.315577
0.197256
0.188691
0.271074
0.259813
0.256123
0.207604
0.259278
0.284865
0.295048
0.215311
0.198105
0.194472
0.260550
0.223320
0.234782
0.262813
0.212967
0.283575
0.267319
0.206304
0.211618
0.254409
0.231249
0.204430
0.236604
0.216772
0.234743
0.252966
0.205352
0.265612
0.257130
0.167447
0.307896
0.249789
0.222194
0.260752
0.267257
0.262970
0.387978
0.231008
0.318807
0.278328
0.304405
0.187903
0.301309
0.227008
0.293316
0.277674
0.235554
0.225850
0.276410
0.250770
0.274065
0.263914
0.244572
0.265678
0.254062
0.299337
0.230548
0.246472
0.216971
0.228725
0.279684
0.287857
0.252066
0.249301
0.266345
0.185299
0.286621
0.274326
0.268983
0.197605
0.306469
0.392386
0.317126
0.307706
0.258964
0.255883
0.234615
0.202843
0.242177
0.204549
0.266512
0.264459
0.288937
0.256862
0.212308
0.324975
0.261994
0.253436
0.256132
0.344274
0.281380
0.308373
0.269615
0.219878
0.237515
0.240565
0.265558
0.215488
0.239753
0.203610
0.249225
0.298353
0.216889
0.258763
0.307704
0.242186
0.259925
0.356819
0.224232
0.224517
0.217159
0.242767
0.326108
0.253812
0.309891
0.272389
0.205319
0.275443
0.238795
0.283305
0.235434
0.255475
0.284774
0.249498
0.323217
0.229366
0.230266
0.223817
0.267329
0.259320
0.234553
0.204795
0.379159
0.245547
0.303888
0.208065
0.311325
0.207200
0.292459
0.251963
0.247501
0.189391
0.242856
0.266574
0.198690
0.216032
0.307599
0.259785
0.293087
0.213432
0.250375
0.298353
0.274647
0.226294
0.351562
0.263502
0.197639
0.247946
0.214734
0.229571
0.226660
0.267527
0.195134
0.305409
0.339461
0.255180
0.287475
0.198283
0.272970
0.188026
0.231136
0.287708
0.297102
0.266235
0.182563
0.290187
0.270234
0.210017
0.241984
0.251158
0.241232
0.290765
0.202356
0.218121
0.251317
0.239331
0.220950
0.307938
0.234907
0.199461
0.220222
0.191975
0.228498
0.250598
0.214776
0.272332
0.250592
0.220885
0.208595
0.229187
0.210144
0.236667
0.312163
0.209742
0.302844
0.289359
0.275389
0.185766
0.242014
0.221224
0.243182
0.202819
0.207312
0.334264
0.246144
0.170609
0.264309
0.188141
0.234608
0.222377
0.220895
0.171595
0.284301
0.237558
0.234617
0.230982
0.254486
0.235234
0.227645
0.254226
0.261210
0.227874
0.235813
0.221851
0.216916
0.202334
0.211459
0.269050
0.186822
0.289055
0.254515
0.294460
0.253641
0.245140
0.234074
0.204643
0.233679
0.211301
0.274016
0.215743
0.200015
0.249744
0.328191
0.209448
0.216508
0.238560
0.284506
0.264792
0.241395
0.194261
0.286610
0.241965
0.239713
0.245371
0.180986
0.229309
0.251575
0.206016
0.260231
0.258790
0.207420
0.294036
0.184197
0.231510
0.217204
0.245213
0.219069
0.263827
0.251548
0.204714
0.255657
0.272640
0.239531
0.241088
0.271976
0.253419
0.262184
0.222565
0.248592
0.212811
0.195357
0.238007
0.254988
0.197267
0.252737
0.254081
0.207913
0.226936
0.279101
0.215975
0.195726
0.214978
0.278207
0.217135
0.246381
0.164629
0.279321
0.238815
0.232347
0.283783
0.207097
0.248622
0.224261
0.218017
0.226054
0.266257
0.175472
0.225508
0.278335
0.193414
0.242428
0.223376
0.248678
0.282065
0.208917
0.258290
0.223627
0.221910
0.233119
0.262315
0.236221
0.238561
0.201229
0.224828
0.244097
0.263526
0.262974
0.253304
0.168399
0.201380
0.212232
0.201663
0.301179
0.207254
0.236748
0.218822
0.223778
0.301577
0.237817
0.290915
0.226900
0.224858
0.229091
0.246890
0.194923
0.291162
0.215023
0.258348
0.229165
0.240150
0.296795
0.196407
0.193776
0.173931
0.223597
0.274896
0.198257
0.222419
0.239712
0.240001
0.254097
0.271018
0.243660
0.218049
0.239721
0.259206
0.250751
0.234528
0.190633
0.252130
0.242867
0.225713
0.263576
0.199445
0.232351
0.229480
0.213283
0.243907
0.196054
0.202885
0.244223
0.204102
0.233103
0.259248
0.262444
0.219577
0.238535
0.301491
0.222143
0.228251
0.194677
0.298850
0.200342
0.173247
0.245805
0.195596
0.189908
0.223492
0.229255
0.212682
0.238999
0.190448
0.212986
0.191365
0.346026
0.279991
0.256889
0.218460
0.296549
0.328228
0.282828
0.293068
0.288804
0.211285
0.276784
0.238736
0.307253
0.280477
0.221239
0.287991
0.254062
0.212406
0.207920
0.263507
0.295692
0.266852
0.176375
0.277357
0.243356
0.300631
0.248058
0.269090
0.224597
0.302572
0.227848
0.313421
0.189583
0.184831
0.268791
0.255144
0.246063
0.200035
0.246980
0.272729
0.285095
0.214409
0.192718
0.195164
0.253785
0.218478
0.229518
0.251113
0.215218
0.278353
0.261150
0.204964
0.206214
0.252082
0.228053
0.200744
0.234684
0.207736
0.225690
0.248434
0.199710
0.259875
0.246556
0.162773
0.301769
0.246345
0.213357
0.252131
0.259143
0.261414
0.373807
0.229301
0.308367
0.270966
0.298170
0.185314
0.286290
0.223831
0.281601
0.266648
0.224761
0.220616
0.266361
0.249494
0.270115
0.254251
0.239147
0.258336
0.247061
0.292983
0.221957
0.241529
0.216959
0.229847
0.273259
0.279563
0.241180
0.239311
0.260968
0.179168
0.283224
0.263622
0.263282
0.195716
0.300701
0.380598
0.314317
0.301309
0.252423
0.250960
0.228967
0.200673
0.236190
0.202612
0.261091
0.261102
0.281945
0.246816
0.210235
0.318107
0.258500
0.253941
0.246244
0.329559
0.269068
0.297582
0.258948
0.214072
0.230958
0.235220
0.254010
0.208611
0.232730
0.195435
0.237890
0.283050
0.204087
0.245364
0.289712
0.236221
0.249446
0.342642
0.215020
0.216960
0.205338
0.236321
0.314076
0.245166
0.308545
0.257396
0.200721
0.266518
0.231901
0.272510
0.229077
0.243230
0.271077
0.241708
0.315066
0.222359
0.224139
0.220729
0.257732
0.256750
0.231781
0.201225
0.366573
0.234922
0.298702
0.205205
0.297416
0.201018
0.279379
0.247697
0.241799
0.183605
0.236652
0.263336
0.192928
0.212216
0.293274
0.252793
0.282025
0.208660
0.239992
0.285100
0.263661
0.220490
0.342459
0.253921
0.191901
0.243480
0.209367
0.222784
0.217659
0.265851
0.190730
0.295310
0.319782
0.251164
0.281210
0.189364
0.266353
0.184951
0.231214
0.279884
0.287364
0.257710
0.176176
0.278989
0.265021
0.207175
0.238529
0.246945
0.235311
0.285692
0.195449
0.213215
0.243283
0.230502
0.211669
0.305135
0.222275
0.198597
0.211232
0.182294
0.221852
0.246613
0.211065
0.259419
0.241322
0.215877
0.200090
0.221422
0.205670
0.234221
0.304614
0.202570
0.298027
0.276224
0.267663
0.184494
0.235952
0.213392
0.241329
0.200151
0.197969
0.325429
0.242203
0.163490
0.258238
0.189116
0.232592
0.218857
0.216919
0.165676
0.271426
0.233839
0.225457
0.221776
0.248563
0.231074
0.217452
0.247244
0.257798
0.218554
0.234484
0.219087
0.214532
0.198317
0.207027
0.259613
0.179466
0.282908
0.251485
0.286136
0.246158
0.239782
0.225465
0.200420
0.232084
0.204534
0.267779
0.211949
0.196452
0.243951
0.310350
0.201437
0.206976
0.232783
0.270613
0.265326
0.230382
0.187265
0.274851
0.235010
0.233195
0.241513
0.171741
0.224189
0.246047
0.202515
0.252479
0.250393
0.200288
0.280866
0.184290
0.222090
0.213383
0.238076
0.209649
0.254855
0.245673
0.200599
0.242714
0.257149
0.230447
0.231753
0.267975
0.244809
0.260909
0.222336
0.246067
0.206292
0.193696
0.227639
0.246697
0.194651
0.249096
0.241750
0.201551
0.226343
0.270441
0.209779
0.195645
0.208418
0.269746
0.215076
0.238307
0.164449
0.269642
0.232160
0.228263
0.274429
0.201025
0.243855
0.223488
0.212098
0.220208
0.261256
0.170753
0.221775
0.276048
0.188242
0.236890
0.218633
0.242738
0.274349
0.204295
0.257411
0.216729
0.217358
0.225130
0.254253
0.232491
0.237559
0.198735
0.222861
0.237531
0.257549
0.256993
0.243007
0.164562
0.196268
0.206162
0.197283
0.293654
0.204427
0.230573
0.211169
0.222399
0.296497
0.235150
0.283556
0.225429
0.218046
0.222307
0.242858
0.191650
0.285685
0.207769
0.251749
0.224316
0.230182
0.291074
0.191395
0.191351
0.172487
0.218271
0.269758
0.196499
0.218674
0.236071
0.236236
0.244447
0.264751
0.236078
0.214886
0.236261
0.251765
0.249212
0.231438
0.189241
0.246470
0.238894
0.222041
0.257232
0.197453
0.230448
0.225810
0.211140
0.238224
0.192287
0.201162
0.242675
0.204886
0.227284
0.250268
0.256582
0.213820
0.232972
0.297206
0.214617
0.226395
0.195654
0.286521
0.205361
0.171836
0.239929
0.197328
0.193197
0.220935
0.229682
0.211443
0.233968
0.189681
0.206678
0.188847
0.331116
0.271057
0.250620
0.214357
0.285917
0.313710
0.273724
0.280374
0.281227
0.201082
0.265707
0.236753
0.298228
0.274222
0.218437
0.275832
0.249539
0.210783
0.206843
0.255438
0.287043
0.259186
0.179834
0.274470
0.240170
0.290744
0.245621
0.267237
0.219714
0.294654
0.220474
0.305370
0.191798
0.184265
0.263949
0.248927
0.240682
0.202205
0.243251
0.265769
0.276543
0.211710
0.193306
0.194422
0.252274
0.215563
0.223800
0.243883
0.207090
0.275879
0.256241
0.205866
0.200610
0.250412
0.223949
0.200115
0.232692
0.207088
0.225056
0.246306
0.198904
0.255239
0.239861
0.164778
0.293609
0.238439
0.210203
0.248656
0.249881
0.260428
0.370169
0.228506
0.298228
0.270200
0.295470
0.185989
0.284159
0.220680
0.283249
0.262426
0.225039
0.220979
0.265326
0.242916
0.258449
0.252211
0.234888
0.252551
0.245561
0.280561
0.223094
0.236354
0.217823
0.228711
0.270660
0.280222
0.241499
0.233181
0.256487
0.181038
0.280146
0.263459
0.259428
0.194802
0.297145
0.374458
0.308703
0.292121
0.251455
0.252341
0.225061
0.200681
0.233464
0.201866
0.256579
0.257591
0.275064
0.242010
0.209898
0.310768
0.255232
0.253011
0.241108
0.317437
0.257403
0.291030
0.252338
0.212884
0.227137
0.236936
0.251587
0.205211
0.231019
0.194336
0.233339
0.275444
0.200314
0.241898
0.283549
0.233947
0.244441
0.331938
0.216971
0.212988
0.203593
0.236867
0.304851
0.241752
0.303945
0.249717
0.202233
0.263276
0.227609
0.272874
0.227060
0.239200
0.265287
0.235412
0.313996
0.218180
0.219517
0.219580
0.252383
0.252844
0.227983
0.197834
0.355285
0.227625
0.293647
0.206462
0.291811
0.201465
0.270875
0.247188
0.239531
0.183860
0.234643
0.259858
0.195548
0.209008
0.285457
0.248729
0.272590
0.205949
0.235153
0.279236
0.256664
0.220780
0.337042
0.248710
0.192153
0.243131
0.206986
0.221117
0.214633
0.264117
0.190321
0.287936
0.307333
0.248123
0.274391
0.186312
0.259719
0.181470
0.228633
0.271410
0.284971
0.249601
0.174465
0.272311
0.260146
0.206097
0.235261
0.241543
0.230821
0.283306
0.194105
0.210693
0.237512
0.225119
0.206558
0.301657
0.216246
0.196643
0.209538
0.178767
0.217468
0.243514
0.209886
0.254794
0.233657
0.213062
0.196242
0.219380
0.204719
0.230702
0.298516
0.202374
0.293192
0.269660
0.263629
0.184667
0.231463
0.209395
0.239677
0.198725
0.194396
0.317751
0.239147
0.163289
0.253788
0.188697
0.229028
0.219666
0.213893
0.167133
0.264885
0.230753
0.223843
0.218205
0.244107
0.228119
0.210211
0.241115
0.256624
0.215027
0.232761
0.215795
0.213095
0.197310
0.208096
0.250255
0.179333
0.276600
0.250223
0.282372
0.240216
0.235236
0.221780
0.197532
0.232406
0.202320
0.263482
0.210907
0.195353
0.239563
0.299370
0.199557
0.201612
0.228382
0.262515
0.263171
0.223482
0.185129
0.268154
0.232866
0.229013
0.238581
0.166337
0.221579
0.241625
0.199499
0.246714
0.242880
0.198199
0.270758
0.184229
0.218558
0.212372
0.235992
0.204332
0.249431
0.243278
0.197768
0.234491
0.247668
0.225071
0.226446
0.265163
0.241203
0.259284
0.222341
0.244749
0.204066
0.192170
0.220717
0.243027
0.193361
0.248053
0.233442
0.197424
0.226444
0.265005
0.205619
0.193755
0.206211
0.264272
0.213665
0.232746
0.164453
0.264459
0.228126
0.225481
0.267331
0.196862
0.241235
0.221786
0.209748
0.217842
0.256860
0.169964
0.218928
0.274697
0.185725
0.234457
0.214193
0.238569
0.268757
0.201655
0.255726
0.212724
0.215723
0.224181
0.249176
0.233837
0.239164
0.198273
0.221625
0.234536
0.253686
0.253134
0.236985
0.166109
0.195425
0.206748
0.195345
0.291963
0.204470
0.231329
0.209833
0.220275
0.291299
0.234956
0.281780
0.223441
0.215453
0.219672
0.240403
0.192360
0.280808
0.205841
0.248846
0.223083
0.228026
0.286847
0.190395
0.190563
0.171090
0.214213
0.265689
0.195134
0.215968
0.233351
0.233517
0.237686
0.259847
0.231700
0.214568
0.235079
0.247703
0.249226
0.231300
0.189706
0.243309
0.236369
0.219995
0.252034
0.196115
0.229370
0.223950
0.209365
0.235028
0.190193
0.200669
0.242662
0.207278
0.223554
0.245952
0.252732
0.210250
0.229936
0.293706
0.210241
0.225922
0.193811
0.277056
0.204458
0.170373
0.235942
0.195307
0.192542
0.216335
0.227704
0.210927
0.230865
0.189465
0.202758
0.187432
0.321279
0.265286
0.246680
0.211891
0.278980
0.304155
0.267847
0.272063
0.276297
0.194419
0.258437
0.235763
0.292342
0.269374
0.216091
0.267034
0.245960
0.209474
0.205717
0.250568
0.281366
0.253220
0.180931
0.270814
0.238258
0.284510
0.242918
0.265149
0.217136
0.290355
0.215759
0.300994
0.192364
0.183806
0.261284
0.245169
0.236646
0.202724
0.239799
0.260519
0.270681
0.210394
0.193456
0.194483
0.250831
0.213608
0.220222
0.238535
0.203284
0.273735
0.253504
0.207113
0.197522
0.250160
0.221879
0.200539
0.232219
0.203693
0.221672
0.243976
0.196646
0.251610
0.233801
0.163818
0.288672
0.235157
0.203675
0.242212
0.243237
0.258469
0.360357
0.226503
0.290143
0.264772
0.290564
0.183616
0.273962
0.217626
0.275476
0.254526
0.217639
0.217000
0.258295
0.240844
0.254344
0.245476
0.230497
0.246857
0.240416
0.274997
0.217232
0.232248
0.217201
0.228647
0.265855
0.274513
0.234168
0.225931
0.252207
0.176652
0.277237
0.256354
0.255007
0.193041
0.292585
0.364975
0.307103
0.288150
0.245716
0.247530
0.220681
0.198522
0.228538
0.200059
0.252486
0.255027
0.270082
0.234030
0.207909
0.306004
0.252608
0.253324
0.233291
0.306861
0.248637
0.283880
0.245258
0.209292
0.222795
0.233950
0.244543
0.200664
0.227682
0.190769
0.227339
0.266868
0.193937
0.235379
0.274283
0.230926
0.238697
0.322901
0.213853
0.208763
0.198281
0.234502
0.297136
0.237239
0.302063
0.241240
0.201419
0.258718
0.223576
0.268515
0.223927
0.233005
0.257933
0.230343
0.310375
0.214089
0.215644
0.217890
0.248083
0.250093
0.225285
0.195371
0.346476
0.221855
0.289865
0.207408
0.287046
0.201618
0.264050
0.246757
0.237724
0.183907
0.232997
0.257286
0.197482
0.206623
0.279041
0.245504
0.265152
0.203868
0.231170
0.274330
0.251046
0.220854
0.332664
0.244489
0.192202
0.242778
0.205091
0.219666
0.212050
0.262826
0.190183
0.282053
0.297150
0.245797
0.269123
0.183710
0.254564
0.178842
0.226837
0.264850
0.282339
0.243264
0.172686
0.266669
0.256409
0.205122
0.232725
0.237544
0.227234
0.281198
0.192430
0.208499
0.232742
0.220563
0.202126
0.298968
0.210976
0.195237
0.207722
0.175587
0.213872
0.240981
0.208810
0.250565
0.227489
0.210755
0.192918
0.217415
0.203784
0.228059
0.293617
0.201782
0.289392
0.264025
0.260207
0.184774
0.227841
0.205994
0.238380
0.197519
0.191178
0.311476
0.236690
0.162863
0.250138
0.188469
0.226246
0.222483
0.211506
0.168272
0.259521
0.228317
0.222470
0.215271
0.240534
0.225774
0.204332
0.236183
0.255705
0.212120
0.231443
0.213195
0.211982
0.196511
0.208941
0.242688
0.179168
0.271523
0.249233
0.279278
0.235402
0.231575
0.218747
0.195215
0.232700
0.200493
0.259996
0.210066
0.194467
0.235991
0.290343
0.197970
0.197213
0.224818
0.255847
0.261506
0.217821
0.183349
0.262639
0.231079
0.225599
0.236210
0.161898
0.219449
0.238032
0.197067
0.242002
0.236756
0.196447
0.262460
0.184195
0.215727
0.211538
0.234241
0.199948
0.244965
0.241297
0.195463
0.227711
0.239834
0.220635
0.222056
0.262837
0.238205
0.257990
0.222373
0.243682
0.202206
0.190949
0.215018
0.239977
0.192312
0.247189
0.226595
0.194036
0.226546
0.260519
0.202202
0.192260
0.204362
0.259759
0.212521
0.228167
0.164477
0.260168
0.224798
0.223199
0.261491
0.193438
0.239076
0.220424
0.207788
0.215869
0.253258
0.169283
0.216594
0.273603
0.183638
0.232435
0.210555
0.235138
0.264153
0.199483
0.254419
0.209519
0.212522
0.218350
0.244214
0.230616
0.237892
0.196369
0.220305
0.230204
0.249989
0.249435
0.230560
0.162840
0.191665
0.201925
0.192406
0.286682
0.202216
0.226377
0.204283
0.219643
0.288638
0.232874
0.276542
0.222645
0.210834
0.215084
0.237813
0.189660
0.277930
0.200748
0.244489
0.219634
0.220944
0.283466
0.186606
0.189553
0.170449
0.211360
0.263024
0.194222
0.213883
0.231376
0.231425
0.232177
0.256971
0.226381
0.210597
0.231704
0.242176
0.247091
0.227196
0.187251
0.239023
0.234254
0.218151
0.248145
0.195095
0.228458
0.222148
0.208070
0.232319
0.188297
0.200062
0.242298
0.208606
0.220365
0.241510
0.249478
0.207137
0.227095
0.291097
0.206239
0.225271
0.193715
0.269575
0.206161
0.169510
0.232610
0.195430
0.193687
0.214058
0.227579
0.209119
0.226753
0.187409
0.194899
0.180926
0.309424
0.256727
0.241045
0.207254
0.269171
0.294311
0.259394
0.263426
0.267023
0.186621
0.251154
0.229908
0.284004
0.260359
0.209643
0.254851
0.238251
0.204731
0.200556
0.245709
0.274333
0.242802
0.174801
0.259187
0.235495
0.278867
0.236577
0.258089
0.215182
0.288246
0.210566
0.299044
0.187322
0.181059
0.259443
0.241794
0.229910
0.197753
0.231732
0.252483
0.264000
0.209520
0.189593
0.194595
0.246280
0.210226
0.216512
0.230783
0.204236
0.270308
0.248538
0.205220
0.193324
0.247830
0.219231
0.197015
0.230286
0.196278
0.214245
0.240161
0.191855
0.247189
0.225950
0.159448
0.284382
0.232834
0.196998
0.235710
0.237680
0.256965
0.349782
0.224896
0.282983
0.258982
0.285790
0.181251
0.262652
0.215166
0.266345
0.246386
0.209270
0.212742
0.250610
0.240208
0.252220
0.238340
0.226605
0.241673
0.235074
0.271231
0.210513
0.228848
0.216837
0.229332
0.261121
0.268085
0.225841
0.218923
0.248487
0.171681
0.274836
0.248370
0.250896
0.191589
0.288196
0.355034
0.306998
0.285742
0.239381
0.241835
0.216619
0.196356
0.223561
0.198476
0.248905
0.253165
0.265871
0.225713
0.205986
0.302182
0.250514
0.254365
0.225240
0.296909
0.240824
0.276982
0.238378
0.205543
0.218673
0.230300
0.236823
0.196209
0.224392
0.186845
0.221289
0.258293
0.187267
0.228449
0.264566
0.227982
0.233059
0.314408
0.209954
0.204753
0.192456
0.231790
0.289976
0.232726
0.301047
0.232784
0.200348
0.254120
0.219807
0.263507
0.220797
0.226548
0.250445
0.225763
0.306495
0.210263
0.212191
0.216697
0.241519
0.249144
0.224145
0.193443
0.338837
0.214868
0.286965
0.204904
0.276811
0.196445
0.255259
0.243470
0.233649
0.179090
0.228407
0.255639
0.191808
0.204367
0.268978
0.240775
0.258349
0.200659
0.223692
0.264644
0.243623
0.215933
0.326418
0.237781
0.187348
0.239164
0.201261
0.214408
0.205256
0.262046
0.186421
0.275485
0.283730
0.243327
0.265756
0.176984
0.250853
0.177345
0.227871
0.260690
0.274474
0.238349
0.167664
0.258881
0.253461
0.203102
0.230910
0.235711
0.223578
0.277566
0.186755
0.205189
0.227586
0.214449
0.195557
0.297744
0.201502
0.195028
0.202722
0.170062
0.210134
0.238965
0.207019
0.243048
0.221966
0.208026
0.188062
0.213109
0.201502
0.226807
0.289166
0.197937
0.286629
0.256274
0.255779
0.184440
0.224360
0.201496
0.237602
0.196281
0.185814
0.306247
0.234553
0.158835
0.246663
0.189439
0.225290
0.218375
0.209269
0.164755
0.251560
0.226237
0.216871
0.209648
0.237031
0.223392
0.198090
0.232001
0.253775
0.206407
0.230844
0.211660
0.210696
0.194180
0.206316
0.236927
0.174705
0.267863
0.247528
0.274182
0.230871
0.228395
0.213448
0.192722
0.231885
0.196367
0.256243
0.207841
0.192394
0.232532
0.279166
0.193019
0.191331
0.221352
0.247185
0.262082
0.211002
0.179045
0.255330
0.226795
0.221637
0.233947
0.156189
0.216359
0.234712
0.195027
0.237264
0.231638
0.192033
0.254305
0.184446
0.209749
0.209237
0.229811
0.194108
0.239412
0.237683
0.192996
0.219623
0.230166
0.215015
0.216275
0.260484
0.232836
0.257351
0.222361
0.242210
0.198157
0.190043
0.208587
0.234807
0.190773
0.244964
0.218922
0.190128
0.226265
0.255153
0.198405
0.192389
0.200268
0.254521
0.211335
0.223183
0.164469
0.254089
0.220691
0.220727
0.255709
0.189700
0.235968
0.218666
0.206338
0.214395
0.249162
0.169484
0.214077
0.272586
0.181861
0.230851
0.206307
0.231516
0.259202
0.197435
0.252665
0.206411
0.210442
0.215828
0.239460
0.230385
0.238492
0.195489
0.219131
0.226938
0.246415
0.245866
0.224768
0.162556
0.189897
0.200673
0.190243
0.283816
0.201495
0.225186
0.201609
0.218141
0.284579
0.232075
0.273732
0.221261
0.207729
0.211965
0.235520
0.189128
0.273817
0.197862
0.241251
0.217727
0.217249
0.279763
0.184941
0.187729
0.169867
0.208436
0.260301
0.193303
0.211704
0.229282
0.230418
0.227522
0.252405
0.223296
0.212092
0.231815
0.241797
0.248245
0.228905
0.189075
0.237181
0.232018
0.216099
0.244225
0.194789
0.227488
0.220151
0.206926
0.228872
0.186198
0.199230
0.241594
0.209396
0.216960
0.236291
0.246034
0.203768
0.223872
0.288576
0.201812
0.224372
0.193105
0.261553
0.207076
0.168493
0.229121
0.194917
0.194295
0.211096
0.226840
0.208112
0.223384
0.186472
0.189588
0.177552
