10.478224
9.860837
10.476420
9.200412
10.047142
9.724927
9.509820
12.701938
11.432929
13.927263
10.806688
9.488158
9.282557
8.607642
9.099709
10.085688
10.159705
9.611565
9.453178
8.432877
9.504820
9.433768
10.168104
9.991581
10.802767
9.308440
9.452270
9.877573
9.109637
9.421619
8.652863
9.334850
8.976761
9.567549
9.589655
8.043213
8.749279
9.267512
9.048432
9.776374
8.575796
8.236055
8.868414
7.760630
7.476735
8.181861
8.726844
8.474284
8.859451
9.072637
9.052028
8.525560
8.995127
8.821761
9.546098
10.663507
8.286524
8.623418
8.896629
9.887583
9.466245
9.793761
9.818148
9.662060
9.791131
8.879775
9.247766
8.520750
7.906032
7.497245
7.963033
10.449368
10.214518
10.348041
9.712605
10.113706
9.029670
9.561450
8.470190
8.270672
8.099188
8.148222
9.952418
9.564013
8.737982
8.513335
9.417044
9.967153
10.030110
9.966352
10.451204
7.428406
6.831045
8.201837
9.000045
7.971090
6.635130
7.874241
7.631779
9.358933
5.701399
7.836426
7.134008
8.807766
7.460074
7.958464
10.005330
6.707863
7.020097
7.307713
7.789564
8.839205
8.869637
8.164144
8.646061
6.979750
7.938869
6.440483
7.768319
7.859071
6.044066
4.946060
8.682968
10.359604
7.673451
11.211921
7.580670
10.425855
5.800299
7.230541
10.829190
1.929546
10.190662
6.280952
7.160295
10.205908
9.857295
7.164139
5.282491
9.793665
7.874535
7.918580
6.359703
8.625777
7.025425
7.686804
7.578816
8.261062
9.873201
5.951581
6.658652
1.561261
5.351527
8.670947
8.114290
7.317622
9.529947
9.290368
4.664784
8.716411
7.752285
7.309575
6.338112
8.408863
8.704278
5.915994
7.318495
7.199094
8.764275
10.524451
7.054845
9.018382
8.770047
6.680008
6.937820
6.840492
2.550650
8.764747
8.346585
5.875579
6.422413
4.724319
5.293201
5.919915
7.261055
5.464081
4.182999
8.920424
6.659366
5.861693
6.513330
6.581913
6.905859
6.496655
6.780408
6.254752
6.129389
7.997365
2.491900
2.114292
6.398499
5.927580
6.796481
7.986064
8.649161
7.230701
5.849067
7.406145
6.386661
7.045466
6.149781
7.331555
4.816755
6.861155
7.760517
4.841370
7.630066
7.944779
5.475043
7.743398
7.787025
5.429929
5.816160
7.133420
6.600250
6.063478
4.828259
8.340154
7.258185
8.041228
5.561118
5.815694
5.183083
4.864192
6.562648
3.726180
7.476181
4.488061
6.343353
5.859727
6.293349
5.802928
7.137500
6.756201
6.251861
6.277057
3.366757
5.822365
5.891056
5.515782
5.046458
7.415237
7.170465
5.713030
6.719167
6.471349
5.103353
7.689627
4.803293
6.166741
6.363874
5.330746
5.076498
5.021536
6.160577
5.832850
4.376360
6.631035
5.662586
7.153911
6.290970
5.762374
5.433473
5.090325
7.317990
7.109680
4.243671
5.083068
5.362370
8.512900
5.515525
5.499795
6.103560
6.953571
6.098162
5.070398
5.599499
3.369030
6.841681
6.029568
4.468186
4.814068
4.699246
5.839172
5.281144
4.931453
5.417663
5.565585
4.717175
5.299114
4.345351
4.843084
5.310294
4.961854
3.980202
3.625434
5.795143
5.380531
3.109506
5.156530
3.685234
2.846382
5.198442
4.132501
4.404385
4.402718
3.942081
3.640861
2.776692
2.457294
3.226179
1.632625
3.245708
4.463492
3.703498
4.241046
2.833323
2.438451
3.346215
3.351242
6.386452
3.404807
2.356274
2.062663
1.573285
2.632388
2.255176
6.354267
2.229467
2.046946
2.314906
2.502394
4.425079
2.218200
5.393243
2.244874
2.117128
5.739382
5.245363
5.741409
4.749949
5.393939
5.085222
4.917580
7.266335
6.329807
8.296041
5.924212
4.878696
4.766714
4.337583
4.626109
5.411633
5.382163
5.020680
4.909932
4.180501
4.932396
4.899683
5.420196
5.344141
5.876884
4.837238
4.940312
5.233665
4.661798
4.904570
4.376203
4.847676
4.561652
4.999417
5.010385
3.905350
4.392268
4.790454
4.652136
5.157938
4.313855
4.106461
4.523610
3.783739
3.635230
4.096631
4.454073
4.260994
4.550356
4.706359
4.663708
4.328606
4.665226
4.536751
5.052020
5.847753
4.187861
4.395496
4.644721
5.281342
5.022095
5.216522
5.250793
5.168805
5.245634
4.654738
4.880485
4.359320
3.968067
3.694925
4.008810
5.739462
5.558784
5.678357
5.182627
5.470050
4.705340
5.150059
4.360748
4.254667
4.095281
4.064532
5.356586
5.094900
4.539336
4.387713
5.073206
5.431713
5.477014
5.480874
5.803888
3.662962
3.277653
4.193257
4.719727
4.126815
3.156082
4.058331
3.833062
5.084940
2.554926
3.989721
3.467418
4.656382
3.753380
4.081357
5.517805
3.216733
3.451848
3.708845
3.968329
4.726276
4.755066
4.276677
4.593749
3.489302
4.142614
3.081160
3.964111
4.070950
2.776512
2.004190
4.575762
5.929811
3.874552
6.467153
3.797748
5.893364
2.634161
3.687045
6.217866
0.346893
5.799492
2.931071
3.581474
5.749879
5.534486
3.650132
2.546442
5.557322
4.061083
4.186285
3.303350
4.610996
3.464525
4.018191
3.874365
4.363816
5.614071
2.873526
3.381669
0.217202
2.374276
4.721814
4.274246
3.708692
5.369248
5.191646
1.990879
4.772715
4.167812
3.798110
3.098162
4.519184
4.784892
2.757660
3.961464
3.719330
4.799585
6.136961
3.692128
5.026957
4.829493
3.327742
3.600793
3.563195
0.694816
4.952005
4.586800
2.829951
3.196572
2.029946
2.490905
2.812101
3.947681
2.548064
1.804361
5.152196
3.530965
2.868297
3.318711
3.331095
3.590113
3.272353
3.490239
3.097259
3.124362
4.452508
0.710852
0.502283
3.252623
2.953295
3.716940
4.349547
4.862340
3.894158
2.916179
3.958252
3.248507
3.767585
3.145441
3.935108
2.325880
3.590642
4.257808
2.216077
4.137400
4.440767
2.675719
4.445786
4.319942
2.687634
2.889741
3.838535
3.460681
3.169740
2.240799
4.702772
3.913733
4.511083
2.810428
2.960803
2.440882
2.346419
3.499772
1.571042
4.168134
2.239604
3.286397
3.116924
3.224733
3.057463
3.882885
3.566033
3.256564
3.336560
1.265824
3.014206
3.003444
2.780458
2.419980
4.145330
4.040219
2.957753
3.634540
3.436035
2.534173
4.307081
2.242064
3.276853
3.396619
2.600307
2.698891
2.655957
3.248717
2.972190
2.041203
3.562123
2.944486
3.974824
3.364821
2.964642
2.794703
2.562535
4.087351
3.984477
1.977306
2.592281
2.821036
5.023221
2.901362
2.896838
3.290753
3.848255
3.196884
2.718652
2.897132
1.440135
3.787806
3.202615
2.111473
2.418890
2.379983
3.134509
2.651511
2.710682
2.788635
2.857558
2.309927
2.782721
2.090039
2.551105
2.711194
2.523122
1.874133
1.702709
3.057478
2.804298
1.519117
2.688623
1.713374
1.154396
2.675655
1.881154
2.180537
2.144131
1.860855
1.817204
1.092614
1.026507
1.586205
0.836409
2.530324
3.635481
2.771992
3.222561
2.066601
1.769307
2.440184
2.466683
5.067079
2.535663
1.644517
1.433338
1.059762
1.831611
1.608654
4.880681
1.503293
1.294860
1.610505
1.620440
3.338138
1.536869
4.127481
1.553185
1.418004
4.431028
3.986028
4.444708
3.558465
4.135355
3.835451
3.688109
5.746055
4.930088
6.716638
4.607696
3.659258
3.581932
3.240000
3.460160
4.179109
4.115774
3.819722
3.726384
3.097289
3.741376
3.722821
4.171796
4.130826
4.570248
3.685351
3.775285
4.024843
3.519684
3.739737
3.292814
3.694044
3.432544
3.819448
3.827137
2.870171
3.284122
3.642561
3.531523
3.963613
3.238563
3.075421
3.421256
2.803762
2.700248
3.081550
3.376437
3.203234
3.461354
3.598422
3.548688
3.276885
3.569887
3.456377
3.903105
4.593440
3.169298
3.334688
3.576317
4.097096
3.891188
4.042414
4.080252
4.022776
4.082916
3.598849
3.776450
3.322452
3.003981
2.775015
3.039729
4.525887
4.363142
4.478616
4.028424
4.279574
3.618206
4.035463
3.343398
3.267587
3.112339
3.056242
4.184482
3.963786
3.495109
3.367128
3.983280
4.281084
4.321220
4.347058
4.619117
2.758733
2.440895
3.212384
3.653099
3.198475
2.343389
3.139375
2.919751
4.022050
1.847468
3.061908
2.596414
3.633318
2.870105
3.144851
4.390414
2.401440
2.612567
2.860138
3.050413
3.717682
3.746263
3.338849
3.604965
2.675251
3.233881
2.308045
3.053364
3.165423
2.032080
1.360369
3.572445
4.827423
2.966822
5.268785
2.895534
4.761332
1.921712
2.859072
5.063258
0.118851
4.713180
2.163009
2.743750
4.645200
4.470856
2.832858
1.965628
4.521334
3.153731
3.303837
2.625647
3.643762
2.634725
3.156156
3.001829
3.433565
4.575421
2.190118
2.638706
0.053786
1.721331
3.778094
3.363482
2.867258
4.363496
4.204825
1.428786
3.832888
3.335150
2.987428
2.368281
3.596986
3.854365
2.052550
3.197929
2.919744
3.857348
5.070721
2.927930
4.078334
3.896376
2.567565
2.845376
2.825557
0.372826
4.058527
3.709206
2.160825
2.475161
1.463292
1.892960
2.125592
3.201783
1.917449
1.329343
4.275465
2.839387
2.215852
2.608405
2.604821
2.845416
2.554173
2.753382
2.398720
2.469724
3.643536
0.406520
0.246045
2.558365
2.308132
3.041979
3.516170
3.986616
3.146747
2.283612
3.179859
2.558172
3.037974
2.493453
3.172624
1.819152
2.864304
3.466450
1.671763
3.349607
3.650252
2.083030
3.714449
3.540942
2.111480
2.262383
3.108745
2.774474
2.552202
1.708580
3.879330
3.171972
3.718300
2.233705
2.355493
1.866917
1.834506
2.837887
1.159122
3.439436
1.802208
2.627251
2.544079
2.562932
2.484264
3.170882
2.871969
2.615952
2.711152
0.868956
2.425271
2.393176
2.211715
1.880912
3.432401
3.365415
2.384491
2.972741
2.787889
2.011698
3.566281
1.722121
2.669000
2.768386
2.035715
2.228796
2.189255
2.636496
2.373875
1.582941
2.909036
2.384870
3.293246
2.750634
2.384748
2.257098
2.054449
3.394230
3.319565
1.538638
2.094829
2.310491
4.264400
2.372227
2.370884
2.710270
3.191797
2.594038
2.259143
2.346692
1.090759
3.146789
2.620759
1.651603
1.949256
1.930127
2.585467
2.122076
2.286690
2.259866
2.308784
1.838553
2.283596
1.657905
2.109760
2.191627
2.044688
1.480598
1.355910
2.503652
2.291744
1.256757
2.203931
1.354383
0.866164
2.177636
1.451797
1.758231
1.713207
1.474642
1.496332
0.806195
0.803608
1.350112
0.448417
1.374233
1.759424
1.508017
1.774861
1.092966
0.971162
1.192402
1.264391
3.057265
1.353643
0.750568
0.689386
0.528676
0.762316
0.824360
3.052541
0.797898
0.548333
0.933918
0.673532
2.078782
0.889609
2.591925
0.886057
0.738307
2.822831
2.449781
2.848891
2.120473
2.592337
2.303263
2.184314
3.794247
3.159954
4.667798
2.959375
2.157351
2.130661
1.920437
2.032664
2.646234
2.527841
2.330244
2.261185
1.784999
2.259336
2.260125
2.595284
2.606173
2.897500
2.251001
2.317932
2.496392
2.092944
2.274827
1.952855
2.241373
2.015944
2.320347
2.320235
1.593854
1.890368
2.183545
2.113026
2.425999
1.886731
1.791252
2.021565
1.595901
1.561662
1.812608
2.006262
1.862301
2.067867
2.172529
2.109004
1.935995
2.156706
2.064726
2.398958
2.917320
1.869531
1.964523
2.191362
2.522827
2.400342
2.479092
2.519966
2.499457
2.529812
2.213822
2.313164
1.965855
1.763402
1.604059
1.786316
2.870645
2.734377
2.840311
2.461882
2.650712
2.156206
2.525337
1.990910
1.962463
1.811533
1.711087
2.565910
2.410226
2.082753
1.991381
2.489772
2.683899
2.712557
2.772137
2.956247
1.561539
1.354157
1.882115
2.176578
1.951305
1.288076
1.903225
1.690729
2.538629
0.960905
1.801397
1.429601
2.206935
1.678028
1.860231
2.779325
1.318058
1.486235
1.715576
1.785638
2.295775
2.321507
2.032957
2.209386
1.576764
1.970679
1.275540
1.782066
1.900760
1.042771
0.542680
2.132035
3.213148
1.686843
3.482728
1.620240
3.084480
0.971485
1.705739
3.338480
0.007809
3.101964
1.105518
1.562230
2.993587
2.888429
1.680354
1.226706
2.979351
1.835744
2.027341
1.708458
2.212616
1.444287
1.906315
1.730992
2.057810
3.004283
1.248795
1.589196
0.036588
0.828664
2.363589
2.005547
1.631233
2.830261
2.702950
0.688103
2.410395
2.103275
1.792889
1.317460
2.196229
2.435878
1.040245
2.077391
1.731629
2.407425
3.392226
1.797347
2.608696
2.452230
1.437363
1.721624
1.732142
0.040873
2.674185
2.351555
1.185026
1.400880
0.672868
1.042907
1.109707
2.073741
1.001354
0.700533
2.897843
1.804166
1.251604
1.534279
1.498813
1.702817
1.459144
1.621258
1.336376
1.487841
2.369346
0.080616
0.009695
1.494203
1.334826
2.010359
2.182781
2.570560
1.971793
1.324687
1.941632
1.485379
1.888217
1.489662
1.955693
1.089316
1.712136
2.187346
0.864752
2.072721
2.365621
1.177420
2.538416
2.271476
1.232054
1.281926
1.927586
1.675707
1.584791
0.905250
2.506696
1.956195
2.400508
1.336038
1.399937
0.970835
1.058392
1.765219
0.576395
2.230985
1.166109
1.551755
1.637263
1.478125
1.573065
1.982280
1.716788
1.564909
1.688332
0.299923
1.471279
1.394632
1.294322
1.021131
2.222034
2.229353
1.450488
1.858499
1.698948
1.174426
2.285844
0.886325
1.653239
1.709145
1.103721
1.487140
1.452771
1.601624
1.365424
0.858838
1.784488
1.449715
2.105899
1.699476
1.402057
1.359522
1.215899
2.171657
2.152970
0.838324
1.270946
1.457702
2.893580
1.477024
1.480422
1.704069
2.024765
1.536839
1.500206
1.395213
0.559796
2.000851
1.597248
0.883322
1.158665
1.179656
1.623301
1.199538
1.586077
1.335008
1.339455
1.032205
1.416316
0.931986
1.362520
1.275239
1.214665
0.831173
0.805483
1.506303
1.381392
0.884454
1.350287
0.770926
0.434649
1.290172
0.711671
1.031923
0.966642
0.823984
0.985792
0.370686
0.505737
0.951708
0.354170
0.977616
0.996498
0.967017
1.113905
0.749438
0.746572
0.665143
0.765436
2.011096
0.868130
0.459876
0.499910
0.482863
0.352128
0.606552
2.009649
0.577743
0.297624
0.734047
0.275195
1.451174
0.709928
1.761294
0.690934
0.533526
1.937853
1.617057
1.972137
1.358801
1.753353
1.471756
1.373135
2.654756
2.152953
3.456401
2.040576
1.345192
1.355069
1.240713
1.273489
1.809467
1.650311
1.524258
1.472464
1.107651
1.457321
1.471768
1.723164
1.771508
1.954024
1.481393
1.531008
1.656964
1.327397
1.480883
1.249800
1.455376
1.255847
1.499398
1.493102
0.934887
1.145008
1.389961
1.348581
1.573943
1.170078
1.123604
1.268939
0.983087
0.999021
1.154156
1.273263
1.150221
1.316857
1.397329
1.323243
1.222006
1.389365
1.312645
1.564115
1.956225
1.183233
1.226260
1.441798
1.634324
1.572387
1.597650
1.640271
1.646331
1.654429
1.460896
1.502562
1.232797
1.114738
1.005863
1.127334
1.917287
1.799937
1.898416
1.572017
1.714802
1.341885
1.675356
1.255773
1.261513
1.113283
0.979943
1.634321
1.525737
1.301093
1.236043
1.647849
1.765692
1.785503
1.869314
1.988646
0.934105
0.807069
1.156451
1.343494
1.285537
0.762193
1.244627
1.036903
1.698282
0.556686
1.123215
0.819516
1.406551
1.048588
1.162664
1.842529
0.766814
0.903142
1.118715
1.100415
1.495185
1.518402
1.316365
1.426762
1.011018
1.284027
0.757200
1.088636
1.211758
0.554749
0.179766
1.313211
2.266730
0.984522
2.409819
0.920503
2.090606
0.508677
1.093957
2.308298
0.157565
2.154014
0.562170
0.927746
2.014843
1.959879
1.065856
0.914308
2.079149
1.098971
1.320508
1.264029
1.391849
0.799178
1.217348
1.026263
1.275934
2.079093
0.783874
1.044740
0.246807
0.398125
1.550956
1.233891
0.948349
1.929588
1.824816
0.366341
1.589532
1.421443
1.137971
0.767269
1.389687
1.615974
0.517048
1.474637
1.079056
1.562964
2.380189
1.185685
1.748651
1.610442
0.824821
1.113414
1.145738
0.011050
1.874215
1.570726
0.683117
0.826556
0.305787
0.631832
0.576956
1.458575
0.540836
0.449771
2.098989
1.255386
0.754360
0.956291
0.897132
1.073998
0.864746
0.999357
0.765142
0.975090
1.642418
0.046937
0.041150
0.919794
0.826505
1.459019
1.410348
1.737294
1.314515
0.825057
1.237346
0.901736
1.247917
0.955768
1.265537
0.755083
1.068632
1.450637
0.472994
1.336919
1.623796
0.712471
1.875311
1.539676
0.785192
0.760812
1.259317
1.067350
1.072161
0.512285
1.696969
1.260849
1.630194
0.872675
0.893882
0.507934
0.682894
1.172463
0.341657
1.538221
0.891644
0.955553
1.164097
0.874427
1.096009
1.301978
1.060591
0.984543
1.128271
0.071442
0.960885
0.851313
0.810024
0.578635
1.522771
1.584104
0.952699
1.228541
1.087163
0.746390
1.533325
0.458705
1.093653
1.117426
0.604748
1.127059
1.096143
1.026416
0.809213
0.510286
1.142707
0.946139
1.417532
1.110400
0.862738
0.882135
0.781364
1.455910
1.477845
0.503937
0.845855
1.011147
2.067796
0.998808
1.005361
1.144030
1.346770
0.938865
1.120078
0.873936
0.345787
1.336710
1.022341
0.494789
0.753501
0.803525
1.092017
0.696927
1.245482
0.830083
0.801692
0.613345
0.952580
0.571340
0.985972
0.774663
0.776955
0.525254
0.571673
0.945289
0.883708
0.780020
0.893479
0.511440
0.285998
0.807721
0.336688
0.666749
0.586352
0.513546
0.777543
0.217020
0.452449
0.824592
0.449230
0.851213
0.601868
0.734418
0.793271
0.660692
0.744529
0.441423
0.562127
1.407240
0.674072
0.408026
0.521806
0.609550
0.212008
0.606858
1.406167
0.575758
0.273006
0.746327
0.142023
1.150017
0.736121
1.311070
0.705266
0.540509
1.447025
1.164163
1.486766
0.957324
1.295048
1.018639
0.934607
1.975824
1.570629
2.724305
1.522211
0.904558
0.940906
0.896401
0.870786
1.349743
1.160491
1.086487
1.047057
0.763426
1.021636
1.045799
1.235662
1.311123
1.413767
1.068048
1.104734
1.192019
0.916239
1.048663
0.883812
1.028449
0.847590
1.046379
1.035278
0.599811
0.746472
0.955891
0.935557
1.096578
0.791488
0.780594
0.863512
0.679668
0.732046
0.816825
0.881160
0.773148
0.911051
0.973575
0.891504
0.842514
0.970584
0.904778
1.095459
1.394957
0.822712
0.827471
1.034491
1.125134
1.107229
1.093117
1.136765
1.162007
1.153574
1.049355
1.048586
0.835299
0.778725
0.706501
0.783263
1.357648
1.253883
1.346666
1.058077
1.166936
0.882710
1.189850
0.854025
0.884525
0.738028
0.580382
1.087904
1.013525
0.863853
0.817817
1.166047
1.227850
1.240950
1.342244
1.413954
0.607987
0.539480
0.758005
0.866238
0.930423
0.509162
0.894285
0.689815
1.214528
0.391699
0.757606
0.503480
0.951087
0.717926
0.781937
1.286588
0.492649
0.605448
0.810719
0.727556
1.037711
1.058858
0.919869
0.981739
0.724398
0.908741
0.504798
0.707937
0.834069
0.323838
0.040137
0.839884
1.699849
0.595958
1.749965
0.533379
1.488114
0.294404
0.770492
1.678577
0.390678
1.583994
0.287871
0.586566
1.421634
1.403164
0.738631
0.807831
1.542508
0.681650
0.924867
1.060103
0.912435
0.448029
0.833904
0.631073
0.824098
1.522214
0.563441
0.765916
0.519769
0.202196
1.075332
0.788025
0.567201
1.388926
1.300427
0.248695
1.106610
1.040003
0.776005
0.481695
0.916396
1.132699
0.250588
1.149776
0.717546
1.060891
1.755335
0.853474
1.234555
1.109494
0.491346
0.782900
0.830968
0.103183
1.402824
1.113131
0.429332
0.519599
0.150214
0.443876
0.299797
1.120932
0.316107
0.378265
1.626383
0.965493
0.501963
0.644633
0.567944
0.724760
0.540486
0.654780
0.457428
0.709953
1.220426
0.131818
0.173477
0.608768
0.563623
1.164475
0.953891
1.236147
0.941897
0.567556
0.829956
0.582395
0.886941
0.672428
0.867708
0.617397
0.704541
1.018179
0.292656
0.904742
1.187023
0.478026
1.495737
1.109665
0.563407
0.484526
0.875207
0.726874
0.801517
0.328981
1.208638
0.855995
1.170319
0.637129
0.626924
0.272355
0.511060
0.841531
0.272411
1.133770
0.792971
0.621363
0.919718
0.534388
0.848418
0.905542
0.681605
0.660841
0.819239
0.004761
0.687820
0.553984
0.555685
0.354693
1.110838
1.211500
0.687774
0.866765
0.738500
0.531952
1.081369
0.244216
0.782462
0.782554
0.337538
0.961264
0.932699
0.702917
0.499434
0.352223
0.769989
0.674336
1.010393
0.775712
0.564271
0.628796
0.559195
1.027878
1.079354
0.354503
0.629906
0.779328
1.558421
0.743490
0.752178
0.828522
0.944815
0.595271
0.935657
0.586104
0.282537
0.944045
0.694778
0.303380
0.549761
0.620854
0.795693
0.421412
1.088306
0.552542
0.499966
0.398426
0.704671
0.398672
0.801509
0.499316
0.547428
0.391962
0.490959
0.625084
0.609662
0.793452
0.649006
0.411137
0.266604
0.544009
0.151424
0.488498
0.396885
0.375011
0.713595
0.192837
0.501528
0.819510
0.606500
0.846338
0.400641
0.651551
0.645854
0.682730
0.829830
0.364424
0.499901
1.051881
0.618300
0.456118
0.623683
0.787922
0.195071
0.692481
1.049998
0.659398
0.339937
0.840095
0.129248
1.014222
0.839608
1.065933
0.799773
0.629489
1.171737
0.916482
1.215163
0.746938
1.042942
0.770181
0.696668
1.561890
1.227228
2.271193
1.225296
0.664337
0.719892
0.726339
0.657868
1.094958
0.883561
0.847479
0.816941
0.592548
0.783711
0.814833
0.959548
1.054695
1.098785
0.845754
0.872828
0.931686
0.695100
0.811987
0.695422
0.795347
0.628011
0.793905
0.779161
0.433324
0.533430
0.716714
0.711639
0.825452
0.592468
0.607461
0.644583
0.535212
0.614109
0.647290
0.671410
0.574261
0.691011
0.740267
0.652216
0.641305
0.740500
0.682534
0.828616
1.060231
0.634694
0.611326
0.811980
0.827961
0.842133
0.799088
0.843348
0.882486
0.861828
0.822808
0.790861
0.618742
0.607006
0.561466
0.605393
1.021971
0.928007
1.016492
0.755427
0.839340
0.619853
0.907605
0.632910
0.681391
0.536029
0.360475
0.760449
0.710961
0.615995
0.583736
0.885336
0.906018
0.914082
1.028036
1.064785
0.440506
0.414681
0.537365
0.587826
0.741224
0.394503
0.708322
0.506105
0.930729
0.340933
0.559971
0.341979
0.687478
0.545476
0.572743
0.949109
0.361148
0.456613
0.654225
0.523494
0.771635
0.791144
0.698149
0.724399
0.582800
0.702167
0.387983
0.497158
0.625370
0.222378
0.005323
0.560867
1.352282
0.378698
1.334152
0.316932
1.114016
0.204148
0.600249
1.284204
0.627300
1.233052
0.153113
0.402769
1.053375
1.061478
0.564687
0.795234
1.215153
0.441454
0.700411
0.975758
0.626470
0.255767
0.617902
0.406363
0.557839
1.179007
0.466209
0.625859
0.783197
0.122542
0.790983
0.525329
0.351728
1.056663
0.979954
0.225616
0.816240
0.823747
0.573881
0.335334
0.632618
0.841507
0.117872
0.974231
0.515082
0.755502
1.360028
0.672107
0.920037
0.804482
0.308722
0.602332
0.661805
0.231536
1.118883
0.839170
0.304336
0.355602
0.096836
0.366703
0.157269
0.934055
0.211712
0.385835
1.340464
0.813111
0.376899
0.476117
0.386497
0.528542
0.362432
0.461758
0.291263
0.574825
0.970461
0.252497
0.328753
0.439652
0.429616
1.007204
0.678086
0.927548
0.727206
0.436962
0.589623
0.406361
0.680350
0.522519
0.633954
0.573820
0.495258
0.758788
0.217574
0.645351
0.924168
0.363061
1.274516
0.851450
0.457397
0.338551
0.650264
0.533745
0.659365
0.250613
0.907061
0.615375
0.889355
0.520149
0.486868
0.155152
0.440382
0.654384
0.276573
0.892651
0.775411
0.431439
0.795387
0.339989
0.721542
0.669697
0.458426
0.478002
0.647033
0.009724
0.541727
0.390047
0.423097
0.244242
0.862786
0.992119
0.547060
0.655113
0.536344
0.427879
0.803470
0.139916
0.607335
0.590011
0.194391
0.892203
0.865263
0.518317
0.324776
0.288442
0.549107
0.527174
0.764147
0.582368
0.397327
0.494768
0.447874
0.765888
0.838879
0.296109
0.522767
0.660490
1.236476
0.607281
0.617439
0.648106
0.701076
0.394130
0.850852
0.425570
0.286180
0.706651
0.504913
0.213014
0.450286
0.536701
0.628321
0.269170
1.022534
0.398641
0.328288
0.290153
0.572181
0.321127
0.715249
0.346492
0.428031
0.342867
0.480237
0.439099
0.457354
0.851331
0.518157
0.385652
0.300213
0.398828
0.063536
0.405654
0.305752
0.321047
0.714101
0.222345
0.584537
0.862819
0.768475
0.889629
0.300228
0.637627
0.584630
0.745370
0.938658
0.354456
0.500655
0.838143
0.623610
0.537314
0.744137
0.964244
0.228454
0.800798
0.835088
0.766100
0.434336
0.954041
0.165182
0.960091
0.960418
0.931665
0.913853
0.739446
1.015179
0.780024
1.061135
0.637601
0.903015
0.632836
0.566940
1.303341
1.020195
1.983838
1.052099
0.532546
0.602074
0.645701
0.545807
0.952200
0.724516
0.716091
0.691990
0.510844
0.652886
0.689030
0.800639
0.910113
0.911287
0.725971
0.745941
0.783931
0.575937
0.681382
0.600065
0.667203
0.509680
0.651444
0.633952
0.353601
0.419582
0.583669
0.589680
0.668888
0.488573
0.522428
0.525972
0.471004
0.569217
0.564586
0.559226
0.469943
0.571144
0.610622
0.518122
0.534989
0.612995
0.560689
0.674074
0.855975
0.537661
0.493649
0.689570
0.650876
0.688431
0.624150
0.668787
0.718015
0.688345
0.696938
0.642118
0.500046
0.521037
0.494934
0.514774
0.815853
0.728988
0.814259
0.573254
0.638849
0.466645
0.740144
0.510095
0.571656
0.427055
0.238333
0.559572
0.528220
0.473200
0.450949
0.718371
0.708911
0.713219
0.836363
0.847471
0.356019
0.361346
0.413858
0.421994
0.640578
0.348311
0.609908
0.409271
0.760618
0.341205
0.452748
0.261119
0.531865
0.456475
0.456798
0.739264
0.301898
0.384618
0.576561
0.410971
0.613684
0.631931
0.572510
0.572643
0.515635
0.587410
0.338814
0.379195
0.508863
0.184245
0.015872
0.392732
1.133941
0.255606
1.065765
0.194305
0.876013
0.173693
0.511224
1.031178
0.835746
1.011665
0.089789
0.303512
0.819131
0.846609
0.472447
0.820948
1.010576
0.300566
0.570974
0.948741
0.451917
0.149690
0.494399
0.276429
0.397452
0.962275
0.429332
0.557596
1.009998
0.098337
0.616994
0.367116
0.227995
0.847444
0.779297
0.242427
0.637481
0.699139
0.459548
0.261729
0.458440
0.661846
0.054065
0.879038
0.400140
0.565216
1.103912
0.572417
0.722896
0.614235
0.207934
0.502989
0.570747
0.358033
0.943752
0.671281
0.245348
0.268029
0.090116
0.342520
0.085225
0.829514
0.167444
0.423405
1.163306
0.733570
0.317282
0.384660
0.285525
0.416708
0.263826
0.352148
0.201240
0.507447
0.819030
0.372114
0.473620
0.347189
0.362776
0.923291
0.507416
0.732836
0.601127
0.372339
0.444676
0.308390
0.559972
0.443546
0.493598
0.572513
0.372691
0.599514
0.193056
0.485968
0.762196
0.309208
1.142888
0.692710
0.409931
0.261799
0.515697
0.422395
0.585247
0.223095
0.716225
0.469073
0.713489
0.464175
0.413962
0.098908
0.418117
0.546875
0.308942
0.745558
0.791787
0.321687
0.733560
0.226860
0.657748
0.526147
0.324088
0.373118
0.549875
0.042103
0.463566
0.298783
0.354711
0.191996
0.709842
0.860095
0.472524
0.528639
0.416766
0.379991
0.628387
0.091760
0.507323
0.477210
0.117670
0.869620
0.843819
0.411124
0.224804
0.269521
0.415226
0.447166
0.611614
0.468479
0.302700
0.424167
0.393833
0.601591
0.690271
0.280633
0.471588
0.600705
1.028081
0.534692
0.545877
0.543084
0.549690
0.273853
0.815619
0.334897
0.315547
0.559664
0.392643
0.173474
0.404035
0.501610
0.532311
0.184180
1.000744
0.312343
0.228940
0.237134
0.501401
0.290490
0.678190
0.260699
0.366640
0.332853
0.498243
0.328864
0.371705
0.919375
0.448111
0.392628
0.350367
0.318161
0.024730
0.370492
0.264480
0.306916
0.739767
0.269178
0.670458
0.919656
0.912064
0.946362
0.251805
0.652420
0.564783
0.816076
1.043104
0.371963
0.525961
0.706515
0.652158
0.621325
0.856819
1.117746
0.277360
0.904470
0.702294
0.868502
0.527695
1.061654
0.215691
0.944679
1.072922
0.857549
1.021347
0.843881
0.924623
0.704131
0.972345
0.581462
0.824452
0.556127
0.495757
1.137884
0.892382
1.797234
0.948954
0.459640
0.539352
0.610124
0.487207
0.871116
0.631470
0.643245
0.623791
0.474240
0.580318
0.620088
0.707437
0.827347
0.797091
0.661271
0.676001
0.698681
0.511560
0.608592
0.553018
0.596134
0.445749
0.569818
0.550277
0.317786
0.358765
0.508775
0.522856
0.576705
0.434879
0.482485
0.461435
0.446215
0.558523
0.526190
0.499225
0.415656
0.505447
0.537733
0.441940
0.479088
0.541548
0.493345
0.582777
0.728271
0.488348
0.429199
0.621620
0.542894
0.597514
0.517660
0.562536
0.619107
0.582804
0.626188
0.554595
0.434463
0.479348
0.467432
0.469614
0.686174
0.604465
0.687346
0.460977
0.513136
0.375479
0.638515
0.441083
0.512175
0.368093
0.169701
0.433313
0.415189
0.389350
0.374382
0.616769
0.585223
0.586748
0.716578
0.708894
0.314560
0.342637
0.343785
0.320926
0.587154
0.334680
0.558043
0.358526
0.656239
0.361415
0.394297
0.221915
0.437946
0.411243
0.391822
0.605571
0.278321
0.351682
0.539444
0.348321
0.517772
0.535058
0.500161
0.481154
0.485985
0.522914
0.322258
0.312284
0.442983
0.175656
0.042857
0.288985
0.993436
0.184735
0.888584
0.123706
0.720988
0.170444
0.465100
0.865062
1.007137
0.868623
0.062327
0.249734
0.666583
0.708199
0.423700
0.858443
0.879593
0.216133
0.494883
0.947533
0.342761
0.090586
0.422516
0.199808
0.298524
0.822100
0.420678
0.525953
1.194145
0.098853
0.507919
0.269548
0.155614
0.712503
0.650586
0.272747
0.524721
0.625954
0.393848
0.225786
0.348902
0.548264
0.025194
0.827176
0.333801
0.443736
0.934249
0.517138
0.596307
0.492656
0.151758
0.447839
0.521623
0.468009
0.833072
0.565866
0.219558
0.221298
0.102494
0.342094
0.049759
0.770247
0.152233
0.468024
1.050832
0.692466
0.290721
0.334779
0.228654
0.351862
0.208625
0.288867
0.152255
0.474996
0.725069
0.476378
0.596323
0.296268
0.330567
0.878565
0.399202
0.607006
0.525467
0.341601
0.355157
0.253201
0.488364
0.402194
0.407318
0.587909
0.299364
0.499309
0.191389
0.385624
0.659930
0.285995
1.062758
0.592720
0.391302
0.221720
0.433300
0.356952
0.547009
0.218913
0.592556
0.377949
0.600713
0.439065
0.376438
0.073544
0.417577
0.483956
0.348308
0.653629
0.819398
0.257014
0.703914
0.159660
0.626608
0.436641
0.241292
0.311838
0.494218
0.081167
0.421749
0.247354
0.319988
0.169052
0.613215
0.778743
0.433193
0.451291
0.344434
0.360069
0.515403
0.071589
0.449194
0.409700
0.076524
0.868047
0.843051
0.347608
0.166544
0.270518
0.332110
0.403427
0.514801
0.399906
0.248189
0.387203
0.368955
0.496042
0.596170
0.283884
0.448699
0.571494
0.890144
0.496064
0.507975
0.480682
0.453348
0.200240
0.804185
0.282887
0.351312
0.466411
0.324757
0.158761
0.384388
0.490099
0.476217
0.136121
0.998887
0.263277
0.170302
0.212359
0.463610
0.282036
0.665013
0.211851
0.335616
0.339383
0.525241
0.262038
0.322837
0.982900
0.410605
0.411436
0.400732
0.272814
0.009977
0.358379
0.247875
0.310138
0.772074
0.316942
0.746789
0.974690
1.030528
1.001271
0.229774
0.676604
0.563605
0.881109
1.132792
0.398037
0.557715
0.623456
0.686236
0.695947
0.952388
1.243149
0.326233
0.993378
0.618217
0.956434
0.608989
1.153350
0.265596
0.946343
1.168126
0.816228
1.112840
0.933113
0.871204
0.661422
0.920174
0.553156
0.779730
0.512727
0.456376
1.029544
0.811528
1.673358
0.886099
0.418880
0.506016
0.596632
0.456844
0.824281
0.575869
0.602389
0.586320
0.459858
0.539603
0.581997
0.651587
0.779110
0.725844
0.626195
0.637080
0.648538
0.476663
0.567524
0.530749
0.556279
0.411088
0.522195
0.501136
0.303631
0.326296
0.465989
0.485942
0.521239
0.407533
0.465178
0.426113
0.439948
0.562538
0.509924
0.467134
0.387729
0.469148
0.496155
0.397931
0.449890
0.500965
0.455743
0.527624
0.646468
0.463869
0.393626
0.583467
0.475438
0.542520
0.451256
0.496283
0.558206
0.517032
0.585841
0.501962
0.397854
0.460199
0.458635
0.447882
0.602602
0.524643
0.605756
0.390073
0.432384
0.319976
0.575339
0.401744
0.479788
0.336065
0.130581
0.352021
0.343554
0.339039
0.329378
0.553433
0.505712
0.505182
0.639882
0.618434
0.295117
0.339813
0.303374
0.257824
0.558881
0.335494
0.530871
0.332154
0.590617
0.386904
0.362230
0.203907
0.379898
0.388788
0.354907
0.518373
0.271648
0.338145
0.522828
0.313010
0.458114
0.474679
0.457700
0.424675
0.474719
0.486141
0.320531
0.273708
0.405141
0.179700
0.072903
0.223389
0.900937
0.143150
0.769222
0.082282
0.617794
0.178247
0.441524
0.753700
1.142624
0.774102
0.052329
0.220467
0.565055
0.616993
0.398059
0.895866
0.793766
0.164338
0.449171
0.956574
0.272827
0.057245
0.379810
0.153619
0.236001
0.729390
0.424149
0.512591
1.338603
0.108980
0.437868
0.207895
0.112368
0.623480
0.566102
0.304569
0.451871
0.582033
0.355384
0.209070
0.278338
0.474726
0.013598
0.798748
0.294767
0.364351
0.819605
0.486143
0.513134
0.413132
0.120055
0.416868
0.495045
0.557785
0.761434
0.498064
0.209979
0.196386
0.120799
0.351017
0.033037
0.736100
0.150292
0.509828
0.977716
0.671537
0.280412
0.307397
0.196143
0.313500
0.177302
0.251618
0.125447
0.460265
0.665330
0.561614
0.695029
0.267962
0.315933
0.854758
0.328941
0.523845
0.478987
0.327963
0.298507
0.221646
0.444784
0.380729
0.352974
0.607920
0.254463
0.434732
0.198870
0.320914
0.593798
0.277671
1.012787
0.528206
0.386284
0.200997
0.381610
0.317646
0.527586
0.224386
0.510615
0.319798
0.526709
0.429168
0.357446
0.063430
0.425606
0.446343
0.385495
0.594767
0.847957
0.218058
0.690563
0.118826
0.612134
0.379461
0.189006
0.275274
0.461752
0.117969
0.399377
0.217936
0.302775
0.160439
0.550693
0.727378
0.412551
0.402827
0.299625
0.353580
0.440829
0.064888
0.414715
0.368344
0.054437
0.874890
0.850470
0.309116
0.131882
0.279185
0.279238
0.379344
0.451884
0.357630
0.216183
0.368019
0.358597
0.426663
0.535151
0.294058
0.439738
0.557896
0.797005
0.475550
0.487977
0.442750
0.390578
0.154081
0.803492
0.252500
0.385115
0.405830
0.282718
0.155601
0.377605
0.489255
0.442749
0.108515
1.005062
0.234907
0.134918
0.201730
0.443446
0.283318
0.662828
0.183560
0.320349
0.351571
0.552390
0.220544
0.294465
1.036725
0.390519
0.432525
0.444890
0.246951
0.006479
0.356800
0.242995
0.319749
0.802944
0.359107
0.809836
1.022145
1.124366
1.048609
0.220822
0.701443
0.569880
0.935801
1.205504
0.424207
0.588027
0.569776
0.718222
0.757576
1.029325
1.341896
0.368991
1.065406
0.563703
1.027723
0.675410
1.227368
0.309032
0.954481
1.244671
0.792900
1.186647
1.005253
