10.479384
9.872375
10.461941
9.182223
10.044973
9.707521
9.443069
12.687654
11.463517
13.977155
10.812037
9.522964
9.280830
8.688742
9.184419
10.207543
10.263106
9.743000
9.553288
8.475542
9.694666
9.573583
10.276115
10.171900
10.963964
9.517618
9.792329
10.184945
9.340874
9.707841
8.975258
9.508222
9.222420
9.930619
9.870902
8.334068
9.058537
9.609022
9.447062
10.125705
8.984672
8.602441
9.311201
8.199613
7.802614
8.569448
9.231294
8.893859
9.495653
9.572131
9.606059
8.969689
9.541816
9.309877
10.075688
11.265963
8.790044
9.140578
9.578763
10.514888
10.061110
10.365731
10.487519
10.257335
10.424066
9.523223
10.028560
9.076343
8.483122
8.160416
8.603203
11.022677
10.876127
10.982537
10.377659
10.676603
9.691936
10.152474
9.154218
9.283476
8.466920
8.674389
10.947298
10.601316
9.568516
9.313579
9.983568
10.850093
10.637928
11.071872
11.018986
8.072596
7.274523
8.678375
9.961094
8.729587
7.032798
8.405064
8.446204
10.297369
6.743170
8.507924
7.993111
9.585526
8.432556
8.594569
11.005492
7.938174
7.785983
9.065072
9.365681
10.156498
9.693700
8.980188
9.717002
7.759589
8.819450
7.271800
8.663913
8.813995
6.833077
5.666017
8.845616
11.471745
8.640342
12.388103
8.905285
11.684563
6.522109
8.338050
11.837299
2.424263
11.271723
6.688185
8.123387
11.737647
10.971889
8.173836
5.410413
10.951524
8.759087
9.309104
13.017127
9.602712
8.820370
8.923026
8.649840
9.353310
11.089719
6.729721
6.648881
2.047767
6.365114
9.791664
10.010358
8.461136
10.697288
10.168462
5.936906
9.915593
9.054049
9.050894
7.111072
9.493995
9.674212
7.151606
8.473311
9.718633
10.022284
12.062922
8.128232
10.997373
9.784449
7.726120
7.961554
4.901105
7.635300
2.511426
9.889361
9.281858
6.712393
7.004867
6.062923
6.287057
7.928223
8.305011
6.730133
5.058464
10.511739
7.801414
6.832807
7.237710
7.758638
8.083712
7.101162
8.007987
7.147723
7.959120
9.111725
4.097027
7.099708
7.014876
6.961948
7.864797
8.915456
9.714046
8.262274
6.680559
8.471258
7.196674
8.108821
7.057111
8.452599
5.392851
7.923099
9.146573
6.044079
8.070613
9.207248
6.523436
8.835294
9.035507
6.305528
7.177732
8.374923
7.827541
7.196145
5.421013
10.028291
8.604305
9.185955
6.538027
6.608083
5.011301
6.047121
7.939618
4.666633
8.843224
5.823273
7.564116
6.600650
7.472548
6.993049
8.469871
8.256405
7.358240
7.092663
2.475256
7.063704
7.264266
7.130336
6.174523
8.746178
8.500199
6.860812
7.979544
6.714772
6.704873
9.069633
5.287377
8.168559
7.563635
5.269520
6.321465
5.950036
6.971685
6.880020
5.622469
7.662108
6.893605
8.515623
7.519618
5.672194
6.667790
6.182301
9.064319
8.580974
5.129657
6.149838
6.771955
10.128008
6.515264
7.061241
7.489379
8.355068
7.381301
5.974625
7.175716
4.756211
8.269032
7.406682
5.460312
6.108688
5.797163
7.269574
6.783900
6.136436
6.741954
7.090044
5.419355
6.565485
5.382286
5.941903
6.523677
6.407873
4.864387
5.981335
7.329493
6.414187
3.450410
6.013628
4.733847
3.780961
6.599669
4.587398
5.976234
5.604524
5.017019
4.495533
2.827921
3.007152
4.872108
2.430141
4.446902
5.732260
4.286472
5.775825
3.220894
2.839443
4.348397
4.164757
8.091141
4.421575
2.854791
3.733801
2.839790
3.583191
3.033375
7.641524
2.927771
3.350258
3.511349
3.564611
5.320056
5.265076
6.590522
3.598332
3.167475
7.097146
6.571635
7.081350
5.993003
6.712527
6.383009
6.157920
8.813166
7.803212
9.945330
7.296319
6.183493
6.009312
5.560978
5.911355
6.785361
6.768236
6.367867
6.207809
5.335965
6.302097
6.208548
6.763294
6.705354
7.305995
6.146502
6.362628
6.673692
5.974665
6.277246
5.687038
6.118110
5.851101
6.416742
6.366739
5.132572
5.689686
6.143983
6.017871
6.546337
5.634900
5.355905
5.890600
5.023787
4.766835
5.337999
5.825299
5.553062
6.008378
6.081250
6.089233
5.608404
6.064723
5.872398
6.465388
7.407597
5.473446
5.718328
6.082904
6.784253
6.453316
6.657236
6.764760
6.601666
6.711539
6.043137
6.412871
5.656370
5.231302
4.964119
5.301343
7.188376
7.060536
7.190254
6.647629
6.873869
6.102073
6.491486
5.714918
5.825608
5.180239
5.292068
7.081488
6.812951
6.036363
5.824826
6.410028
7.040965
6.871013
7.235464
7.186846
4.908224
4.302470
5.333784
6.316792
5.447211
4.123645
5.182750
5.166591
6.646080
3.929373
5.239799
4.818807
6.065448
5.190430
5.322783
7.191400
4.783475
4.703424
5.712948
5.894132
6.544806
6.184510
5.640999
6.198449
4.735897
5.540771
4.300429
5.369238
5.505761
3.962411
3.046556
5.473922
7.664081
5.328850
8.330999
5.528708
7.769563
3.721894
5.179407
7.909213
0.858372
7.489927
3.832418
4.976026
7.825731
7.236645
5.037628
3.094144
7.270631
5.444998
5.949634
8.897170
6.122577
5.501702
5.631514
5.381320
5.936090
7.379833
3.985532
3.944682
0.655743
3.646480
6.314704
6.472518
5.244533
7.064793
6.638868
3.328988
6.440617
5.791044
5.750463
4.266470
6.078280
6.266697
4.241299
5.371052
6.309391
6.514349
8.188759
5.088776
7.326045
6.341247
4.716434
4.967599
2.570745
4.729021
0.951015
6.529304
5.996841
3.979591
4.278370
3.471042
3.687732
4.881862
5.320005
4.007466
2.781093
7.014511
4.944177
4.097068
4.438860
4.789113
5.067571
4.287255
5.006461
4.317320
4.987351
5.942754
2.057230
4.264678
4.264667
4.230759
5.051622
5.704838
6.374146
5.258015
4.041992
5.377409
4.387077
5.125136
4.329016
5.380665
3.108912
4.965155
5.947659
3.527558
5.150781
6.030190
3.913703
5.846048
5.885364
3.770961
4.422600
5.360853
4.924778
4.514651
3.101240
6.666175
5.540453
6.016254
3.995718
4.044578
2.825256
3.614486
5.045888
2.557761
5.772144
3.524509
4.724173
4.162960
4.634307
4.368247
5.464004
5.260742
4.592813
4.536202
0.988387
4.399302
4.509553
4.418639
3.674357
5.742569
5.577681
4.278353
5.106672
4.170922
4.099344
5.949618
3.013895
5.248840
4.798120
3.050526
3.969087
3.677126
4.429100
4.222435
3.311582
4.853354
4.321788
5.552783
4.774084
3.541142
4.137107
3.766415
5.986946
5.623307
2.969223
3.740272
4.274679
6.881495
4.086111
4.468821
4.851986
5.435375
4.639813
3.768530
4.518947
2.685204
5.383442
4.713047
3.197372
3.713486
3.517236
4.636310
4.196861
3.919529
4.186117
4.436045
3.201662
4.107203
3.178215
3.684131
4.021866
3.970934
2.805218
3.633132
4.651890
3.975843
1.859738
3.681851
2.705656
2.008404
4.109948
2.585563
3.656028
3.373853
2.931591
2.672119
1.308855
1.583378
2.949395
1.169189
2.658673
3.476180
2.501504
3.513214
1.774457
1.523778
2.492055
2.405003
5.350038
2.605575
1.451260
2.075048
1.487855
1.927178
1.586982
5.000539
1.519198
1.780912
1.948987
1.853690
3.302495
3.147650
4.269972
2.056438
1.725288
4.677776
4.234132
4.681222
3.771566
4.372066
4.057748
3.875283
6.020243
5.207206
7.032978
4.843264
3.891777
3.783917
3.467034
3.698660
4.450932
4.378427
4.087843
3.959910
3.270283
4.027257
3.963542
4.399414
4.387130
4.832826
3.921391
4.094450
4.343301
3.771696
4.026389
3.560372
3.911802
3.665886
4.118987
4.082556
3.103214
3.527493
3.907799
3.816098
4.226621
3.507631
3.317298
3.714655
3.051022
2.911520
3.327895
3.677874
3.462128
3.803110
3.876861
3.867666
3.515229
3.882074
3.724761
4.182854
4.930388
3.431428
3.594972
3.903752
4.421360
4.190683
4.317399
4.416203
4.308653
4.375916
3.893214
4.157962
3.557583
3.266554
3.044493
3.300069
4.770234
4.658593
4.808019
4.315489
4.485975
3.881942
4.216659
3.614307
3.711198
3.200173
3.237825
4.650403
4.442847
3.866514
3.689134
4.208524
4.656189
4.519327
4.829834
4.784693
3.025615
2.569307
3.310743
4.060589
3.472133
2.438319
3.253769
3.192759
4.383228
2.316511
3.273710
2.925105
3.902875
3.243108
3.351929
4.799212
2.902376
2.877719
3.677529
3.765485
4.306851
4.025442
3.613138
4.030838
2.951363
3.557829
2.555073
3.372498
3.497796
2.292968
1.571124
3.414572
5.265976
3.314665
5.738063
3.462550
5.285252
2.100969
3.279852
5.412419
0.191884
5.104963
2.164484
3.081260
5.337522
4.884582
3.149114
1.840418
4.958297
3.416186
3.884537
6.241494
3.962165
3.465688
3.615763
3.382607
3.821296
5.037340
2.390978
2.380351
0.107993
2.069396
4.148892
4.258726
3.279028
4.776058
4.429150
1.833099
4.271703
3.785704
3.715340
2.583998
3.952240
4.146248
2.505589
3.485752
4.185317
4.312987
5.702686
3.249124
4.995722
4.187043
2.897598
3.160207
1.277111
2.988102
0.252855
4.435056
3.960031
2.370188
2.673112
1.969411
2.179590
3.026371
3.511341
2.401470
1.519614
4.806493
3.231633
2.477990
2.770116
2.987303
3.228887
2.604640
3.177649
2.620458
3.180156
3.981932
0.971180
2.561326
2.626354
2.606473
3.363049
3.707389
4.275741
3.419128
2.485924
3.467626
2.696972
3.299339
2.700677
3.485021
1.823524
3.156471
3.951431
2.059714
3.369524
4.048791
2.371470
4.008861
3.922721
2.284901
2.764826
3.501614
3.151142
2.911877
1.778227
4.534293
3.639132
4.032172
2.497387
2.529123
1.601774
2.199121
3.272328
1.392049
3.859704
2.210195
2.989573
2.739562
2.899660
2.798410
3.598029
3.401999
2.911903
3.016639
0.297453
2.794695
2.834249
2.776013
2.195070
3.872267
3.769583
2.733250
3.335731
2.654419
2.534350
3.985054
1.705023
3.438247
3.106427
1.781916
2.596396
2.365393
2.907614
2.611126
1.968428
3.123524
2.775015
3.702175
3.091311
2.334160
2.619617
2.337283
4.044281
3.772808
1.736210
2.313450
2.779205
4.804458
2.642170
2.897650
3.245304
3.609169
2.951141
2.494334
2.894685
1.514476
3.580492
3.058293
1.875924
2.288856
2.181353
3.025836
2.621596
2.630617
2.633788
2.806978
1.910258
2.628631
1.896123
2.359780
2.507676
2.506420
1.632987
2.236178
2.998917
2.507761
1.048282
2.295162
1.553737
1.054077
2.598955
1.452238
2.275243
2.061877
1.731619
1.674688
0.546794
0.894595
1.873155
0.605438
1.685493
2.139647
1.529644
2.170413
1.063874
0.913989
1.462451
1.449691
3.633240
1.605459
0.770355
1.195661
0.845765
1.048728
0.870468
3.357208
0.830825
0.967293
1.140194
0.929125
2.139591
1.906727
2.870972
1.260584
1.006158
3.200403
2.819655
3.217604
2.445916
2.953548
2.650442
2.500446
4.249177
3.588243
5.168166
3.333987
2.507023
2.450013
2.234477
2.373463
3.030775
2.914758
2.708730
2.605132
2.056224
2.650462
2.609314
2.952449
2.974994
3.300002
2.580334
2.719438
2.919528
2.446127
2.663135
2.292832
2.581980
2.351850
2.717138
2.690668
1.908360
2.229089
2.551477
2.485900
2.804424
2.234101
2.111957
2.402287
1.895643
1.846681
2.142468
2.385432
2.212939
2.464733
2.538618
2.515563
2.262143
2.559067
2.428383
2.781326
3.377377
2.215317
2.315245
2.580246
2.954840
2.801368
2.867691
2.959216
2.894184
2.927880
2.588625
2.771460
2.291584
2.103962
1.916362
2.108099
3.254523
3.154915
3.319094
2.864884
2.991622
2.517139
2.808924
2.341134
2.426806
2.019426
1.999047
3.118923
2.958133
2.536552
2.385142
2.853000
3.158041
3.046324
3.314493
3.271537
1.914776
1.573828
2.090001
2.658559
2.287565
1.477900
2.103928
2.007638
2.973511
1.410258
2.093080
1.800099
2.568897
2.075525
2.165601
3.285704
1.784641
1.802436
2.439147
2.454322
2.910440
2.689701
2.378633
2.687487
1.904535
2.356674
1.537639
2.159663
2.275768
1.332922
0.761015
2.151238
3.739503
2.085375
4.059555
2.191993
3.689996
1.174653
2.137020
3.806039
0.004140
3.584326
1.199311
1.939738
3.735396
3.387539
2.011004
1.194011
3.490628
2.167869
2.607613
4.506194
2.610393
2.209893
2.375209
2.154790
2.503008
3.542037
1.475116
1.487453
0.002828
1.165676
2.788240
2.860406
2.072752
3.318701
3.032596
0.989545
2.905861
2.546229
2.452310
1.593935
2.617800
2.815684
1.472871
2.336593
2.850568
2.917860
4.086353
2.133535
3.499240
2.826661
1.796788
2.067818
0.582610
1.946352
0.019151
3.118455
2.687514
1.428610
1.734300
1.110500
1.315182
1.892204
2.413048
1.459859
0.844679
3.397221
2.206080
1.524465
1.777642
1.891218
2.103772
1.600093
2.059309
1.603987
2.077701
2.759929
0.426989
1.538078
1.653101
1.643660
2.349959
2.454380
2.944025
2.288197
1.573843
2.280864
1.680106
2.176837
1.730844
2.307508
1.118742
2.045528
2.694651
1.212187
2.278571
2.802234
1.464996
2.873273
2.689438
1.420714
1.767080
2.347243
2.062723
1.955516
1.038359
3.166855
2.450041
2.778496
1.619920
1.637963
0.936579
1.384737
2.179805
0.770405
2.658677
1.472509
1.925610
1.916478
1.834841
1.860964
2.430567
2.239736
1.887115
2.116542
0.039422
1.827847
1.812183
1.778878
1.324175
2.697799
2.642941
1.810117
2.237094
1.752657
1.594593
2.735093
0.963049
2.306868
2.066838
1.069963
1.803349
1.619213
1.998407
1.631881
1.196699
2.051596
1.844624
2.535816
2.054690
1.666047
1.710363
1.496146
2.804590
2.604187
1.045965
1.472547
1.884686
3.458640
1.786832
1.943279
2.263015
2.456289
1.904511
1.768682
1.897228
0.868281
2.443726
2.036049
1.111725
1.444275
1.405200
2.036403
1.659084
1.889748
1.688302
1.801617
1.166325
1.739205
1.158659
1.589175
1.589506
1.626393
0.979206
1.407787
1.971652
1.623479
0.672737
1.473243
0.913476
0.566648
1.679550
0.825288
1.456058
1.295676
1.051891
1.151637
0.205865
0.610117
1.287901
0.417173
1.179417
1.351485
1.023866
1.376667
0.759951
0.687856
0.910458
0.954938
2.547716
1.075250
0.487286
0.758343
0.592075
0.611421
0.558362
2.326144
0.539826
0.578832
0.755121
0.453934
1.479252
1.185546
2.026874
0.883779
0.688488
2.294481
1.962152
2.321651
1.656587
2.091866
1.797104
1.671932
3.113104
2.569758
3.958715
2.399847
1.669094
1.651166
1.513864
1.580679
2.164008
2.013929
1.873115
1.788049
1.347902
1.815624
1.791632
2.062527
2.111758
2.342833
1.771508
1.883949
2.045876
1.648289
1.835748
1.539348
1.779843
1.561623
1.858492
1.839427
1.209536
1.449648
1.726800
1.681147
1.928017
1.472619
1.403027
1.610030
1.224781
1.245685
1.447659
1.607312
1.468033
1.650347
1.724010
1.689892
1.512900
1.755298
1.644917
1.916025
2.394313
1.493142
1.543421
1.774142
2.037534
1.943600
1.962777
2.048335
2.015955
2.023307
1.794960
1.913953
1.527209
1.419435
1.258233
1.400156
2.295256
2.204664
2.379967
1.955154
2.047656
1.673307
1.931498
1.567718
1.644379
1.317047
1.251364
2.143986
2.019145
1.717239
1.585654
2.013244
2.207398
2.114869
2.349905
2.308335
1.263199
1.011393
1.352600
1.780291
1.577600
0.941423
1.420280
1.296332
2.087763
0.914564
1.384349
1.134193
1.740665
1.376004
1.451245
2.317372
1.122869
1.173279
1.683233
1.641681
2.031404
1.857408
1.624536
1.848699
1.295357
1.627544
0.950661
1.420888
1.529570
0.789555
0.333607
1.372132
2.756082
1.332080
2.957672
1.406119
2.652079
0.655101
1.449303
2.758625
0.056363
2.602814
0.648185
1.251592
2.689838
2.423169
1.324643
0.888600
2.548172
1.395201
1.812479
3.355376
1.756656
1.430289
1.607136
1.396311
1.674100
2.575599
0.957661
0.987522
0.113378
0.656793
1.924797
1.967479
1.328445
2.379442
2.140201
0.525635
2.036722
1.774789
1.662331
1.015321
1.771900
1.972514
0.860359
1.633524
2.003329
2.023532
3.020243
1.455399
2.525509
1.958180
1.129292
1.406579
0.229599
1.323832
0.022872
2.282291
1.885261
0.882679
1.190244
0.628125
0.828278
1.195877
1.744263
0.912293
0.503612
2.486526
1.592633
0.966598
1.189310
1.222287
1.412069
1.001608
1.372333
0.995731
1.402514
1.991789
0.184123
0.923517
1.077042
1.075435
1.742491
1.660634
2.088994
1.588583
1.043654
1.537445
1.068156
1.482726
1.154846
1.570229
0.747733
1.359351
1.895145
0.729736
1.607126
2.009889
0.936076
2.166458
1.906623
0.923818
1.166379
1.624851
1.391214
1.386146
0.636593
2.278256
1.699472
1.977602
1.110465
1.117641
0.591208
0.923444
1.502612
0.458055
1.896860
1.069691
1.269569
1.446954
1.177644
1.302279
1.693294
1.506249
1.259972
1.585834
0.006288
1.244895
1.186174
1.171958
0.814890
1.952899
1.934880
1.259604
1.550263
1.218231
1.030466
1.930212
0.551791
1.593449
1.424347
0.681265
1.351536
1.203498
1.456055
1.034986
0.760466
1.382367
1.284898
1.792897
1.412127
1.308967
1.166081
1.004444
2.003639
1.858106
0.670553
0.980091
1.350426
2.574238
1.282486
1.361916
1.659773
1.720551
1.250923
1.363730
1.281304
0.524474
1.719330
1.400217
0.675736
0.945735
0.959487
1.425096
1.068422
1.470708
1.110387
1.177052
0.744229
1.204076
0.741127
1.145722
1.031415
1.097651
0.625657
0.918632
1.328077
1.090541
0.534021
0.988214
0.569070
0.340516
1.118269
0.490536
0.972038
0.852516
0.675557
0.896558
0.091776
0.539577
0.983936
0.420792
0.936406
0.889544
0.780650
0.909959
0.672807
0.660807
0.630540
0.719186
1.853699
0.811574
0.415012
0.566259
0.542151
0.418917
0.462716
1.672849
0.460118
0.423345
0.602047
0.230776
1.112329
0.771237
1.517052
0.736056
0.586405
1.736096
1.441096
1.770570
1.187965
1.566938
1.278437
1.172313
2.374808
1.922417
3.163107
1.817510
1.161124
1.173291
1.096443
1.107091
1.632882
1.456154
1.365702
1.294792
0.938769
1.308195
1.297301
1.511982
1.581690
1.739729
1.283228
1.374786
1.506932
1.167932
1.332273
1.092956
1.295540
1.086350
1.329973
1.316438
0.804533
0.981942
1.223808
1.193413
1.384521
1.018041
0.988985
1.131199
0.839866
0.914737
1.043780
1.138648
1.024920
1.153167
1.226468
1.183567
1.065640
1.265563
1.170737
1.378195
1.764967
1.065884
1.077480
1.281434
1.458419
1.410452
1.392885
1.473616
1.466364
1.453089
1.310547
1.379853
1.065114
1.019063
0.878142
0.981259
1.681304
1.597513
1.781251
1.379040
1.444810
1.147910
1.379862
1.096542
1.166028
0.900574
0.799577
1.515812
1.418657
1.209354
1.092955
1.489137
1.597131
1.519294
1.728454
1.687774
0.884071
0.701193
0.906560
1.224849
1.152465
0.650618
1.015184
0.869609
1.525606
0.654649
0.959075
0.741941
1.222375
0.957328
1.020886
1.689914
0.732919
0.808437
1.219933
1.134217
1.472284
1.334350
1.161926
1.320247
0.944754
1.183759
0.616914
0.969270
1.072020
0.489091
0.122874
0.888537
2.113897
0.868146
2.223287
0.916574
1.966939
0.371696
1.035339
2.065598
0.215755
1.960537
0.339430
0.836426
1.997383
1.793489
0.910342
0.769493
1.934967
0.913467
1.313155
2.580106
1.211553
0.942493
1.128111
0.924554
1.147566
1.942264
0.672270
0.715549
0.314565
0.377541
1.370472
1.390125
0.866155
1.765830
1.562757
0.280246
1.476975
1.290625
1.163627
0.680330
1.229506
1.432071
0.498588
1.201375
1.459234
1.442763
2.306119
1.041922
1.882681
1.396794
0.723574
1.005548
0.067387
0.952497
0.136923
1.744984
1.374083
0.570076
0.878933
0.364477
0.560957
0.766021
1.335600
0.597456
0.348721
1.889820
1.226236
0.643134
0.842067
0.812393
0.984360
0.646015
0.947971
0.632245
0.986977
1.504023
0.103466
0.554514
0.737733
0.742043
1.378516
1.152073
1.532761
1.152696
0.738972
1.067282
0.699771
1.050482
0.814026
1.104207
0.565541
0.932641
1.380413
0.460676
1.191378
1.500248
0.630526
1.722825
1.403913
0.642642
0.804565
1.168534
0.974197
1.048169
0.428415
1.692467
1.220553
1.459511
0.818190
0.816790
0.425853
0.668061
1.079684
0.317854
1.408020
0.859049
0.862445
1.184294
0.769326
0.970194
1.222595
1.038338
0.874367
1.274850
0.080948
0.893114
0.800862
0.801298
0.519785
1.474966
1.485365
0.932096
1.116919
0.902907
0.691969
1.404904
0.331531
1.138767
1.024515
0.478063
1.099256
0.979063
1.133289
0.669790
0.519692
0.960802
0.948092
1.313913
1.010810
1.128853
0.840684
0.719673
1.478953
1.375822
0.475524
0.694172
1.031955
1.984147
0.986929
1.006505
1.287260
1.245168
0.839095
1.144541
0.898402
0.352416
1.252048
1.001464
0.431793
0.653156
0.707729
1.044810
0.704006
1.239220
0.755581
0.785940
0.509963
0.882034
0.510128
0.894490
0.691164
0.780020
0.443726
0.631425
0.921008
0.769118
0.518121
0.703669
0.393422
0.256438
0.774202
0.321974
0.687609
0.599634
0.474356
0.789239
0.093639
0.575071
0.838315
0.513523
0.837783
0.621045
0.681607
0.637504
0.694509
0.728974
0.502519
0.625277
1.404349
0.695754
0.447466
0.505688
0.591674
0.357764
0.476532
1.254169
0.486034
0.390378
0.570823
0.145087
0.915045
0.537085
1.208718
0.708342
0.593951
1.389730
1.123531
1.429611
0.910817
1.245997
0.962230
0.870744
1.888070
1.506062
2.631678
1.451300
0.852460
0.887840
0.857738
0.824716
1.305748
1.108255
1.056730
0.996676
0.705752
0.998838
0.997983
1.168950
1.254418
1.355704
0.988112
1.063370
1.172285
0.878595
1.024876
0.829706
1.002772
0.800469
1.002684
0.993318
0.572771
0.701439
0.915841
0.897141
1.044900
0.747237
0.749498
0.841351
0.622719
0.739320
0.811689
0.856214
0.762174
0.848383
0.921283
0.871459
0.799223
0.966088
0.883197
1.041192
1.356894
0.814384
0.795856
0.978949
1.088821
1.076379
1.030206
1.107086
1.119194
1.089826
1.013683
1.044348
0.785332
0.787017
0.661701
0.734619
1.283315
1.204683
1.394843
1.010048
1.054977
0.818013
1.029508
0.808459
0.872266
0.654678
0.526189
1.105552
1.029750
0.892134
0.787396
1.159116
1.200195
1.133637
1.322624
1.282524
0.665900
0.536355
0.636290
0.869643
0.898182
0.500376
0.776218
0.613765
1.164645
0.527917
0.704027
0.512387
0.894990
0.707068
0.761460
1.277561
0.504607
0.599484
0.934532
0.814467
1.112375
1.002293
0.876631
0.983795
0.746088
0.912737
0.431103
0.691961
0.790006
0.328766
0.032015
0.586012
1.688305
0.580652
1.725997
0.609012
1.507621
0.223752
0.786063
1.599849
0.410815
1.533926
0.171308
0.585696
1.531556
1.376231
0.659971
0.747892
1.530172
0.610503
0.996449
2.049345
0.859148
0.634417
0.826733
0.628709
0.809149
1.520936
0.520616
0.574196
0.539970
0.230342
1.009897
1.011594
0.576735
1.358984
1.183852
0.158697
1.111592
0.983744
0.845371
0.488908
0.877176
1.081154
0.286103
0.934224
1.105188
1.060183
1.820045
0.788852
1.451688
1.028847
0.476225
0.761735
0.008641
0.731512
0.292179
1.395118
1.044380
0.394238
0.703999
0.226402
0.419936
0.498884
1.084798
0.419305
0.294485
1.492932
1.007818
0.457909
0.638308
0.559964
0.718022
0.435496
0.684038
0.415416
0.729697
1.190646
0.105641
0.333028
0.539176
0.547980
1.160645
0.822007
1.165638
0.878787
0.566700
0.766612
0.477920
0.779026
0.613361
0.806375
0.487680
0.665104
1.044537
0.315186
0.932063
1.168043
0.456468
1.441611
1.076805
0.487206
0.586516
0.877122
0.713165
0.848329
0.329122
1.300307
0.911161
1.119660
0.653330
0.645191
0.359220
0.531536
0.813163
0.270454
1.090217
0.756853
0.607821
1.041588
0.513598
0.773483
0.918323
0.736139
0.635895
1.094144
0.199159
0.680600
0.562263
0.573972
0.350953
1.164292
1.196636
0.737877
0.840553
0.717960
0.488968
1.056974
0.220030
0.845423
0.773612
0.379529
0.962582
0.863893
0.941794
0.445311
0.391598
0.692446
0.745369
1.000869
0.757899
1.047355
0.646466
0.556867
1.130049
1.059708
0.382045
0.530139
0.842599
1.584110
0.815170
0.788256
1.055665
0.933733
0.576853
1.031574
0.658420
0.275828
0.946478
0.748945
0.299220
0.482790
0.568931
0.806277
0.477696
1.115891
0.536558
0.538685
0.384235
0.688169
0.386769
0.755362
0.482937
0.589249
0.358086
0.464080
0.660649
0.575084
0.560886
0.538065
0.312170
0.246103
0.562208
0.245976
0.521695
0.458100
0.372812
0.760399
0.149378
0.656800
0.779537
0.639470
0.815288
0.466768
0.658633
0.480002
0.764984
0.835394
0.456762
0.605887
1.109308
0.659220
0.525806
0.511834
0.683085
0.363302
0.540104
0.982415
0.558834
0.417457
0.599174
0.131145
0.814501
0.407888
1.021925
0.739028
0.651895
1.173231
0.929301
1.217154
0.747749
1.048912
0.768731
0.688513
1.562189
1.234704
2.271005
1.218649
0.664358
0.717651
0.723721
0.656766
1.103028
0.889362
0.867935
0.816226
0.575704
0.809528
0.816374
0.953378
1.050981
1.108215
0.809469
0.872010
0.962848
0.704208
0.836429
0.675408
0.825511
0.628475
0.798511
0.792306
0.442520
0.533326
0.726358
0.716662
0.830734
0.586358
0.612826
0.665561
0.503229
0.652108
0.680471
0.685886
0.607042
0.660588
0.733106
0.677835
0.640953
0.782123
0.708423
0.827990
1.088524
0.667332
0.625398
0.792229
0.849996
0.865027
0.796605
0.870426
0.897481
0.855560
0.830833
0.831472
0.615585
0.654220
0.540939
0.590365
1.021646
0.946945
1.142023
0.770658
0.799361
0.608798
0.804364
0.631528
0.690869
0.510321
0.360448
0.833622
0.774309
0.692207
0.596444
0.949128
0.938259
0.880379
1.053660
1.013941
0.542301
0.454039
0.472162
0.639597
0.746318
0.429112
0.636096
0.460492
0.929805
0.474616
0.551174
0.379235
0.685920
0.557731
0.604950
1.002416
0.372091
0.481912
0.757623
0.610862
0.877567
0.789016
0.699545
0.766981
0.636038
0.746527
0.330894
0.520747
0.615079
0.248125
0.005170
0.394990
1.401800
0.401158
1.383776
0.413831
1.194713
0.152204
0.635884
1.281767
0.605018
1.246065
0.083801
0.434076
1.213100
1.095369
0.508442
0.773671
1.258787
0.418011
0.793240
1.680109
0.628136
0.437714
0.635161
0.441365
0.588735
1.236178
0.444884
0.506388
0.756460
0.157882
0.771938
0.759652
0.393824
1.084966
0.931439
0.105760
0.869541
0.786992
0.639740
0.381555
0.645005
0.850019
0.162240
0.767916
0.871448
0.804259
1.483819
0.633224
1.158050
0.784032
0.324854
0.613047
0.003385
0.600405
0.452725
1.163968
0.828804
0.297901
0.608303
0.159227
0.350419
0.331526
0.930046
0.320825
0.292022
1.224741
0.877944
0.353713
0.519686
0.403547
0.550764
0.311460
0.518530
0.286374
0.569232
0.986630
0.146227
0.200146
0.424015
0.436246
1.030392
0.604711
0.919554
0.704920
0.471579
0.571883
0.344247
0.606836
0.496002
0.613623
0.465421
0.495730
0.822120
0.240328
0.768895
0.948306
0.359295
1.261296
0.860856
0.404305
0.455015
0.688684
0.548227
0.730780
0.289476
1.033536
0.708510
0.893336
0.562631
0.549211
0.344569
0.462641
0.643426
0.270554
0.880611
0.714357
0.447093
0.967576
0.351907
0.657495
0.718886
0.538257
0.487368
0.990348
0.327073
0.552041
0.413427
0.433824
0.256103
0.959415
1.008720
0.623185
0.662119
0.610352
0.367312
0.822898
0.169212
0.653564
0.614607
0.338608
0.892035
0.809965
0.828639
0.306536
0.327499
0.519549
0.623305
0.793218
0.596821
1.019120
0.530792
0.465499
0.894341
0.849373
0.344273
0.437614
0.730387
1.308503
0.716501
0.653494
0.910504
0.726621
0.407832
0.978236
0.506558
0.250598
0.743663
0.587211
0.230435
0.384653
0.495220
0.655189
0.336035
1.054023
0.400448
0.380638
0.320362
0.571416
0.324635
0.680950
0.354903
0.474701
0.325000
0.367598
0.492002
0.457811
0.627160
0.442739
0.282195
0.271063
0.430770
0.219929
0.425887
0.381146
0.326816
0.770720
0.225230
0.752748
0.766508
0.769599
0.830282
0.379557
0.673157
0.390204
0.851856
0.950069
0.453445
0.622957
0.912767
0.662916
0.618534
0.548540
0.785874
0.399447
0.621220
0.803368
0.647011
0.470124
0.652786
0.151900
0.768072
0.339184
0.908524
0.794228
0.728190
1.036637
0.809933
1.083604
0.652456
0.927195
0.649752
0.578238
1.340489
1.055221
2.022232
1.069101
0.549299
0.616442
0.650510
0.557200
0.976462
0.750197
0.752070
0.706785
0.505298
0.693132
0.705904
0.816536
0.923517
0.946526
0.701124
0.753758
0.830542
0.599030
0.720297
0.585713
0.717974
0.524975
0.670020
0.666225
0.371256
0.432665
0.609083
0.606320
0.694233
0.491128
0.536325
0.558688
0.439962
0.613828
0.608022
0.583077
0.515969
0.544145
0.616324
0.556798
0.547282
0.668483
0.601860
0.691596
0.909310
0.582144
0.522011
0.676200
0.693524
0.729817
0.644102
0.715507
0.754110
0.702413
0.717514
0.694827
0.512342
0.579584
0.475589
0.506761
0.846966
0.775273
0.974118
0.613125
0.629205
0.474580
0.657755
0.522258
0.578096
0.426227
0.259733
0.650533
0.603963
0.564864
0.476019
0.813905
0.762717
0.711526
0.872586
0.833124
0.473858
0.417565
0.372215
0.488498
0.655799
0.401047
0.554603
0.368762
0.774792
0.460324
0.459650
0.302948
0.550729
0.468816
0.510433
0.815878
0.296099
0.417469
0.647134
0.479634
0.722108
0.650213
0.588764
0.625356
0.577157
0.644060
0.279563
0.414324
0.505739
0.211851
0.010568
0.273056
1.205796
0.288085
1.144496
0.288520
0.978086
0.122674
0.545351
1.061014
0.781429
1.048667
0.041708
0.342236
0.991868
0.903248
0.416561
0.819235
1.073901
0.294256
0.661139
1.419243
0.474403
0.310545
0.511935
0.321380
0.443073
1.040590
0.411328
0.478941
0.949410
0.126751
0.612451
0.589286
0.276945
0.897412
0.760599
0.089547
0.706662
0.659200
0.505027
0.323007
0.489643
0.695423
0.090782
0.663513
0.714725
0.630300
1.247562
0.536958
0.954743
0.618544
0.231782
0.522020
0.023530
0.522939
0.601358
1.008863
0.685739
0.247252
0.558118
0.131118
0.320460
0.225671
0.833931
0.268304
0.313915
1.040566
0.800978
0.296622
0.451374
0.305897
0.444674
0.238847
0.413728
0.209810
0.468272
0.851869
0.201083
0.120468
0.358044
0.372898
0.952657
0.459448
0.751937
0.593262
0.420941
0.443982
0.263651
0.496342
0.427987
0.487120
0.471080
0.387285
0.672516
0.205099
0.665164
0.800680
0.306664
1.144178
0.716066
0.362641
0.375635
0.565126
0.442856
0.662120
0.281186
0.849112
0.573767
0.740207
0.514625
0.497080
0.355464
0.431445
0.534009
0.292788
0.740216
0.703505
0.344530
0.932223
0.248533
0.589526
0.586183
0.406726
0.394073
0.931711
0.448057
0.474133
0.319764
0.346866
0.204235
0.822206
0.884632
0.555839
0.545318
0.548436
0.294471
0.662860
0.151232
0.526197
0.512683
0.328209
0.858639
0.789426
0.762144
0.220139
0.298974
0.406634
0.549774
0.653297
0.492978
1.018269
0.462092
0.415613
0.732510
0.707185
0.335854
0.386711
0.664192
1.115585
0.660746
0.569720
0.818640
0.586689
0.297404
0.957479
0.409373
0.251570
0.606912
0.482284
0.197546
0.328976
0.458452
0.558396
0.246522
1.026350
0.315180
0.278330
0.291043
0.501069
0.296605
0.643374
0.275718
0.405944
0.319377
0.312790
0.381211
0.386824
0.698461
0.388710
0.278809
0.310242
0.348654
0.219502
0.371340
0.341189
0.310833
0.798383
0.303666
0.846750
0.775984
0.890048
0.861434
0.331420
0.703885
0.339996
0.938647
1.058410
0.470215
0.655520
0.779536
0.685040
0.709645
0.596184
0.884713
0.446596
0.703191
0.683689
0.734397
0.529960
0.713318
0.186944
0.751010
0.304843
0.839510
0.855838
0.806109
0.949587
0.736187
0.998847
0.597317
0.851547
0.576200
0.511390
1.187243
0.934680
1.847955
0.971708
0.478613
0.556465
0.612206
0.498440
0.896744
0.660697
0.680600
0.640268
0.469007
0.621160
0.638508
0.728667
0.842877
0.839353
0.635267
0.680192
0.746056
0.535545
0.648303
0.534185
0.652585
0.462690
0.588336
0.586382
0.333879
0.372473
0.535986
0.538576
0.606187
0.435046
0.494727
0.493527
0.408574
0.601780
0.569470
0.520955
0.462931
0.471417
0.543305
0.480451
0.492119
0.597815
0.536662
0.603244
0.787746
0.533431
0.459167
0.603531
0.589484
0.642228
0.543085
0.612598
0.660122
0.600825
0.646769
0.605979
0.449359
0.538748
0.441928
0.458926
0.728510
0.659123
0.860864
0.507887
0.514160
0.387365
0.560910
0.454333
0.507429
0.377766
0.198365
0.525290
0.488574
0.482783
0.399275
0.725666
0.643202
0.597171
0.748736
0.709449
0.437260
0.405724
0.311151
0.387763
0.601995
0.395629
0.507747
0.313948
0.670902
0.465482
0.404925
0.260008
0.462110
0.416041
0.453294
0.687386
0.253272
0.383569
0.577520
0.393922
0.617590
0.558581
0.518829
0.531492
0.547403
0.580500
0.255617
0.347652
0.436783
0.199507
0.030503
0.194269
1.069572
0.216122
0.974681
0.207024
0.825783
0.115375
0.490743
0.905445
0.933684
0.911156
0.024557
0.286503
0.835815
0.769738
0.360727
0.869905
0.945931
0.213649
0.574040
1.232311
0.370493
0.227203
0.431626
0.243561
0.345329
0.904124
0.400433
0.472758
1.114032
0.117672
0.503858
0.472240
0.201336
0.766998
0.643119
0.091900
0.595309
0.575022
0.415463
0.292457
0.384030
0.590382
0.050162
0.597333
0.607970
0.510164
1.079115
0.477000
0.811792
0.504888
0.174236
0.466037
0.053700
0.477425
0.731076
0.903126
0.589314
0.222441
0.533643
0.123736
0.311622
0.157983
0.773771
0.241916
0.345184
0.912086
0.755578
0.266607
0.412640
0.244403
0.376617
0.196718
0.346627
0.164577
0.404108
0.761483
0.257654
0.072741
0.320918
0.337785
0.906364
0.360801
0.635942
0.520620
0.395579
0.358711
0.215028
0.424523
0.389075
0.402851
0.489227
0.316974
0.570281
0.191500
0.598443
0.699918
0.279515
1.067011
0.617443
0.343933
0.327673
0.482901
0.374708
0.622406
0.288247
0.719627
0.482774
0.634942
0.490822
0.470059
0.377275
0.420613
0.462527
0.323329
0.644684
0.708354
0.278285
0.918040
0.181622
0.550034
0.496499
0.317932
0.334897
0.899363
0.554917
0.426823
0.260228
0.292507
0.177055
0.728859
0.801430
0.516600
0.467732
0.513367
0.250919
0.551702
0.150166
0.440325
0.446512
0.332961
0.845540
0.786272
0.723354
0.165913
0.289583
0.331816
0.505462
0.557507
0.425135
1.030214
0.421451
0.389536
0.619647
0.609529
0.341861
0.359772
0.625377
0.978531
0.629987
0.517229
0.759856
0.490635
0.224201
0.953753
0.346399
0.264657
0.513233
0.413253
0.184334
0.298083
0.442196
0.495598
0.189350
1.017088
0.261262
0.211188
0.280456
0.458661
0.286982
0.626330
0.226411
0.364699
0.327047
0.282323
0.307335
0.343782
0.765678
0.358776
0.288107
0.352510
0.296903
0.231038
0.340919
0.322058
0.310261
0.831600
0.376205
0.931285
0.795112
0.994890
0.897221
0.305927
0.739197
0.312863
1.017182
1.153513
0.494677
0.692138
0.688260
0.713582
0.791350
0.644359
0.972335
0.494348
0.777768
0.602837
0.813107
0.587416
0.771303
0.225263
0.749151
0.289635
0.797561
0.914605
0.877416
0.893688
0.690535
0.944697
0.565972
0.804392
0.530636
0.470985
1.080245
0.852867
1.724723
0.907698
0.435167
0.521254
0.593680
0.464137
0.846276
0.602677
0.636452
0.599915
0.451940
0.576586
0.597438
0.671804
0.791578
0.767577
0.595311
0.634289
0.691718
0.497381
0.603561
0.505195
0.612904
0.425382
0.536065
0.535507
0.315718
0.336715
0.490269
0.496964
0.548916
0.402391
0.473225
0.453845
0.394904
0.602998
0.550252
0.483565
0.432511
0.425810
0.497459
0.432027
0.460004
0.553744
0.496781
0.545509
0.704397
0.506214
0.421045
0.557821
0.519580
0.584992
0.475484
0.543519
0.597905
0.532735
0.602445
0.547678
0.410976
0.517422
0.426113
0.432174
0.647315
0.579690
0.783650
0.436835
0.435532
0.330172
0.496281
0.411977
0.462945
0.350383
0.161019
0.438699
0.409562
0.429428
0.350020
0.667536
0.560950
0.518883
0.663114
0.623945
0.418862
0.406394
0.273865
0.319883
0.570277
0.401192
0.481356
0.281407
0.600519
0.479149
0.372410
0.236563
0.403439
0.384986
0.418860
0.597938
0.229843
0.367007
0.533414
0.337392
0.546550
0.497460
0.474419
0.468623
0.533940
0.540963
0.246603
0.305688
0.393043
0.199395
0.055259
0.142910
0.973924
0.169994
0.853109
0.153520
0.717684
0.119042
0.457927
0.794785
1.060322
0.814389
0.020562
0.252751
0.724711
0.675999
0.326857
0.918141
0.856422
0.160639
0.516013
1.097305
0.299477
0.172031
0.378778
0.192620
0.279012
0.807941
0.401051
0.476997
1.249956
0.119648
0.429097
0.390947
0.151977
0.675373
0.561452
0.102612
0.518341
0.518991
0.355267
0.277749
0.311433
0.518214
0.027649
0.555102
0.534440
0.426304
0.957992
0.439514
0.710302
0.425970
0.138571
0.431564
0.085643
0.450998
0.839758
0.830238
0.523592
0.211927
0.523378
0.126636
0.313388
0.114358
0.735938
0.230110
0.377826
0.821534
0.729075
0.251955
0.391253
0.205453
0.332593
0.172675
0.303317
0.138116
0.363036
0.700180
0.309659
0.044306
0.300647
0.319054
0.879007
0.293052
0.554803
0.472901
0.384306
0.301227
0.185792
0.377389
0.367304
0.346091
0.511440
0.270953
0.499630
0.189189
0.555159
0.630366
0.266720
1.015648
0.549505
0.337612
0.298780
0.427572
0.330224
0.599840
0.301740
0.627806
0.420623
0.561773
0.480467
0.457211
0.402077
0.420225
0.415353
0.354830
0.578940
0.720025
0.235103
0.915013
0.137902
0.527453
0.435192
0.257299
0.297095
0.882261
0.645168
0.398141
0.222100
0.258360
0.163861
0.664619
0.745012
0.494078
0.415614
0.494039
0.225031
0.473660
0.157025
0.381762
0.403134
0.344276
0.843083
0.791476
0.701057
0.131690
0.289933
0.281689
0.478855
0.491184
0.380355
1.047009
0.397630
0.376939
0.540097
0.541696
0.353981
0.346465
0.602905
0.880269
0.613706
0.484170
0.721937
0.423949
0.175129
0.958275
0.305197
0.282118
0.448325
0.367347
0.181475
0.281575
0.436970
0.454458
0.152537
1.017227
0.226938
0.166651
0.279536
0.433186
0.286784
0.620400
0.195579
0.340078
0.340150
0.265993
0.257509
0.317731
0.824682
0.342817
0.302403
0.392231
0.264084
0.247031
0.324535
0.314371
0.316885
0.864312
0.439253
1.003650
0.816900
1.083117
0.931927
0.293055
0.773689
0.298705
1.085286
1.234565
0.520703
0.727631
0.624072
0.742750
0.861949
0.688812
1.047479
0.538298
0.842478
0.546881
0.881019
0.638823
0.823110
0.261793
0.754481
0.284597
0.771754
0.966974
0.939517
0.856997
0.661804
0.909345
0.548337
0.774452
0.501937
0.446280
1.003831
0.795985
1.635675
0.864627
0.408049
0.500517
0.585894
0.444089
0.813667
0.564189
0.608737
0.575136
0.445223
0.548503
0.572067
0.634163
0.758243
0.718336
0.570777
0.605124
0.655993
0.474199
0.575262
0.489127
0.588517
0.402830
0.501881
0.502410
0.308008
0.315329
0.461141
0.471019
0.510796
0.383381
0.462866
0.429358
0.390608
0.610258
0.541632
0.460813
0.415173
0.396663
0.468121
0.400673
0.441311
0.525751
0.472038
0.506886
0.645875
0.491279
0.397628
0.528503
0.471462
0.546703
0.429134
0.496014
0.555724
0.485980
0.574141
0.508507
0.387265
0.506956
0.419913
0.417471
0.590318
0.524052
0.729728
0.387687
0.380492
0.291772
0.452096
0.385084
0.434390
0.335101
0.137990
0.377408
0.354151
0.393937
0.317705
0.628320
0.502987
0.463988
0.602514
0.563429
0.410465
0.412801
0.250776
0.273020
0.551497
0.411364
0.466697
0.261962
0.551668
0.495589
0.352959
0.224151
0.363653
0.366645
0.397887
0.534215
0.217400
0.359893
0.504891
0.299209
0.497085
0.455693
0.445628
0.425479
0.529177
0.515932
0.245277
0.278753
0.364722
0.204960
0.080136
0.108641
0.905236
0.139774
0.764266
0.117553
0.639290
0.127478
0.438009
0.714377
1.164279
0.744758
0.023003
0.232064
0.643917
0.608688
0.306054
0.961131
0.792373
0.124941
0.476407
0.997880
0.249763
0.134619
0.343165
0.158479
0.232917
0.738631
0.406951
0.485704
1.360983
0.126579
0.376392
0.333159
0.118995
0.609540
0.503349
0.116285
0.463872
0.480785
0.313815
0.271639
0.260329
0.467435
0.015449
0.527573
0.482580
0.366408
0.869132
0.415640
0.636682
0.369884
0.116087
0.410001
0.115686
0.435673
0.929426
0.778790
0.477706
0.208937
0.520576
0.134056
0.319919
0.085604
0.711682
0.226071
0.408326
0.756281
0.713595
0.245675
0.379732
0.180272
0.303462
0.159066
0.274724
0.122612
0.336170
0.657584
0.355122
0.027238
0.289919
0.309515
0.862762
0.245400
0.496738
0.440804
0.380528
0.261525
0.168037
0.345716
0.355338
0.306923
0.533647
0.240117
0.449643
0.192310
0.526429
0.581212
0.261671
0.980621
0.501582
0.337575
0.281191
0.389428
0.300503
0.587148
0.317069
0.561269
0.377141
0.509721
0.477231
0.452031
0.426155
0.424718
0.383470
0.384095
0.532607
0.733866
0.206292
0.917418
0.108657
0.514638
0.392265
0.214889
0.272427
0.873681
0.720025
0.380542
0.197150
0.236499
0.158280
0.619354
0.705820
0.481226
0.379751
0.483657
0.209541
0.417622
0.166978
0.340854
0.374022
0.357674
0.845772
0.800114
0.688309
0.109659
0.294773
0.247280
0.462728
0.444172
0.350085
1.064616
0.383641
0.371669
0.482772
0.493474
0.367906
0.340617
0.589926
0.808366
0.605527
0.462941
0.696926
0.376566
0.141431
0.966237
0.277603
0.300122
0.402291
0.336077
0.183662
0.273147
0.437307
0.426868
0.128303
1.021720
0.204626
0.136393
0.283181
0.417737
0.290979
0.620138
0.175943
0.325266
0.354663
0.257614
0.223079
0.301781
0.874866
0.334702
0.317809
0.427407
0.242826
0.263741
0.316048
0.312647
0.326288
0.894003
0.492528
1.064176
0.838087
1.155962
0.963148
0.287303
0.804688
0.291940
1.142377
1.301682
0.545103
0.759370
0.578478
0.769579
0.920937
0.727508
1.110090
0.576881
0.897442
0.507143
0.938485
0.683332
0.867925
0.294615
0.762810
0.284783
0.755633
1.012164
0.992365
0.832324
0.643363
0.885701
0.538584
0.755052
0.483492
0.430969
0.947932
0.755413
1.569843
0.834882
0.390815
0.488292
0.583820
0.432387
0.792102
0.538006
0.590994
0.559702
0.443958
0.530458
0.556142
0.608608
0.736064
0.683670
0.555491
0.586198
0.631912
0.459962
0.557013
0.480449
0.573317
0.389062
0.478986
0.480351
0.305864
0.302456
0.442188
0.454555
0.484777
0.372346
0.458613
0.414016
0.391099
0.619803
0.538714
0.446811
0.405413
0.377636
0.448936
0.379907
0.430466
0.507605
0.456433
0.480395
0.603767
0.483350
0.383046
0.509288
0.437500
0.520440
0.396547
0.462519
0.526394
0.453060
0.555674
0.481525
0.372406
0.502466
0.418772
0.409657
0.549334
0.484129
0.691145
0.352842
0.341025
0.265346
0.421130
0.367670
0.415669
0.326781
0.123590
0.333011
0.314358
0.369755
0.296007
0.601206
0.461176
0.424578
0.558627
0.519604
0.407483
0.421416
0.236272
0.239879
0.540359
0.422911
0.458779
0.250287
0.516945
0.512014
0.341266
0.217968
0.336014
0.355806
0.384979
0.487808
0.211168
0.357830
0.486050
0.272795
0.461828
0.426462
0.426556
0.395161
0.528919
0.499792
0.247703
0.261113
0.345990
0.212770
0.103070
0.085239
0.854867
0.119533
0.698099
0.092801
0.581300
0.137496
0.425813
0.654798
1.249094
0.693613
0.028302
0.219243
0.584016
0.559343
0.293128
0.998152
0.745570
0.100336
0.448738
0.923361
0.214170
0.108655
0.318605
0.135069
0.200141
0.687673
0.414877
0.495821
1.451202
0.135298
0.338415
0.291198
0.096451
0.561272
0.461128
0.130253
0.424489
0.454129
0.284615
0.270099
0.223564
0.430921
0.009130
0.509248
0.445207
0.322740
0.802789
0.400160
0.582261
0.329183
0.101684
0.396313
0.142383
0.426857
1.002771
0.741696
0.444961
0.209757
0.521537
0.143014
0.328176
0.066245
0.695836
0.226043
0.435319
0.708342
0.704598
0.243875
0.373826
0.163674
0.283768
0.151513
0.255444
0.113569
0.318232
0.627332
0.393764
0.016954
0.284588
0.305111
0.853101
0.211169
0.454354
0.418733
0.380609
0.233496
0.157175
0.323961
0.348995
0.279295
0.554026
0.219000
0.413540
0.197750
0.506945
0.545748
0.260706
0.956190
0.467071
0.340516
0.270398
0.362555
0.280212
0.580173
0.332007
0.512171
0.346072
0.471944
0.477631
0.450906
0.447908
0.431149
0.361449
0.409890
0.499277
0.747586
0.186659
0.922182
0.088678
0.507499
0.361577
0.184602
0.256008
0.869830
0.781420
0.369637
0.180496
0.222256
0.156763
0.586801
0.678009
0.474009
0.354538
0.478363
0.200252
0.376624
0.177573
0.311676
0.354065
0.370949
0.850665
0.809654
0.681125
0.095220
0.301338
0.223157
0.452890
0.410187
0.329185
1.081096
0.375461
0.370300
0.440704
0.458519
0.381530
0.338780
0.582509
0.754882
0.601855
0.449064
0.680085
0.342237
0.117798
0.975159
0.258734
0.316891
0.368999
0.314323
0.188057
0.269239
0.440245
0.407975
0.112030
1.027891
0.189848
0.115402
0.288683
0.408310
0.296902
0.622569
0.163235
0.316322
0.368632
0.253691
0.198795
0.291934
0.916688
0.330969
0.332450
0.457489
0.228820
0.279389
0.312011
0.313887
0.336215
0.919761
0.536710
1.113987
0.857140
1.215339
0.990059
0.285386
0.831401
0.289226
1.189407
1.356518
0.566655
0.786636
0.545494
0.793009
0.969411
0.760168
1.161329
0.609317
0.942510
0.478913
0.985478
0.720291
0.905117
0.322522
0.771758
0.287426
0.745652
1.049638
1.035752
0.815721
0.631575
0.869901
0.533518
0.742514
0.471690
0.421581
0.907133
0.726466
1.521350
0.814305
0.379925
0.481268
0.584656
0.425766
0.777847
0.520164
0.579692
0.550174
0.445395
0.518915
0.546239
0.591236
0.721304
0.659245
0.546052
0.573943
0.615667
0.451325
0.545266
0.476116
0.563923
0.380778
0.463633
0.465644
0.306571
0.294849
0.429871
0.444159
0.466984
0.366147
0.457655
0.404477
0.393814
0.629526
0.538779
0.438300
0.400174
0.365225
0.436399
0.366139
0.424375
0.495864
0.446659
0.462188
0.573473
0.479504
0.374043
0.496698
0.413490
0.502388
0.373598
0.438859
0.505957
0.429840
0.543637
0.462899
0.363153
0.501238
0.420136
0.405849
0.519849
0.455462
0.663509
0.328103
0.312700
0.247113
0.399379
0.356406
0.403389
0.322549
0.114650
0.300847
0.285754
0.353232
0.281404
0.582408
0.430996
0.396254
0.526835
0.487856
0.407349
0.430255
0.227211
0.216388
0.533897
0.434006
0.454803
0.243402
0.492214
0.526873
0.334355
0.215320
0.316754
0.349548
0.377117
0.454008
0.208466
0.358352
0.473581
0.254459
0.436643
0.405939
0.413896
0.373790
0.530817
0.489392
0.251674
0.249546
0.333575
0.220899
0.122904
0.069197
0.817945
0.105933
0.648940
0.075703
0.538467
0.147310
0.418427
0.610724
1.316805
0.656061
0.034447
0.211357
0.539676
0.523173
0.285152
1.028841
0.711359
0.083309
0.429336
0.867683
0.188626
0.090564
0.301597
0.118948
0.176766
0.650218
0.423008
0.505647
1.523042
0.144036
0.310995
0.260690
0.080975
0.525875
0.430411
0.143037
0.395962
0.435454
0.263967
0.270865
0.197053
0.404600
0.006187
0.497007
0.418213
0.290870
0.753359
0.390109
0.542056
0.299599
0.092457
0.387637
0.164973
0.421949
1.061477
0.714886
0.421515
0.212299
0.524184
0.151850
0.336468
0.053150
0.685458
0.227911
0.458107
0.673107
0.699513
0.244359
0.371128
0.152694
0.270389
0.147533
0.242380
0.108428
0.306201
0.605764
0.425539
0.010841
0.282310
0.303547
0.847463
0.186503
0.423373
0.403477
0.382503
0.213622
0.150591
0.308940
0.345905
0.259721
0.571623
0.204461
0.387395
0.203770
0.493663
0.520090
0.261758
0.939068
0.442142
0.344586
0.263831
0.343531
0.266285
0.576553
0.345354
0.475927
0.323787
0.444462
0.479710
0.451801
0.466516
0.437889
0.346154
0.431621
0.475220
0.759960
0.173203
0.927617
0.074949
0.503711
0.339550
0.162882
0.245026
0.868578
0.830692
0.362919
0.169322
0.212946
0.157306
0.563306
0.658185
0.470130
0.336720
0.475968
0.194761
0.346574
0.187476
0.290776
0.340302
0.382919
0.856142
0.818726
0.677245
0.085719
0.308099
0.206150
0.446944
0.385538
0.314666
1.095523
0.370788
0.370900
0.409783
0.433104
0.393733
0.339008
0.578413
0.715108
0.600654
0.439958
0.668682
0.317288
0.101130
0.983700
0.245750
0.331504
0.344840
0.299098
0.193080
0.267829
0.444135
0.394955
0.101038
1.034277
0.180009
0.100747
0.294544
0.402607
0.303085
0.626045
0.154984
0.310985
0.381037
0.252237
0.181570
0.285888
0.950654
0.329653
0.345362
0.482356
0.219541
0.293072
0.310448
0.316409
0.345462
0.941266
0.572482
1.154116
0.873444
1.262871
1.012446
0.285445
0.853630
0.288663
1.227365
1.400520
0.584879
0.809282
0.521477
0.812679
1.008474
0.786982
1.202531
0.635953
0.978927
0.458561
1.023380
0.750422
0.935426
0.345638
0.780189
0.290972
0.739419
1.080146
1.070845
0.804344
0.623925
0.859129
0.531073
0.734273
0.464031
0.415788
0.876999
0.705520
1.485263
0.799837
0.372955
0.477294
0.586766
0.422098
0.768260
0.507808
0.572387
0.544249
0.447958
0.511420
0.540009
0.579226
0.711307
0.641757
0.540185
0.565878
0.604512
0.446066
0.537588
0.474183
0.558069
0.375784
0.453158
0.455674
0.308529
0.290368
0.421742
0.437520
0.454610
0.362753
0.458321
0.398493
0.397315
0.638450
0.540223
0.433097
0.397505
0.356999
0.428075
0.356860
0.421043
0.488153
0.440465
0.449459
0.551385
0.477897
0.368446
0.488314
0.396261
0.489772
0.357184
0.421894
0.491487
0.413214
0.535670
0.449820
0.357338
0.501638
0.422538
0.404245
0.498355
0.434600
0.643442
0.310277
0.292097
0.234324
0.383863
0.349011
0.395206
0.320596
0.109048
0.277255
0.264918
0.341751
0.271408
0.569161
0.408932
0.375625
0.503517
0.464571
0.408548
0.438403
0.221493
0.199490
0.530188
0.443894
0.453016
0.239359
0.474346
0.539667
0.330287
0.214551
0.303117
0.345979
0.372303
0.429103
0.207646
0.360028
0.465192
0.241525
0.418401
0.391307
0.405352
0.358497
0.533545
0.482594
0.256004
0.241838
0.325209
0.228444
0.139514
0.058017
0.790590
0.096641
0.612103
0.063696
0.506525
0.156146
0.413938
0.577816
1.370483
0.628202
0.040432
0.206472
0.506553
0.496376
0.280192
1.053829
0.686074
0.071333
0.415517
0.825765
0.170047
0.077755
0.289627
0.107662
0.159860
0.622404
0.430504
0.514453
1.579884
0.151996
0.290945
0.238247
0.070173
0.499641
0.407801
0.154121
0.375045
0.422166
0.249148
0.272632
0.177690
0.385383
0.005076
0.488691
0.398468
0.267347
0.716231
0.383484
0.512071
0.277838
0.086466
0.382070
0.183625
0.419297
1.108101
0.695265
0.404498
0.215411
0.527377
0.159836
0.344029
0.044143
0.678555
0.230492
0.476891
0.646942
0.696703
0.245862
0.370163
0.145313
0.261147
0.145569
0.233378
0.105563
0.297996
0.590170
0.451266
0.007217
0.281653
0.303442
0.844200
0.168499
0.400476
0.392760
0.385070
0.199324
0.146586
0.298397
0.344604
0.245649
0.586343
0.194286
0.368227
0.209518
0.484457
0.501295
0.263654
0.926880
0.423906
0.348814
0.259817
0.329867
0.256566
0.574818
0.356760
0.448916
0.307588
0.424235
0.482381
0.453553
0.481989
0.444167
0.335361
0.449509
0.457636
0.770595
0.163828
0.932870
0.065360
0.501821
0.323528
0.147098
0.237559
0.868644
0.869898
0.358750
0.161699
0.206766
0.158756
0.546135
0.643854
0.468151
0.323941
0.475135
0.191528
0.324314
0.196165
0.275602
0.330656
0.393206
0.861396
0.826763
0.675246
0.079366
0.314343
0.193980
0.443341
0.367444
0.304420
1.107671
0.368166
0.372360
0.386824
0.414409
0.404175
0.340174
0.576223
0.685285
0.600702
0.433885
0.660823
0.298947
0.089199
0.991277
0.236672
0.343788
0.327111
0.288276
0.197939
0.267703
0.448109
0.385833
0.093490
1.040170
0.173353
0.090366
0.300038
0.399140
0.308821
0.629673
0.149556
0.307800
0.391579
0.252053
0.169201
0.282149
0.977897
0.329575
0.356302
0.502553
0.213293
0.304598
0.310168
0.319287
0.353527
0.958761
0.600843
1.185820
0.886915
1.300225
1.030521
0.286402
0.871580
0.289140
1.257365
1.435152
0.599752
0.827542
0.503971
0.828654
1.039311
0.808430
1.235000
0.657261
1.007726
0.443858
1.053305
0.774395
0.959525
0.364234
0.787517
0.294553
0.735575
1.104396
1.098611
0.796505
0.618960
0.851773
0.530087
0.728845
0.459030
0.412222
0.854792
0.690341
1.458488
0.789611
0.368482
0.475114
0.589242
0.420147
0.761768
0.499200
0.567652
0.540565
0.450776
0.506527
0.536090
0.570874
0.704502
0.629211
0.536533
0.560550
0.596812
0.442883
0.532552
0.473547
0.554433
0.372795
0.445975
0.448870
0.310867
0.287774
0.416349
0.433267
0.445965
0.360982
0.459661
0.394733
0.400824
0.646116
0.542166
0.429936
0.396289
0.351521
0.422515
0.350573
0.419306
0.483053
0.436533
0.440522
0.535265
0.477479
0.364959
0.482699
0.383865
0.480911
0.345411
0.409698
0.481200
0.401274
0.530374
0.440598
0.353678
0.502745
0.425170
0.403808
0.482675
0.419403
0.628860
0.297404
0.277094
0.225309
0.372757
0.344127
0.389716
0.319882
0.105536
0.259952
0.249726
0.333729
0.264523
0.559782
0.392794
0.360585
0.486414
0.447492
0.410238
0.445419
0.217877
0.187303
0.528109
0.452240
0.452409
0.237021
0.461408
0.550243
0.327927
0.214720
0.293418
0.343999
0.369368
0.410761
0.207771
0.362065
0.459511
0.232357
0.405163
0.380835
0.399547
0.347516
0.536382
0.478123
0.260066
0.236670
0.319534
0.234969
0.152989
0.050181
0.770349
0.090249
0.584588
0.055222
0.482761
0.163652
0.411224
0.553307
1.412375
0.607563
0.045747
0.203449
0.481874
0.476547
0.277108
1.073714
0.667401
0.062865
0.405636
0.794330
0.156512
0.068645
0.281158
0.099718
0.147603
0.601779
0.436962
0.521915
1.624191
0.158807
0.276269
0.221734
0.062589
0.480218
0.391156
0.163322
0.359697
0.412669
0.238476
0.274683
0.163529
0.371334
0.004915
0.483002
0.384011
0.249989
0.688435
0.379088
0.489751
0.261828
0.082552
0.378482
0.198618
0.417944
1.144555
0.680890
0.392120
0.218476
0.530503
0.166638
0.350505
0.037906
0.673930
0.233143
0.491974
0.627535
0.695214
0.247681
0.370089
0.140315
0.254720
0.144726
0.227133
0.104026
0.292361
0.578864
0.471665
0.005093
0.281806
0.304018
0.842352
0.155338
0.383559
0.385188
0.387691
0.189002
0.144162
0.290955
0.344253
0.235496
0.598285
0.187123
0.354162
0.214571
0.478034
0.487511
0.265748
0.918172
0.410550
0.352695
0.257373
0.320015
0.249741
0.574120
0.366146
0.428817
0.295786
0.409341
0.485060
0.455526
0.494491
0.449612
0.327702
0.463862
0.444762
0.779382
0.157254
0.937529
0.058619
0.500989
0.311849
0.135600
0.232443
0.869313
0.900604
0.356162
0.156460
0.202634
0.160480
0.533564
0.633464
0.467240
0.314740
0.475102
0.189651
0.307833
0.203439
0.264557
0.323853
0.401703
0.866030
0.833535
0.674313
0.075087
0.319732
0.185234
0.441170
0.354150
0.297147
1.117645
0.366744
0.374072
0.369790
0.400646
0.412785
0.341658
0.575137
0.662973
0.601336
0.429813
0.655387
0.285440
0.080617
0.997706
0.230277
0.353819
0.314057
0.280544
0.202252
0.268188
0.451748
0.379408
0.088265
1.045300
0.168807
0.082949
0.304838
0.397059
0.313812
0.633062
0.145938
0.305925
0.400272
0.252490
0.160220
0.279844
0.999404
0.330081
0.365272
0.518636
0.209054
0.314029
0.310522
0.322074
0.360333
0.972922
0.623672
1.211268
0.898014
1.330154
1.045290
0.287710
0.886252
0.290070
1.281518
1.462945
0.612002
0.842456
0.490752
0.841772
1.064119
0.825850
1.261093
0.674571
1.030933
0.432836
1.077409
0.793808
0.979052
0.379415
0.793856
0.297948
0.733004
1.124032
1.120991
0.790895
0.615575
0.846502
0.529835
0.725090
0.455629
0.409948
0.837844
0.678926
1.437944
0.782103
0.365487
0.473923
0.591714
0.419135
0.757188
0.492953
0.564438
0.538185
0.453501
0.503197
0.533518
0.564821
0.699651
0.619856
0.534161
0.556862
0.591266
0.440879
0.529091
0.473536
0.552063
0.370945
0.440824
0.444015
0.313193
0.286229
0.412598
0.430413
0.439660
0.360079
0.461191
0.392270
0.404048
0.652535
0.544175
0.428032
0.395840
0.347834
0.418769
0.346272
0.418454
0.479658
0.434015
0.434214
0.523521
0.477619
0.362784
0.478901
0.374939
0.474654
0.336955
0.400916
0.473862
0.392686
0.526825
0.434065
0.351365
0.504038
0.427613
0.403928
0.471266
0.408338
0.618248
0.288099
0.266174
0.218928
0.364789
0.340878
0.386007
0.319794
0.103325
0.247279
0.238653
0.328094
0.259750
0.553116
0.380998
0.349622
0.473885
0.434979
0.411966
0.451189
0.215578
0.178498
0.526976
0.459018
0.452391
0.235689
0.452030
0.558711
0.326576
0.215287
0.286494
0.342934
0.367577
0.397275
0.208302
0.364047
0.455632
0.225831
0.395546
0.373317
0.395572
0.339610
0.538967
0.475159
0.263580
0.233174
0.315653
0.240352
0.163649
0.044657
0.755404
0.085821
0.564118
0.049210
0.465138
0.169777
0.409586
0.535114
1.444617
0.592307
0.050205
0.201573
0.463546
0.461902
0.275184
1.089236
0.653631
0.056848
0.398544
0.770862
0.146642
0.062137
0.275136
0.094093
0.138700
0.586516
0.442280
0.527996
1.658278
0.164393
0.265524
0.209592
0.057232
0.465862
0.378910
0.170722
0.348435
0.405854
0.230767
0.276646
0.153167
0.361054
0.005195
0.479078
0.373419
0.237190
0.667697
0.376143
0.473176
0.250049
0.079974
0.376150
0.210419
0.417310
1.172681
0.670348
0.383097
0.221201
0.533273
0.172206
0.355823
0.033551
0.670801
0.235550
0.503838
0.613160
0.694470
0.249454
0.370420
0.136898
0.250217
0.144470
0.222767
0.103241
0.288458
0.570645
0.487569
0.003859
0.282304
0.304837
0.841325
0.145704
0.371067
0.379805
0.390063
0.181526
0.142695
0.285669
0.344361
0.228146
0.607745
0.182046
0.343832
0.218790
0.473517
0.477395
0.267713
0.911904
0.400756
0.356018
0.255882
0.312886
0.244915
0.573954
0.373654
0.413888
0.287169
0.398370
0.487457
0.457381
0.504339
0.454077
0.322324
0.474975
0.435484
0.786316
0.152688
0.941368
0.053927
0.500717
0.303462
0.127347
0.228964
0.870163
0.923930
0.354574
0.152888
0.199889
0.162117
0.524504
0.626035
0.466903
0.308199
0.475421
0.188591
0.295842
0.209225
0.256633
0.319103
0.408404
0.869840
0.838942
0.673954
0.072223
0.324105
0.179026
0.439883
0.344536
0.292040
1.125464
0.366016
0.375689
0.357373
0.390678
0.419562
0.343102
0.574654
0.646602
0.602138
0.427093
0.651641
0.275660
0.074522
1.002837
0.225818
0.361651
0.304617
0.275081
0.205807
0.268876
0.454795
0.374920
0.084677
1.049454
0.165729
0.077724
0.308752
0.395819
0.317866
0.635908
0.143556
0.304840
0.407092
0.253131
0.153831
0.278435
1.015825
0.330777
0.372306
0.530995
0.206195
0.321400
0.311097
0.324467
0.365720
0.983770
0.640869
1.230409
0.906703
1.352577
1.056515
0.288990
0.897396
0.291069
1.299663
1.483766
0.621349
0.853766
0.481316
0.851753
1.082714
0.838996
1.280625
0.687627
1.048327
0.425029
1.095455
0.808398
0.993715
0.390879
0.798807
0.300731
0.731453
1.138809
1.137749
0.787061
0.613379
0.842944
0.529949
0.722653
0.453433
0.408576
0.825715
0.670866
1.423171
0.776886
0.363591
0.473353
0.593831
0.418695
0.754133
0.488659
0.562391
0.536732
0.455820
0.501046
0.531926
0.560677
0.696402
0.613285
0.532738
0.554468
0.587496
0.439721
0.526864
0.473855
0.550638
0.369893
0.437342
0.440756
0.315224
0.285397
0.410154
0.428625
0.435323
0.359725
0.462644
0.390760
0.406769
0.657730
0.545965
0.426772
0.395774
0.345189
0.416075
0.343131
0.418074
0.477245
0.432307
0.429460
0.514407
0.478039
0.361339
0.476165
0.368075
0.469942
0.330467
0.394175
0.468282
0.386096
0.524272
0.429129
0.349801
0.505374
0.429882
0.404326
0.462378
0.399763
0.610049
0.280933
0.257713
0.214102
0.358693
0.338559
0.383319
0.320004
0.101836
0.237414
0.230069
0.323863
0.256208
0.548060
0.371834
0.341124
0.464134
0.425241
0.413628
0.456085
0.214014
0.171727
0.526346
0.464718
0.452652
0.234898
0.444798
0.565765
0.325769
0.216015
0.281226
0.342354
0.366416
0.386753
0.208998
0.365904
0.452799
0.220879
0.388120
0.367570
0.392660
0.333553
0.541303
0.473056
0.266660
0.230644
0.312815
0.244925
0.172444
0.040503
0.743712
0.082543
0.548005
0.044665
0.451301
0.174940
0.408539
0.520821
1.470673
0.580363
0.054032
0.200333
0.449145
0.450447
0.273904
1.101916
0.642876
0.052293
0.393129
0.752348
0.139005
0.057188
0.270576
0.089851
0.131836
0.574564
0.446791
0.533116
1.685795
0.169114
0.257185
0.200135
0.053201
0.454634
0.369370
0.176892
0.339681
0.400656
0.224855
0.278466
0.145131
0.353085
0.005669
0.476191
0.365199
0.227206
0.651366
0.374038
0.460172
0.240880
0.078159
0.374532
0.220100
0.417049
1.195411
0.662167
0.376130
0.223624
0.535733
0.176900
0.360318
0.030314
0.668544
0.237717
0.513564
0.601911
0.694118
0.251112
0.370926
0.134408
0.246857
0.144506
0.219517
0.102853
0.285577
0.564315
0.500518
0.003111
0.282939
0.305728
0.840744
0.138241
0.361319
0.375739
0.392194
0.175787
0.141758
0.281679
0.344683
0.222506
0.615543
0.178222
0.335810
0.222394
0.470143
0.469543
0.269516
0.907147
0.393161
0.358906
0.254921
0.307420
0.241289
0.574055
0.379889
0.402185
0.280512
0.389831
0.489613
0.459111
0.512495
0.457949
0.318093
0.484396
0.428011
0.792290
0.149126
0.944779
0.050260
0.500720
0.296725
0.120722
0.226304
0.871094
0.943522
0.353482
0.150148
0.197836
0.163701
0.517208
0.620092
0.466847
0.302993
0.475910
0.187934
0.286113
0.214250
0.250279
0.315383
0.414186
0.873222
0.843651
0.673876
0.070067
0.327953
0.174094
0.439035
0.336778
0.288022
1.132127
0.365629
0.377248
0.347289
0.382626
0.425401
0.344516
0.574469
0.633240
0.603018
0.425052
0.648750
0.267765
0.069683
1.007305
0.222336
0.368357
0.297005
0.270766
0.208966
0.269658
0.457532
0.371411
0.081915
1.053107
0.163390
0.073604
0.312205
0.395001
0.321434
0.638475
0.141791
0.304149
0.412949
0.253870
0.148746
0.277475
1.029635
0.331560
0.378340
0.541440
0.204033
0.327713
0.311780
0.326656
0.370389
0.992964
0.655328
1.246475
0.913937
1.371374
1.066025
0.290254
0.906845
0.292100
1.314917
1.501251
0.629313
0.863361
0.473676
0.860247
1.098369
0.850125
1.297067
0.698688
1.062999
0.418728
1.110675
0.820742
1.006126
0.400631
0.803132
0.303248
0.730355
1.151283
1.151921
0.784054
0.611767
0.840158
0.530245
0.720793
0.451796
0.407627
0.815750
0.664296
1.411012
0.772719
0.362195
0.473061
0.595783
0.418516
0.751765
0.485265
0.560860
0.535715
0.457935
0.499441
0.530794
0.557394
0.693873
0.607982
0.531724
0.552649
0.584530
0.438930
0.525179
0.474289
0.549618
0.369193
0.434617
0.438213
0.317093
0.284883
0.408288
0.427307
0.431886
0.359606
0.464022
0.389678
0.409190
0.662156
0.547628
0.425971
0.395912
0.343267
0.414117
0.340819
0.417961
0.475506
0.431127
0.425870
0.507353
0.478552
0.360377
0.474170
0.362811
0.466381
0.325500
0.389003
0.464030
0.381047
0.522416
0.425388
0.348739
0.506606
0.431852
0.404816
0.455520
0.393137
0.603717
0.275426
0.251179
0.210452
0.354034
0.336897
0.381365
0.320350
0.100832
0.229767
0.223438
0.320684
0.253576
0.544226
0.364744
0.334563
0.456579
0.417696
0.415120
0.460140
0.212950
0.166534
0.526021
0.469409
0.453033
0.234444
0.439240
0.571522
0.325301
0.216764
0.277224
0.342066
0.365667
0.378589
0.209720
0.367546
0.450725
0.217126
0.382407
0.363189
0.390523
0.328924
0.543323
0.471558
0.269267
0.228809
0.310735
0.248714
0.179577
0.037380
0.734621
0.080115
0.535412
0.041232
0.440512
0.179194
0.407875
0.509672
1.491464
0.571074
0.057227
0.199516
0.437910
0.441545
0.273055
1.112112
0.634527
0.048852
0.389008
0.737861
0.133125
0.053435
0.267131
0.086657
0.126568
0.565272
0.450518
0.537326
1.707715
0.173009
0.250749
0.192816
0.050173
0.445915
0.361986
0.181930
0.332918
0.396705
0.220338
0.280063
0.138936
0.346943
0.006200
0.474065
0.358858
0.219471
0.638615
0.372530
0.450052
0.233791
0.076881
0.373409
0.227902
0.416998
1.213520
0.655859
0.370780
0.225692
0.537829
0.180760
0.364021
0.027910
0.666914
0.239580
0.521398
0.593179
0.693990
0.252572
0.371476
0.132593
0.244355
0.144684
0.217101
0.102696
0.283452
0.559465
0.510893
0.002669
0.283590
0.306581
0.840432
0.132496
0.353769
0.372678
0.394025
0.171402
0.141164
0.278676
0.345083
0.218200
0.621844
0.175349
0.329622
0.225385
0.467623
0.463489
0.271083
0.903526
0.387309
0.361329
0.254306
0.303248
0.238570
0.574276
0.384950
0.393092
0.275401
0.383236
0.491451
0.460610
0.519047
0.461112
0.314967
0.491833
0.422380
0.797053
0.146517
0.947558
0.047569
0.500864
0.291663
0.115746
0.224390
0.871954
0.958797
0.352779
0.148172
0.196390
0.165065
0.511711
0.615641
0.466944
0.299111
0.476426
0.187566
0.278735
0.218270
0.245509
0.312648
0.418791
0.875972
0.847425
0.673953
0.068539
0.331063
0.170421
0.438516
0.330921
0.285053
1.137412
0.365467
0.378588
0.339635
0.376541
0.430046
0.345743
0.574461
0.623052
0.603832
0.423610
0.646651
0.261800
0.066079
1.010890
0.219779
0.373670
0.291257
0.267564
0.211538
0.270394
0.459778
0.368832
0.079913
1.056060
0.161713
0.070553
0.315004
0.394499
0.324321
0.640588
0.140558
0.303745
0.417604
0.254570
0.144946
0.276862
1.040432
0.332291
0.383128
0.549638
0.202490
0.332718
0.312434
0.328474
0.374124
1.000193
0.666625
1.259013
0.919656
1.386021
1.073498
0.291357
0.914271
0.293022
1.326827
1.514884
0.635590
0.870899
0.467898
0.866933
1.110586
0.858846
1.309892
0.707356
1.074457
0.413984
1.122554
0.830403
1.015836
0.408287
0.806594
0.305315
0.729629
1.161040
1.162990
0.781865
0.610634
0.838138
0.530594
0.719495
0.450647
0.407010
0.808197
0.659347
1.401744
0.769624
0.361237
0.472958
0.597417
0.418493
0.750053
0.482762
0.559803
0.535035
0.459679
0.498324
0.530032
0.554988
0.692038
0.604009
0.531065
0.551355
0.582358
0.438434
0.523994
0.474741
0.548963
0.368768
0.432625
0.436363
0.318644
0.284598
0.406959
0.426402
0.429344
0.359622
0.465196
0.388953
0.411173
0.665688
0.549011
0.425468
0.396124
0.341895
0.412720
0.339145
0.417978
0.474279
0.430331
0.423202
0.502015
0.479061
0.359740
0.472740
0.358856
0.463740
0.321777
0.385120
0.460857
0.377256
0.521091
0.422605
0.348030
0.507668
0.433486
0.405304
0.450331
0.388128
0.598933
0.271280
0.246240
0.207741
0.350544
0.335722
0.379964
0.320725
0.100165
0.223966
0.218422
0.318336
0.251650
0.541371
0.359374
0.329600
0.450848
0.411973
0.416379
0.463380
0.212233
0.162628
0.525874
0.473139
0.453431
0.234199
0.435051
0.576075
0.325045
0.217447
0.274236
0.341948
0.365193
0.372384
0.210382
0.368918
0.449227
0.214330
0.378096
0.359906
0.388975
0.325450
0.544986
0.470504
0.271385
0.227493
0.309230
0.251744
0.185190
0.035069
0.727697
0.078339
0.525783
0.038680
0.432276
0.182581
0.407462
0.501157
1.507630
0.563996
0.059795
0.198985
0.429328
0.434765
0.272499
1.120090
0.628175
0.046292
0.385921
0.726764
0.128680
0.050633
0.264566
0.084287
0.122595
0.558189
0.453496
0.540676
1.724753
0.176115
0.245873
0.187256
0.047930
0.439273
0.356375
0.185919
0.327788
0.393747
0.216943
0.281392
0.134244
0.342291
0.006706
0.472517
0.354053
0.213588
0.628855
0.371459
0.442324
0.228406
0.075987
0.372635
0.234025
0.417052
1.227608
0.651077
0.366739
0.227383
0.539542
0.183837
0.366976
0.026144
0.665746
0.241113
0.527544
0.586521
0.693984
0.253793
0.371993
0.131281
0.242512
0.144913
0.215324
0.102666
0.281899
0.555807
0.519003
0.002418
0.284183
0.307330
0.840281
0.128145
0.348023
0.370399
0.395529
0.168102
0.140795
0.276443
0.345481
0.214959
0.626802
0.173217
0.324928
0.227785
0.465763
0.458897
0.272382
0.900813
0.382874
0.363289
0.253918
0.300111
0.236556
0.574534
0.388949
0.386151
0.271537
0.378224
0.492958
0.461854
0.524196
0.463642
0.312635
0.497667
0.418113
0.800820
0.144585
0.949791
0.045575
0.501060
0.287835
0.111984
0.222995
0.872703
0.970688
0.352320
0.146729
0.195357
0.166202
0.507546
0.612284
0.467102
0.296194
0.476909
0.187364
0.273115
0.221460
0.241905
0.310616
0.422433
0.878180
0.850424
0.674095
0.067439
0.333548
0.167664
0.438196
0.326475
0.282840
1.141577
0.365422
0.379704
0.333799
0.371917
0.433717
0.346771
0.574534
0.615256
0.604541
0.422575
0.645107
0.257268
0.063371
1.013740
0.217882
0.377857
0.286893
0.265168
0.213606
0.271042
0.461593
0.366917
0.078444
1.058421
0.160495
0.068272
0.317245
0.394189
0.326630
0.642299
0.139682
0.303510
0.421279
0.255189
0.142086
0.276465
1.048856
0.332935
0.386907
0.556051
0.201373
0.336663
0.313016
0.329955
0.377086
1.005858
0.675434
1.268781
0.924154
1.397419
1.079351
0.292284
0.920086
0.293810
1.336108
1.525495
0.640517
0.876800
0.463506
0.872175
1.120105
0.865662
1.319880
0.714130
1.083388
0.410391
1.131810
0.837944
1.023415
0.414278
0.809344
0.306986
0.729140
1.168656
1.171618
0.780229
0.609833
0.836646
0.530931
0.718557
0.449833
0.406605
0.802423
0.655597
1.394651
0.767316
0.360567
0.472943
0.598754
0.418547
0.748797
0.480897
0.559050
0.534602
0.461102
0.497521
0.529507
0.553188
0.690687
0.601000
0.530619
0.550425
0.580743
0.438121
0.523147
0.475161
0.548513
0.368508
0.431155
0.435002
0.319916
0.284447
0.406002
0.425773
0.427447
0.359705
0.466174
0.388463
0.412769
0.668483
0.550155
0.425143
0.396359
0.340904
0.411702
0.337917
0.418065
0.473392
0.429783
0.421212
0.497953
0.479517
0.359317
0.471702
0.355863
0.461764
0.318962
0.382183
0.458469
0.374391
0.520135
0.420522
0.347549
0.508554
0.434811
0.405748
0.446386
0.384320
0.595302
0.268141
0.242486
0.205710
0.347910
0.334878
0.378945
0.321079
0.099713
0.219546
0.214608
0.316584
0.250225
0.539228
0.355284
0.325827
0.446481
0.407612
0.417416
0.465948
0.211743
0.159672
0.525825
0.476086
0.453804
0.234072
0.431875
0.579658
0.324909
0.218037
0.271988
0.341919
0.364888
0.367649
0.210956
0.370040
0.448129
0.212230
0.374825
0.357429
0.387839
0.322825
0.546333
0.469750
0.273082
0.226536
0.308127
0.254147
0.189590
0.033343
0.722404
0.077027
0.518398
0.036768
0.425968
0.185260
0.407203
0.494633
1.520188
0.558583
0.061840
0.198633
0.422752
0.429582
0.272127
1.126318
0.623322
0.044371
0.383593
0.718242
0.125301
0.048525
0.262642
0.082512
0.119581
0.552771
0.455857
0.543324
1.737984
0.178575
0.242160
0.183015
0.046253
0.434194
0.352094
0.189061
0.323878
0.391517
0.214375
0.282478
0.130673
0.338750
0.007154
0.471377
0.350394
0.209095
0.621364
0.370687
0.436406
0.224298
0.075351
0.372092
0.238816
0.417149
1.238558
0.647435
0.363669
0.228746
0.540921
0.186271
0.369316
0.024834
0.664898
0.242353
0.532352
0.581428
0.694033
0.254791
0.372447
0.130321
0.241141
0.145144
0.214004
0.102697
0.280753
0.553033
0.525328
0.002278
0.284695
0.307963
0.840217
0.124834
0.343633
0.368691
0.396746
0.165603
0.140562
0.274770
0.345842
0.212507
0.630690
0.171621
0.321350
0.229694
0.464377
0.455399
0.273440
0.898769
0.379496
0.364857
0.253671
0.297737
0.235050
0.574785
0.392093
0.380834
0.268601
0.374399
0.494175
0.462867
0.528230
0.465651
0.310884
0.502230
0.414865
0.803784
0.143142
0.951569
0.044083
0.501262
0.284925
0.109125
0.221966
0.873333
0.979934
0.352015
0.145663
0.194607
0.167132
0.504375
0.609737
0.467274
0.293987
0.477331
0.187257
0.268819
0.223976
0.239166
0.309094
0.425298
0.879937
0.852793
0.674253
0.066638
0.335519
0.165580
0.437997
0.323085
0.281177
1.144848
0.365436
0.380616
0.329334
0.368390
0.436604
0.347615
0.574639
0.609276
0.605138
0.421822
0.643961
0.253811
0.061325
1.015992
0.216462
0.381142
0.283565
0.263363
0.215252
0.271590
0.463043
0.365483
0.077354
1.060293
0.159600
0.066554
0.319024
0.393995
0.328462
0.643669
0.139051
0.303374
0.424168
0.255713
0.139920
0.276204
1.055417
0.333478
0.389876
0.561057
0.200555
0.339759
0.313512
0.331146
0.379423
1.010284
0.682291
1.276380
0.927676
1.406279
1.083922
0.293047
0.924628
0.294464
1.343330
1.533748
0.644372
0.881408
0.460154
0.876274
1.127511
0.870977
1.327649
0.719413
1.090339
0.407656
1.139012
0.843820
1.029320
0.418954
0.811514
0.308321
0.728806
1.174587
1.178334
0.779020
0.609253
0.835524
0.531236
0.717875
0.449243
0.406338
0.797995
0.652743
1.389215
0.765563
0.360095
0.472980
0.599822
0.418632
0.747873
0.479496
0.558514
0.534295
0.462248
0.496949
0.529149
0.551843
0.689679
0.598721
0.530315
0.549752
0.579535
0.437920
0.522531
0.475525
0.548202
0.368348
0.430062
0.433991
0.320940
0.284371
0.405301
0.425325
0.426024
0.359810
0.466972
0.388124
0.414049
0.670689
0.551085
0.424937
0.396586
0.340179
0.410955
0.337009
0.418171
0.472749
0.429395
0.419709
0.494856
0.479912
0.359031
0.470938
0.353589
0.460278
0.316825
0.379952
0.456663
0.372218
0.519434
0.418954
0.347212
0.509274
0.435877
0.406130
0.443373
0.381414
0.592529
0.265751
0.239622
0.204178
0.345912
0.334266
0.378196
0.321392
0.099403
0.216166
0.211697
0.315268
0.249160
0.537609
0.352160
0.322947
0.443141
0.404277
0.418256
0.467972
0.211401
0.157423
0.525824
0.478403
0.454128
0.234011
0.429456
0.582466
0.324841
0.218531
0.270287
0.341934
0.364690
0.364024
0.211437
0.370946
0.447318
0.210642
0.372331
0.355550
0.386998
0.320832
0.547412
0.469203
0.274432
0.225833
0.307310
0.256043
0.193030
0.032043
0.718346
0.076048
0.512722
0.035324
0.421125
0.187368
0.407039
0.489623
1.529938
0.554432
0.063458
0.198397
0.417701
0.425609
0.271876
1.131170
0.619604
0.042921
0.381828
0.711686
0.122723
0.046929
0.261188
0.081175
0.117284
0.548614
0.457718
0.545408
1.748253
0.180513
0.239323
0.179769
0.044990
0.430301
0.348817
0.191526
0.320888
0.389827
0.212422
0.283351
0.127944
0.336046
0.007534
0.470528
0.347597
0.205654
0.615604
0.370123
0.431861
0.221154
0.074893
0.371706
0.242555
0.417258
1.247062
0.644651
0.361328
0.229834
0.542022
0.188188
0.371159
0.023854
0.664275
0.243345
0.536104
0.577521
0.694104
0.255597
0.372831
0.129611
0.240113
0.145356
0.213016
0.102753
0.279899
0.550919
0.530253
0.002202
0.285124
0.308485
0.840200
0.122304
0.340270
0.367402
0.397718
0.163702
0.140414
0.273507
0.346153
0.210641
0.633728
0.170417
0.318615
0.231202
0.463337
0.452724
0.274288
0.897217
0.376915
0.366102
0.253510
0.295932
0.233916
0.575011
0.394556
0.376753
0.266360
0.371472
0.495147
0.463682
0.531381
0.467235
0.309559
0.505790
0.412382
0.806108
0.142056
0.952975
0.042959
0.501449
0.282704
0.106944
0.221201
0.873850
0.987117
0.351809
0.144868
0.194057
0.167881
0.501951
0.607797
0.467437
0.292310
0.477688
0.187204
0.265525
0.225952
0.237077
0.307945
0.427544
0.881325
0.854655
0.674405
0.066047
0.337073
0.163997
0.437873
0.320492
0.279920
1.147403
0.365475
0.381350
0.325908
0.365690
0.438866
0.348296
0.574749
0.604677
0.605627
0.421268
0.643103
0.251165
0.059771
1.017762
0.215392
0.383711
0.281019
0.261994
0.216553
0.272042
0.464193
0.364402
0.076539
1.061770
0.158935
0.065254
0.320429
0.393874
0.329907
0.644756
0.138590
0.303297
0.426430
0.256146
0.138272
0.276029
1.060519
0.333924
0.392198
0.564957
0.199950
0.342182
0.313922
0.332094
0.381257
1.013734
0.687624
1.282284
0.930421
1.413160
1.087484
0.293663
0.928168
0.294996
1.348941
1.540157
0.647380
0.884999
0.457587
0.879470
1.133265
0.875115
1.333683
0.723526
1.095741
0.405566
1.144606
0.848389
1.033911
0.422598
0.813218
0.309380
0.728573
1.179189
1.183541
0.778104
0.608822
0.834691
0.531491
0.717363
0.448817
0.406152
0.794620
0.650567
1.385028
0.764221
0.359751
0.473033
0.600672
0.418725
0.747183
0.478438
0.558122
0.534092
0.463165
0.496529
0.528901
0.550826
0.688931
0.596983
0.530107
0.549253
0.578628
0.437789
0.522081
0.475834
0.547996
0.368248
0.429241
0.433236
0.321759
0.284337
0.404788
0.425006
0.424945
0.359918
0.467613
0.387888
0.415065
0.672424
0.551826
0.424798
0.396783
0.339641
0.410409
0.336331
0.418275
0.472275
0.429125
0.418572
0.492482
0.480240
0.358832
0.470372
0.351854
0.459150
0.315196
0.378250
0.455289
0.370559
0.518914
0.417759
0.346979
0.509857
0.436725
0.406448
0.441066
0.379190
0.590411
0.263925
0.237429
0.203016
0.344390
0.333812
0.377639
0.321657
0.099185
0.213574
0.209468
0.314273
0.248361
0.536379
0.349766
0.320741
0.440580
0.401720
0.418928
0.469560
0.211159
0.155705
0.525845
0.480218
0.454402
0.233987
0.427607
0.584659
0.324811
0.218936
0.268993
0.341967
0.364559
0.361241
0.211831
0.371668
0.446712
0.209436
0.370424
0.354118
0.386368
0.319312
0.548268
0.468802
0.275498
0.225310
0.306700
0.257531
0.195713
0.031060
0.715228
0.075312
0.508352
0.034229
0.417400
0.189021
0.406933
0.485768
1.537502
0.551242
0.064731
0.198235
0.413814
0.422556
0.271702
1.134944
0.616749
0.041820
0.380484
0.706635
0.120749
0.045716
0.260085
0.080161
0.115529
0.545419
0.459179
0.547040
1.756218
0.182032
0.237148
0.177278
0.044034
0.427309
0.346302
0.193453
0.318595
0.388539
0.210933
0.284047
0.125854
0.333975
0.007849
0.469892
0.345454
0.203012
0.611168
0.369708
0.428365
0.218742
0.074559
0.371427
0.245468
0.417362
1.253660
0.642517
0.359537
0.230695
0.542892
0.189690
0.372605
0.023115
0.663812
0.244132
0.539026
0.574518
0.694179
0.256239
0.373148
0.129081
0.239337
0.145539
0.212270
0.102816
0.279258
0.549302
0.534082
0.002162
0.285475
0.308907
0.840204
0.120367
0.337687
0.366423
0.398490
0.162251
0.140318
0.272549
0.346412
0.209217
0.636094
0.169505
0.316517
0.232386
0.462548
0.450674
0.274964
0.896027
0.374937
0.367079
0.253403
0.294555
0.233056
0.575197
0.396468
0.373634
0.264646
0.369226
0.495915
0.464328
0.533834
0.468477
0.308553
0.508559
0.410479
0.807916
0.141235
0.954070
0.042108
0.501608
0.281006
0.105277
0.220626
0.874255
0.992663
0.351667
0.144280
0.193653
0.168470
0.500120
0.606311
0.467578
0.291030
0.477981
0.187181
0.262994
0.227499
0.235479
0.307075
0.429299
0.882416
0.856112
0.674540
0.065608
0.338293
0.162790
0.437794
0.318504
0.278964
1.149397
0.365523
0.381936
0.323275
0.363619
0.440634
0.348841
0.574851
0.601137
0.606024
0.420856
0.642457
0.249135
0.058585
1.019149
0.214580
0.385717
0.279065
0.260952
0.217577
0.272408
0.465100
0.363582
0.075925
1.062930
0.158438
0.064264
0.321533
0.393796
0.331042
0.645614
0.138250
0.303253
0.428197
0.256498
0.137013
0.275911
1.064484
0.334290
0.394014
0.567991
0.199498
0.344073
0.314256
0.332845
0.382694
1.016420
0.691765
1.286870
0.932557
1.418500
1.090257
0.294156
0.930924
0.295425
1.353301
1.545132
0.649724
0.887794
0.455617
0.881959
1.137734
0.878333
1.338369
0.726724
1.099936
0.403965
1.148953
0.851942
1.037481
0.425433
0.814553
0.310216
0.728409
1.182774
1.187596
0.777416
0.608506
0.834064
0.531716
0.716990
0.448498
0.406028
0.792008
0.648897
1.381802
0.763205
0.359505
0.473090
0.601351
0.418815
0.746663
0.477634
0.557832
0.533943
0.463880
0.496220
0.528719
0.550055
0.688361
0.595649
0.529956
0.548885
0.577941
0.437706
0.521745
0.476085
0.547842
0.368189
0.428616
0.432662
0.322409
0.284327
0.404405
0.424771
0.424126
0.360015
0.468121
0.387718
0.415865
0.673767
0.552414
0.424709
0.396948
0.339240
0.409997
0.335818
0.418374
0.471923
0.428927
0.417705
0.490658
0.480507
0.358693
0.469948
0.350527
0.458293
0.313951
0.376946
0.454240
0.369289
0.518524
0.416852
0.346812
0.510322
0.437393
0.406709
0.439295
0.377483
0.588783
0.262528
0.235747
0.202131
0.343225
0.333476
0.377222
0.321876
0.099031
0.211582
0.207758
0.313516
0.247756
0.535441
0.347927
0.319049
0.438613
0.399755
0.419461
0.470802
0.210985
0.154390
0.525876
0.481636
0.454627
0.233981
0.426190
0.586368
0.324801
0.219262
0.268006
0.342007
0.364470
0.359102
0.212149
0.372240
0.446256
0.208516
0.368962
0.353024
0.385895
0.318149
0.548943
0.468504
0.276336
0.224919
0.306241
0.258695
0.197802
0.030312
0.712829
0.074755
0.504984
0.033394
0.414530
0.190312
0.406864
0.482799
1.543366
0.548786
0.065728
0.198123
0.410820
0.420206
0.271580
1.137874
0.614552
0.040981
0.379456
0.702740
0.119234
0.044790
0.259243
0.079389
0.114183
0.542960
0.460319
0.548313
1.762383
0.183219
0.235479
0.175365
0.043307
0.425007
0.344371
0.194952
0.316836
0.387556
0.209793
0.284595
0.124250
0.332384
0.008105
0.469410
0.343808
0.200981
0.607748
0.369397
0.425673
0.216888
0.074313
0.371222
0.247733
0.417454
1.258769
0.640877
0.358162
0.231371
0.543569
0.190856
0.373718
0.022573
0.663480
0.244736
0.541235
0.572308
0.694249
0.256726
0.373394
0.128700
0.238775
0.145685
0.211730
0.102873
0.278794
0.548119
0.536924
0.002143
0.285745
0.309231
0.840222
0.118946
0.335788
0.365711
0.399072
0.161188
0.140258
0.271852
0.346615
0.208175
0.637861
0.168842
0.314977
0.233274
0.461980
0.449169
0.275475
0.895177
0.373484
0.367819
0.253337
0.293546
0.232433
0.575357
0.397914
0.371302
0.263387
0.367574
0.496498
0.464822
0.535666
0.469410
0.307819
0.510624
0.409082
0.809278
0.140637
0.954910
0.041488
0.501743
0.279757
0.104050
0.220212
0.874589
0.996828
0.351573
0.143839
0.193359
0.168931
0.498730
0.605227
0.467697
0.290093
0.478209
0.187174
0.261131
0.228654
0.234306
0.306440
0.430608
0.883235
0.857202
0.674650
0.065292
0.339205
0.161906
0.437745
0.317042
0.278267
1.150891
0.365569
0.382379
0.321337
0.362095
0.441952
0.349254
0.574936
0.598526
0.606327
0.420561
0.641988
0.247642
0.057717
1.020185
0.213990
0.387211
0.277629
0.260190
0.218345
0.272689
0.465781
0.362984
0.075480
1.063798
0.158078
0.063540
0.322359
0.393748
0.331892
0.646259
0.138008
0.303231
0.429515
0.256768
0.136090
0.275832
1.067430
0.334567
0.395366
0.570246
0.199172
0.345482
0.314513
0.333409
0.383766
1.018418
0.694839
1.290273
0.934162
1.422458
1.092316
0.294529
0.932968
0.295750
1.356529
1.548816
0.651463
0.889864
0.454174
0.883804
1.141037
0.880712
1.341830
0.729088
1.103034
0.402797
1.152160
0.854563
1.040115
0.427524
0.815543
0.310838
0.728298
1.185412
1.190587
0.776919
0.608300
0.833616
0.531887
0.716719
0.448277
0.405951
0.790082
0.647683
1.379448
0.762475
0.359331
0.473138
0.601853
0.418884
0.746292
0.477056
0.557630
0.533842
0.464412
0.496004
0.528597
0.549496
0.687952
0.594678
0.529856
0.548623
0.577442
0.437653
0.521513
0.476279
0.547743
0.368153
0.428169
0.432251
0.322889
0.284326
0.404127
0.424609
0.423532
0.360092
0.468499
0.387603
0.416453
0.674738
0.552796
0.424640
0.397047
0.338935
0.409678
0.335436
0.418422
0.471634
0.428753
0.417083
0.489327
0.480704
0.358597
0.469643
0.349562
0.457672
0.313047
0.376000
0.453479
0.368365
0.518246
0.416192
0.346695
0.510671
0.437896
0.406907
0.438005
0.376239
0.587595
0.261510
0.234520
0.201489
0.342379
0.333238
0.376924
0.322044
0.098925
0.210128
0.206509
0.312968
0.247318
0.534759
0.346584
0.317812
0.437174
0.398318
0.419862
0.471723
0.210865
0.153430
0.525906
0.482686
0.454800
0.233984
0.425154
0.587627
0.324802
0.219508
0.267286
0.342043
0.364413
0.357534
0.212391
0.372668
0.445928
0.207846
0.367893
0.352225
0.385553
0.317299
0.549447
0.468292
0.276960
0.224638
0.305910
0.259560
0.199348
0.029768
0.711068
0.074353
0.502509
0.032787
0.412422
0.191271
0.406820
0.480616
1.547695
0.546982
0.066471
0.198047
0.408618
0.418480
0.271497
1.140031
0.612938
0.040368
0.378704
0.699871
0.118123
0.044113
0.258629
0.078826
0.113196
0.541150
0.461160
0.549230
1.766695
0.183658
0.234869
0.174666
0.043042
0.424163
0.343658
0.195513
0.316185
0.387193
0.209371
0.284803
0.123653
0.331793
0.008203
0.469233
0.343192
0.200218
0.606459
0.369282
0.424651
0.216183
0.074221
0.371146
0.248610
0.417492
1.260749
0.640246
0.357635
0.231634
0.543830
0.191301
0.374124
0.022383
0.663367
0.244948
0.542006
0.571495
0.694272
0.256907
0.373486
0.128562
0.238570
0.145742
0.211533
0.102897
0.278625
0.547683
0.537979
0.002139
0.285847
0.309353
0.840230
0.118424
0.335089
0.365450
0.399289
0.160797
0.140238
0.271595
0.346692
0.207789
0.638522
0.168597
0.314404
0.233608
0.461769
0.448606
0.275669
0.894857
0.372940
0.368099
0.253314
0.293167
0.232198
0.575417
0.398461
0.370425
0.262910
0.366946
0.496723
0.465012
0.536370
0.469769
0.307539
0.511419
0.408548
0.809800
0.140410
0.955230
0.041253
0.501795
0.279281
0.103582
0.220055
0.874714
0.998421
0.351539
0.143676
0.193249
0.169107
0.498211
0.604813
0.467744
0.289736
0.478298
0.187173
0.260418
0.229100
0.233857
0.306198
0.431116
0.883553
0.857625
0.674695
0.065173
0.339559
0.161568
0.437729
0.316481
0.278001
1.151493
0.365588
0.382552
0.320592
0.361509
0.442464
0.349415
0.574972
0.597519
0.606446
0.420449
0.641808
0.247063
0.057381
1.020593
0.213761
0.387798
0.277068
0.259893
0.218649
0.272802
0.466051
0.362751
0.075307
1.064142
0.157939
0.063257
0.322688
0.393731
0.332230
0.646515
0.137914
0.303224
0.430036
0.256876
0.135729
0.275804
1.068589
0.334677
0.395897
0.571129
0.199048
0.346031
0.314614
0.333629
0.384180
1.019186
0.696014
1.291569
0.934919
1.423941
1.093082
0.294669
0.933716
0.295869
1.357697
1.550130
0.652076
0.890586
0.453679
0.884436
1.142156
0.881508
1.342973
0.729858
1.104029
0.402430
1.153164
0.855369
1.040913
0.428146
0.815832
0.311017
0.728268
1.186193
1.191411
0.776779
0.608242
0.833496
0.531931
0.716657
0.448221
0.405930
0.789608
0.647385
1.378875
0.762298
0.359290
0.473152
0.601980
0.418904
0.746203
0.476913
0.557583
0.533815
0.464549
0.495953
0.528569
0.549360
0.687852
0.594435
0.529832
0.548555
0.577320
0.437639
0.521454
0.476332
0.547729
0.368145
0.428053
0.432148
0.323013
0.284328
0.404060
0.424569
0.423380
0.360115
0.468607
0.387575
0.416614
0.675031
0.552975
0.424635
0.397114
0.338880
0.409628
0.335360
0.418471
0.471610
0.428754
0.416920
0.488986
0.480770
0.358575
0.469566
0.349308
0.457508
0.312806
0.375748
0.453276
0.368116
0.518200
0.416012
0.346666
0.510785
0.438038
0.406963
0.437646
0.375891
0.587268
0.261222
0.234171
0.201306
0.342135
0.333170
0.376838
0.322095
0.098895
0.209696
0.206136
0.312804
0.247187
0.534553
0.346173
0.317431
0.436727
0.397868
0.419990
0.472019
0.210828
0.153123
0.525917
0.483028
0.454859
0.233987
0.424818
0.588062
0.324803
0.219591
0.267051
0.342057
0.364396
0.357019
0.212472
0.372812
0.445821
0.207624
0.367538
0.351960
0.385440
0.317015
0.549621
0.468222
0.277174
0.224544
0.305799
0.259857
0.199877
0.029585
0.710470
0.074216
0.501664
0.032579
0.411696
0.191606
0.406806
0.479855
1.549225
0.546352
0.066734
0.198022
0.407844
0.417871
0.271470
1.140828
0.612364
0.040151
0.378436
0.698841
0.117722
0.043868
0.258406
0.078620
0.112832
0.540478
0.461492
0.549624
1.768689
0.184439
0.233793
0.173429
0.042577
0.422675
0.342410
0.196501
0.315047
0.386561
0.208637
0.285173
0.122616
0.330764
0.008378
0.468931
0.342126
0.198899
0.604232
0.369090
0.422897
0.214977
0.074068
0.371023
0.250106
0.417563
1.264130
0.639179
0.356740
0.232093
0.544307
0.192102
0.374927
0.021982
0.663117
0.245412
0.543683
0.569806
0.694332
0.257290
0.373684
0.128278
0.238146
0.145863
0.211127
0.102950
0.278278
0.546782
0.540173
0.002133
0.286064
0.309610
0.840251
0.117339
0.333638
0.364911
0.399745
0.159989
0.140201
0.271067
0.346857
0.206996
0.639885
0.168096
0.313229
0.234299
0.461339
0.447459
0.276070
0.894201
0.371833
0.368673
0.253271
0.292401
0.231728
0.575543
0.399570
0.368660
0.261953
0.365687
0.497176
0.465397
0.537780
0.470491
0.306985
0.513008
0.407486
0.810846
0.139960
0.955873
0.040786
0.501904
0.278333
0.102651
0.219746
0.874967
1.001599
0.351475
0.143354
0.193034
0.169462
0.497173
0.603987
0.467842
0.289026
0.478481
0.187176
0.258999
0.229993
0.232966
0.305720
0.432127
0.884187
0.858467
0.674787
0.064939
0.340266
0.160899
0.437699
0.315369
0.277474
1.152633
0.365631
0.382899
0.319115
0.360351
0.443481
0.349739
0.575045
0.595528
0.606686
0.420231
0.641456
0.245928
0.056724
1.021393
0.213316
0.388949
0.275977
0.259318
0.219244
0.273025
0.466580
0.362302
0.074975
1.064814
0.157672
0.062712
0.323327
0.393702
0.332887
0.647016
0.137737
0.303214
0.431051
0.257090
0.135032
0.275751
1.070849
0.334899
0.396940
0.572861
0.198806
0.347116
0.314818
0.334068
0.385008
1.020723
0.698375
1.294181
0.936117
1.426984
1.094670
0.294963
0.935294
0.296127
1.360186
1.552972
0.653422
0.892189
0.452573
0.885866
1.144712
0.883354
1.345655
0.731693
1.106434
0.401531
1.155657
0.857411
1.042964
0.429779
0.816609
0.311509
0.728187
1.188248
1.193746
0.776406
0.608075
0.833153
0.532071
0.716452
0.448056
0.405874
0.788131
0.646430
1.377034
0.761730
0.359157
0.473202
0.602379
0.418966
0.745915
0.476466
0.557430
0.533737
0.464974
0.495787
0.528475
0.548930
0.687540
0.593686
0.529761
0.548354
0.576942
0.437603
0.521279
0.476488
0.547648
0.368123
0.427712
0.431835
0.323397
0.284336
0.403856
0.424444
0.422922
0.360184
0.468910
0.387492
0.417085
0.675821
0.553317
0.424594
0.397222
0.338663
0.409403
0.335080
0.418538
0.471423
0.428654
0.416436
0.487957
0.480937
0.358506
0.469336
0.348559
0.457030
0.312104
0.375015
0.452688
0.367403
0.517983
0.415505
0.346583
0.511061
0.438433
0.407125
0.436646
0.374928
0.586351
0.260435
0.233223
0.200813
0.341483
0.332990
0.376612
0.322232
0.098819
0.208572
0.205173
0.312385
0.246854
0.534031
0.345138
0.316479
0.435619
0.396762
0.420306
0.472738
0.210742
0.152387
0.525946
0.483846
0.454998
0.233996
0.424024
0.589043
0.324809
0.219789
0.266502
0.342090
0.364357
0.355815
0.212664
0.373149
0.445574
0.207114
0.366719
0.351350
0.385183
0.316367
0.550016
0.468065
0.277661
0.224334
0.305551
0.260529
0.201073
0.029172
0.709120
0.073912
0.499765
0.032117
0.410080
0.192349
0.406779
0.478183
1.552560
0.544971
0.067310
0.197970
0.406159
0.416552
0.271412
1.142500
0.611131
0.039687
0.377866
0.696647
0.116876
0.043355
0.257941
0.078194
0.112082
0.539099
0.462149
0.550356
1.772191
0.185122
0.232860
0.172358
0.042177
0.421384
0.341329
0.197361
0.314063
0.386017
0.208004
0.285495
0.121720
0.329877
0.008533
0.468671
0.341208
0.197763
0.602313
0.368926
0.421390
0.213942
0.073940
0.370919
0.251394
0.417625
1.267024
0.638267
0.355977
0.232485
0.544704
0.192774
0.375574
0.021677
0.662933
0.245773
0.544974
0.568514
0.694382
0.257587
0.373839
0.128065
0.237825
0.145960
0.210819
0.102994
0.278015
0.546095
0.541858
0.002133
0.286233
0.309811
0.840270
0.116512
0.332529
0.364501
0.400098
0.159373
0.140176
0.270667
0.346986
0.206392
0.640933
0.167715
0.312332
0.234831
0.461013
0.446582
0.276380
0.893704
0.370988
0.369117
0.253241
0.291817
0.231370
0.575643
0.400424
0.367310
0.261223
0.364726
0.497528
0.465695
0.538865
0.471049
0.306563
0.514230
0.406674
0.811652
0.139618
0.956370
0.040432
0.501990
0.277609
0.101941
0.219512
0.875165
1.004039
0.351430
0.143110
0.192873
0.169737
0.496381
0.603358
0.467920
0.288485
0.478624
0.187181
0.257914
0.230681
0.232287
0.305357
0.432905
0.884677
0.859116
0.674861
0.064764
0.340812
0.160390
0.437680
0.314520
0.277074
1.153503
0.365667
0.383169
0.317985
0.359465
0.444264
0.349991
0.575105
0.594004
0.606873
0.420068
0.641190
0.245061
0.056224
1.022011
0.212979
0.389835
0.275144
0.258880
0.219703
0.273199
0.466988
0.361961
0.074723
1.065332
0.157471
0.062297
0.323821
0.393683
0.333394
0.647403
0.137604
0.303210
0.431833
0.257257
0.134500
0.275714
1.072584
0.335071
0.397742
0.574193
0.198624
0.347952
0.314977
0.334408
0.385646
1.021904
0.700189
1.296187
0.937009
1.429320
1.095889
0.295191
0.936508
0.296327
1.362094
1.555150
0.654457
0.893421
0.451728
0.886966
1.146675
0.884772
1.347715
0.733104
1.108281
0.400844
1.157570
0.858977
1.044540
0.431035
0.817207
0.311888
0.728129
1.189801
1.195535
0.776114
0.607948
0.832890
0.532183
0.716303
0.447928
0.405831
0.786994
0.645707
1.375635
0.761288
0.359062
0.473240
0.602692
0.419018
0.745702
0.476125
0.557309
0.533679
0.465304
0.495663
0.528409
0.548604
0.687305
0.593113
0.529710
0.548205
0.576651
0.437578
0.521142
0.476611
0.547588
0.368107
0.427450
0.431595
0.323694
0.284342
0.403696
0.424355
0.422575
0.360236
0.469146
0.387429
0.417448
0.676415
0.553554
0.424565
0.397278
0.338477
0.409185
0.334894
0.418592
0.471277
0.428579
0.416070
0.487168
0.481067
0.358456
0.469162
0.347989
0.456666
0.311571
0.374456
0.452240
0.366859
0.517832
0.415119
0.346522
0.511278
0.438736
0.407251
0.435883
0.374192
0.585650
0.259836
0.232498
0.200437
0.340985
0.332856
0.376442
0.322339
0.098764
0.207714
0.204437
0.312067
0.246601
0.533633
0.344346
0.315752
0.434772
0.395916
0.420550
0.473291
0.210677
0.151825
0.525971
0.484476
0.455109
0.234005
0.423418
0.589802
0.324817
0.219944
0.266083
0.342119
0.364330
0.354894
0.212814
0.373411
0.445387
0.206724
0.366093
0.350884
0.384988
0.315872
0.550321
0.467947
0.278037
0.224175
0.305362
0.261046
0.201993
0.028858
0.708088
0.073681
0.498311
0.031765
0.408843
0.192922
0.406760
0.476903
1.555120
0.543915
0.067755
0.197932
0.404869
0.415542
0.271370
1.143785
0.610188
0.039333
0.377430
0.694966
0.116229
0.042963
0.257586
0.077870
0.111509
0.538043
0.462656
0.550919
1.774878
0.185648
0.232147
0.171538
0.041872
0.420397
0.340502
0.198024
0.313310
0.385601
0.207520
0.285744
0.121036
0.329198
0.008655
0.468474
0.340506
0.196894
0.600843
0.368802
0.420235
0.213150
0.073844
0.370841
0.252384
0.417676
1.269246
0.637568
0.355393
0.232789
0.545010
0.193292
0.376073
0.021445
0.662793
0.246051
0.545966
0.567526
0.694422
0.257817
0.373960
0.127903
0.237581
0.146036
0.210585
0.103031
0.277816
0.545569
0.543153
0.002135
0.286366
0.309968
0.840286
0.115879
0.331681
0.364189
0.400370
0.158903
0.140159
0.270361
0.347087
0.205931
0.641738
0.167425
0.311646
0.235241
0.460764
0.445912
0.276620
0.893321
0.370342
0.369457
0.253220
0.291372
0.231098
0.575720
0.401077
0.366280
0.260666
0.363992
0.497798
0.465924
0.539696
0.471476
0.306242
0.515164
0.406056
0.812265
0.139360
0.956747
0.040164
0.502056
0.277059
0.101399
0.219335
0.875315
1.005908
0.351396
0.142925
0.192751
0.169949
0.495776
0.602876
0.467980
0.288073
0.478734
0.187187
0.257086
0.231209
0.231768
0.305081
0.433501
0.885050
0.859610
0.674918
0.064631
0.341229
0.160004
0.437666
0.313872
0.276769
1.154187
0.365696
0.383376
0.317122
0.358788
0.444865
0.350185
0.575150
0.592838
0.607017
0.419943
0.640986
0.244398
0.055843
1.022481
0.212722
0.390512
0.274508
0.258547
0.220055
0.273332
0.467299
0.361702
0.074533
1.065722
0.157319
0.061984
0.324198
0.393669
0.333781
0.647695
0.137504
0.303208
0.432427
0.257384
0.134101
0.275686
1.073901
0.335202
0.398347
0.575186
0.198495
0.348563
0.315095
0.334657
0.386110
1.022765
0.701504
1.297647
0.937783
1.431010
1.096773
0.295357
0.937383
0.296473
1.363476
1.556720
0.655200
0.894304
0.451126
0.887753
1.148078
0.885784
1.349182
0.734108
1.109594
0.400360
1.158927
0.860087
1.045653
0.431919
0.817629
0.312156
0.728089
1.190956
1.196792
0.775913
0.607869
0.832709
0.532262
0.716203
0.447841
0.405803
0.786216
0.645202
1.374667
0.760983
0.358996
0.473265
0.602911
0.419052
0.745551
0.475888
0.557239
0.533647
0.465533
0.495582
0.528365
0.548378
0.687144
0.592721
0.529678
0.548105
0.576453
0.437562
0.521051
0.476699
0.547566
0.368099
0.427271
0.431434
0.323902
0.284348
0.403588
0.424293
0.422335
0.360278
0.469317
0.387387
0.417704
0.676849
0.553783
0.424548
0.397368
0.338385
0.409118
0.334723
0.418630
0.471183
0.428530
0.415814
0.486625
0.481159
0.358425
0.469042
0.347594
0.456414
0.311200
0.374068
0.451930
0.366481
0.517726
0.414850
0.346480
0.511427
0.438952
0.407341
0.435350
0.373680
0.585160
0.259416
0.231991
0.200175
0.340637
0.332762
0.376323
0.322416
0.098726
0.207110
0.203920
0.311843
0.246424
0.533353
0.343789
0.315239
0.434174
0.395318
0.420725
0.473686
0.210633
0.151428
0.525990
0.484924
0.455187
0.234013
0.422989
0.590345
0.324823
0.220055
0.265786
0.342141
0.364312
0.354240
0.212923
0.373598
0.445255
0.206448
0.365649
0.350554
0.384850
0.315520
0.550540
0.467864
0.278307
0.224063
0.305228
0.261418
0.202652
0.028634
0.707351
0.073517
0.497273
0.031515
0.407960
0.193333
0.406747
0.475987
1.556958
0.543159
0.068075
0.197906
0.403945
0.414818
0.271341
1.144710
0.609512
0.039080
0.377119
0.693758
0.115765
0.042683
0.257333
0.077638
0.111096
0.537282
0.463023
0.551329
1.776824
0.186029
0.231632
0.170947
0.041653
0.419684
0.339904
0.198504
0.312767
0.385301
0.207171
0.285926
0.120540
0.328707
0.008744
0.468332
0.339997
0.196264
0.599776
0.368714
0.419396
0.212575
0.073775
0.370786
0.253108
0.417714
1.270871
0.637060
0.354968
0.233012
0.545236
0.193671
0.376439
0.021277
0.662693
0.246256
0.546693
0.566805
0.694453
0.257986
0.374050
0.127786
0.237404
0.146093
0.210415
0.103058
0.277672
0.545187
0.544101
0.002137
0.286464
0.310083
0.840301
0.115418
0.331062
0.363962
0.400571
0.158561
0.140148
0.270140
0.347163
0.205595
0.642330
0.167214
0.311145
0.235544
0.460585
0.445423
0.276798
0.893048
0.369870
0.369710
0.253206
0.291046
0.230900
0.575781
0.401563
0.365520
0.260257
0.363453
0.498000
0.466097
0.540312
0.471795
0.306007
0.515861
0.405599
0.812729
0.139169
0.957036
0.039965
0.502110
0.276651
0.101001
0.219205
0.875433
1.007290
0.351373
0.142790
0.192663
0.170108
0.495333
0.602525
0.468028
0.287770
0.478819
0.187193
0.256475
0.231601
0.231387
0.304879
0.433946
0.885334
0.859985
0.674964
0.064534
0.341542
0.159716
0.437660
0.313394
0.276546
1.154698
0.365719
0.383532
0.316487
0.358291
0.445311
0.350331
0.575188
0.591981
0.607127
0.419854
0.640841
0.243911
0.055562
1.022837
0.212534
0.391019
0.274038
0.258301
0.220320
0.273435
0.467537
0.361510
0.074392
1.066026
0.157207
0.061748
0.324483
0.393662
0.334074
0.647923
0.137431
0.303209
0.432878
0.257484
0.133795
0.275669
1.074901
0.335303
0.398814
0.575971
0.198386
0.349068
0.315193
0.334865
0.386499
1.023480
0.702606
1.298862
0.938342
1.432428
1.097514
0.295498
0.938121
0.296596
1.364636
1.558043
0.655831
0.895055
0.450615
0.888422
1.149273
0.886647
1.350435
0.734967
1.110718
0.399946
1.160093
0.861041
1.046614
0.432685
0.817995
0.312389
0.728056
1.191921
1.197884
0.775736
0.607793
0.832548
0.532331
0.716116
0.447768
0.405776
0.785525
0.644766
1.373810
0.760727
0.358938
0.473289
0.603105
0.419084
0.745425
0.475685
0.557171
0.533615
0.465733
0.495509
0.528324
0.548183
0.687000
0.592375
0.529651
0.548016
0.576276
0.437550
0.520977
0.476777
0.547536
0.368092
0.427115
0.431290
0.324086
0.284355
0.403493
0.424242
0.422127
0.360314
0.469463
0.387351
0.417926
0.677219
0.553949
0.424534
0.397423
0.338288
0.409017
0.334596
0.418666
0.471096
0.428487
0.415591
0.486145
0.481244
0.358399
0.468937
0.347248
0.456194
0.310877
0.373730
0.451660
0.366151
0.517629
0.414619
0.346445
0.511562
0.439140
0.407419
0.434887
0.373233
0.584737
0.259053
0.231553
0.199949
0.340337
0.332682
0.376222
0.322483
0.098694
0.206590
0.203474
0.311651
0.246273
0.533113
0.343310
0.314799
0.433661
0.394807
0.420876
0.474024
0.210597
0.151088
0.526007
0.485309
0.455256
0.234020
0.422623
0.590807
0.324830
0.220150
0.265534
0.342160
0.364298
0.353683
0.213016
0.373758
0.445143
0.206214
0.365271
0.350274
0.384734
0.315222
0.550728
0.467794
0.278537
0.223968
0.305117
0.261734
0.203213
0.028446
0.706726
0.073379
0.496392
0.031303
0.407211
0.193683
0.406738
0.475213
1.558513
0.542520
0.068346
0.197885
0.403164
0.414208
0.271318
1.145492
0.608942
0.038868
0.376856
0.692741
0.115375
0.042448
0.257120
0.077443
0.110751
0.536644
0.463332
0.551673
1.778455
0.186350
0.231202
0.170452
0.041470
0.419088
0.339405
0.198907
0.312312
0.385051
0.206880
0.286079
0.120127
0.328298
0.008819
0.468214
0.339574
0.195739
0.598888
0.368641
0.418698
0.212097
0.073719
0.370741
0.253709
0.417746
1.272218
0.636639
0.354617
0.233198
0.545424
0.193987
0.376743
0.021139
0.662611
0.246427
0.547296
0.566208
0.694479
0.258127
0.374125
0.127690
0.237258
0.146141
0.210276
0.103082
0.277553
0.544871
0.544887
0.002140
0.286546
0.310180
0.840313
0.115037
0.330550
0.363775
0.400738
0.158278
0.140139
0.269957
0.347227
0.205318
0.642821
0.167040
0.310731
0.235794
0.460437
0.445018
0.276945
0.892820
0.369480
0.369919
0.253196
0.290778
0.230737
0.575831
0.401963
0.364896
0.259921
0.363009
0.498166
0.466238
0.540819
0.472056
0.305814
0.516431
0.405225
0.813105
0.139013
0.957269
0.039803
0.502153
0.276318
0.100674
0.219100
0.875528
1.008426
0.351355
0.142680
0.192590
0.170239
0.494968
0.602236
0.468067
0.287522
0.478889
0.187199
0.255974
0.231923
0.231075
0.304713
0.434310
0.885564
0.860289
0.675001
0.064455
0.341798
0.159483
0.437653
0.313002
0.276363
1.155109
0.365739
0.383660
0.315966
0.357883
0.445677
0.350450
0.575218
0.591276
0.607216
0.419781
0.640720
0.243511
0.055333
1.023126
0.212380
0.391432
0.273654
0.258101
0.220536
0.273518
0.467729
0.361354
0.074278
1.066269
0.157116
0.061558
0.324715
0.393656
0.334313
0.648104
0.137372
0.303209
0.433244
0.257564
0.133551
0.275655
1.075709
0.335386
0.399189
0.576592
0.198304
0.349459
0.315270
0.335026
0.386797
1.024031
0.703451
1.299796
0.938773
1.433515
1.098083
0.295607
0.938688
0.296692
1.365528
1.559061
0.656315
0.895630
0.450225
0.888937
1.150188
0.887310
1.351396
0.735626
1.111581
0.399628
1.160988
0.861775
1.047351
0.433273
0.818277
0.312568
0.728031
1.192663
1.198724
