10.454665
9.895768
10.463283
9.195848
10.000151
9.653303
9.384432
12.702888
11.451506
13.949868
10.770350
9.505704
9.232968
8.675291
9.098562
10.094570
10.169180
9.643868
9.479728
8.417660
9.537090
9.473198
10.183619
9.994581
10.839459
9.264158
9.503584
9.695225
9.144612
9.462734
8.696190
9.383134
8.948936
9.614695
9.575906
8.093452
8.781978
9.282532
9.146034
9.775840
8.637423
8.201657
8.910753
7.788391
7.503747
8.270419
8.695397
8.458134
9.059211
9.179000
9.096609
8.511909
9.109355
8.890692
9.564746
10.747376
8.331367
8.626311
9.206314
10.070910
9.583049
9.846069
9.894586
9.734801
9.894477
9.138802
9.453423
8.587902
8.106374
7.541962
8.096595
10.470906
10.429079
10.324354
9.731426
10.107070
9.236177
9.532285
8.449836
8.486667
8.019376
8.493499
10.003094
9.691139
8.508186
8.637363
9.417171
10.235106
10.096317
10.283019
10.399326
7.512103
6.765825
8.109510
9.517509
8.101914
6.804018
7.731941
7.804506
9.555842
5.856223
7.860833
7.379175
8.655201
7.730393
8.139576
9.889923
6.722132
7.059323
7.624421
8.085040
9.395203
8.753342
8.296278
8.697385
7.216628
8.011613
6.523620
7.885013
7.721586
6.252700
5.910617
9.345786
10.532983
7.941799
11.354563
6.888882
10.488022
5.789506
7.361263
11.026338
1.991290
10.193132
6.557613
7.317114
10.660228
10.074492
7.366727
5.502052
9.668680
7.731936
7.985522
6.752383
8.708920
7.862337
7.571968
7.618417
8.382655
10.042342
6.349335
6.299262
1.623271
4.874734
8.947701
8.423336
8.106776
9.680718
9.270731
5.021307
8.884360
8.035452
8.120226
6.923736
7.985514
9.769773
5.919971
7.784182
8.017220
8.263503
10.710591
7.136975
9.931685
8.427653
6.271965
7.223769
4.176470
7.129904
2.907322
9.067828
8.475545
5.888154
6.506254
4.973640
5.460308
6.498103
7.534482
5.838239
4.557513
9.547250
6.754311
5.757337
6.338034
6.858746
7.152556
6.278328
6.998274
6.398431
6.946276
8.170053
3.233364
3.647420
6.699631
6.102734
6.917229
8.872617
8.495057
7.178920
5.777506
7.418630
6.422816
7.124967
5.883840
7.507831
4.881923
6.976284
7.295921
4.600128
6.960789
8.065089
5.612473
7.807450
7.969208
5.465273
5.952474
7.359155
6.911554
6.105456
4.862405
8.307455
7.383599
7.837567
5.471356
5.960855
4.839438
5.103995
6.638227
3.923728
7.905594
4.772131
6.448990
6.686838
6.246864
5.760392
7.377619
7.157883
6.562655
6.022226
3.487149
6.226807
6.030765
5.752831
5.096471
7.422466
7.170578
5.704251
6.685925
6.712009
5.577846
7.863876
5.543756
6.886693
6.551923
4.336962
5.693956
5.049300
6.104499
5.487314
4.424335
6.855064
5.722336
7.198153
6.394113
5.079340
5.605990
5.185798
7.716567
7.490551
4.357243
5.177667
5.659125
8.691289
5.277212
5.313570
6.578782
7.181316
6.149688
5.333171
6.023770
3.570916
7.188158
5.386401
4.217149
5.398915
5.422334
6.104736
5.503847
4.789595
5.476267
5.477022
4.419953
5.496632
4.538212
5.072461
5.608315
5.010042
3.626459
4.243236
5.943263
5.651677
2.793657
5.084897
3.979649
2.796864
5.412420
3.785308
4.752495
4.469089
4.370502
3.820985
3.159950
2.089670
3.692288
2.064770
3.675113
4.568079
3.931377
4.479221
3.008509
2.389774
3.363860
3.002139
6.751362
3.556948
3.050414
2.597324
1.790035
4.011302
2.791854
6.108652
2.079512
2.483651
2.793008
2.092724
4.910048
2.580774
5.333882
2.822838
2.381252
5.910628
5.451099
5.918045
4.920362
5.549295
5.216272
5.012710
7.483974
6.546472
8.536286
6.088693
5.065873
4.907473
4.546380
4.799925
5.599225
5.573623
5.221526
5.101148
4.328445
5.130479
5.101477
5.612925
5.522652
6.088155
4.973908
5.138155
5.294588
4.852986
5.106122
4.554635
5.046625
4.704204
5.194338
5.174014
4.090324
4.571878
4.964549
4.881899
5.321813
4.506234
4.239930
4.707851
3.944118
3.792726
4.292102
4.579865
4.389790
4.838783
4.931135
4.857240
4.471900
4.899201
4.734686
5.225099
6.077652
4.358851
4.546899
4.977110
5.565247
5.255192
5.409907
5.465886
5.368974
5.473862
4.947491
5.167622
4.543694
4.224763
3.849213
4.218275
5.915985
5.861135
5.825865
5.355225
5.627979
4.983838
5.231432
4.468106
4.518201
4.147095
4.460157
5.539517
5.332423
4.524805
4.607137
5.223337
5.774374
5.674628
5.840965
5.913126
3.825886
3.309251
4.251369
5.228982
4.326659
3.385762
4.065448
4.065564
5.356350
2.761659
4.116477
3.749051
4.675802
4.055058
4.325172
5.574497
3.340483
3.631373
4.038125
4.289136
5.257051
4.798009
4.481388
4.760033
3.770405
4.310343
3.246261
4.160921
4.111904
3.021851
2.725766
5.187627
6.194001
4.178285
6.719748
3.415227
6.075433
2.714517
3.890065
6.506866
0.407673
5.934837
3.221113
3.793244
6.227288
5.825480
3.854028
2.771075
5.606103
4.063933
4.342732
3.678671
4.787670
4.166934
4.042584
4.011510
4.564155
5.864016
3.191051
3.218760
0.266908
2.121778
5.020976
4.609765
4.382959
5.600612
5.290171
2.234579
5.011759
4.446338
4.442288
3.575422
4.314402
5.679321
2.842602
4.288872
4.379813
4.537931
6.403548
3.826190
5.821180
4.682673
3.130178
3.891642
1.699504
3.867984
0.934375
5.283603
4.798020
2.911678
3.340062
2.274557
2.673838
3.297376
4.217724
2.913704
2.054353
5.613011
3.685377
2.881594
3.316168
3.606778
3.851630
3.206620
3.738344
3.282975
3.727454
4.670397
1.207890
1.411153
3.551859
3.137327
3.884079
5.111056
4.852440
3.965389
2.954342
4.058911
3.355615
3.887031
3.076537
4.147033
2.418918
3.756859
4.069800
2.127632
3.836782
4.622677
2.835384
4.578047
4.546075
2.768460
3.071480
4.097580
3.765531
3.278348
2.321094
4.768774
4.093287
4.462872
2.832779
3.128688
2.256837
2.556355
3.615983
1.741913
4.552200
2.476310
3.438468
3.963844
3.272096
3.126457
4.145380
3.940984
3.553235
3.258359
1.388107
3.346623
3.173680
3.078852
2.507417
4.227329
4.115068
3.006928
3.686315
3.679717
2.873025
4.522325
2.838712
3.883895
3.603536
2.072918
3.147685
2.737894
3.287885
2.783890
2.161676
3.799022
3.063281
4.085855
3.514684
2.825835
3.022062
4.640638
7.024762
6.821287
3.865309
4.645030
5.114833
7.988245
4.755841
4.793128
5.991629
6.558866
5.574291
4.847797
5.470570
3.162851
6.584683
4.884730
3.772654
4.889057
4.931883
5.576108
4.992764
4.384300
4.976738
4.975375
3.983857
5.015255
4.104361
4.625858
5.116298
4.555029
3.250359
3.842987
5.444210
5.176641
2.489794
4.644104
3.593571
2.474514
4.960778
3.412010
4.337435
4.068492
3.973645
3.480263
2.822467
1.855195
3.370294
1.915699
3.494648
4.342360
3.733352
4.263122
2.848732
2.241064
3.185581
2.844891
6.491910
3.385274
2.885367
2.453125
1.679294
3.820205
2.652825
5.878293
1.958886
2.346560
2.650663
1.965225
4.724867
2.456840
5.139337
2.691579
2.267015
5.711462
5.259459
5.723529
4.741881
5.364167
5.034083
4.835955
7.268369
6.348620
8.317034
5.906445
4.897336
4.746189
4.396013
4.644067
5.436896
5.409149
5.066622
4.950210
4.191468
4.982488
4.956964
5.462583
5.378324
5.935241
4.840614
5.004085
5.161361
4.725625
4.978427
4.436451
4.923755
4.586286
5.072556
5.054873
3.985951
4.462807
4.854039
4.775024
5.211234
4.407114
4.147534
4.610459
3.858454
3.712306
4.206616
4.492179
4.305087
4.752321
4.845701
4.773912
4.395086
4.820382
4.658931
5.147296
5.994984
4.292623
4.480311
4.909536
5.494488
5.189801
5.344694
5.402950
5.309227
5.415400
4.894701
5.115496
4.497030
4.182207
3.810912
4.179416
5.871039
5.818312
5.786056
5.318892
5.592906
4.953022
5.202365
4.443602
4.495747
4.127188
4.441236
5.520412
5.316068
4.512115
4.596283
5.214088
5.766720
5.669338
5.838088
5.912563
3.827284
3.312245
4.256710
5.237201
4.335645
3.395366
4.077697
4.079895
5.374885
2.775944
4.136232
3.769804
4.700876
4.079640
4.352675
5.608443
3.367512
3.660433
4.070552
4.325611
5.299514
4.840211
4.523708
4.805952
3.811250
4.356618
3.287719
4.211146
4.161999
3.067129
2.771711
5.252854
6.265039
4.240110
6.800846
3.474826
6.156718
2.768964
3.954899
6.597549
0.431320
6.023824
3.289419
3.867938
6.327234
5.923046
3.933800
2.830900
5.705040
4.153464
4.433400
3.754073
4.890538
4.264798
4.137099
4.110297
4.671823
5.985875
3.280158
3.306777
0.295300
2.200850
5.144062
4.730625
4.502341
5.735703
5.423357
2.322865
5.144803
4.569993
4.571373
3.692683
4.447037
5.832009
2.953350
4.419734
4.518811
4.682868
6.577265
3.955976
5.990515
4.836976
3.257240
4.029782
1.796860
4.006091
1.008504
5.451889
4.962801
3.041453
3.481459
2.392396
2.797743
3.445365
4.373846
3.049429
2.167599
5.809330
3.833749
3.020215
3.464819
3.770593
4.020049
3.362797
3.907681
3.444957
3.897558
4.859766
1.305420
1.523089
3.723668
3.298798
4.051524
5.328129
5.063612
4.149624
3.113728
4.256473
3.534706
4.079633
3.240607
4.351760
2.561245
3.954914
4.270061
2.274387
4.032843
4.844136
3.008747
4.787467
4.771579
2.940037
3.258676
4.315988
3.976600
3.465892
2.487348
5.016338
4.322775
4.701021
3.012408
3.325709
2.434578
2.732503
3.833511
1.889613
4.801229
2.636033
3.661280
4.163367
3.494890
3.320696
4.394174
4.190131
3.785461
3.469894
1.540385
3.571755
3.398179
3.287801
2.709832
4.488141
4.364399
3.223757
3.933618
3.931815
3.094946
4.807930
3.063607
4.139735
3.855737
2.258116
3.362555
2.930382
3.532991
3.018887
2.352675
4.073430
3.297980
4.369464
3.775491
3.030263
3.212606
2.942096
4.769131
4.625657
2.309719
2.920938
3.330733
5.582005
3.028886
3.055679
3.980550
4.394345
3.580051
3.196585
3.536972
1.799093
4.422974
3.122622
2.232562
3.071335
3.183268
3.659143
3.137660
2.960209
3.149082
3.128481
2.404346
3.234316
2.516788
2.974767
3.260617
2.849604
1.878936
2.358615
3.518827
3.346796
1.407327
2.947790
2.132360
1.290915
3.189878
1.985684
2.714549
2.503103
2.417378
2.173467
1.523731
1.025683
2.103161
0.863148
2.149280
2.573041
2.199524
2.547440
1.638069
1.144739
1.776243
1.663753
4.361190
2.046107
1.594394
1.344919
0.877678
2.241215
1.560301
3.887765
1.023228
1.237965
1.478346
0.929738
3.095812
1.435884
3.381658
1.567304
1.313836
3.852894
3.461144
3.874896
3.046145
3.576037
3.467444
3.098080
5.070418
4.325380
6.019559
4.009603
3.135713
3.045933
2.803320
2.960263
3.647296
3.565801
3.317111
3.224327
2.621666
3.240995
3.233821
3.631529
3.599837
4.005342
3.158387
3.280340
3.417625
3.039464
3.256072
2.828721
3.209766
2.920372
3.310669
3.301540
2.446018
2.809930
3.141576
3.090063
3.422457
2.790766
2.620970
2.952378
2.392105
2.316222
2.665123
2.874920
2.711703
3.075460
3.152324
3.083565
2.810608
3.142560
3.008667
3.396332
4.064269
2.736589
2.864936
3.211675
3.645753
3.435429
3.530209
3.590851
3.529445
3.604380
3.205925
3.374044
2.884510
2.655964
2.385150
2.651754
3.975983
3.914516
3.918112
3.515380
3.732015
3.213071
3.434430
2.846637
2.904238
2.586020
2.811108
3.655481
3.506135
2.903765
2.960773
3.488099
3.894214
3.816160
3.971996
4.020692
2.367711
1.975574
2.700304
3.445320
2.820721
2.072643
2.618377
2.579480
3.622364
1.622468
2.627687
2.321675
3.061001
2.603484
2.799120
3.780366
2.046165
2.312211
2.634377
2.773539
3.559155
3.197780
2.956132
3.169855
2.441383
2.845911
2.006719
2.684613
2.696264
1.806658
1.534763
3.482440
4.393984
2.681952
4.764596
2.071859
4.238432
1.580835
2.548327
4.615455
0.055043
4.181285
1.950136
2.424392
4.383843
4.078705
2.491475
1.815689
3.957834
2.621083
2.913219
2.544646
3.214215
2.710852
2.672713
2.601728
3.045331
4.159938
2.013380
2.081220
0.016592
1.152497
3.448325
3.095557
2.915090
3.950622
3.691488
1.247075
3.469164
3.048968
2.999830
2.301315
2.876093
4.028111
1.706852
2.941045
2.960134
3.073934
4.645598
2.572991
4.164100
3.210920
1.963060
2.628845
0.867358
2.640965
0.355085
3.794728
3.363142
1.828429
2.161911
1.330144
1.685676
2.102326
2.965023
1.856608
1.207055
4.053619
2.556594
1.848836
2.210928
2.387547
2.608377
2.076993
2.515867
2.132008
2.525706
3.330360
0.594326
0.693498
2.385701
2.060905
2.774555
3.644266
3.444475
2.768001
1.948148
2.790566
2.230406
2.678760
2.078428
2.879547
1.588435
2.558741
2.868739
1.292376
2.685766
3.317848
1.852697
3.377654
3.251794
1.824853
2.039198
2.882330
2.606188
2.272542
1.452609
3.422042
2.866112
3.195719
1.918020
2.121567
1.368975
1.685219
2.518876
1.044930
3.298196
1.725013
2.347939
3.010253
2.198995
2.214880
2.951071
2.754299
2.464867
2.285996
0.728960
2.319925
2.158055
2.149405
1.617972
3.053936
3.007474
2.067216
2.605576
2.584069
1.930417
3.283322
1.896444
2.803439
2.548821
1.335962
2.279984
1.979206
2.295402
1.843967
1.425435
2.696882
2.144455
2.958590
2.494966
2.107399
2.070204
1.892422
3.271229
3.177661
1.378530
1.854815
2.216990
3.968764
1.961983
1.980631
2.686096
2.976972
2.299371
2.190918
2.304834
1.023476
3.007722
2.027294
1.314776
1.930813
2.097726
2.438372
1.965999
2.133266
1.998477
1.961972
1.451466
2.119589
1.556397
1.962952
2.084362
1.793135
1.089473
1.478093
2.284362
2.188270
0.847149
1.895070
1.267481
0.647985
2.075539
1.146997
1.717658
1.551704
1.472688
1.428275
0.784418
0.662233
1.387884
0.406390
1.476996
1.588917
1.387968
1.601893
1.063025
0.614914
1.054407
1.036069
2.962062
1.288823
0.875579
0.773896
0.555091
1.286759
1.000372
2.597672
0.589597
0.663252
0.851286
0.413331
2.096392
0.930212
2.276542
0.976581
0.861691
2.664076
2.320793
2.693095
1.988137
2.442386
2.132020
2.003796
3.601910
2.998454
4.469103
2.784444
2.020057
1.979676
1.824039
1.906396
2.506902
2.381188
2.208343
2.134279
1.658086
2.137286
2.144533
2.454022
2.464593
2.746489
2.100487
2.188200
2.308765
1.976949
2.163645
1.829068
2.123201
1.872448
2.184208
2.181573
1.499167
1.770740
2.053451
2.023852
2.271335
1.779433
1.682213
1.906173
1.501404
1.482229
1.712382
1.860094
1.715847
2.011240
2.074220
2.007447
1.820177
2.075731
1.963820
2.269118
2.790388
1.767025
1.846653
2.125854
2.436764
2.302745
2.348181
2.410319
2.374753
2.423846
2.124371
2.249194
1.864090
1.705284
1.515772
1.699040
2.723986
2.654974
2.687290
2.336535
2.506056
2.085053
2.283210
1.834053
1.895654
1.617951
1.770244
2.423195
2.318154
1.879319
1.913805
2.367108
2.653611
2.590863
2.735765
2.763051
1.461282
1.168686
1.714256
2.267312
1.867568
1.275403
1.709609
1.636859
2.474257
0.961213
1.677189
1.419900
2.002836
1.678077
1.810336
2.567866
1.245428
1.489195
1.739405
1.783880
2.415936
2.133798
1.952621
2.110200
1.597857
1.887421
1.234667
1.712430
1.773128
1.050078
0.796909
2.310258
3.139503
1.681610
3.374959
1.196934
2.943949
0.879848
1.669257
3.267874
0.013219
2.946395
1.124197
1.513234
3.065719
2.840742
1.580125
1.251357
2.797676
1.635289
1.936953
1.820756
2.110162
1.705938
1.740252
1.632931
1.980242
2.932219
1.240092
1.341070
0.046226
0.555707
2.324563
2.020751
1.878786
2.752990
2.536778
0.625645
2.359421
2.064614
1.973994
1.421655
1.849979
2.812131
0.943884
1.988824
1.942474
2.015018
3.323778
1.697101
2.927151
2.136562
1.158277
1.736846
0.358455
1.777348
0.069999
2.692826
2.307635
1.087029
1.333502
0.710641
1.025285
1.253693
2.062502
1.129424
0.668437
2.867839
1.759697
1.137620
1.432235
1.503425
1.700593
1.271235
1.623514
1.303441
1.648871
2.325010
0.254230
0.256651
1.534974
1.291225
1.972719
2.511106
2.363612
1.879964
1.235493
1.833262
1.404197
1.773641
1.367113
1.915681
1.030444
1.656028
1.961490
0.725835
1.821923
2.307870
1.143534
2.461735
2.246069
1.147881
1.277047
1.945608
1.720568
1.530593
0.839333
2.353272
1.908940
2.198640
1.254842
1.368768
0.728521
1.059321
1.675170
0.583145
2.300568
1.208584
1.503920
2.296221
1.368489
1.538640
2.000137
1.808948
1.612912
1.544896
0.290495
1.522887
1.370209
1.443967
0.950054
2.107225
2.123284
1.345683
1.744210
1.706346
1.201397
2.261066
1.164621
1.933710
1.702661
0.802439
1.615649
1.421416
1.504314
1.103525
0.886132
1.791786
1.420437
2.024923
1.666993
1.570035
1.353938
1.251261
2.265153
2.211858
0.832777
1.198985
1.522107
2.867277
1.304561
1.316258
1.842938
2.033520
1.466779
1.581712
1.511094
0.600759
2.064406
1.343888
0.775471
1.210022
1.421340
1.651673
1.218936
1.666295
1.267917
1.218164
0.881115
1.417279
0.979315
1.343732
1.331074
1.136973
0.650190
0.964436
1.482496
1.447868
0.593138
1.240114
0.765011
0.325747
1.369549
0.664919
1.106589
0.977340
0.903478
1.021031
0.381655
0.564900
1.004067
0.232559
1.127553
0.985524
0.924642
1.029278
0.791480
0.397823
0.662866
0.755049
2.087784
0.907727
0.523826
0.535482
0.507319
0.753139
0.769657
1.805718
0.455384
0.420388
0.567943
0.214709
1.526507
0.739282
1.624952
0.719767
0.711020
1.947400
1.641063
1.981260
1.371084
1.766967
1.462885
1.358244
2.668555
2.173513
3.472251
2.037103
1.356474
1.353741
1.264615
1.289405
1.823185
1.663237
1.548336
1.488374
1.108993
1.480317
1.498397
1.739814
1.782586
1.969244
1.477255
1.538403
1.645838
1.349328
1.512774
1.249129
1.476257
1.254885
1.506072
1.508139
0.958352
1.158751
1.403604
1.390559
1.572569
1.187718
1.145927
1.287124
1.001449
1.025532
1.164251
1.264017
1.134052
1.376685
1.428722
1.363196
1.241437
1.438065
1.342752
1.584537
1.992951
1.202942
1.244890
1.471962
1.688036
1.612327
1.619612
1.682627
1.666632
1.695603
1.471856
1.563177
1.257979
1.152437
1.025072
1.144093
1.939002
1.863930
1.918028
1.606909
1.739994
1.393918
1.573997
1.231011
1.295419
1.048555
1.144698
1.650423
1.579132
1.265588
1.282521
1.678731
1.873143
1.821885
1.958132
1.968720
0.936329
0.719896
1.127659
1.533080
1.305708
0.832985
1.181310
1.082312
1.761696
0.622167
1.115826
0.895690
1.358304
1.135212
1.218558
1.804081
0.797516
1.023924
1.218638
1.190167
1.704075
1.482518
1.347518
1.461741
1.115078
1.316133
0.806261
1.130126
1.228231
0.632803
0.393763
1.573414
2.339226
1.076199
2.470425
0.687318
2.111975
0.503280
1.155721
2.394401
0.141980
2.158949
0.650476
0.973842
2.213642
2.049964
1.039858
0.977267
2.065907
1.037143
1.345881
1.423204
1.420503
1.092153
1.181852
1.046395
1.319540
2.146421
0.802941
0.929122
0.225034
0.253348
1.617392
1.350929
1.238288
1.988399
1.804905
0.302956
1.661600
1.462826
1.340124
0.899777
1.215430
2.031582
0.510897
1.410309
1.313487
1.354125
2.460814
1.176263
2.128886
1.462894
0.691342
1.202724
0.118221
1.264558
0.001142
1.996639
1.646840
0.667160
0.846606
0.383904
0.666929
0.750592
1.517803
0.719113
0.402672
2.104999
1.295189
0.738672
0.981259
0.971285
1.150065
0.798814
1.084389
0.813064
1.121217
1.698468
0.138208
0.066130
1.026481
0.844736
1.501323
1.785122
1.677558
1.341733
0.831692
1.241417
0.912782
1.221426
0.963472
1.317932
0.744083
1.104795
1.406559
0.432266
1.299888
1.673428
0.739825
1.899077
1.614251
0.768246
0.831804
1.366128
1.180110
1.100225
0.507539
1.671567
1.312702
1.571554
0.883893
0.928806
0.374600
0.716367
1.164787
0.365769
1.671597
0.948840
0.992465
1.884355
0.866993
1.155376
1.405771
1.218663
1.094126
1.111012
0.088750
1.045647
0.899822
1.036644
0.571332
1.514259
1.578115
0.925189
1.216160
1.165534
0.774547
1.608888
0.735218
1.398230
1.185075
0.524676
1.237256
1.124622
1.028209
0.666103
0.602935
1.227555
0.995029
1.438361
1.161385
1.287334
0.933691
0.888478
1.622015
1.599443
0.542653
0.824156
1.117101
2.149910
0.927925
0.934091
1.323317
1.436706
0.954882
1.241123
1.028639
0.402961
1.466732
0.945565
0.487587
0.782613
1.027831
1.173282
0.770784
1.432989
0.832054
0.771941
0.567871
1.002536
0.660526
0.992404
0.876629
0.756908
0.436442
0.693399
0.990005
1.002376
0.520883
0.859852
0.501632
0.200553
0.949547
0.416638
0.759093
0.657838
0.587748
0.829466
0.193347
0.610897
0.829936
0.219460
0.979446
0.642268
0.688740
0.709287
0.702452
0.350419
0.481349
0.658204
1.535290
0.733689
0.372134
0.470626
0.588648
0.461284
0.710174
1.315174
0.469634
0.351043
0.467343
0.178977
1.205564
0.709099
1.240927
0.638651
0.711216
1.512877
1.234723
1.550105
1.012523
1.363421
1.063994
0.977276
2.066451
1.654473
2.821056
1.577283
0.960796
0.986797
0.948552
0.928984
1.411365
1.224970
1.154377
1.105067
0.799835
1.088165
1.114372
1.303385
1.370688
1.484071
1.110157
1.150742
1.247935
0.978350
1.123774
0.914429
1.089947
0.890960
1.095477
1.100983
0.652853
0.798444
1.014080
1.013561
1.145141
0.842305
0.842906
0.920402
0.726004
0.783126
0.851473
0.914274
0.795107
0.997073
1.040548
0.975824
0.904189
1.055414
0.972683
1.165554
1.487135
0.876135
0.888993
1.075885
1.218993
1.187894
1.165719
1.229246
1.228117
1.241485
1.075716
1.141154
0.897141
0.832339
0.752527
0.822066
1.440208
1.360326
1.430990
1.150144
1.255099
0.966389
1.132432
0.870802
0.937209
0.713868
0.766746
1.159284
1.113750
0.896241
0.899543
1.251767
1.375323
1.332732
1.462180
1.459796
0.634064
0.475951
0.777760
1.069685
0.974499
0.593323
0.875561
0.756260
1.314178
0.461260
0.784088
0.592324
0.962412
0.817224
0.862871
1.316185
0.551978
0.764911
0.916868
0.832243
1.255298
1.080106
0.980406
1.061195
0.841584
0.974537
0.574217
0.779781
0.906457
0.408864
0.180524
1.103837
1.820804
0.707236
1.871669
0.391609
1.568635
0.309427
0.856569
1.818766
0.335656
1.649073
0.381314
0.654120
1.653716
1.536956
0.719034
0.860655
1.597775
0.671457
0.985484
1.211237
0.984133
0.713893
0.845972
0.688774
0.904838
1.635538
0.559585
0.704977
0.454295
0.113059
1.166173
0.928246
0.837979
1.492680
1.334167
0.146226
1.216729
1.091544
0.944075
0.589571
0.818585
1.522509
0.268524
1.056072
0.920365
0.936371
1.887786
0.865762
1.605258
1.034788
0.421818
0.881483
0.022475
0.959426
0.036698
1.550437
1.227677
0.432829
0.560683
0.220807
0.479425
0.451828
1.186970
0.491323
0.285722
1.606293
1.025397
0.519077
0.721588
0.649170
0.813701
0.522285
0.756518
0.522489
0.801891
1.303094
0.134649
0.005246
0.721348
0.587076
1.224412
1.312625
1.235588
1.013124
0.606160
0.871389
0.619729
0.881567
0.737553
0.942859
0.607949
0.765182
1.063980
0.290216
0.982310
1.269425
0.512838
1.549933
1.211884
0.559365
0.572428
1.003568
0.847382
0.851893
0.334762
1.230026
0.936653
1.171697
0.680560
0.672364
0.184093
0.534156
0.853911
0.279723
1.269431
0.830021
0.680275
1.648501
0.562206
0.941237
1.029441
0.845344
0.775576
0.857525
0.013365
0.758633
0.617949
0.803067
0.359593
1.137917
1.238349
0.681022
0.889297
0.828754
0.525143
1.186370
0.483614
1.065068
0.865534
0.389137
1.024342
0.974238
0.740042
0.407518
0.462636
0.871380
0.745316
1.064808
0.849863
1.146834
0.687475
0.686264
1.204444
1.205344
0.395875
0.612231
0.881892
1.674775
0.714268
0.716073
0.999655
1.053666
0.636922
1.054570
0.733055
0.325806
1.082462
0.714232
0.340930
0.528724
0.799856
0.880026
0.500632
1.327671
0.571113
0.502934
0.400846
0.757475
0.489021
0.795805
0.600752
0.538025
0.345136
0.558002
0.684478
0.732823
0.537766
0.640159
0.371562
0.176464
0.699013
0.297832
0.564008
0.484136
0.416833
0.753769
0.120041
0.717370
0.767299
0.280345
0.936573
0.449464
0.578247
0.534130
0.704507
0.384324
0.412184
0.653936
1.181098
0.669945
0.325441
0.490495
0.720642
0.306664
0.733851
1.007802
0.549706
0.366833
0.459032
0.220362
1.027878
0.754537
1.014603
0.644777
0.779665
1.247471
0.990864
1.287075
0.805123
1.121380
0.825423
0.752364
1.671658
1.323359
2.388378
1.291426
0.724082
0.772041
0.772757
0.719031
1.161854
0.955043
0.918375
0.877142
0.628738
0.853256
0.885594
1.034275
1.120320
1.177356
0.893984
0.918680
1.007895
0.758899
0.890391
0.722625
0.858422
0.676528
0.845111
0.853164
0.482978
0.586388
0.779489
0.788496
0.881259
0.641297
0.674354
0.702837
0.578415
0.660811
0.675042
0.709354
0.598387
0.769031
0.805834
0.741628
0.708384
0.824659
0.751486
0.906705
1.161549
0.687867
0.678295
0.834245
0.921234
0.924291
0.879408
0.943237
0.953423
0.954718
0.833366
0.878841
0.681711
0.648090
0.604693
0.636149
1.118488
1.034819
1.118109
0.860412
0.943678
0.698920
0.854095
0.654832
0.722681
0.517306
0.536876
0.842426
0.816575
0.672705
0.665451
0.983813
1.052880
1.016852
1.140990
1.128556
0.461393
0.347965
0.568340
0.773039
0.779246
0.468266
0.699677
0.564700
1.029276
0.396311
0.587896
0.417825
0.716788
0.631322
0.647935
0.999661
0.421433
0.623932
0.742976
0.615153
0.968368
0.828684
0.755999
0.811032
0.688876
0.769458
0.453158
0.567812
0.716336
0.293768
0.073557
0.799983
1.479363
0.480456
1.468382
0.220898
1.207723
0.216744
0.682958
1.432804
0.540237
1.313426
0.230388
0.464292
1.279390
1.198567
0.528108
0.826426
1.293586
0.445836
0.763840
1.103465
0.703995
0.478285
0.642818
0.468844
0.641003
1.297777
0.427135
0.587192
0.684525
0.059489
0.873808
0.657706
0.584535
1.165904
1.026488
0.079541
0.928747
0.859978
0.693413
0.404732
0.567149
1.184831
0.135522
0.837107
0.671465
0.668481
1.500606
0.680054
1.255843
0.758630
0.267330
0.687208
0.001243
0.777361
0.116114
1.259909
0.957828
0.304806
0.392971
0.147315
0.387116
0.274022
0.984465
0.367849
0.247267
1.274672
0.869442
0.401584
0.573250
0.452814
0.606328
0.360772
0.555510
0.350038
0.607291
1.050031
0.182321
0.008830
0.537337
0.439435
1.061916
0.999893
0.946218
0.810709
0.482807
0.637025
0.444386
0.670214
0.613599
0.704321
0.552778
0.553717
0.850163
0.230279
0.787538
1.008227
0.387468
1.330704
0.951721
0.447673
0.421895
0.773743
0.640388
0.709619
0.250421
0.939271
0.696105
0.912799
0.572466
0.523424
0.085700
0.442060
0.662962
0.261311
1.008250
0.786305
0.488028
1.514788
0.375499
0.824052
0.787664
0.605807
0.578018
0.709845
0.002349
0.585070
0.448262
0.670388
0.243610
0.895491
1.023933
0.539929
0.684647
0.616420
0.379819
0.908071
0.336463
0.855232
0.666084
0.330884
0.906615
0.904447
0.564402
0.254519
0.400381
0.643320
0.598922
0.823268
0.655879
1.084081
0.543491
0.575993
0.928769
0.947621
0.327960
0.494233
0.745950
1.354564
0.594736
0.593125
0.795535
0.803891
0.437043
0.955510
0.550223
0.310602
0.831408
0.580526
0.272166
0.377568
0.668528
0.698515
0.336791
1.290313
0.414211
0.339774
0.315916
0.612567
0.400519
0.687973
0.431990
0.412953
0.317946
0.496895
0.492690
0.568590
0.593376
0.514075
0.314222
0.200425
0.549061
0.248947
0.456494
0.392975
0.327748
0.737722
0.105766
0.841054
0.761089
0.368903
0.945409
0.343128
0.535043
0.441217
0.747583
0.451789
0.400455
0.691970
0.950419
0.662191
0.330715
0.546807
0.862975
0.228892
0.792900
0.812631
0.651930
0.419642
0.493276
0.292698
0.931963
0.829861
0.881224
0.689798
0.872472
1.083904
0.843773
1.125212
0.685906
0.975510
0.682154
0.619529
1.408340
1.108854
2.095842
1.111547
0.581879
0.646632
0.677207
0.597194
1.009567
0.787041
0.776355
0.741264
0.536434
0.711896
0.748889
0.866545
0.966911
0.980636
0.766714
0.779149
0.862191
0.628935
0.749669
0.613773
0.719016
0.550187
0.691123
0.701074
0.390671
0.461642
0.637384
0.653643
0.716553
0.524799
0.582711
0.573510
0.502758
0.604500
0.577117
0.589512
0.484779
0.631319
0.662948
0.599080
0.595252
0.684639
0.618748
0.745004
0.948548
0.580243
0.553395
0.685535
0.729387
0.758606
0.696234
0.760238
0.779057
0.771027
0.683720
0.713812
0.552617
0.542890
0.527389
0.529554
0.907575
0.820946
0.913875
0.673895
0.740455
0.529385
0.676163
0.524727
0.593629
0.401994
0.395939
0.634649
0.623856
0.536468
0.521055
0.813368
0.840546
0.809505
0.929513
0.909310
0.363834
0.284658
0.442461
0.580140
0.664138
0.406996
0.599333
0.452268
0.845128
0.380977
0.471749
0.318282
0.562587
0.522920
0.517191
0.790871
0.355374
0.549811
0.643535
0.482495
0.782039
0.669564
0.617568
0.652777
0.605389
0.645714
0.393867
0.438674
0.603922
0.238903
0.024882
0.600099
1.250572
0.339643
1.192007
0.123030
0.963780
0.178680
0.582712
1.169478
0.730244
1.088630
0.147359
0.351347
1.024748
0.971466
0.414171
0.832741
1.092593
0.305114
0.626122
1.053121
0.521270
0.329697
0.519098
0.332196
0.470598
1.070569
0.357501
0.528769
0.893237
0.050269
0.681208
0.481814
0.421719
0.946741
0.821938
0.059964
0.739222
0.713719
0.532445
0.294251
0.405491
0.956915
0.064695
0.700235
0.511564
0.493953
1.234447
0.568526
1.018585
0.577566
0.179630
0.568917
0.015755
0.668348
0.207803
1.067532
0.781280
0.237096
0.294745
0.121379
0.346687
0.167907
0.859343
0.303356
0.247999
1.050283
0.779873
0.341499
0.489438
0.332091
0.477101
0.266708
0.431080
0.247486
0.487689
0.885499
0.248631
0.041247
0.425684
0.355661
0.966691
0.789282
0.753497
0.684703
0.417454
0.486401
0.339030
0.537168
0.547609
0.550315
0.539505
0.420407
0.715004
0.213215
0.666913
0.836560
0.320037
1.191170
0.780716
0.390612
0.334971
0.625900
0.510029
0.628905
0.214141
0.744476
0.539813
0.742376
0.517780
0.437334
0.038375
0.399526
0.544492
0.275262
0.835775
0.780742
0.368391
1.440047
0.260030
0.761915
0.629831
0.449651
0.454049
0.624128
0.021512
0.479398
0.345524
0.596021
0.182018
0.736782
0.886687
0.458936
0.554815
0.480648
0.295452
0.721573
0.250610
0.721213
0.539998
0.313159
0.843189
0.877783
0.456432
0.163891
0.379380
0.494982
0.513243
0.664499
0.533582
1.062494
0.459500
0.517845
0.743592
0.776186
0.302209
0.429991
0.667893
1.134997
0.529198
0.524924
0.664974
0.638240
0.309661
0.905490
0.435847
0.324882
0.664577
0.503749
0.245209
0.287315
0.593460
0.584878
0.236683
1.287272
0.319352
0.240071
0.276235
0.526800
0.358019
0.630594
0.327793
0.342261
0.322363
0.475233
0.370663
0.467678
0.661208
0.442375
0.295261
0.243844
0.458921
0.236363
0.398862
0.347860
0.284189
0.750199
0.119566
0.960733
0.781004
0.461539
0.976802
0.286062
0.526407
0.394381
0.805114
0.528008
0.415836
0.745518
0.797629
0.680513
0.359002
0.614242
0.996415
0.193311
0.862326
0.686846
0.754429
0.484168
0.543512
0.372143
0.882199
0.911527
0.802624
0.748126
0.967452
0.982020
0.754501
1.024565
0.617959
0.887064
0.595679
0.541014
1.229625
0.967583
1.894623
0.996793
0.496006
0.573619
0.627075
0.526849
0.915838
0.681184
0.690416
0.660002
0.488587
0.626353
0.666886
0.760685
0.872016
0.852443
0.691810
0.694804
0.773067
0.551864
0.664315
0.552842
0.634585
0.475758
0.595434
0.606800
0.342268
0.388299
0.550681
0.572473
0.612431
0.457655
0.534616
0.496453
0.466868
0.583427
0.524072
0.519600
0.419621
0.547625
0.575238
0.511601
0.530325
0.599033
0.538706
0.642689
0.806814
0.519376
0.479234
0.593057
0.603761
0.653032
0.577201
0.641304
0.666720
0.651498
0.590297
0.608544
0.474911
0.483481
0.489375
0.469018
0.766921
0.677986
0.778281
0.551873
0.605574
0.420336
0.560634
0.445885
0.515565
0.334445
0.308685
0.496049
0.496784
0.452727
0.431020
0.703301
0.698290
0.671044
0.787850
0.761651
0.309567
0.256658
0.366388
0.452583
0.596273
0.380434
0.542741
0.386364
0.724135
0.389557
0.402902
0.262150
0.464462
0.459925
0.437012
0.650743
0.324797
0.513013
0.587267
0.400695
0.659003
0.567387
0.531245
0.551203
0.561188
0.570575
0.368181
0.359334
0.537391
0.216524
0.007225
0.466324
1.094574
0.251160
0.999418
0.067458
0.796031
0.168962
0.525226
0.986760
0.895537
0.935433
0.102973
0.283963
0.848550
0.816382
0.345937
0.856800
0.957465
0.216229
0.539514
1.033566
0.400051
0.234659
0.443121
0.246266
0.358723
0.915054
0.322934
0.502780
1.072310
0.061998
0.552121
0.365526
0.315441
0.797174
0.683563
0.063570
0.612325
0.620010
0.427416
0.227955
0.299876
0.800403
0.028758
0.613565
0.407186
0.378317
1.048434
0.501202
0.854704
0.456801
0.130516
0.496289
0.045058
0.602789
0.296304
0.937916
0.663790
0.203137
0.237329
0.119436
0.333590
0.104354
0.781169
0.271703
0.266395
0.895818
0.728888
0.313122
0.442818
0.257106
0.395561
0.212137
0.353168
0.186345
0.413430
0.776720
0.317050
0.083619
0.357423
0.308776
0.910988
0.644967
0.622891
0.605289
0.384581
0.388034
0.275392
0.452244
0.514140
0.449247
0.546458
0.335177
0.628328
0.217179
0.591344
0.721777
0.285255
1.101006
0.666365
0.363715
0.285121
0.529254
0.426781
0.583746
0.203070
0.611681
0.436553
0.628241
0.492474
0.387895
0.018671
0.383476
0.470117
0.302527
0.719888
0.792976
0.293021
1.399120
0.187809
0.730614
0.525036
0.346119
0.375203
0.574625
0.052505
0.414525
0.282878
0.555132
0.150913
0.631092
0.797450
0.412861
0.471222
0.392470
0.246715
0.594401
0.200684
0.634283
0.459134
0.315464
0.810383
0.873177
0.389380
0.110129
0.379049
0.396867
0.463208
0.558330
0.455387
1.061594
0.410666
0.488828
0.617028
0.660149
0.297994
0.396201
0.623472
0.981911
0.494342
0.488001
0.580151
0.526453
0.227231
0.882431
0.363357
0.351142
0.551769
0.460055
0.239740
0.233228
0.551008
0.512793
0.174961
1.300049
0.261615
0.178592
0.260813
0.475975
0.340387
0.601516
0.262750
0.302918
0.340661
0.473487
0.291839
0.405043
0.728101
0.402122
0.295477
0.291928
0.404445
0.241407
0.369298
0.327883
0.265384
0.774394
0.144755
1.067186
0.810844
0.547186
1.015408
0.256734
0.534238
0.372862
0.863699
0.600918
0.442018
0.800981
0.694656
0.708887
0.395005
0.680279
1.113104
0.180215
0.929827
0.604454
0.847279
0.547842
0.596194
0.447228
0.858064
0.988274
0.756308
0.806913
1.054356
0.917767
0.699902
0.961214
0.579705
0.833048
0.543140
0.494578
1.106216
0.872914
1.753914
0.922437
0.443810
0.531272
0.602280
0.486510
0.857520
0.613538
0.638041
0.611193
0.465419
0.574220
0.617453
0.692917
0.812641
0.767496
0.647749
0.643476
0.718047
0.506075
0.612138
0.519404
0.583091
0.431917
0.535253
0.547691
0.318351
0.345214
0.497316
0.523342
0.545651
0.419248
0.510814
0.450393
0.452395
0.580310
0.496387
0.478942
0.382595
0.496347
0.520869
0.457383
0.493398
0.546213
0.490136
0.577000
0.710841
0.485471
0.435103
0.534846
0.520078
0.584727
0.498544
0.562705
0.593164
0.572401
0.531224
0.540362
0.427863
0.450471
0.472765
0.435101
0.671472
0.580747
0.686680
0.470671
0.514482
0.349057
0.484361
0.397760
0.468017
0.294952
0.254044
0.401969
0.411537
0.400728
0.374169
0.631054
0.601308
0.576960
0.691289
0.660467
0.280066
0.247303
0.320110
0.366759
0.556258
0.372111
0.511345
0.347801
0.643258
0.408142
0.362023
0.231015
0.401069
0.423485
0.387362
0.555049
0.313191
0.496614
0.555901
0.349709
0.576342
0.500722
0.476733
0.484966
0.538980
0.524596
0.360152
0.310095
0.497968
0.210981
0.005290
0.375223
0.986393
0.194795
0.863110
0.036325
0.678758
0.172999
0.492571
0.857942
1.033883
0.829245
0.080306
0.243623
0.724651
0.708676
0.304892
0.886596
0.865030
0.159278
0.484295
1.029807
0.318224
0.172915
0.395996
0.191481
0.284002
0.806812
0.307532
0.493946
1.220893
0.082089
0.464084
0.287298
0.244883
0.693364
0.588328
0.077324
0.525870
0.559018
0.357716
0.187975
0.229694
0.691128
0.012037
0.557878
0.337887
0.300358
0.916429
0.460300
0.739657
0.374839
0.103546
0.451251
0.078259
0.563145
0.374921
0.849061
0.584228
0.187690
0.203857
0.128537
0.334111
0.066122
0.731696
0.257929
0.291030
0.787725
0.700224
0.301799
0.417474
0.209969
0.343375
0.180640
0.303737
0.149773
0.366772
0.703544
0.379900
0.126456
0.315306
0.283055
0.878483
0.544415
0.532848
0.554533
0.369539
0.322696
0.236701
0.397196
0.498580
0.381774
0.561901
0.279832
0.571857
0.230282
0.543369
0.643683
0.268564
1.041782
0.588556
0.353032
0.256801
0.464993
0.372790
0.558982
0.204462
0.519607
0.367139
0.550462
0.482879
0.359756
0.013346
0.380940
0.422789
0.333217
0.640660
0.812096
0.244869
1.377397
0.142046
0.716253
0.454235
0.276274
0.324295
0.546230
0.085894
0.374301
0.244350
0.533292
0.136570
0.559473
0.738449
0.386983
0.416525
0.334238
0.218749
0.506204
0.171777
0.576951
0.406446
0.326613
0.794563
0.878991
0.347239
0.078177
0.388104
0.330835
0.434075
0.486085
0.404606
1.070142
0.382399
0.475760
0.529055
0.580244
0.303927
0.379414
0.598510
0.873507
0.476694
0.468753
0.524115
0.449702
0.173004
0.873772
0.316733
0.380319
0.474165
0.435498
0.244517
0.200666
0.527364
0.466386
0.136496
1.318766
0.226182
0.140273
0.257841
0.445807
0.335691
0.588019
0.221627
0.281512
0.363495
0.480921
0.240083
0.365703
0.788192
0.379939
0.304349
0.337538
0.371301
0.253946
0.355254
0.321188
0.259576
0.801584
0.172694
1.157502
0.842328
0.621503
1.053598
0.242753
0.548774
0.364853
0.917174
0.665380
0.470591
0.852021
0.624046
0.739105
0.431067
0.739385
1.211087
0.178544
0.990020
0.549556
0.926907
0.605058
0.644959
0.513180
0.847828
1.055478
0.729018
0.860303
1.129321
0.876665
0.666209
0.920783
0.558520
0.799748
0.510977
0.467087
1.019632
0.808368
1.654005
0.873461
0.411831
0.506848
0.591307
0.463602
0.820791
0.569643
0.605852
0.581738
0.455628
0.542184
0.587470
0.648851
0.775008
0.710205
0.621844
0.611973
0.683709
0.478811
0.579961
0.501598
0.551417
0.406100
0.496876
0.510132
0.307791
0.319927
0.464128
0.493386
0.502141
0.397506
0.500273
0.422753
0.448993
0.585614
0.482818
0.455410
0.361834
0.464633
0.486763
0.423388
0.472666
0.513267
0.460442
0.534155
0.644730
0.467002
0.408773
0.497691
0.463356
0.539799
0.445655
0.509851
0.544171
0.519144
0.493329
0.495459
0.399177
0.432551
0.467422
0.416460
0.605582
0.513472
0.623721
0.415684
0.451892
0.301667
0.433126
0.368123
0.438813
0.271921
0.219373
0.337008
0.353345
0.368051
0.337757
0.582809
0.534066
0.511929
0.624345
0.589964
0.264585
0.247279
0.291727
0.308005
0.532663
0.372836
0.494344
0.325287
0.588249
0.429481
0.337700
0.214162
0.359440
0.402537
0.356262
0.488589
0.311276
0.491009
0.538796
0.317530
0.519833
0.456484
0.441815
0.441034
0.528841
0.496198
0.360879
0.279173
0.474572
0.213585
0.010653
0.312119
0.910167
0.158340
0.765268
0.019221
0.595510
0.182875
0.474268
0.765800
1.146843
0.754456
0.069629
0.219367
0.636234
0.632681
0.280066
0.916145
0.800727
0.122209
0.448545
1.033556
0.262027
0.132126
0.366419
0.156015
0.233219
0.730285
0.302271
0.493718
1.341510
0.104047
0.403019
0.233754
0.197217
0.620160
0.521697
0.094358
0.465960
0.518647
0.310650
0.163717
0.182237
0.613649
0.005606
0.521521
0.291070
0.246883
0.821450
0.435257
0.657680
0.318252
0.089170
0.422993
0.110059
0.539010
0.441569
0.787125
0.529417
0.182092
0.184412
0.141766
0.340745
0.042993
0.699928
0.253559
0.316139
0.710924
0.684394
0.299274
0.404174
0.179929
0.309450
0.162590
0.271908
0.127807
0.337053
0.653456
0.434237
0.165418
0.289037
0.269364
0.859574
0.473254
0.469747
0.521585
0.364002
0.278535
0.212988
0.360916
0.492609
0.335936
0.579713
0.243288
0.534440
0.246269
0.512457
0.589637
0.261652
1.002206
0.534703
0.350705
0.240925
0.421514
0.337188
0.545810
0.211361
0.454739
0.319659
0.496553
0.481307
0.343938
0.015035
0.384763
0.392214
0.362530
0.585576
0.832510
0.213626
1.366436
0.112620
0.710926
0.405569
0.228332
0.290884
0.530094
0.117185
0.349067
0.220409
0.522155
0.131180
0.510102
0.698756
0.372711
0.380119
0.295110
0.202850
0.444053
0.155137
0.538481
0.371533
0.340702
0.787937
0.888968
0.320389
0.059141
0.400542
0.285618
0.417179
0.436082
0.371072
1.082149
0.366135
0.471157
0.466936
0.524310
0.313885
0.371922
0.584733
0.795661
0.468517
0.459338
0.486448
0.396124
0.136711
0.872455
0.286261
0.408035
0.419891
0.421944
0.253474
0.180949
0.514486
0.436023
0.112223
1.338386
0.204220
0.116088
0.260785
0.427865
0.337296
0.582859
0.195250
0.270265
0.386205
0.491799
0.205512
0.340655
0.839474
0.368048
0.316292
0.377678
0.350973
0.268682
0.349574
0.321140
0.260201
0.827537
0.199215
1.231904
0.871554
0.683606
1.087956
0.237052
0.564958
0.363719
0.963240
0.719871
0.497521
0.896193
0.574815
0.767275
0.463716
0.789721
1.291259
0.182201
1.041166
0.512334
0.992959
0.653896
0.687301
0.568709
0.844858
1.111953
0.712940
0.906159
1.191733
0.849961
0.645194
0.894580
0.547093
0.779031
0.491105
0.450785
0.957958
0.763604
1.582087
0.840642
0.392052
0.492858
0.587652
0.450762
0.797325
0.540678
0.585867
0.563841
0.452824
0.522296
0.569156
0.619708
0.750804
0.670906
0.606632
0.592454
0.662002
0.462530
0.559894
0.492561
0.531724
0.390900
0.472027
0.485899
0.304285
0.305110
0.443234
0.474974
0.473310
0.385380
0.496740
0.406086
0.450927
0.594229
0.476936
0.441866
0.350416
0.444794
0.465085
0.401786
0.461244
0.492457
0.442121
0.505725
0.598437
0.457277
0.393001
0.473610
0.424247
0.509736
0.409477
0.473689
0.510969
0.482659
0.468629
0.465375
0.381540
0.423168
0.467693
0.406512
0.559350
0.466171
0.579728
0.377805
0.408168
0.269606
0.398107
0.349679
0.420695
0.258536
0.197044
0.291418
0.312946
0.347235
0.314066
0.550028
0.486692
0.466247
0.577188
0.540068
0.256926
0.251480
0.274148
0.267103
0.518747
0.377585
0.485479
0.312183
0.550190
0.450032
0.323187
0.205378
0.331628
0.390597
0.336521
0.441694
0.313931
0.490823
0.529775
0.296930
0.480549
0.426614
0.419094
0.411387
0.525131
0.478463
0.365498
0.259488
0.460659
0.219627
0.018808
0.267703
0.855670
0.134370
0.694164
0.010096
0.535598
0.194451
0.464204
0.699041
1.237543
0.701008
0.065396
0.204703
0.572305
0.578283
0.264945
0.942766
0.755288
0.097672
0.425014
1.040344
0.222787
0.104709
0.347605
0.132672
0.198112
0.675406
0.302100
0.497406
1.437970
0.124756
0.359982
0.196486
0.164455
0.567787
0.474364
0.111252
0.423775
0.491457
0.278314
0.148886
0.149591
0.557947
0.004444
0.497378
0.258891
0.209587
0.752285
0.419778
0.598484
0.278544
0.081863
0.405023
0.138193
0.524193
0.496445
0.743276
0.491033
0.181485
0.173169
0.155603
0.349511
0.028905
0.679201
0.253862
0.339068
0.655607
0.675882
0.300970
0.397593
0.160490
0.287023
0.152345
0.251079
0.114545
0.317834
0.618594
0.479539
0.198911
0.272444
0.262423
0.848621
0.422181
0.424855
0.499837
0.363293
0.248168
0.198315
0.336589
0.491545
0.304261
0.596898
0.218737
0.509214
0.262038
0.492214
0.551628
0.259824
0.975295
0.496826
0.352381
0.232193
0.391586
0.313301
0.539138
0.220095
0.408369
0.286634
0.458585
0.483516
0.335206
0.019737
0.391098
0.372135
0.388425
0.546671
0.851561
0.193014
1.361391
0.093393
0.710196
0.371560
0.194875
0.268577
0.521045
0.144542
0.333022
0.205352
0.516924
0.130356
0.475507
0.671586
0.365053
0.355462
0.268358
0.193926
0.399617
0.145635
0.512215
0.347992
0.354776
0.786103
0.899876
0.303019
0.047766
0.413326
0.254132
0.407431
0.400912
0.348542
1.094577
0.356852
0.470823
0.422440
0.484558
0.324716
0.369350
0.577331
0.739066
0.465405
0.455271
0.460687
0.358142
0.111994
0.874586
0.266004
0.432445
0.381351
0.414661
0.263470
0.168925
0.507708
0.415817
0.096687
1.356544
0.190450
0.100606
0.266126
0.417166
0.341600
0.581965
0.178061
0.264688
0.406693
0.503198
0.182013
0.324464
0.881879
0.361948
0.328487
0.411516
0.338381
0.283006
0.348219
0.324106
0.263679
0.850454
0.222564
1.292009
0.896972
0.734260
1.117305
0.235641
0.580345
0.365806
1.001558
0.764654
0.521140
0.933044
0.539953
0.791832
0.491708
0.831285
1.355728
0.187921
1.083340
0.486661
1.046569
0.694286
0.722699
0.614228
0.845460
1.158189
0.703469
0.944232
1.242513
0.832321
0.631897
0.877318
0.541162
0.765949
0.478677
0.441106
0.913425
0.732066
1.529694
0.818259
0.379678
0.484926
0.587638
0.443705
0.782117
0.521227
0.573311
0.552884
0.453450
0.509805
0.557861
0.600101
0.734980
0.643491
0.597702
0.580219
0.648081
0.452769
0.547231
0.488356
0.519330
0.381954
0.455673
0.470010
0.304307
0.296438
0.429897
0.463532
0.453868
0.378760
0.496710
0.395970
0.455090
0.603517
0.475085
0.434132
0.344309
0.432227
0.451096
0.387851
0.455118
0.479126
0.430693
0.486536
0.565529
0.452438
0.383521
0.457740
0.396834
0.489266
0.384305
0.448531
0.488076
0.457241
0.452258
0.444864
0.370578
0.418543
0.470479
0.401446
0.526424
0.432418
0.548511
0.351282
0.377151
0.247540
0.373766
0.338060
0.409321
0.250792
0.182430
0.258941
0.284451
0.333770
0.298390
0.527369
0.452826
0.433677
0.543481
0.504255
0.253535
0.257191
0.263136
0.238180
0.510539
0.383703
0.481139
0.304586
0.523431
0.468266
0.314498
0.201083
0.312721
0.383873
0.323803
0.408126
0.318399
0.493108
0.525272
0.283534
0.452804
0.406093
0.404059
0.391031
0.524684
0.467245
0.371439
0.246766
0.452364
0.226649
0.027448
0.235979
0.816203
0.118336
0.641940
0.005451
0.491959
0.205693
0.458828
0.650135
1.309520
0.662313
0.064482
0.195778
0.525553
0.538845
0.255659
0.965522
0.722718
0.081145
0.409257
1.047860
0.194962
0.085957
0.335454
0.117042
0.173446
0.635558
0.304250
0.502515
1.514299
0.142925
0.329208
0.170137
0.141563
0.529834
0.440278
0.126472
0.393635
0.472825
0.255728
0.139735
0.126759
0.517412
0.005778
0.481066
0.236405
0.183170
0.701396
0.410103
0.555243
0.250261
0.078452
0.393422
0.161984
0.515006
0.540761
0.711794
0.463743
0.183195
0.166709
0.168395
0.358407
0.020251
0.665448
0.256250
0.358824
0.615288
0.671493
0.304415
0.394680
0.147702
0.271937
0.146609
0.237214
0.106487
0.305198
0.593945
0.516432
0.226735
0.261812
0.259198
0.842313
0.385067
0.392484
0.485232
0.364837
0.226938
0.189131
0.319991
0.492804
0.282015
0.612161
0.201955
0.491909
0.276204
0.478729
0.524501
0.260471
0.956682
0.469790
0.355710
0.227528
0.370644
0.296995
0.536045
0.228825
0.374792
0.263298
0.431452
0.487225
0.330511
0.025355
0.397965
0.358721
0.410303
0.518798
0.868180
0.179178
1.359503
0.080614
0.711616
0.347427
0.171163
0.253422
0.516065
0.167510
0.322665
0.195751
0.514863
0.131676
0.450896
0.652673
0.361117
0.338474
0.249758
0.189011
0.367433
0.140270
0.493976
0.331842
0.367503
0.786614
0.910165
0.291596
0.040941
0.425047
0.231863
0.401848
0.375808
0.333140
1.106011
0.351615
0.472452
0.390161
0.455919
0.334909
0.369251
0.573521
0.697485
0.464882
0.454013
0.442769
0.330839
0.094873
0.878074
0.252301
0.453032
0.353606
0.410910
0.272981
0.161529
0.504337
0.402133
0.086586
1.372308
0.181699
0.090538
0.272043
0.410765
0.346714
0.583085
0.166670
0.262208
0.424221
0.513746
0.165766
0.313825
0.916223
0.359051
0.339632
0.439275
0.330492
0.295779
0.348951
0.328152
0.268116
0.869813
0.242252
1.339913
0.918242
0.774903
1.141588
0.236305
0.593903
0.369151
1.032716
0.800772
0.541007
0.963068
0.514917
0.812411
0.514923
0.864918
1.406942
0.194030
1.117432
0.468662
1.089435
0.727000
0.751579
0.650875
0.847619
1.195381
0.697892
0.975153
1.283187
0.820470
0.623376
0.865741
0.538292
0.757568
0.470812
0.435342
0.880912
0.709521
1.491132
0.802736
0.371836
0.480490
0.589284
0.439936
0.772089
0.507940
0.565317
0.546110
0.455570
0.501846
0.550825
0.586681
0.724463
0.624070
0.592473
0.572442
0.639010
0.446889
0.539115
0.486737
0.511419
0.376692
0.444722
0.459414
0.305917
0.291377
0.421249
0.456344
0.440533
0.375263
0.498275
0.389788
0.459866
0.612215
0.475240
0.429765
0.341189
0.424140
0.441919
0.378713
0.451972
0.470445
0.423474
0.473357
0.541815
0.450273
0.377787
0.447099
0.377329
0.475089
0.366517
0.430747
0.472031
0.439258
0.441216
0.430642
0.363687
0.416512
0.474128
0.399071
0.502659
0.408018
0.526054
0.332422
0.354843
0.232100
0.356578
0.330636
0.402084
0.246339
0.172701
0.235496
0.264060
0.324916
0.287837
0.511453
0.428304
0.410146
0.519076
0.478230
0.252400
0.263042
0.256144
0.217436
0.505696
0.389857
0.479264
0.300206
0.504337
0.483713
0.309273
0.199230
0.299647
0.380149
0.315476
0.383789
0.323262
0.496292
0.523244
0.274676
0.432927
0.391760
0.393935
0.376820
0.525756
0.460046
0.377411
0.238407
0.447402
0.233444
0.035484
0.213024
0.787301
0.107423
0.603239
0.003277
0.459845
0.215712
0.456086
0.613971
1.366161
0.633986
0.065158
0.190301
0.491033
0.509938
0.249898
0.984360
0.699077
0.069820
0.398520
1.054989
0.174956
0.072916
0.327478
0.106392
0.155858
0.606311
0.307244
0.507779
1.574239
0.158213
0.306917
0.151242
0.125319
0.502026
0.415436
0.139482
0.371818
0.459843
0.239708
0.134028
0.110546
0.487605
0.008114
0.469852
0.220450
0.164193
0.663630
0.403976
0.523344
0.229844
0.077129
0.385810
0.181541
0.509244
0.576072
0.688910
0.444075
0.185790
0.163030
0.179494
0.366514
0.014882
0.656161
0.259354
0.375260
0.585600
0.669388
0.308323
0.393705
0.139144
0.261613
0.143461
0.227823
0.101552
0.296747
0.576269
0.546003
0.249341
0.254891
0.257962
0.838708
0.357810
0.368867
0.475252
0.367253
0.211869
0.183308
0.308473
0.494993
0.266158
0.625098
0.190288
0.479840
0.288294
0.469589
0.504884
0.262176
0.943599
0.450239
0.359468
0.225148
0.355765
0.285673
0.534866
0.236722
0.350205
0.246573
0.411810
0.491260
0.328092
0.030851
0.404419
0.349602
0.428278
0.498574
0.882113
0.169729
1.359224
0.071972
0.713872
0.330065
0.154121
0.242949
0.513403
0.186301
0.315872
0.189535
0.514434
0.133841
0.433152
0.639301
0.359242
0.326575
0.236621
0.186378
0.343864
0.137289
0.481109
0.320576
0.378406
0.788136
0.919193
0.283953
0.036827
0.435169
0.215887
0.398682
0.357653
0.322431
1.115904
0.348707
0.474815
0.366490
0.435040
0.343841
0.370279
0.571698
0.666664
0.465580
0.454144
0.430110
0.310972
0.082822
0.881843
0.242871
0.469926
0.333391
0.409115
0.281367
0.156933
0.502829
0.392706
0.079908
1.385486
0.176054
0.083881
0.277655
0.406920
0.351708
0.585011
0.158988
0.261366
0.438739
0.522904
0.154350
0.306712
0.943644
0.357879
0.349239
0.461635
0.325483
0.306630
0.350558
0.332301
0.272564
0.885714
0.258405
1.377727
0.935607
0.807139
1.161263
0.237846
0.605341
0.372746
1.057664
0.829526
0.557283
0.987139
0.496716
0.829231
0.533762
0.891754
1.447274
0.199731
1.144617
0.455852
1.123353
0.753122
0.774755
0.680012
0.850279
1.224935
0.694607
0.999889
1.315408
