12.974586
12.974113
12.845995
12.735519
13.007320
12.522404
12.926066
12.463746
13.080953
12.523476
12.177356
12.886782
12.441169
11.870327
11.436008
11.000191
10.334628
9.214915
8.037677
6.698030
5.179646
3.391397
1.694805
0.695879
0.382979
0.846677
1.263536
1.594578
1.749902
1.449395
0.805405
0.568256
0.211218
0.206337
0.299262
0.331080
0.421337
0.460151
0.432732
0.376153
0.305017
0.237861
0.210707
0.200004
0.227886
0.200754
0.201513
0.191053
0.248662
0.279349
0.222480
0.206771
0.166930
0.236620
0.203325
0.186947
0.234797
0.175530
0.191324
0.221340
0.178901
0.223420
0.177227
0.147422
0.250470
0.199496
0.146704
0.189029
0.192656
0.252139
0.292021
0.215714
0.228891
0.234022
0.261840
0.168149
0.209628
0.193703
0.226833
0.192097
0.168431
0.193307
0.211314
0.235640
0.225271
0.196274
0.199208
0.205331
0.208668
0.220557
0.188233
0.206995
0.214150
0.229817
0.239529
0.251792
0.187773
0.167563
0.222966
0.150772
0.260476
0.198468
0.226571
0.184452
0.273208
0.290912
0.305644
0.246818
0.219756
0.220300
0.195208
0.177710
0.200600
0.214262
0.221896
0.235576
0.226807
0.182146
0.196927
0.267395
0.232832
0.251814
0.177519
0.240344
0.169473
0.231433
0.197107
0.191133
0.185716
0.209253
0.191742
0.177098
0.204883
0.164613
0.185413
0.204311
0.145130
0.184303
0.198792
0.217286
0.194358
0.253502
0.192310
0.173884
0.160198
0.215606
0.234419
0.207349
0.293250
0.170547
0.199456
0.223702
0.198939
0.238267
0.204815
0.184106
0.198430
0.201321
0.293585
0.181861
0.185748
0.206663
0.205534
0.239349
0.211368
0.175302
0.278418
0.171089
0.253957
0.199797
0.252431
0.188155
0.194869
0.232298
0.215683
0.173778
0.212327
0.236722
0.176950
0.183277
0.201712
0.213439
0.207486
0.182159
0.185070
0.228163
0.191895
0.206816
0.287504
0.195277
0.179648
0.233534
0.175402
0.186015
0.179089
0.256465
0.178927
0.225194
0.193713
0.238642
0.233511
0.148982
0.212755
0.160871
0.223657
0.209558
0.256398
0.186545
0.156379
0.215314
0.230321
0.194136
0.210668
0.210719
0.186101
0.250491
0.159700
0.187814
0.179636
0.180542
0.154060
0.291941
0.156457
0.185578
0.180257
0.137502
0.187068
0.227936
0.201590
0.210518
0.171136
0.183830
0.164159
0.180412
0.192245
0.212927
0.246439
0.191700
0.270209
0.217902
0.237218
0.185745
0.191348
0.177783
0.236123
0.185810
0.155465
0.252151
0.215440
0.153905
0.215996
0.190761
0.205943
0.214318
0.190432
0.163314
0.200376
0.217985
0.196560
0.186452
0.220260
0.209274
0.149382
0.200699
0.254195
0.183000
0.214278
0.188597
0.203430
0.184535
0.205962
0.182878
0.171449
0.236737
0.234185
0.244920
0.202154
0.206046
0.183853
0.176476
0.235482
0.180769
0.234083
0.204302
0.183366
0.206381
0.205496
0.167681
0.148219
0.188693
0.193108
0.260343
0.170500
0.159815
0.209899
0.206404
0.188046
0.208822
0.111026
0.190965
0.208133
0.184505
0.200841
0.176088
0.173400
0.187856
0.187412
0.181178
0.192244
0.205514
0.157809
0.213841
0.226041
0.176656
0.167011
0.168987
0.172930
0.182539
0.239275
0.204251
0.245899
0.231543
0.228641
0.184992
0.181166
0.160548
0.204671
0.179938
0.235292
0.166182
0.156331
0.217616
0.223572
0.174271
0.188341
0.185939
0.222486
0.197806
0.192087
0.165912
0.218712
0.178767
0.204948
0.205117
0.163417
0.216879
0.210279
0.184886
0.216458
0.192606
0.196089
0.170006
0.192075
0.223049
0.193292
0.196428
0.197207
0.126622
0.190782
0.187065
0.217101
0.216318
0.181976
0.171510
0.201715
0.187251
0.189800
0.211224
0.233485
0.169120
0.159429
0.209708
0.221668
0.236187
0.201237
0.233977
0.200813
0.260386
0.175718
0.263805
0.179262
0.178313
0.242402
0.210251
0.200885
0.186452
0.194979
0.210126
0.225200
0.202071
0.183389
0.198825
0.225134
0.186784
0.176035
0.174520
0.189570
0.266168
0.215265
0.203706
0.163585
0.234295
0.200557
0.181522
0.229539
0.166932
0.183548
0.220563
0.177388
0.225220
0.177675
0.147225
0.250132
0.198102
0.146849
0.188813
0.190874
0.251473
0.293500
0.215389
0.228630
0.234051
0.261714
0.167987
0.208924
0.193960
0.226224
0.192106
0.168171
0.193585
0.211320
0.235910
0.225266
0.196308
0.199097
0.205302
0.208807
0.220367
0.188593
0.207008
0.214163
0.229798
0.239530
0.251749
0.187708
0.167575
0.223029
0.150766
0.260540
0.198426
0.226597
0.184469
0.273217
0.290928
0.305629
0.246776
0.219802
0.220348
0.195202
0.177723
0.200598
0.214257
0.221891
0.235580
0.226812
0.182138
0.196935
0.267405
0.232833
0.251804
0.180072
0.240598
0.169246
0.231793
0.197141
0.191077
0.185671
0.208620
0.191058
0.177600
0.205251
0.164767
0.185648
0.204396
0.145120
0.184303
0.198843
0.217095
0.194209
0.253267
0.192585
0.173776
0.160320
0.215633
0.234388
0.207349
0.293311
0.170504
0.199416
0.223654
0.198972
0.238150
0.204814
0.184096
0.198431
0.201318
0.293585
0.181840
0.185729
0.206663
0.205529
0.239332
0.211357
0.175299
0.278417
0.171084
0.253953
0.199784
0.252411
0.188150
0.194871
0.232300
0.215680
0.173778
0.212324
0.236714
0.176950
0.183277
0.201711
0.213443
0.207496
0.182160
0.185059
0.228154
0.191949
0.206783
0.287484
0.195260
0.179629
0.233534
0.175420
0.186021
0.179089
0.256458
0.178895
0.225121
0.193784
0.238589
0.233453
0.149009
0.212757
0.160879
0.223689
0.209575
0.256262
0.186556
0.156315
0.215280
0.230332
0.194131
0.210675
0.210712
0.186100
0.250500
0.159723
0.187815
0.179627
0.180542
0.154062
0.291935
0.156459
0.185582
0.180256
0.137497
0.187076
0.227935
0.201585
0.210513
0.171138
0.183835
0.164159
0.180413
0.192245
0.212922
0.246437
0.191701
0.270206
0.217901
0.237220
0.185744
0.191346
0.177788
0.236121
0.185807
0.155466
0.252153
0.215443
0.153904
0.215996
0.190762
0.205945
0.214318
0.190432
0.163316
0.200375
0.217986
0.196560
0.186452
0.220262
0.209274
0.149381
0.200700
0.254196
0.183003
0.214278
0.188596
0.203430
0.184537
0.205963
0.182880
0.171446
0.236744
0.234184
0.244919
0.202157
0.206048
0.183853
0.176476
0.235481
0.180770
0.234082
0.204302
0.183367
0.206380
0.205497
0.167681
0.148219
0.188694
0.193109
0.260343
0.170500
0.159817
0.209900
0.206404
0.188047
0.208821
0.111025
0.190965
0.208132
0.184505
0.200841
0.176088
0.173404
0.187856
0.187412
0.181178
0.192244
0.205511
0.157809
0.213844
0.226042
0.176660
0.167011
0.168987
0.172929
0.182541
0.239272
0.204252
0.245897
0.231541
0.228642
0.184996
0.181165
0.160548
0.204669
0.179939
0.235281
0.166184
0.156334
0.217619
0.223572
0.174271
0.188341
0.185943
0.222483
0.197810
0.192087
0.165912
0.218713
0.178767
0.204948
0.205118
0.163416
0.216880
0.210278
0.184882
0.216459
0.192605
0.196090
0.170006
0.192075
0.223051
0.193292
0.196428
0.197207
0.126622
0.190776
0.187071
0.217103
0.216318
0.181975
0.171509
0.201715
0.187251
0.189799
0.211224
0.233485
0.169122
0.159431
0.209708
0.221669
0.236190
0.201238
0.233976
0.200813
0.260386
0.175716
0.263804
0.179270
0.178314
0.242402
0.210251
0.200885
0.186450
0.194976
0.210124
0.225202
0.202076
0.183389
0.198826
0.225134
0.186784
0.176035
0.174522
0.189563
0.266170
0.215266
0.203707
0.163584
0.234295
0.200557
0.181521
0.229541
0.166932
0.183547
0.220566
0.177388
0.225222
0.177676
0.147225
0.250130
0.198088
0.147598
0.189173
0.190298
0.251441
0.293786
0.215388
0.228651
0.233712
0.261654
0.167903
0.208232
0.194269
0.225918
0.192134
0.168120
0.193570
0.211312
0.235524
0.224818
0.196431
0.199014
0.205299
0.208916
0.220314
0.188683
0.207010
0.214153
0.229812
0.239492
0.251676
0.187615
0.167576
0.223059
0.150765
0.260558
0.198423
0.226592
0.184458
0.273200
0.290932
0.305560
0.246752
0.219818
0.220366
0.195199
0.177725
0.200597
0.214259
0.221897
0.235575
0.226806
0.182131
0.196931
0.267409
0.232836
0.251822
0.177513
0.240344
0.169473
0.231430
0.197107
0.191138
0.185714
0.209259
0.191749
0.177091
0.204879
0.164613
0.185412
0.204312
0.145134
0.184306
0.198790
0.217288
0.194362
0.253504
0.192303
0.173885
0.160196
0.215605
0.234418
0.207349
0.293249
0.170547
0.199456
0.223703
0.198939
0.238269
0.204815
0.184106
0.198428
0.201318
0.293585
0.181860
0.185749
0.206662
0.205536
0.239358
0.211372
0.175304
0.278416
0.171085
0.253955
0.199795
0.252436
0.188155
0.194874
0.232302
0.215679
0.173777
0.212324
0.236716
0.176950
0.183279
0.201710
0.213443
0.207496
0.182159
0.185062
0.228157
0.191895
0.206815
0.287504
0.195275
0.179659
0.233543
0.175397
0.186012
0.179088
0.256459
0.178926
0.225193
0.193712
0.238648
0.233515
0.148975
0.212761
0.160871
0.223659
0.209559
0.256389
0.186545
0.156382
0.215315
0.230322
0.194137
0.210663
0.210713
0.186101
0.250491
0.159699
0.187813
0.179636
0.180542
0.154060
0.291943
0.156450
0.185579
0.180258
0.137501
0.187068
0.227936
0.201590
0.210517
0.171135
0.183830
0.164159
0.180412
0.192245
0.212925
0.246439
0.191699
0.270209
0.217902
0.237218
0.185745
0.191348
0.177783
0.236123
0.185810
0.155464
0.252151
0.215440
0.153904
0.215995
0.190760
0.205942
0.214318
0.190432
0.163313
0.200376
0.217983
0.196561
0.186453
0.220256
0.209273
0.149383
0.200701
0.254193
0.182995
0.214279
0.188599
0.203428
0.184532
0.205961
0.182876
0.171452
0.236733
0.234183
0.244923
0.202150
0.206042
0.183854
0.176475
0.235482
0.180769
0.234085
0.204300
0.183365
0.206383
0.205489
0.167681
0.148218
0.188691
0.193108
0.260343
0.170500
0.159813
0.209897
0.206403
0.188045
0.208821
0.111027
0.190964
0.208135
0.184505
0.200842
0.176089
0.173393
0.187857
0.187412
0.181176
0.192246
0.205520
0.157809
0.213837
0.226039
0.176650
0.167010
0.168988
0.172930
0.182537
0.239285
0.204247
0.245901
0.231545
0.228639
0.184987
0.181166
0.160548
0.204673
0.179935
0.235301
0.166179
0.156327
0.217614
0.223573
0.174271
0.188341
0.185940
0.222492
0.197806
0.192077
0.165913
0.218711
0.178766
0.204949
0.205116
0.163419
0.216882
0.210277
0.184886
0.216457
0.192607
0.196088
0.170005
0.192074
0.223046
0.193290
0.196428
0.197206
0.126621
0.190788
0.187059
0.217098
0.216317
0.181977
0.171511
0.201714
0.187252
0.189800
0.211225
0.233486
0.169119
0.159427
0.209709
0.221663
0.236182
0.201236
0.233977
0.200810
0.260386
0.175721
0.263808
0.179250
0.178312
0.242404
0.210250
0.200885
0.186453
0.194983
0.210129
0.225196
0.202066
0.183390
0.198822
0.225134
0.186784
0.176038
0.174518
0.189583
0.266165
0.215262
0.203702
0.163585
0.234294
0.200556
0.181524
0.229536
0.166942
0.183550
0.220562
0.177388
0.225217
0.177675
0.147225
0.250133
0.198106
0.146849
0.188817
0.190877
0.251474
0.293494
0.215389
0.228630
0.234051
0.261714
0.167988
0.208934
0.193959
0.226224
0.192107
0.168172
0.193582
0.211320
0.235909
0.225270
0.196307
0.199105
0.205302
0.208802
0.220369
0.188584
0.207008
0.214163
0.229798
0.239530
0.251757
0.187710
0.167574
0.223023
0.150766
0.260537
0.198426
0.226597
0.184470
0.273217
0.290927
0.305626
0.246785
0.219793
0.220339
0.195203
0.177722
0.200599
0.214257
0.221889
0.235576
0.226815
0.182142
0.196933
0.267403
0.232834
0.251820
0.177513
0.240349
0.169475
0.231430
0.197108
0.191137
0.185714
0.209258
0.191748
0.177091
0.204878
0.164613
0.185411
0.204312
0.145134
0.184306
0.198791
0.217287
0.194362
0.253505
0.192302
0.173886
0.160195
0.215605
0.234418
0.207349
0.293249
0.170546
0.199456
0.223703
0.198939
0.238270
0.204816
0.184107
0.198427
0.201317
0.293585
0.181860
0.185749
0.206662
0.205537
0.239360
0.211374
0.175304
0.278416
0.171083
0.253955
0.199795
0.252437
0.188156
0.194875
0.232304
0.215677
0.173777
0.212323
0.236715
0.176950
0.183279
0.201710
0.213443
0.207498
0.182160
0.185059
0.228156
0.191895
0.206815
0.287505
0.195275
0.179661
0.233546
0.175396
0.186011
0.179088
0.256457
0.178926
0.225194
0.193711
0.238649
0.233515
0.148973
0.212762
0.160872
0.223660
0.209559
0.256387
0.186545
0.156383
0.215313
0.230323
0.194137
0.210662
0.210712
0.186101
0.250491
0.159698
0.187813
0.179636
0.180542
0.154060
0.291943
0.156449
0.185579
0.180259
0.137501
0.187068
0.227936
0.201590
0.210516
0.171135
0.183830
0.164159
0.180412
0.192244
0.212925
0.246439
0.191699
0.270209
0.217902
0.237218
0.185745
0.191348
0.177783
0.236123
0.185810
0.155464
0.252151
0.215440
0.153903
0.215995
0.190760
0.205941
0.214318
0.190432
0.163312
0.200377
0.217982
0.196561
0.186453
0.220255
0.209273
0.149384
0.200702
0.254193
0.182994
0.214279
0.188600
0.203428
0.184531
0.205961
0.182875
0.171453
0.236733
0.234182
0.244923
0.202149
0.206041
0.183855
0.176475
0.235482
