0.043867
0.036456
0.050759
0.026377
0.037979
0.016696
0.017772
0.018007
0.025321
0.043262
0.030886
0.013127
0.020115
0.018518
0.011446
0.023316
0.019788
0.009920
0.021682
0.011905
0.016418
0.021639
0.011563
0.014931
0.012308
0.009214
0.008494
0.010642
0.008460
0.009470
0.007777
0.013690
0.003972
0.008703
0.005034
0.003110
0.005571
0.003496
0.007541
0.006363
0.002400
0.003917
0.006495
0.003293
0.002581
0.002736
0.005277
0.000900
0.002571
0.004923
0.001497
0.003501
0.002691
0.003368
0.003653
0.004006
0.001472
0.002882
0.004457
0.001257
0.001080
0.000950
0.000930
0.001002
0.000884
0.003866
0.001979
0.002560
0.001522
0.002623
0.003839
0.000598
0.000384
0.000551
0.000635
0.000534
0.000648
0.000578
0.000820
0.000660
0.000435
0.000545
0.000638
0.001094
0.000663
0.000655
0.002340
0.002242
0.001813
0.007401
0.008286
0.001040
0.000284
0.001192
0.000314
0.001791
0.000246
0.002816
0.001047
0.001804
0.000968
0.000346
0.000640
0.000450
0.004260
0.000207
0.000260
0.003983
0.000646
0.004275
0.000317
0.009506
0.002009
0.002704
0.004464
0.006665
0.004510
0.000599
0.005195
0.002526
0.000256
0.000609
0.000420
0.031589
0.004307
0.000067
0.000058
0.003048
0.002254
0.002611
0.004489
0.000023
0.001136
0.000078
0.004261
0.000317
0.006415
0.001758
0.000060
0.008878
0.000478
0.000886
0.000364
0.001046
0.000574
0.002227
0.000733
0.003011
0.011693
0.000839
0.002501
0.000043
0.001191
0.000741
0.000694
0.001863
0.008979
0.001821
0.000526
0.005102
0.008669
0.001455
0.000747
0.000044
0.005433
0.000361
0.008460
0.001050
0.000160
0.002434
0.003117
0.000741
0.005371
0.000034
0.002338
0.000088
0.000164
0.000022
0.000927
0.002020
0.002081
0.001522
0.001530
0.002013
0.000265
0.006161
0.002076
0.000326
0.002583
0.002461
0.001239
0.002588
0.002359
0.005600
0.001706
0.009025
0.002342
0.009087
0.004249
0.000542
0.000117
0.002352
0.000888
0.006899
0.000116
0.003522
0.003824
0.003206
0.001625
0.000649
0.000930
0.002414
0.001516
0.000650
0.001449
0.003389
0.000810
0.002653
0.012384
0.003219
0.001711
0.005619
0.001268
0.000863
0.004173
0.001560
0.002786
0.001750
0.000844
0.002001
0.001573
0.001103
0.000899
0.000103
0.001023
0.001177
0.002292
0.002676
0.000147
0.002408
0.002939
0.001231
0.002578
0.004234
0.001570
0.001555
0.000454
0.000046
0.002490
0.001203
0.000977
0.002420
0.000634
0.002707
0.002688
0.003127
0.001832
0.001539
0.002188
0.000142
0.000162
0.005430
0.000197
0.003089
0.002027
0.003131
0.000941
0.000922
0.001650
0.002602
0.001438
0.001887
0.000950
0.000802
0.000999
0.001878
0.002830
0.001076
0.002585
0.001256
0.005615
0.000279
0.000993
0.003580
0.001261
0.000768
0.000768
0.002016
0.000647
0.001999
0.000177
0.000535
0.001304
0.001247
0.001075
0.000304
0.003301
0.000417
0.000823
0.001118
0.000803
0.000410
0.001387
0.000809
0.002087
0.000659
0.000866
0.000350
0.002373
0.000280
0.000338
0.000333
0.000160
0.000558
0.000212
0.000405
0.001304
0.000229
0.000626
0.000157
0.000068
0.000160
0.000122
0.000096
0.000355
0.000175
0.000462
0.000118
0.000043
0.000117
0.000239
0.000388
0.000342
0.000084
0.000173
0.000163
0.000049
0.000100
0.000536
0.000132
0.000092
0.000081
0.000172
0.000148
0.000075
0.000082
0.000075
0.000057
0.043860
0.036458
0.050753
0.026374
0.037978
0.016696
0.017772
0.018008
0.025322
0.043263
0.030886
0.013127
0.020115
0.018519
0.011446
0.023316
0.019789
0.009920
0.021684
0.011906
0.016419
0.021640
0.011563
0.014932
0.012308
0.009213
0.008495
0.010643
0.008461
0.009470
0.007778
0.013689
0.003971
0.008703
0.005034
0.003110
0.005571
0.003496
0.007540
0.006364
0.002400
0.003918
0.006495
0.003294
0.002582
0.002736
0.005278
0.000900
0.002570
0.004923
0.001497
0.003501
0.002691
0.003368
0.003653
0.004006
0.001472
0.002882
0.004457
0.001257
0.001080
0.000951
0.000929
0.001001
0.000884
0.003866
0.001979
0.002561
0.001522
0.002624
0.003839
0.000598
0.000384
0.000551
0.000635
0.000534
0.000648
0.000578
0.000820
0.000660
0.000435
0.000545
0.000638
0.001094
0.000663
0.000655
0.002340
0.002242
0.001812
0.007401
0.008286
0.001040
0.000284
0.001192
0.000313
0.001792
0.000246
0.002816
0.001047
0.001804
0.000968
0.000346
0.000640
0.000450
0.004260
0.000207
0.000260
0.003984
0.000646
0.004275
0.000317
0.009507
0.002009
0.002704
0.004463
0.006666
0.004511
0.000600
0.005195
0.002526
0.000256
0.000609
0.000420
0.031585
0.004308
0.000067
0.000058
0.003061
0.002253
0.002611
0.004482
0.000024
0.001128
0.000078
0.004256
0.000317
0.006417
0.001757
0.000059
0.008887
0.000478
0.000885
0.000364
0.001046
0.000573
0.002227
0.000733
0.003012
0.011692
0.000839
0.002501
0.000043
0.001190
0.000741
0.000692
0.001865
0.008980
0.001821
0.000527
0.005110
0.008670
0.001454
0.000748
0.000044
0.005436
0.000362
0.008459
0.001051
0.000162
0.002431
0.003118
0.000742
0.005367
0.000034
0.002339
0.000087
0.000164
0.000021
0.000927
0.002023
0.002083
0.001521
0.001530
0.002013
0.000265
0.006164
0.002078
0.000327
0.002583
0.002463
0.001238
0.002591
0.002360
0.005602
0.001706
0.009026
0.002340
0.009090
0.004247
0.000543
0.000118
0.002353
0.000890
0.006901
0.000115
0.003521
0.003824
0.003206
0.001627
0.000650
0.000930
0.002416
0.001517
0.000650
0.001452
0.003387
0.000811
0.002651
0.012389
0.003221
0.001710
0.005619
0.001266
0.000866
0.004175
0.001560
0.002788
0.001750
0.000844
0.002004
0.001576
0.001104
0.000900
0.000103
0.001022
0.001176
0.002293
0.002674
0.000148
0.002411
0.002941
0.001235
0.002580
0.004235
0.001574
0.001556
0.000454
0.000045
0.002490
0.001204
0.000978
0.002421
0.000635
0.002705
0.002690
0.003130
0.001831
0.001540
0.002188
0.000142
0.000163
0.005438
0.000194
0.003084
0.002028
0.003135
0.000948
0.000923
0.001651
0.002603
0.001439
0.001888
0.000950
0.000803
0.000998
0.001879
0.002827
0.001077
0.002587
0.001259
0.005619
0.000276
0.000992
0.003581
0.001261
0.000769
0.000771
0.002020
0.000647
0.002005
0.000178
0.000536
0.001309
0.001244
0.001077
0.000304
0.003307
0.000417
0.000823
0.001120
0.000806
0.000412
0.001385
0.000812
0.002087
0.000658
0.000867
0.000350
0.002374
0.000277
0.000339
0.000333
0.000160
0.000559
0.000213
0.000407
0.001301
0.000229
0.000625
0.000155
0.000068
0.000161
0.000122
0.000096
0.000355
0.000176
0.000463
0.000117
0.000044
0.000118
0.000238
0.000391
0.000343
0.000084
0.000171
0.000164
0.000049
0.000100
0.000534
0.000130
0.000092
0.000081
0.000172
0.000147
0.000074
0.000083
0.000076
0.000057
0.043851
0.036452
0.050750
0.026375
0.037978
0.016697
0.017772
0.018008
0.025322
0.043263
0.030885
0.013127
0.020115
0.018518
0.011445
0.023315
0.019788
0.009920
0.021683
0.011906
0.016417
0.021640
0.011562
0.014931
0.012307
0.009213
0.008495
0.010641
0.008459
0.009469
0.007778
0.013688
0.003971
0.008703
0.005033
0.003110
0.005571
0.003496
0.007540
0.006364
0.002400
0.003918
0.006495
0.003293
0.002582
0.002736
0.005278
0.000900
0.002570
0.004922
0.001496
0.003501
0.002691
0.003367
0.003653
0.004006
0.001472
0.002882
0.004457
0.001257
0.001080
0.000950
0.000929
0.001001
0.000884
0.003866
0.001979
0.002560
0.001522
0.002623
0.003839
0.000598
0.000384
0.000551
0.000635
0.000534
0.000647
0.000578
0.000820
0.000660
0.000435
0.000545
0.000638
0.001094
0.000663
0.000655
0.002341
0.002242
0.001811
0.007401
0.008286
0.001040
0.000284
0.001192
0.000313
0.001792
0.000246
0.002815
0.001047
0.001804
0.000968
0.000346
0.000639
0.000450
0.004259
0.000207
0.000260
0.003985
0.000645
0.004275
0.000317
0.009508
0.002010
0.002703
0.004463
0.006665
0.004511
0.000600
0.005196
0.002526
0.000256
0.000608
0.000420
0.031597
0.004308
0.000067
0.000058
0.003061
0.002253
0.002612
0.004481
0.000024
0.001128
0.000078
0.004256
0.000316
0.006417
0.001757
0.000059
0.008885
0.000479
0.000885
0.000364
0.001045
0.000573
0.002227
0.000733
0.003012
0.011692
0.000839
0.002501
0.000043
0.001190
0.000741
0.000692
0.001865
0.008980
0.001821
0.000527
0.005110
0.008670
0.001454
0.000748
0.000044
0.005436
0.000362
0.008459
0.001051
0.000162
0.002431
0.003118
0.000742
0.005367
0.000034
0.002339
0.000087
0.000164
0.000021
0.000927
0.002023
0.002083
0.001521
0.001530
0.002013
0.000265
0.006164
0.002078
0.000327
0.002583
0.002463
0.001238
0.002591
0.002360
0.005602
0.001706
0.009026
0.002340
0.009090
0.004247
0.000543
0.000118
0.002353
0.000890
0.006901
0.000115
0.003521
0.003824
0.003206
0.001627
0.000650
0.000930
0.002416
0.001517
0.000650
0.001452
0.003387
0.000811
0.002651
0.012389
0.003221
0.001710
0.005619
0.001266
0.000866
0.004175
0.001560
0.002788
0.001750
0.000844
0.002004
0.001576
0.001104
0.000900
0.000103
0.001022
0.001176
0.002293
0.002674
0.000148
0.002411
0.002941
0.001235
0.002580
0.004235
0.001574
0.001556
0.000454
0.000045
0.002490
0.001204
0.000978
0.002421
0.000635
0.002705
0.002690
0.003130
0.001831
0.001540
0.002188
0.000142
0.000163
0.005438
0.000194
0.003084
0.002028
0.003135
0.000948
0.000923
0.001651
0.002603
0.001439
0.001888
0.000950
0.000803
0.000998
0.001879
0.002827
0.001077
0.002587
0.001259
0.005619
0.000276
0.000992
0.003581
0.001261
0.000769
0.000771
0.002020
0.000647
0.002005
0.000178
0.000536
0.001309
0.001244
0.001077
0.000304
0.003307
0.000417
0.000823
0.001120
0.000806
0.000412
0.001385
0.000812
0.002087
0.000658
0.000867
0.000350
0.002374
0.000277
0.000339
0.000333
0.000160
0.000559
0.000213
0.000407
0.001301
0.000229
0.000625
0.000155
0.000068
0.000161
0.000122
0.000096
0.000355
0.000176
0.000463
0.000117
0.000044
0.000118
0.000238
0.000391
0.000343
0.000084
0.000171
0.000164
0.000049
0.000100
0.000534
0.000130
0.000092
0.000081
0.000172
0.000147
0.000074
0.000083
0.000076
0.000057
0.043852
0.036453
0.050749
0.026375
0.037978
0.016697
0.017773
0.018008
0.025322
0.043263
0.030886
0.013127
0.020115
0.018519
0.011446
0.023317
0.019789
0.009921
0.021684
0.011906
0.016419
0.021640
0.011563
0.014932
0.012308
0.009213
0.008495
0.010643
0.008461
0.009471
0.007778
0.013690
0.003972
0.008704
0.005034
0.003111
0.005571
0.003497
0.007541
0.006363
0.002400
0.003918
0.006496
0.003294
0.002582
0.002737
0.005276
0.000900
0.002571
0.004924
0.001497
0.003502
0.002691
0.003368
0.003653
0.004005
0.001472
0.002882
0.004457
0.001257
0.001080
0.000951
0.000930
0.001001
0.000884
0.003867
0.001980
0.002561
0.001522
0.002624
0.003840
0.000598
0.000384
0.000552
0.000635
0.000534
0.000648
0.000578
0.000821
0.000660
0.000436
0.000546
0.000640
0.001093
0.000663
0.000655
0.002339
0.002242
0.001813
0.007404
0.008286
0.001040
0.000284
0.001193
0.000314
0.001792
0.000245
0.002816
0.001046
0.001803
0.000968
0.000346
0.000640
0.000450
0.004261
0.000208
0.000260
0.003983
0.000646
0.004275
0.000317
0.009506
0.002009
0.002705
0.004464
0.006666
0.004510
0.000600
0.005196
0.002526
0.000256
0.000609
0.000420
0.031584
0.004309
0.000067
0.000058
0.003061
0.002253
0.002610
0.004483
0.000024
0.001128
0.000078
0.004256
0.000317
0.006417
0.001757
0.000059
0.008888
0.000478
0.000885
0.000363
0.001048
0.000574
0.002227
0.000733
0.003012
0.011692
0.000839
0.002501
0.000043
0.001190
0.000741
0.000692
0.001865
0.008980
0.001821
0.000527
0.005110
0.008670
0.001454
0.000748
0.000044
0.005436
0.000362
0.008459
0.001051
0.000162
0.002431
0.003118
0.000742
0.005367
0.000034
0.002339
0.000087
0.000164
0.000021
0.000927
0.002023
0.002083
0.001521
0.001530
0.002013
0.000265
0.006164
0.002078
0.000327
0.002583
0.002463
0.001238
0.002591
0.002360
0.005602
0.001706
0.009026
0.002340
0.009090
0.004247
0.000543
0.000118
0.002353
0.000890
0.006901
0.000115
0.003521
0.003824
0.003206
0.001627
0.000650
0.000930
0.002416
0.001517
0.000650
0.001452
0.003387
0.000811
0.002651
0.012389
0.003221
0.001710
0.005619
0.001266
0.000866
0.004175
0.001560
0.002788
0.001750
0.000844
0.002004
0.001576
0.001104
0.000900
0.000103
0.001022
0.001176
0.002293
0.002674
0.000148
0.002411
0.002941
0.001235
0.002580
0.004235
0.001574
0.001556
0.000454
0.000045
0.002490
0.001204
0.000978
0.002421
0.000635
0.002705
0.002690
0.003130
0.001831
0.001540
0.002188
0.000142
0.000163
0.005438
0.000194
0.003084
0.002028
0.003135
0.000948
0.000923
0.001651
0.002603
0.001439
0.001888
0.000950
0.000803
0.000998
0.001879
0.002827
0.001077
0.002587
0.001259
0.005619
0.000276
0.000992
0.003581
0.001261
0.000769
0.000771
0.002020
0.000647
0.002005
0.000178
0.000536
0.001309
0.001244
0.001077
0.000304
0.003307
0.000417
0.000823
0.001120
0.000806
0.000412
0.001385
0.000812
0.002087
0.000658
0.000867
0.000350
0.002374
0.000277
0.000339
0.000333
0.000160
0.000559
0.000213
0.000407
0.001301
0.000229
0.000625
0.000155
0.000068
0.000161
0.000122
0.000096
0.000355
0.000176
0.000463
0.000117
0.000044
0.000118
0.000238
0.000391
0.000343
0.000084
0.000171
0.000164
0.000049
0.000100
0.000534
0.000130
0.000092
0.000081
0.000172
0.000147
0.000074
0.000083
0.000076
0.000057
0.043852
0.036453
0.050749
0.026375
0.037978
0.016697
0.017773
0.018008
0.025322
0.043263
0.030886
0.013127
0.020115
0.018519
0.011446
0.023317
0.019789
0.009921
0.021684
0.011906
0.016419
0.021640
0.011563
0.014932
0.012308
0.009213
0.008495
0.010643
0.008461
0.009471
0.007778
0.013690
0.003972
0.008704
0.005034
0.003111
0.005571
0.003497
0.007541
0.006363
0.002400
0.003918
0.006496
0.003294
0.002582
0.002737
0.005276
0.000900
0.002571
0.004924
0.001497
0.003502
0.002691
0.003368
0.003653
0.004005
0.001472
0.002882
0.004457
0.001257
0.001080
0.000951
0.000930
0.001001
0.000884
0.003867
0.001980
0.002561
0.001522
0.002624
0.003840
0.000598
0.000384
0.000552
0.000635
0.000534
0.000648
0.000578
0.000821
0.000660
0.000436
0.000546
0.000640
0.001093
0.000663
0.000655
0.002339
0.002242
0.001813
0.007404
0.008286
0.001040
0.000284
0.001193
0.000314
0.001792
0.000245
0.002816
0.001046
0.001803
0.000968
0.000346
0.000640
0.000450
0.004261
0.000208
0.000260
0.003983
0.000646
0.004275
0.000317
0.009506
0.002009
0.002705
0.004464
0.006666
0.004510
0.000600
0.005196
0.002526
0.000256
0.000609
0.000420
0.031581
0.004309
0.000067
0.000058
0.003060
0.002252
0.002610
0.004483
0.000024
0.001128
0.000077
0.004256
0.000317
0.006417
0.001756
0.000059
0.008890
0.000477
0.000885
0.000363
0.001050
0.000576
0.002227
0.000732
0.003011
0.011690
0.000839
0.002501
0.000043
0.001190
0.000740
0.000693
0.001864
0.008975
0.001823
0.000527
0.005106
0.008672
0.001453
0.000748
0.000042
0.005433
0.000363
0.008461
0.001051
0.000161
0.002430
0.003119
0.000740
0.005359
0.000033
0.002338
0.000087
0.000164
0.000021
0.000932
0.002028
0.002082
0.001518
0.001530
0.002014
0.000265
0.006164
0.002076
0.000328
0.002586
0.002461
0.001236
0.002588
0.002361
0.005600
0.001709
0.009028
0.002342
0.009090
0.004245
0.000543
0.000117
0.002353
0.000891
0.006902
0.000115
0.003521
0.003823
0.003207
0.001628
0.000650
0.000930
0.002416
0.001517
0.000650
0.001452
0.003387
0.000811
0.002651
0.012390
0.003221
0.001710
0.005619
0.001266
0.000866
0.004175
0.001560
0.002788
0.001750
0.000844
0.002004
0.001576
0.001104
0.000900
0.000103
0.001022
0.001176
0.002293
0.002674
0.000148
0.002411
0.002941
0.001235
0.002580
0.004236
0.001574
0.001556
0.000454
0.000045
0.002490
0.001204
0.000978
0.002421
0.000635
0.002705
0.002690
0.003130
0.001831
0.001540
0.002188
0.000142
0.000163
0.005438
0.000194
0.003084
0.002027
0.003134
0.000948
0.000923
0.001651
0.002603
0.001439
0.001888
0.000950
0.000803
0.000998
0.001879
0.002827
0.001077
0.002587
0.001259
0.005616
0.000276
0.000992
0.003580
0.001261
0.000769
0.000770
0.002020
0.000648
0.002003
0.000178
0.000537
0.001308
0.001244
0.001077
0.000303
0.003306
0.000417
0.000822
0.001122
0.000806
0.000412
0.001387
0.000812
0.002087
0.000658
0.000867
0.000350
0.002374
0.000277
0.000339
0.000333
0.000160
0.000559
0.000213
0.000407
0.001301
0.000229
0.000625
0.000155
0.000068
0.000161
0.000122
0.000096
0.000355
0.000176
0.000463
0.000117
0.000044
0.000118
0.000238
0.000391
0.000343
0.000084
0.000171
0.000164
0.000049
0.000100
0.000534
0.000130
0.000092
0.000081
0.000172
0.000147
0.000074
0.000083
0.000076
0.000057
0.043851
0.036453
0.050749
0.026375
0.037978
0.016696
0.017772
0.018007
0.025321
0.043262
0.030884
0.013126
0.020115
0.018518
0.011445
0.023315
0.019787
0.009919
0.021682
0.011905
0.016417
0.021639
0.011561
0.014931
0.012306
0.009212
0.008494
0.010640
0.008458
0.009468
0.007777
0.013687
0.003971
0.008703
0.005032
0.003109
0.005570
0.003495
0.007539
0.006363
0.002399
0.003917
0.006494
0.003292
0.002581
0.002734
0.005278
0.000899
0.002569
0.004922
0.001496
0.003499
0.002691
0.003366
0.003652
0.004005
0.001472
0.002882
0.004457
0.001256
0.001080
0.000950
0.000929
0.001001
0.000884
0.003866
0.001978
0.002560
0.001522
0.002623
0.003838
0.000597
0.000383
0.000550
0.000634
0.000534
0.000646
0.000578
0.000820
0.000660
0.000434
0.000545
0.000635
0.001093
0.000662
0.000655
0.002344
0.002242
0.001810
0.007405
0.008284
0.001039
0.000283
0.001192
0.000312
0.001791
0.000246
0.002814
0.001044
0.001802
0.000967
0.000345
0.000639
0.000451
0.004260
0.000207
0.000260
0.003983
0.000645
0.004276
0.000315
0.009508
0.002009
0.002703
0.004464
0.006663
0.004510
0.000600
0.005195
0.002525
0.000256
0.000606
0.000421
0.031575
0.004307
0.000068
0.000059
0.003054
0.002250
0.002607
0.004482
0.000024
0.001126
0.000077
0.004252
0.000317
0.006413
0.001754
0.000058
0.008893
0.000475
0.000884
0.000362
0.001056
0.000579
0.002224
0.000728
0.003000
0.011691
0.000837
0.002504
0.000042
0.001187
0.000735
0.000694
0.001869
0.008958
0.001824
0.000526
0.005098
0.008667
0.001450
0.000747
0.000041
0.005431
0.000363
0.008457
0.001051
0.000161
0.002422
0.003118
0.000737
0.005337
0.000032
0.002335
0.000086
0.000165
0.000021
0.000936
0.002032
0.002077
0.001511
0.001527
0.002013
0.000266
0.006165
0.002069
0.000328
0.002590
0.002457
0.001231
0.002581
0.002358
0.005589
0.001712
0.009027
0.002342
0.009086
0.004235
0.000542
0.000115
0.002352
0.000893
0.006903
0.000113
0.003517
0.003817
0.003205
0.001629
0.000647
0.000932
0.002414
0.001515
0.000649
0.001450
0.003385
0.000809
0.002647
0.012389
0.003224
0.001707
0.005617
0.001265
0.000866
0.004173
0.001561
0.002790
0.001751
0.000845
0.002002
0.001575
0.001103
0.000899
0.000103
0.001022
0.001175
0.002293
0.002674
0.000148
0.002410
0.002938
0.001235
0.002578
0.004234
0.001576
0.001555
0.000455
0.000045
0.002489
0.001204
0.000976
0.002418
0.000635
0.002702
0.002693
0.003128
0.001831
0.001539
0.002185
0.000141
0.000163
0.005438
0.000195
0.003081
0.002026
0.003127
0.000950
0.000923
0.001648
0.002602
0.001437
0.001887
0.000948
0.000803
0.000999
0.001880
0.002825
0.001076
0.002583
0.001258
0.005607
0.000277
0.000992
0.003573
0.001259
0.000767
0.000766
0.002017
0.000649
0.001995
0.000178
0.000540
0.001305
0.001241
0.001075
0.000302
0.003303
0.000418
0.000817
0.001125
0.000805
0.000411
0.001392
0.000812
0.002086
0.000657
0.000867
0.000352
0.002371
0.000279
0.000337
0.000332
0.000160
0.000558
0.000213
0.000409
0.001304
0.000229
0.000623
0.000156
0.000068
0.000161
0.000122
0.000096
0.000356
0.000175
0.000464
0.000117
0.000044
0.000118
0.000238
0.000391
0.000344
0.000083
0.000172
0.000164
0.000050
0.000099
0.000533
0.000130
0.000092
0.000081
0.000172
0.000148
0.000074
0.000084
0.000076
0.000057
