0.053081
0.039212
0.052682
0.026584
0.038289
0.016800
0.017884
0.018110
0.025428
0.043409
0.030975
0.013230
0.020219
0.018623
0.011550
0.023413
0.019883
0.010029
0.021769
0.012002
0.016520
0.021746
0.011667
0.015038
0.012417
0.009313
0.008598
0.010750
0.008560
0.009574
0.007884
0.013789
0.004081
0.008809
0.005141
0.003217
0.005673
0.003603
0.007646
0.006471
0.002509
0.004026
0.006601
0.003403
0.002694
0.002848
0.005390
0.001016
0.002680
0.005033
0.001612
0.003608
0.002802
0.003479
0.003759
0.004115
0.001585
0.002992
0.004560
0.001371
0.001193
0.001066
0.001044
0.001115
0.000999
0.003976
0.002091
0.002672
0.001636
0.002731
0.003951
0.000711
0.000498
0.000666
0.000750
0.000650
0.000763
0.000694
0.000934
0.000774
0.000553
0.000666
0.000760
0.001202
0.000773
0.000772
0.002448
0.002356
0.001918
0.007501
0.008390
0.001155
0.000402
0.001306
0.000431
0.001905
0.000362
0.002926
0.001149
0.001906
0.001081
0.000461
0.000755
0.000568
0.004361
0.000322
0.000381
0.004100
0.000762
0.004388
0.000438
0.009602
0.002114
0.002802
0.004581
0.006773
0.004606
0.000721
0.005293
0.002626
0.000375
0.000711
0.000538
0.031548
0.004408
0.000183
0.000170
0.003253
0.002371
0.002738
0.004608
0.000145
0.001262
0.000196
0.004354
0.000434
0.006545
0.001878
0.000177
0.009079
0.000599
0.000988
0.000470
0.001186
0.000690
0.002359
0.000849
0.003120
0.011809
0.000954
0.002595
0.000161
0.001290
0.000859
0.000808
0.001988
0.009093
0.001951
0.000640
0.005191
0.008775
0.001548
0.000859
0.000165
0.005525
0.000488
0.008554
0.001159
0.000275
0.002545
0.003202
0.000847
0.005534
0.000154
0.002444
0.000203
0.000292
0.000141
0.001036
0.002126
0.002169
0.001623
0.001648
0.002115
0.000377
0.006278
0.002171
0.000448
0.002671
0.002579
0.001334
0.002694
0.002439
0.005657
0.001813
0.009108
0.002447
0.009171
0.004331
0.000660
0.000231
0.002438
0.001002
0.007007
0.000233
0.003599
0.003919
0.003278
0.001738
0.000758
0.001053
0.002521
0.001616
0.000767
0.001571
0.003500
0.000921
0.002750
0.012483
0.003335
0.001815
0.005704
0.001365
0.000975
0.004270
0.001664
0.002902
0.001854
0.000961
0.002090
0.001687
0.001203
0.001005
0.000223
0.001124
0.001281
0.002398
0.002778
0.000261
0.002494
0.003050
0.001345
0.002659
0.004337
0.001674
0.001648
0.000554
0.000161
0.002577
0.001301
0.001056
0.002532
0.000736
0.002781
0.002786
0.003202
0.001950
0.001636
0.002236
0.000273
0.000279
0.005486
0.000309
0.003215
0.002130
0.003200
0.001048
0.001025
0.001764
0.002687
0.001531
0.001963
0.001045
0.000900
0.001093
0.001966
0.002913
0.001177
0.002657
0.001380
0.005716
0.000385
0.001084
0.003626
0.001348
0.000848
0.000880
0.002105
0.000754
0.002096
0.000296
0.000648
0.001402
0.001317
0.001171
0.000412
0.003472
0.000533
0.000918
0.001218
0.000913
0.000517
0.001502
0.000929
0.002195
0.000762
0.000973
0.000462
0.002453
0.000395
0.000448
0.000447
0.000279
0.000667
0.000321
0.000521
0.001392
0.000340
0.000731
0.000279
0.000187
0.000277
0.000243
0.000209
0.000463
0.000288
0.000568
0.000240
0.000162
0.000232
0.000358
0.000509
0.000468
0.000202
0.000284
0.000290
0.000170
0.000215
0.000652
0.000248
0.000207
0.000200
0.000287
0.000264
0.000199
0.000202
0.000195
0.000175
0.044165
0.036591
0.050908
0.026471
0.038086
0.016797
0.017876
0.018107
0.025416
0.043369
0.030978
0.013227
0.020212
0.018624
0.011544
0.023405
0.019865
0.010020
0.021756
0.011989
0.016507
0.021728
0.011661
0.015034
0.012404
0.009298
0.008595
0.010736
0.008550
0.009565
0.007872
0.013758
0.004068
0.008789
0.005127
0.003204
0.005655
0.003593
0.007630
0.006451
0.002503
0.004010
0.006579
0.003386
0.002687
0.002834
0.005372
0.001011
0.002664
0.005016
0.001601
0.003590
0.002787
0.003466
0.003738
0.004096
0.001571
0.002977
0.004534
0.001361
0.001183
0.001061
0.001036
0.001106
0.000993
0.003959
0.002072
0.002658
0.001623
0.002706
0.003921
0.000701
0.000493
0.000657
0.000742
0.000644
0.000749
0.000684
0.000920
0.000763
0.000551
0.000653
0.000742
0.001191
0.000769
0.000768
0.002440
0.002322
0.001898
0.007478
0.008333
0.001130
0.000397
0.001286
0.000424
0.001885
0.000360
0.002886
0.001146
0.001889
0.001062
0.000454
0.000744
0.000562
0.004344
0.000317
0.000378
0.004090
0.000745
0.004325
0.000427
0.009533
0.002070
0.002760
0.004545
0.006730
0.004540
0.000704
0.005196
0.002562
0.000369
0.000695
0.000527
0.030806
0.004251
0.000180
0.000171
0.003268
0.002312
0.002675
0.004443
0.000145
0.001202
0.000196
0.004216
0.000432
0.006392
0.001841
0.000170
0.008974
0.000585
0.000962
0.000441
0.001160
0.000654
0.002265
0.000811
0.003075
0.011643
0.000934
0.002519
0.000157
0.001252
0.000824
0.000777
0.001956
0.008824
0.001900
0.000612
0.005041
0.008661
0.001501
0.000840
0.000166
0.005311
0.000484
0.008380
0.001115
0.000257
0.002417
0.003084
0.000829
0.005282
0.000154
0.002362
0.000195
0.000309
0.000144
0.001007
0.002035
0.002077
0.001542
0.001569
0.002035
0.000394
0.006228
0.002070
0.000446
0.002644
0.002520
0.001251
0.002603
0.002299
0.005441
0.001738
0.008886
0.002342
0.008951
0.004225
0.000653
0.000220
0.002356
0.000985
0.006842
0.000231
0.003457
0.003790
0.003142
0.001652
0.000712
0.001036
0.002408
0.001570
0.000751
0.001530
0.003445
0.000868
0.002661
0.012305
0.003262
0.001727
0.005539
0.001304
0.000907
0.004156
0.001584
0.002777
0.001803
0.000912
0.001962
0.001615
0.001136
0.000958
0.000217
0.001073
0.001219
0.002299
0.002723
0.000250
0.002353
0.003009
0.001285
0.002527
0.004252
0.001590
0.001582
0.000515
0.000161
0.002470
0.001240
0.000959
0.002418
0.000704
0.002670
0.002691
0.003060
0.001847
0.001561
0.002102
0.000284
0.000277
0.005264
0.000292
0.003111
0.002040
0.003062
0.001037
0.000967
0.001727
0.002570
0.001445
0.001874
0.000990
0.000847
0.001057
0.001847
0.002889
0.001119
0.002507
0.001313
0.005539
0.000383
0.000999
0.003489
0.001289
0.000796
0.000855
0.002014
0.000724
0.002010
0.000290
0.000626
0.001311
0.001210
0.001112
0.000401
0.003458
0.000517
0.000865
0.001176
0.000864
0.000485
0.001456
0.000897
0.002152
0.000738
0.000933
0.000458
0.002376
0.000380
0.000434
0.000437
0.000274
0.000643
0.000310
0.000511
0.001352
0.000331
0.000718
0.000276
0.000190
0.000275
0.000245
0.000208
0.000447
0.000292
0.000560
0.000242
0.000167
0.000233
0.000340
0.000500
0.000456
0.000197
0.000276
0.000283
0.000169
0.000205
0.000621
0.000257
0.000203
0.000199
0.000285
0.000271
0.000202
0.000195
0.000193
0.000174
