12.949274
12.892635
12.826745
12.786430
13.128703
12.695935
13.022240
12.578854
13.221304
12.677192
12.477326
13.309410
12.967996
12.650895
12.665552
12.680063
12.722121
12.563879
12.596847
12.234862
12.254394
12.734301
12.864034
13.084320
12.413102
12.188997
12.570300
12.694233
12.097156
12.052018
12.120232
12.024645
12.747622
12.309375
12.069361
12.127322
12.419253
12.619170
12.633814
12.420547
12.114086
11.996979
12.351376
12.058077
12.400148
12.154803
12.041533
12.292375
11.467295
12.246550
12.125720
12.178014
11.916307
12.058308
11.918039
12.136861
12.036419
12.240980
12.279068
12.001468
12.050558
11.945960
12.040572
12.069232
11.716881
11.667007
12.055652
12.085369
11.668312
11.844092
12.299616
11.809696
11.708446
11.995005
11.863230
11.778373
12.255858
11.650985
12.325655
11.885936
12.077398
11.797361
12.080991
11.266941
11.205980
11.927356
11.557602
11.572760
11.749466
11.169153
11.970495
11.539889
11.550953
11.377613
11.722644
11.936764
12.045469
11.639828
11.447281
11.739628
11.455367
11.977128
11.481713
11.413582
11.559679
11.974242
11.062284
10.965120
11.823657
11.923321
11.412091
11.493270
11.601665
11.337240
11.357457
11.233325
11.212203
11.725176
11.368496
11.125547
11.209813
11.065389
11.717182
11.351307
10.991870
11.454741
11.389107
11.455979
11.231121
11.697733
11.767378
11.236028
11.279212
11.436088
11.450528
11.378224
11.456122
11.518243
11.682688
11.209356
11.169766
11.153427
11.620440
11.115008
11.550223
11.339755
11.018093
11.220541
10.729775
11.290941
11.206903
11.147871
10.960563
11.659273
11.180326
11.380262
11.253575
10.781192
11.367010
10.958099
10.783230
10.872753
10.953826
10.655683
10.629501
10.733907
10.786535
10.840885
10.689320
11.016872
11.270495
11.101862
10.913081
10.895316
10.927539
11.138661
10.978850
10.537495
11.343543
10.589174
11.011707
10.799857
10.564093
10.645810
10.908537
11.095282
10.812683
11.030956
10.844558
10.788547
11.023784
10.933529
10.598387
10.936059
10.955009
10.534017
10.767177
10.562709
10.830258
10.447098
10.288879
10.868288
10.371012
10.263650
10.147504
10.191274
11.082398
10.269988
10.772265
10.648199
10.296580
10.481047
10.228839
10.036757
10.372540
10.566650
10.810988
10.445908
10.365618
10.391086
10.552082
10.127381
10.816607
10.020742
10.680140
10.481773
10.207424
10.144762
10.286592
10.703784
10.059266
10.259642
10.382020
10.461420
10.394619
9.948608
10.084937
10.637297
10.002615
10.431685
10.248024
10.107323
10.065912
10.228684
9.956974
10.085596
10.338126
9.915163
10.070915
10.476936
9.975927
9.757346
9.720624
10.231063
9.926528
10.515127
10.267859
9.868321
10.504503
10.229436
9.904236
9.822844
9.862478
9.723822
10.033688
10.225796
9.769095
9.777403
9.903749
10.040742
10.307569
9.457689
10.381634
9.624948
9.949643
10.122967
9.670298
9.703670
10.113453
9.731354
9.963860
10.127640
9.728091
9.941005
9.915134
9.672447
9.977983
10.261010
9.850477
9.648174
9.923988
9.285974
9.813366
10.035280
9.940862
10.058487
9.680156
9.571331
9.689117
9.781245
9.503307
9.452004
9.577566
9.296386
10.084190
9.360669
9.469155
10.118712
9.786180
10.075405
9.749167
9.620340
9.851943
9.424582
9.607535
9.742414
9.612920
9.603516
9.463778
9.877201
9.334931
9.430227
9.466206
9.846015
9.182494
9.431264
9.858213
9.439952
9.734532
9.443742
9.330457
9.495586
9.585589
9.386767
8.833822
9.773748
9.430448
9.319971
9.236640
9.246948
9.645226
9.379783
9.246560
9.143918
9.208238
9.379894
8.967742
9.591897
9.567890
9.508456
9.446499
9.402428
9.691816
9.321622
9.592783
9.209571
9.756960
9.277639
9.114103
9.821747
9.532299
9.261363
9.265334
9.276371
9.316144
9.178102
9.206708
8.900501
8.921733
9.324051
9.431355
9.625257
9.054865
8.868102
9.190412
9.300366
8.786589
8.758440
8.804202
8.738227
9.340750
8.968556
8.778096
8.823477
9.068394
9.237581
9.253171
9.074654
8.816682
8.716985
9.016479
8.771562
9.067749
8.853918
8.759422
8.973691
8.272431
8.946385
8.840537
8.885718
8.656894
8.791286
8.666767
8.852599
8.771988
8.939189
8.977033
8.746904
8.783282
8.702218
8.777278
8.799664
8.517481
8.466949
8.792238
8.826618
8.473193
8.633371
9.027353
8.598583
8.517635
8.765512
8.655014
8.571970
8.984129
8.471144
9.050659
8.672010
8.831758
8.600140
8.845753
8.154649
8.104574
8.716654
8.403708
8.418826
8.570436
8.080994
8.757188
8.394993
8.408151
8.263167
8.559669
8.743285
8.830077
8.485544
8.330299
8.568554
8.344508
8.781224
8.363452
8.301748
8.438561
8.798831
8.024028
7.935026
8.660233
8.749249
8.309841
8.378648
8.473577
8.250213
8.272969
8.171365
8.156664
8.583713
8.284398
8.090310
8.157532
8.039282
8.583486
8.282129
7.968891
8.371198
8.311918
8.368629
8.180053
8.583198
8.639145
8.185600
8.227804
8.358758
8.374455
8.317199
8.374084
8.437344
8.578905
8.178276
8.143194
8.140055
8.528442
8.098965
8.468368
8.299668
8.029429
8.197936
7.791974
8.255509
8.188802
8.145384
7.980947
8.583563
8.171282
8.343210
8.235346
7.833768
8.348262
7.985284
7.838517
7.919776
7.989198
7.740536
7.716389
7.800650
7.863597
7.895228
7.783049
8.051304
8.273730
8.123535
7.967632
7.958381
7.983779
8.156481
8.028567
7.659335
8.339321
7.697290
8.061827
7.882928
7.682854
7.749880
7.975173
8.140976
7.896489
8.086844
7.940892
7.881009
8.079922
8.012503
7.719040
8.010033
8.024959
7.679610
7.870013
7.702656
7.928941
7.607650
7.473894
7.956981
7.544729
7.445601
7.356803
7.392720
8.158816
7.458986
7.882799
7.786759
7.491549
7.644897
7.433698
7.270460
7.553946
7.728510
7.924886
7.616805
7.550963
7.571649
7.706003
7.364839
7.932944
7.259829
7.821166
7.648833
7.420765
7.375477
7.494589
7.849023
7.297636
7.471095
7.570935
7.643156
7.588432
7.211671
7.336641
7.796319
7.268401
7.626314
7.473254
7.347322
7.315583
7.452012
7.227875
7.332870
7.544163
7.201277
7.327182
7.662364
7.248497
7.058450
7.031044
7.466139
7.205247
7.700495
7.498454
7.159650
7.699985
7.464275
7.192812
7.124696
7.151116
7.040354
7.311563
7.464221
7.083467
7.089314
7.196323
7.312222
7.540732
6.817175
7.601723
6.968280
7.247365
7.394718
7.003281
7.033068
7.380636
7.053722
7.261195
7.392462
7.062878
7.239625
7.215443
7.013660
7.272961
7.510846
7.159315
6.993964
7.227611
6.699737
7.132146
7.319802
7.248736
7.347686
7.027700
6.939199
7.023006
7.113765
6.881555
6.833622
6.944542
6.703753
7.372256
6.762821
6.853021
7.404412
7.124862
7.372519
7.090528
6.987409
7.187871
6.817781
6.972713
7.087624
6.981913
6.974329
6.865161
7.210680
6.757287
6.835003
6.867968
7.182399
6.621493
6.829988
7.200173
6.841912
7.099705
6.842912
6.746949
6.896312
6.973118
6.797841
6.330852
7.128223
6.842712
6.746014
6.676496
6.681329
7.026659
6.797496
6.688914
6.601259
6.649935
6.803676
6.452554
6.979037
6.963760
6.909590
6.858557
6.817586
7.065587
6.756664
6.983329
6.657916
7.124405
6.705984
6.577592
7.177336
6.936173
6.707975
6.703985
6.713182
6.751930
6.632529
6.657852
6.401366
6.424327
6.758135
6.845557
7.015970
6.534474
6.380373
6.650072
6.747143
6.306479
6.292732
6.317935
6.277437
6.772542
6.457993
6.310567
6.343914
6.546257
6.687255
6.702691
6.553987
6.338019
6.252748
6.502475
6.299459
6.553827
6.366910
6.288016
6.468681
5.876423
6.455610
6.361997
6.399726
6.199057
6.325519
6.213942
6.369241
6.305177
6.437920
6.474397
6.285484
6.309362
6.248174
6.304617
6.320250
6.099633
6.047379
6.314868
6.352255
6.054636
6.199674
6.537431
6.162289
6.098403
6.310452
6.217893
6.135338
6.487712
6.056062
6.548984
6.224032
6.354120
6.164873
6.375155
5.793493
5.752098
6.264678
6.001736
6.015693
6.143559
5.734888
6.297134
5.995488
6.009386
5.888679
6.140166
6.294995
6.360708
6.070105
5.947298
6.135307
5.964412
6.322780
5.973958
5.916711
6.043718
6.353176
5.701612
5.618653
6.221370
6.299279
5.923720
5.979848
6.061097
5.873661
5.897307
5.814805
5.804538
6.151769
5.903354
5.752452
5.802670
5.706920
6.151317
5.907514
5.635126
5.980549
5.925641
5.971585
5.814826
6.158298
6.200185
5.816623
5.856480
5.962148
5.977552
5.932671
5.968749
6.031597
6.150593
5.815515
5.783149
5.790742
6.105093
5.744307
6.051438
5.919892
5.695774
5.831433
5.502539
5.874240
5.822147
5.791769
5.647125
6.159111
5.807277
5.951744
5.859923
5.522754
5.969471
5.647804
5.525791
5.597943
5.655097
5.451171
5.427535
5.491602
5.562795
5.571805
5.495049
5.706459
5.898271
5.763914
5.637388
5.634712
5.652315
5.787577
5.688170
5.385242
5.945437
5.407552
5.716169
5.566867
5.398982
5.450796
5.639446
5.784105
5.574148
5.736766
5.627571
5.562654
5.725852
5.678594
5.423159
5.668609
5.678316
5.403196
5.551717
5.418154
5.603933
5.339962
5.228059
5.618385
5.285669
5.193216
5.129332
5.156773
5.802979
5.209342
5.557596
5.487407
5.245123
5.368075
5.195223
5.058784
5.291760
5.447039
5.597054
5.342707
5.290047
5.305591
5.413958
5.151937
5.603929
5.047431
5.514635
5.366635
5.182240
5.153043
5.249969
5.543962
5.081045
5.228317
5.306133
5.371022
5.327362
5.016320
5.129975
5.500595
5.074280
5.363700
5.239435
5.127186
5.104240
5.215019
5.035947
5.117890
5.289273
5.022574
5.119475
5.386406
5.055501
4.892342
4.873423
5.235936
5.016392
5.421798
5.262633
4.981574
5.429634
5.231201
5.010785
4.954962
4.968282
4.883831
5.117542
5.231947
4.923578
4.926635
5.014668
5.109907
5.301226
4.698421
5.348806
4.833174
5.068069
5.190069
4.856969
4.882887
5.170307
4.895941
5.078948
5.178572
4.915743
5.057334
5.034340
4.871424
5.085887
5.279972
4.984696
4.854431
5.047128
4.624690
4.965382
5.119679
5.070638
5.151206
4.886898
4.817517
4.868228
4.957244
4.768605
4.723494
4.819906
4.617569
5.170849
4.670787
4.742967
5.199448
4.970484
5.177691
4.937888
4.859108
5.029151
4.713807
4.841326
4.936586
4.853370
4.847125
4.767001
5.046664
4.678506
4.738873
4.768533
5.019564
4.557304
4.726746
5.042036
4.741500
4.963770
4.739746
4.660499
4.794728
4.858919
4.706446
4.322412
4.982643
4.752994
4.669778
4.613790
4.613596
4.908252
4.714263
4.629666
4.556715
4.590646
4.727470
4.435320
4.868266
4.861726
4.812956
4.772761
4.735122
4.943762
4.693991
4.878333
4.608721
4.998011
4.638349
4.544001
5.040738
4.846214
4.659327
4.648084
4.655899
4.694039
4.592850
4.615403
4.406824
4.431805
4.700504
4.769310
4.917676
4.521447
4.398898
4.618749
4.703878
4.333351
4.333683
4.339645
4.323777
4.716875
4.457627
4.351542
4.373785
4.535949
4.650481
4.666150
4.546173
4.370507
4.299307
4.502074
4.339234
4.554225
4.393231
4.329501
4.478614
3.990163
4.479684
4.398103
4.429116
4.255492
4.374799
4.275804
4.402521
4.354475
4.454930
4.490463
4.340907
4.353307
4.311264
4.350441
4.360033
4.197960
4.144406
4.357619
4.398187
4.153612
4.284493
4.569698
4.245510
4.198051
4.376642
4.301330
4.219564
4.515932
4.161263
4.572940
4.298912
4.401402
4.252378
4.429748
3.951389
3.918469
4.337782
4.122191
4.135376
4.241254
3.908787
4.364325
4.119869
4.134837
4.037598
4.247324
4.375684
4.422223
4.182786
4.091008
4.232663
4.112237
4.398063
4.114504
4.062217
4.180895
4.443007
3.908017
3.831537
4.320918
4.389390
4.074215
4.119448
4.188886
4.035772
4.061165
3.997318
3.992047
4.266199
4.065932
3.955944
3.991378
3.917347
4.270389
4.080765
3.847061
4.140886
4.090972
4.127944
4.001480
4.290933
4.320868
4.002690
4.041349
4.124739
4.140838
4.108297
4.126255
4.189700
4.289001
4.014958
3.986031
4.004402
4.252001
3.954975
4.206185
4.109537
3.928451
4.035101
3.777406
4.066357
4.028523
4.010951
3.885236
4.315811
4.019838
4.140326
4.064018
3.786185
4.172404
3.889099
3.790407
3.855233
3.902202
3.739607
3.717323
3.764049
3.843572
3.833078
3.789132
3.950239
4.115417
3.996228
3.897022
3.901158
3.912652
4.015218
3.942297
3.699704
4.153463
3.709744
3.969201
3.847270
3.709037
3.748137
3.904944
4.031640
3.853379
3.992164
3.916541
3.848087
3.980401
3.951906
3.731223
3.937092
3.943061
3.731141
3.843393
3.740640
3.891411
3.679048
3.587313
3.896443
3.634823
3.549011
3.507823
3.528463
4.069577
3.570221
3.852516
3.805707
3.610609
3.707375
3.568792
3.456452
3.645538
3.784390
3.894203
3.687543
3.646943
3.658460
3.744523
3.552249
3.903062
3.449169
3.834417
3.708178
3.562444
3.547759
3.625719
3.867347
3.482153
3.606981
3.666014
3.724939
3.691369
3.438049
3.542237
3.835700
3.498223
3.728505
3.629714
3.529789
3.514901
3.603798
3.464285
3.526611
3.663752
3.463554
3.535722
3.743864
3.485304
3.345840
3.334657
3.634695
3.451359
3.779410
3.657754
3.427034
3.795730
3.629921
3.454009
3.409191
3.411588
3.350224
3.551978
3.633798
3.388211
3.389247
3.461318
3.539159
3.698869
3.200345
3.735724
3.321777
3.519071
3.619677
3.337065
3.360037
3.596223
3.367326
3.529733
3.602617
3.397384
3.509237
3.487650
3.358381
3.534856
3.691872
3.445094
3.345202
3.503286
3.171275
3.434021
3.560229
3.530373
3.595650
3.379194
3.326462
3.349364
3.437275
3.286102
3.243751
3.328182
3.158904
3.614594
3.207857
3.265087
3.641341
3.455698
3.628967
3.425330
3.367557
3.512194
3.243609
3.348272
3.427263
3.363458
3.358711
3.303507
3.527862
3.232120
3.278172
3.305388
3.503236
3.124547
3.261303
3.530548
3.278928
3.471432
3.275242
3.210248
3.331881
3.385575
3.252441
2.938334
3.483253
3.300696
3.228905
3.184366
3.180013
3.432041
3.267766
3.203371
3.142815
3.164399
3.287058
3.044445
3.398907
3.399732
3.355523
3.324452
3.289632
3.465292
3.265151
3.414030
3.191210
3.515828
3.205420
3.139609
3.550092
3.394650
3.242354
3.225065
3.231740
3.269386
3.183444
3.203691
3.035183
3.061852
3.276123
3.329391
3.459346
3.134373
3.038174
3.216407
3.291433
2.979611
2.991634
2.981594
2.986253
3.294269
3.081156
3.009547
3.022534
3.151201
3.243673
3.259539
3.163502
3.021429
2.961943
3.125597
2.996210
3.178414
3.039004
2.987892
3.110749
2.708653
3.123213
3.052009
3.077445
2.926299
3.039330
2.951164
3.054114
3.019363
3.092978
3.127728
3.010854
3.013710
2.987556
3.012402
3.016978
2.903465
2.848831
3.017023
3.060232
2.859624
2.978441
3.220407
2.938464
2.904608
3.055473
2.994440
2.913323
3.163322
2.872369
3.216811
2.984903
3.064586
2.948834
3.098982
2.706028
2.680103
3.022272
2.845860
2.858398
2.946104
2.676569
3.043970
2.846733
2.862550
2.784513
2.959695
3.066115
3.096735
2.899391
2.833065
2.936315
2.857340
3.083148
2.853199
2.804806
2.916325
3.137716
2.700034
2.629235
3.024442
3.084881
2.819223
2.855202
2.914635
2.789570
2.816132
2.767391
2.765983
2.979608
2.818755
2.742221
2.765178
2.708768
2.986220
2.840974
2.638876
2.889882
2.843798
2.873090
2.771307
3.015941
3.035737
2.771168
2.808551
2.873288
2.889673
2.867015
2.869748
2.933400
3.016178
2.792152
2.765772
2.792741
2.985035
2.740273
2.945102
2.876928
2.731027
2.813479
2.614179
2.834640
2.808273
2.800970
2.690573
3.053755
2.803547
2.903982
2.840176
2.610968
2.947029
2.695066
2.615315
2.673818
2.712110
2.583299
2.561846
2.593999
2.680101
2.653252
2.636066
2.755433
2.898376
2.791409
2.714446
2.723913
2.730093
2.805434
2.754065
2.560923
2.926675
2.560292
2.778953
2.679305
2.565239
2.593581
2.723865
2.835476
2.683065
2.801932
2.753693
2.682065
2.788646
2.775295
2.583037
2.756013
2.758631
2.598520
2.680605
2.602979
2.724616
2.554518
2.479106
2.721068
2.517768
2.437169
2.414392
2.429182
2.883403
2.461492
2.689145
2.661343
2.504862
2.579780
2.469191
2.376431
2.529076
2.654116
2.730532
2.562909
2.531987
2.539918
2.607330
2.472273
2.739432
2.369849
2.687282
2.578715
2.464584
2.461595
2.523648
2.721864
2.400471
2.506537
2.549824
2.603564
2.578051
2.372051
2.468159
2.697784
2.433235
2.614551
2.536465
2.446477
2.437975
2.508572
2.401393
2.447306
2.555963
2.410274
2.461845
2.621269
2.422047
2.301897
2.296833
2.545108
2.391371
2.655406
2.564413
2.374927
2.677952
2.538782
2.399297
2.363294
2.356436
2.313846
2.489010
2.543716
2.349633
2.348733
2.407408
2.470659
2.604063
2.191243
2.631576
2.301193
2.467243
2.549960
2.308720
2.329015
2.522722
2.331054
2.476228
2.526830
2.368823
2.455917
2.435241
2.333459
2.478375
2.604589
2.397544
2.322439
2.451748
2.194029
2.392278
2.495092
2.480801
2.533233
2.355974
2.316717
2.316459
2.403216
2.282687
2.242365
2.316679
2.174406
2.549415
2.219360
2.264026
2.573911
2.423736
2.568788
2.394723
2.354023
2.477481
2.247198
2.332784
2.398125
2.350083
2.346332
2.311430
2.489956
2.253655
2.287684
2.312649
2.466423
2.156378
2.265960
2.497015
2.285477
2.453182
2.279731
2.226250
2.337263
2.382089
2.264645
2.007944
2.457582
2.313602
2.251002
2.215666
2.207651
2.424217
2.284302
2.236331
2.185762
2.196936
2.307682
2.105661
2.395208
2.401870
2.361194
2.337413
2.304685
2.452932
2.293451
2.412887
2.228403
2.499489
2.229454
2.186935
2.526088
2.402637
2.278629
2.256131
2.261623
2.298646
2.225050
2.243171
2.107463
2.135300
2.304484
2.344719
2.459275
2.192819
2.118109
2.261810
2.328328
2.064631
2.086059
2.062621
2.083931
2.321659
2.146355
2.102880
2.108048
2.208895
2.282957
2.298758
2.222226
2.107621
2.057576
2.188773
2.086742
2.241704
2.119864
2.078935
2.179932
1.848798
2.201585
2.138475
2.159085
2.026266
2.133907
2.054636
2.137542
2.113535
2.164842
2.198734
2.108584
2.103369
2.090097
2.102919
2.103147
2.029454
1.973705
2.104577
2.149749
1.985175
2.094328
2.299951
2.052582
2.029721
2.157532
2.108057
2.027280
2.238850
2.000201
2.289012
2.091610
2.152285
2.063745
2.191247
1.868475
1.848105
2.126491
1.982155
1.993952
2.066468
1.848601
2.143148
1.984622
2.000932
1.938506
2.085010
2.173136
2.190436
2.027579
1.982015
2.053415
2.008392
2.184531
1.998548
1.953176
2.058549
2.246757
1.930101
1.821406
2.139557
2.193160
1.968127
1.996288
2.047281
1.945126
1.972449
1.935960
1.937582
2.101060
1.972490
1.923367
1.935802
1.893769
2.108658
1.999782
1.823544
2.039052
1.995926
2.018688
1.937052
2.144545
2.155782
1.935202
1.971329
2.020498
2.036920
2.022211
2.012194
2.075819
2.144780
1.961787
1.937308
1.971160
2.117672
1.915798
2.082200
2.037304
1.920205
1.982514
1.831146
1.994966
1.977856
1.978822
1.880857
2.188296
1.975613
2.059329
2.005628
1.816312
2.110829
1.884515
1.820186
1.873285
1.904231
1.803074
1.782116
1.802066
1.893394
1.852875
1.857551
1.942325
2.066750
1.969668
1.910846
1.924519
1.926129
1.978840
1.945046
1.792473
2.085495
1.782671
1.967517
1.886048
1.791713
1.811000
1.919235
2.018219
1.886932
1.989194
1.963353
1.888913
1.974100
1.972898
1.805600
1.949677
1.949344
1.831758
1.888798
1.831700
1.929144
1.793702
1.731659
1.917974
1.762583
1.686073
1.678362
1.688071
2.070483
1.712228
1.894663
1.882342
1.757527
1.814240
1.726548
1.649744
1.772170
1.885649
1.934350
1.798724
1.775598
1.780392
1.832251
1.744434
1.942201
1.641931
1.903283
1.809105
1.720842
1.727310
1.776107
1.938331
1.669349
1.759776
1.789905
1.839209
1.820156
1.652972
1.742292
1.919073
1.714670
1.855250
1.794109
1.712065
1.708634
1.763973
1.683300
1.715480
1.800488
1.699720
1.733969
1.853071
1.702670
1.598173
1.597981
1.803443
1.673906
1.885005
1.819114
1.663447
1.912168
1.794785
1.685153
1.656245
1.641587
1.614304
1.767372
1.799554
1.647752
1.645116
1.692556
1.743607
1.855157
1.512815
1.874630
1.612956
1.753086
1.820894
1.613577
1.631499
1.790020
1.628867
1.759686
1.791739
1.672491
1.739007
1.718917
1.639625
1.758359
1.859016
1.684553
1.629712
1.735137
1.538488
1.683409
1.766773
1.765147
1.806820
1.661709
1.633434
1.613879
1.699520
1.604070
1.565269
1.631078
1.510902
1.819246
1.552231
1.586378
1.841390
1.720288
1.841918
1.692067
1.665280
1.771112
1.572229
1.641937
1.695864
1.660652
1.657561
1.639244
1.779821
1.592363
1.616312
1.639262
1.756545
1.502921
1.589943
1.789359
1.610699
1.757923
1.602934
1.558779
1.660884
1.698238
1.593570
1.384027
1.754968
1.642639
1.587445
1.559539
1.548346
1.735866
1.615526
1.580927
1.538425
1.540862
1.641636
1.472937
1.708807
1.720130
1.682205
1.664277
1.633123
1.758616
1.632511
1.727510
1.574479
1.801280
1.564366
1.540890
1.821105
1.723860
1.623035
1.596067
1.600457
1.636792
1.573210
1.589430
1.480608
1.509255
1.641130
1.670457
1.772165
1.553795
1.496669
1.611737
1.671383
1.446903
1.476069
1.441301
1.476283
1.655812
1.511468
1.491174
1.489655
1.567393
1.626150
1.641759
1.581190
1.489055
1.446638
1.550934
1.471311
1.603661
1.496154
1.463469
1.546301
1.273520
1.576018
1.518656
1.535135
1.417255
1.521159
1.447751
1.514451
1.499175
1.531943
1.564985
1.496717
1.484702
1.481910
1.484664
1.481166
1.440147
1.383338
1.483302
1.529946
1.394925
1.496560
1.671509
1.452485
1.438536
1.547199
1.507114
1.426447
1.606199
1.410522
1.653338
1.484272
1.529101
1.462850
1.571542
1.306496
1.290559
1.516358
1.398175
1.409218
1.469077
1.293646
1.528004
1.401244
1.417817
1.368146
1.490868
1.563788
1.569935
1.435363
1.406797
1.451777
1.434622
1.569662
1.419855
1.376758
1.477177
1.643397
1.345063
1.280777
1.535066
1.582904
1.391216
1.412794
1.456685
1.373270
1.401090
1.374562
1.378524
1.500552
1.398458
1.371776
1.375414
1.345086
1.508285
1.429261
1.274186
1.460296
1.419480
1.436723
1.371559
1.548298
1.552350
1.367892
1.402858
1.439044
1.455371
1.447077
1.426418
1.489886
1.547325
1.398017
1.374972
1.414360
1.523006
1.356351
1.490950
1.465101
1.371611
1.417188
1.305193
1.422192
1.412588
1.420232
1.332380
1.593742
1.411853
1.481652
1.436164
1.279589
1.539758
1.334428
1.282676
1.331189
1.355952
1.277457
1.256774
1.266536
1.362048
1.310132
1.332705
1.388830
1.497860
1.408796
1.364797
1.381802
1.379522
1.413453
1.394020
1.274754
1.507700
1.257137
1.413979
1.347368
1.269166
1.280863
1.370798
1.459253
1.345245
1.433693
1.426324
1.349318
1.416717
1.425838
1.277848
1.398701
1.395813
1.313160
1.349416
1.309107
1.386487
1.279490
1.228287
1.368659
1.252620
1.179369
1.183906
1.189349
1.512451
1.206540
1.351577
1.351899
1.253038
1.294638
1.225676
1.161911
1.259310
1.363131
1.388872
1.279494
1.262670
1.264758
1.303675
1.254484
1.395122
1.151862
1.366868
1.284432
1.217363
1.231514
1.269234
1.401693
1.175790
1.253200
1.272365
1.317884
1.304034
1.168735
1.252317
1.385439
1.230408
1.337341
1.290053
1.214458
1.215101
1.257748
1.198788
1.219544
1.284939
1.220981
1.240930
1.326676
1.216345
1.124688
1.128389
1.298429
1.188736
1.356083
1.310764
1.182849
1.386696
1.287150
1.202008
1.178831
1.157624
1.142841
1.277586
1.291094
1.174016
1.169820
1.207892
1.248772
1.342195
1.057820
1.354810
1.149656
1.268298
1.323704
1.144238
1.160087
1.289490
1.153383
1.272241
1.288896
1.201478
1.250919
1.231193
1.170329
1.267371
1.346848
1.199126
1.160875
1.246499
1.100072
1.200925
1.268145
1.276844
1.309540
1.190812
1.171459
1.135903
1.220509
1.145627
1.107961
1.166652
1.064573
1.317857
1.102692
1.128054
1.337728
1.240475
1.342696
1.212687
1.197260
1.288455
1.115361
1.171851
1.216261
1.191515
1.188859
1.184089
1.293290
1.145977
1.161510
1.182687
1.269787
1.062558
1.130874
1.304103
1.152438
1.282596
1.142789
1.106220
1.200867
1.231946
1.137709
0.966927
1.272897
1.186542
1.137353
1.115458
1.101539
1.264834
1.160703
1.137018
1.101063
1.096192
1.188638
1.047289
1.238816
1.253871
1.218111
1.204901
1.174936
1.281569
1.182860
1.257619
1.130402
1.320598
1.110879
1.102995
1.334523
1.258776
1.176942
1.146197
1.149563
1.185235
1.129811
1.144353
1.057593
1.086797
1.187811
1.208055
1.299074
1.120220
1.077481
1.168851
1.222514
1.030476
1.065804
1.022054
1.067845
1.199259
1.080416
1.079051
1.071967
1.130572
1.176602
1.191945
1.144407
1.070710
1.034479
1.116500
1.055234
1.168858
1.073064
1.047074
1.114828
0.890033
1.150268
1.098310
1.111241
1.005579
1.105777
1.037860
1.090888
1.082699
1.100077
1.132315
1.081982
1.064263
1.069999
1.064368
1.057696
1.043514
0.985726
1.060115
1.107877
0.997113
1.091918
1.242008
1.046260
1.039574
1.132348
1.099898
1.019237
1.172664
1.012308
1.217115
1.071284
1.102974
1.054998
1.148086
0.930516
0.918134
1.100411
1.003779
1.014104
1.063432
0.922888
1.107532
1.006863
1.023560
0.984287
1.087314
1.147598
1.144474
1.033121
1.018459
1.041582
1.047290
1.148367
1.028241
0.986965
1.083066
1.227456
0.981967
0.920181
1.121652
1.164635
1.000345
1.016397
1.054348
0.986292
1.014417
0.996005
1.001793
1.089571
1.009205
1.000927
0.997225
0.976443
1.096944
1.042434
0.904712
1.066512
1.027490
1.040094
0.988410
1.139718
1.137749
0.982976
1.016886
1.042295
1.058439
1.055343
1.025818
1.089065
1.136917
1.015287
0.993335
1.037207
1.114542
0.976816
1.085106
1.074872
1.000756
1.032446
0.952851
1.031133
1.027609
1.040682
0.961076
1.184362
1.027783
1.086025
1.047205
0.917526
1.149309
0.961175
0.919693
0.964338
0.983917
0.924021
0.903472
0.904747
1.003627
0.942218
0.979450
1.011878
1.108132
1.025586
0.993723
1.013395
1.007814
1.026172
1.018476
0.926593
1.109932
0.902357
1.036037
0.981578
0.916592
0.921943
0.996702
1.076403
0.976544
1.053519
1.061273
0.982043
1.034731
1.052188
0.917452
1.021760
1.016666
0.962702
0.981762
0.955213
1.015960
0.932303
0.889885
0.992528
0.908697
0.838048
0.852601
0.854438
1.128570
0.865715
0.979846
0.990495
0.912955
0.942009
0.888412
0.835313
0.911991
1.007761
1.014498
0.926674
0.914961
0.914733
0.942898
0.925468
1.018931
0.822577
0.999303
0.926450
0.876778
0.897172
0.925689
1.033526
0.843044
0.909650
0.919692
0.962011
0.952373
0.843267
0.922028
1.019093
0.904624
0.983827
0.947818
0.877533
0.881402
0.913501
0.872368
0.883615
0.932765
0.899086
0.907152
0.965320
0.887946
0.806782
0.813614
0.954372
0.860974
0.992166
0.963721
0.858603
1.025380
0.940459
0.875418
0.856890
0.830209
0.825648
0.945208
0.943239
0.854712
0.849149
0.879420
0.911840
0.990242
0.753574
0.997047
0.838399
0.939257
0.984358
0.827768
0.841826
0.947158
0.831613
0.940537
0.944425
0.883166
0.918457
0.898957
0.853196
0.932280
0.994222
0.868467
0.843813
0.913040
0.807932
0.872385
0.926221
0.943354
0.968572
0.871511
0.859424
0.810619
0.894299
0.836289
0.799487
0.852223
0.765000
0.972820
0.800310
0.818362
0.990593
0.912927
0.999063
0.885338
0.879192
0.958251
0.806328
0.851860
0.888352
0.872154
0.869778
0.876107
0.959370
0.845070
0.853593
0.873234
0.935381
0.766321
0.819146
0.970717
0.841223
0.957210
0.829913
0.799482
0.887911
0.913752
0.828029
0.689123
0.941467
0.876457
0.832129
0.815124
0.798887
0.942210
0.851282
0.836528
0.805901
0.794936
0.880448
0.761573
0.916474
0.934535
0.900485
0.891088
0.862035
0.953052
0.876861
0.934856
0.828844
0.988798
0.801423
0.806320
0.997643
0.939546
0.873295
0.839367
0.841816
0.876872
0.828101
0.841189
0.772539
0.802135
0.877646
0.890326
0.972463
0.826116
0.795164
0.866926
0.915678
0.750220
0.790666
0.738671
0.793938
0.885688
0.787754
0.801926
0.790186
0.832953
0.868425
0.883481
0.846600
0.788034
0.756848
0.820437
0.774225
0.872344
0.786135
0.765597
0.820857
0.635549
0.860955
0.813423
0.823244
0.727586
0.824679
0.761200
0.802894
0.800474
0.805101
0.836610
0.800992
0.778502
0.791204
0.778590
0.769235
0.777099
0.718440
0.771687
0.820301
0.729469
0.818585
0.948107
0.771486
0.770710
0.850320
0.824100
0.743374
0.875039
0.743731
0.917141
0.790397
0.811194
0.778208
0.858377
0.679868
0.670357
0.816690
0.737753
0.747420
0.788005
0.676153
0.819756
0.740521
0.757257
0.726496
0.813219
0.863021
0.852191
0.759913
0.756643
0.761685
0.786175
0.859196
0.763469
0.723630
0.816107
0.942559
0.740448
0.680656
0.838529
0.877462
0.735673
0.747112
0.780095
0.724636
0.752951
0.741162
0.748394
0.807878
0.745359
0.752185
0.742366
0.729390
0.814640
0.780266
0.656793
0.798482
0.760886
0.769601
0.728967
0.859246
0.852255
0.721885
0.754864
0.771319
0.787258
0.788382
0.751495
0.814497
0.854383
0.755501
0.734386
0.781888
0.833357
0.719418
0.805963
0.808539
0.750328
0.770511
0.717539
0.763868
0.765304
0.782783
0.709911
0.901764
0.765968
0.814623
0.781244
0.673677
0.881980
0.707977
0.674911
0.716306
0.731548
0.686914
0.666425
0.660638
0.762228
0.692940
0.742206
0.755031
0.840698
0.763466
0.741540
0.763349
0.754986
0.760455
0.762388
0.692997
0.835388
0.663191
0.777713
0.733219
0.679069
0.679124
0.741328
0.813738
0.725491
0.792952
0.813120
0.732006
0.772504
0.796774
0.674682
0.763478
0.756529
0.726177
0.730976
0.715718
0.762699
0.698254
0.663144
0.734219
0.677145
0.608576
0.631341
0.630134
0.863842
0.636419
0.725009
0.744122
0.684110
0.702756
0.661776
0.617394
0.676934
0.766033
0.757030
0.686918
0.679363
0.677169
0.696417
0.705212
0.759624
0.601881
0.746990
0.681988
0.646601
0.672089
0.692971
0.780446
0.619113
0.676745
0.679223
0.718843
0.712620
0.625051
0.699809
0.767070
0.686082
0.742245
0.715570
0.649436
0.656013
0.679364
0.652865
0.656228
0.691927
0.683160
0.681366
0.716750
0.666501
0.593918
0.603280
0.719865
0.639792
0.741154
0.726566
0.640187
0.776354
0.703432
0.654917
0.640155
0.608906
0.612720
0.719709
0.704932
0.639883
0.633139
0.656928
0.682318
0.748287
0.550883
0.750193
0.629828
0.715971
0.752528
0.614740
0.627273
0.712705
0.614054
0.714744
0.708047
0.668296
0.691873
0.672508
0.639147
0.703376
0.750814
0.643106
0.629604
0.685267
0.614168
0.648564
0.691315
0.715349
0.734352
0.655103
0.648992
0.589168
0.672031
0.627882
0.591733
0.639523
0.564475
0.734774
0.597386
0.609354
0.750669
0.689092
0.761924
0.661568
0.663033
0.732024
0.597507
0.633951
0.663865
0.654662
0.652473
0.667899
0.729727
0.642594
0.645284
0.663610
0.705134
0.567479
0.607492
0.741159
0.629892
0.734255
0.617042
0.591690
0.674942
0.696416
0.617665
0.504986
0.713075
0.665603
0.625245
0.612214
0.594017
0.720766
0.640743
0.633295
0.607006
0.590970
0.670716
0.570311
0.694973
0.715465
0.682777
0.676480
0.648125
0.726221
0.668529
0.712665
0.624090
0.759062
0.590065
0.605444
0.763575
0.719980
0.666504
0.629926
0.631570
0.666070
0.622736
0.634579
0.580804
0.610671
0.665094
0.671520
0.746289
0.626677
0.605331
0.661131
0.705584
0.562013
0.606581
0.548099
0.610832
0.669833
0.589091
0.616032
0.600400
0.630051
0.656773
0.671544
0.643440
0.597279
0.570179
0.618532
0.584705
0.669982
0.591630
0.575536
0.620448
0.467651
0.664583
0.620031
0.627577
0.540121
0.634593
0.574736
0.607044
0.609331
0.603406
0.634263
0.610733
0.584264
0.602660
0.584245
0.572631
0.598629
0.539210
0.574975
0.624246
0.549795
0.634169
0.746700
0.585799
0.589850
0.658571
0.637438
0.556616
0.670292
0.562880
0.710367
0.599312
0.611082
0.590413
0.659882
0.513530
0.506337
0.622998
0.558608
0.567690
0.601018
0.512770
0.622506
0.560898
0.577614
0.553821
0.627065
0.668184
0.650960
0.574358
0.580439
0.570533
0.610457
0.660307
0.584648
0.545949
0.635395
0.746926
0.580616
0.522426
0.644319
0.679862
0.556585
0.564175
0.593025
0.547901
0.576331
0.569963
0.578340
0.614457
0.566606
0.585838
0.570940
0.564349
0.620501
0.602684
0.490910
0.615982
0.579515
0.584985
0.553415
0.666318
0.655146
0.544849
0.577018
0.586057
0.601779
0.606343
0.563337
0.626098
0.659374
0.579200
0.558741
0.609187
0.639293
0.544923
0.613499
0.626588
0.581448
0.592106
0.561034
0.580985
0.586468
0.607535
0.540178
0.706072
0.587371
0.628085
0.599142
0.509761
0.698675
0.536277
0.510103
0.548777
0.560407
0.528313
0.507829
0.496187
0.599970
0.524146
0.583283
0.579915
0.656811
0.583921
0.570145
0.593676
0.582986
0.577782
0.587606
0.536727
0.645324
0.502245
0.600941
0.564617
0.519352
0.515014
0.566817
0.633183
0.554464
0.614044
0.644365
0.561703
0.592102
0.621880
0.510251
0.586226
0.577698
0.566765
0.559788
0.553782
0.589383
0.540717
0.511539
0.556734
0.521553
0.454667
0.484150
0.480407
0.680755
0.482500
0.550007
0.576054
0.530440
0.540473
0.509846
0.472620
0.518003
0.601554
0.579549
0.523994
0.519824
0.515972
0.527830
0.558138
0.580393
0.454431
0.573452
0.514882
0.491223
0.520871
0.535414
0.606080
0.468726
0.518936
0.515128
0.552491
0.549041
0.479186
0.550594
0.593270
0.539780
0.576982
0.557915
0.495259
0.503975
0.520079
0.505603
0.502430
0.527008
0.538727
0.528779
0.545344
0.517408
0.451867
0.463270
0.559886
0.490788
0.567514
0.564310
0.493339
0.604235
0.541173
0.506234
0.494546
0.459497
0.470172
0.566765
0.541395
0.495660
0.487907
0.506318
0.525879
0.581560
0.416487
0.579359
0.490509
0.564488
0.593966
0.471643
0.482880
0.551874
0.467113
0.560974
0.545525
0.523467
0.537348
0.518057
0.494882
0.546831
0.582278
0.489415
0.485076
0.529517
0.486410
0.495996
0.529576
0.559260
0.573108
0.508502
0.507258
0.438345
0.520499
0.487740
0.452094
0.495771
0.430726
0.570062
0.461582
0.468504
0.584301
0.535951
0.597781
0.508414
0.516109
0.576778
0.456565
0.485488
0.509942
0.506477
0.504400
0.527293
0.571415
0.506638
0.504490
0.521699
0.546190
0.434395
0.463805
0.582674
0.486403
0.581098
0.472249
0.451017
0.529974
0.547805
0.474769
0.383671
0.555252
0.522202
0.485081
0.475296
0.455444
0.568533
0.497430
0.495977
0.473229
0.452976
0.527937
0.442726
0.542435
0.564891
0.533292
0.529515
0.501702
0.569114
0.526653
0.559324
0.485081
0.599435
0.445537
0.469531
0.600279
0.568601
0.525661
0.486823
0.487774
0.521780
0.482890
0.493675
0.452137
0.482206
0.519242
0.520433
0.589093
0.491506
0.478160
0.520328
0.561503
0.435957
0.483881
0.420031
0.488879
0.520855
0.454254
0.491678
0.472812
0.491629
0.511104
0.525612
0.504685
0.468732
0.444980
0.480739
0.457079
0.531750
0.459839
0.447379
0.483736
0.357692
0.530932
0.489170
0.494640
0.413908
0.506199
0.449296
0.473827
0.479968
0.465310
0.495605
0.482001
0.452223
0.475281
0.452052
0.438549
0.479456
0.419376
0.440707
0.490487
0.429510
0.509945
0.608447
0.460462
0.468464
0.528177
0.511206
0.430273
0.529096
0.441350
0.567440
0.469284
0.473584
0.463039
0.523656
0.403776
0.398462
0.490641
0.438206
0.446776
0.474094
0.405270
0.487060
0.439946
0.456621
0.438543
0.500648
0.534581
0.512052
0.448343
0.462096
0.439841
0.492460
0.523182
0.464038
0.426245
0.513165
0.612317
0.475533
0.418637
0.510845
0.543565
0.435516
0.439906
0.465315
0.428683
0.457177
0.455247
0.464537
0.481370
0.445575
0.475006
0.455890
0.454535
0.486674
0.482475
0.380313
0.491658
0.456100
0.458860
0.434736
0.533289
0.518638
0.424858
0.456332
0.459225
0.474743
0.482112
0.434036
0.496566
0.524368
0.459589
0.439634
0.492483
0.504955
0.426682
0.480422
0.502150
0.467751
0.470530
0.457481
0.455664
0.464454
0.488452
0.425608
0.570080
0.465444
0.499578
0.474272
0.399849
0.572751
0.419891
0.399369
0.435776
0.444397
0.422616
0.402103
0.385607
0.491169
0.409931
0.477177
0.460436
0.530077
0.460734
0.453652
0.478570
0.465933
0.451911
0.468213
0.432558
0.513278
0.394167
0.479794
0.450174
0.412211
0.404219
0.447425
0.508783
0.437892
0.490948
0.529602
0.445643
0.467694
0.501981
0.398950
0.464335
0.454481
0.459520
0.442805
0.444404
0.470597
0.434912
0.410587
0.434435
0.417276
0.351743
0.386742
0.380875
0.553705
0.379468
0.429566
0.461301
0.427528
0.430438
0.408317
0.376963
0.410649
0.489600
0.456851
0.413267
0.411864
0.406620
0.412362
0.460375
0.456098
0.356311
0.453795
0.400501
0.386488
0.419538
0.428831
0.485611
0.368001
0.412064
0.403050
0.438528
0.437343
0.382062
0.450678
0.473064
0.442216
0.463764
0.450941
0.391124
0.401582
0.411686
0.407096
0.398507
0.413894
0.442472
0.425781
0.426811
0.417233
0.357478
0.370547
0.450674
0.390595
0.446986
0.453143
0.394844
0.484892
0.429923
0.406152
0.396975
0.358765
0.375074
0.463073
0.428944
0.399100
0.390495
0.404449
0.419177
0.466356
0.327907
0.460719
0.397823
0.461751
0.485369
0.375765
0.385913
0.441335
0.368000
0.456207
0.433514
0.426021
0.431886
0.412629
0.397827
0.439629
0.465168
0.384516
0.387703
0.422868
0.402817
0.391927
0.417921
0.452243
0.461814
0.409256
0.411999
0.335569
0.417114
0.393720
0.358467
0.398726
0.341905
0.455696
0.371020
0.373753
0.468496
0.431026
0.483767
0.403429
0.416238
0.470020
0.361578
0.384276
0.404210
0.405447
0.403446
0.432463
0.461975
0.415601
0.409435
0.425702
0.436135
0.345624
0.366271
0.472934
0.388988
0.475691
0.373715
0.355856
0.431246
0.446058
0.377708
0.304373
0.445841
0.424656
0.390172
0.383042
0.361810
0.463598
0.399844
0.403308
0.383458
0.359704
0.430696
0.357987
0.437103
0.461156
0.430433
0.428711
0.401323
0.459907
0.429968
0.453174
0.390718
0.488058
0.346589
0.377653
0.485812
0.463932
0.429634
0.388933
0.389290
0.422869
0.387622
0.397509
0.366032
0.396239
0.418908
0.415786
0.479388
0.399926
0.393098
0.424204
0.462518
0.351809
0.402477
0.334179
0.408045
0.417726
0.362757
0.408805
0.387248
0.397114
0.410592
0.424862
0.409836
0.382268
0.361252
0.386612
0.371309
0.437216
0.370595
0.361105
0.390387
0.286378
0.440070
0.400581
0.404321
0.329115
0.419579
0.365088
0.383191
0.392490
0.370611
0.400418
0.394974
0.362448
0.389330
0.362112
0.347029
0.400208
0.339564
0.348971
0.399154
0.349260
0.426425
0.513335
0.375987
0.387221
0.439489
0.425930
0.344885
0.431439
0.359884
0.468316
0.380772
0.378895
0.376671
0.429974
0.331894
0.328113
0.400084
0.357488
0.365612
0.387956
0.335122
0.393856
0.358674
0.375293
0.361903
0.414805
0.442792
0.415874
0.362772
0.382831
0.350376
0.413436
0.428370
0.382814
0.345758
0.430569
0.519500
0.407040
0.351181
0.418900
0.449271
0.353750
0.355488
0.378046
0.348390
0.376919
0.378625
0.388652
0.389565
0.363692
0.401507
0.378896
0.381834
0.394161
0.401167
0.306908
0.406923
0.372086
0.372598
0.354588
0.441294
0.423760
0.343571
0.374454
0.372263
0.387591
0.397251
0.344977
0.407302
0.430571
0.378460
0.358900
0.413712
0.411627
0.346604
0.388097
0.416928
0.391362
0.387627
0.389411
0.369633
0.381126
0.407529
0.348381
0.475181
0.382113
0.410810
0.388478
0.326370
0.486053
0.341037
0.325155
0.359674
0.365800
0.352493
0.331944
0.311426
0.418436
0.332720
0.406629
0.378844
0.442484
0.376049
0.374465
0.400514
0.386249
0.364938
0.386559
0.363434
0.421158
0.321789
0.396619
0.372512
0.340545
0.329523
0.365622
0.422836
0.358382
0.406039
0.451545
0.366498
0.381653
0.419636
0.323676
0.380310
0.369341
0.387533
0.362773
0.370621
0.389042
0.364036
0.343703
0.349933
0.347603
0.283174
0.322697
0.315070
0.465193
0.310731
0.346466
0.382871
0.358842
0.355861
0.340736
0.314202
0.338229
0.413372
0.371747
0.338017
0.338876
0.332465
0.333148
0.395735
0.369573
0.291341
0.371054
0.322094
0.316013
0.351849
0.356798
0.402112
0.300764
0.339739
0.326424
0.360323
0.360987
0.317701
0.384002
0.389644
0.377440
0.386068
0.378380
0.320885
0.332758
0.337900
0.341439
0.328371
0.336165
0.378621
0.356353
0.344559
0.350102
0.295099
0.309516
0.376038
0.323376
0.362992
0.376841
0.328976
0.401822
0.353507
0.338927
0.331800
0.290969
0.311904
0.392801
0.351437
0.334684
0.325354
0.335610
0.346345
0.386492
0.269975
0.377996
0.336472
0.392102
0.410873
0.311736
0.320966
0.365185
0.301249
0.384782
0.356106
0.360595
0.359839
0.340595
0.332676
0.366097
0.383455
0.312851
0.322224
0.349734
0.348658
0.320883
0.340608
0.378732
0.384764
0.342119
0.348131
0.265489
0.346521
0.330821
0.295879
0.333306
0.283248
0.375967
0.310895
0.310167
0.387534
0.359015
0.404248
0.331338
0.348345
0.396437
0.297680
0.315232
0.331422
0.336518
0.334559
0.368613
0.386062
0.354841
0.345354
0.360825
0.359653
0.286674
0.300084
0.396663
0.322869
0.402959
0.306635
0.291542
0.363978
0.376284
0.311778
0.253077
0.369704
0.358280
0.325967
0.321002
0.298614
0.391070
0.333357
0.340857
0.323381
0.296731
0.364437
0.302015
0.364141
0.389498
0.359474
0.359435
0.332382
0.383673
0.364044
0.379424
0.326682
0.409975
0.278739
0.315625
0.405135
0.391320
0.364132
0.321877
0.321730
0.354943
0.322679
0.331818
0.308618
0.338923
0.349739
0.343043
0.402461
0.337925
0.336450
0.358431
0.394364
0.295873
0.348786
0.276806
0.354793
0.346084
0.300688
0.353826
0.330037
0.332509
0.341034
0.355090
0.344908
0.324243
0.305470
0.322241
0.313814
0.372484
0.310203
0.303151
0.326584
0.240723
0.378284
0.340663
0.342957
0.272289
0.361233
0.308721
0.321513
0.333392
0.305551
0.334941
0.336214
0.301402
0.331425
0.300906
0.284503
0.347782
0.286658
0.286227
0.336723
0.295951
0.370404
0.447750
0.319151
0.333038
0.379151
0.368389
0.287241
0.363672
0.305448
0.399309
0.320498
0.313511
0.318136
0.365397
0.285272
0.282735
0.338042
0.303536
0.311280
0.329514
0.289847
0.329559
0.304196
0.320756
0.311217
0.356518
0.379592
0.349043
0.304669
0.329913
0.289036
0.360692
0.362601
0.328230
0.291761
0.374825
0.455298
0.362885
0.307874
0.355394
0.383820
0.298620
0.298145
0.318336
0.294422
0.322964
0.327654
0.338270
0.326050
0.308342
0.353052
0.327548
0.334014
0.330000
0.346227
0.258469
0.349127
0.314878
0.313518
0.300540
0.377463
0.357536
0.288540
0.318922
0.312524
0.327686
0.339222
0.283477
0.345615
0.365132
0.323453
0.304210
0.360622
0.346527
0.292413
0.323796
0.358467
0.340174
0.331055
0.345054
0.310460
0.324166
0.352529
0.296427
0.408639
0.325098
0.349298
0.329405
0.277433
0.426209
0.287643
0.275578
0.308523
0.312575
0.306247
0.285653
0.261807
0.369998
0.280576
0.359967
0.323064
0.381746
0.317699
0.320632
0.347597
0.331979
0.304649
0.330642
0.317835
0.356587
0.273481
0.339397
0.319823
0.292785
0.279254
0.309489
0.363268
0.304104
0.347302
0.398444
0.312487
0.321941
0.362958
0.272814
0.322224
0.310328
0.339343
0.307940
0.320932
0.332930
0.316716
0.299656
0.291353
0.301242
0.237705
0.280946
0.271852
0.403249
0.265078
0.288962
0.329202
0.313190
0.305342
0.295970
0.273402
0.289452
0.361441
0.312485
0.286870
0.289582
0.282198
0.278696
0.353281
0.309072
0.248595
0.313655
0.268248
0.268692
0.306815
0.308171
0.344028
0.256063
0.290838
0.273959
0.306551
0.308725
0.275314
0.339698
0.331524
0.334676
0.332649
0.329176
0.273583
0.286612
0.287652
0.297879
0.281110
0.282631
0.336515
0.309640
0.287265
0.305258
0.254156
0.269676
0.324971
0.278412
0.304189
0.324372
0.285090
0.343743
0.300906
0.293888
0.288436
0.245435
0.270174
0.345209
0.297865
0.291887
0.281949
0.289152
0.296580
0.330928
0.232472
0.320043
0.296129
0.344902
0.359668
0.269149
0.277616
0.312583
0.256387
0.336050
0.302431
0.316790
0.310565
0.291322
0.289060
0.315567
0.326163
0.263835
0.278296
0.299481
0.314042
0.272331
0.286883
0.328130
0.331233
0.296748
0.305440
0.217670
0.298261
0.288904
0.254203
0.289282
0.244789
0.320129
0.271204
0.267608
0.330646
0.309496
0.348526
0.281725
0.302182
0.345574
0.254791
0.268089
0.281183
0.289451
0.287515
0.325709
0.333210
0.314466
0.302229
0.317026
0.306284
0.247745
0.255178
0.343439
0.277995
0.352630
0.260952
0.248128
0.318116
0.328345
0.267004
0.220346
0.316490
0.313103
0.282562
0.279376
0.256024
0.340776
0.288037
0.298852
0.283321
0.254270
0.319260
0.265305
0.313417
0.339834
0.310390
0.311720
0.284931
0.330203
0.319054
0.327990
0.283228
0.354935
0.232124
0.273792
0.347927
0.340747
0.319410
0.275869
0.275292
0.308193
0.278383
0.286890
0.270499
0.300878
0.301910
0.292259
0.348221
0.295975
0.298908
0.313351
0.347314
0.258883
0.313639
0.238614
0.319987
0.296112
0.258593
0.317566
0.291928
0.288298
0.292726
0.306597
0.300403
0.285414
0.268478
0.278160
0.275389
0.328079
0.269372
0.264317
0.282922
0.212008
0.336250
0.300167
0.301266
0.234329
0.322007
0.271117
0.279520
0.293521
0.260753
0.289792
0.296589
0.259888
0.292482
0.259232
0.241737
0.313327
0.251801
0.243249
0.293996
0.260733
0.332885
0.402394
0.280996
0.297060
0.338090
0.329627
0.248381
0.316456
0.269214
0.351057
0.279426
0.268228
0.278484
0.320754
0.255391
0.253835
0.312750
0.267615
0.275038
0.289867
0.261045
0.285067
0.267792
0.284294
0.277919
0.316946
0.335965
0.302403
0.265216
0.294726
0.246894
0.325626
0.316784
0.291631
0.255638
0.337247
0.410809
0.334847
0.280527
0.311383
0.338192
0.261491
0.259188
0.277419
0.258225
0.286772
0.293916
0.305010
0.281951
0.270963
0.321353
0.293448
0.302815
0.285314
0.309136
0.226733
0.309668
0.275892
0.272984
0.264139
0.332991
0.311084
0.251308
0.281264
0.271394
0.286405
0.299482
0.240862
0.302839
0.319256
0.286161
0.267175
0.324898
0.300888
0.255761
0.278801
0.318277
0.305968
0.292401
0.316469
0.269645
0.285175
0.315145
0.261536
0.361720
0.286025
0.306504
0.288618
0.244990
0.384766
0.251512
0.242578
0.274222
0.276557
0.275971
0.255331
0.228733
0.337884
0.245403
0.329301
0.284879
0.339468
0.277373
0.284022
0.311731
0.294996
0.262686
0.292283
0.287973
0.311076
0.241364
0.299927
0.284074
0.261097
0.245488
0.270876
0.321819
0.267007
0.306518
0.362292
0.275586
0.280331
0.323848
0.238484
0.281929
0.269261
0.307191
0.270306
0.287521
0.294217
0.285247
0.270876
0.250583
0.270533
0.207730
0.254024
0.243718
0.359669
0.234912
0.249017
0.292415
0.283005
0.271135
0.266499
0.247189
0.256655
0.326038
0.271043
0.252095
0.256325
0.248132
0.241173
0.325653
0.266545
0.220700
0.273666
0.231187
0.237003
0.277000
0.275384
0.303437
0.226500
0.257799
0.237979
0.269482
0.272894
0.247617
0.310407
0.290841
0.306647
0.295820
0.295813
0.241782
0.255756
0.253407
0.269143
0.249312
0.245656
0.308949
0.278268
0.247164
0.275415
0.227522
0.243943
0.289973
0.248440
0.262796
0.288192
0.255983
0.302928
0.264596
0.263802
0.259730
0.214932
0.242795
0.312984
0.260712
0.263607
0.253160
0.257839
0.262530
0.292090
0.208516
0.279220
0.269818
0.312933
0.324389
0.240965
0.248790
0.276129
0.226302
0.302773
0.265068
0.287554
0.276812
0.257558
0.259962
0.280756
0.285778
0.230257
0.248906
0.264870
0.292317
0.239109
0.249382
0.293198
0.293877
0.266113
0.277015
0.185004
0.265227
0.261085
0.226578
0.259714
0.219801
0.280804
0.245185
0.239218
0.290433
0.275348
0.309261
0.247493
0.270786
0.310297
0.226077
0.235860
0.246394
0.257268
0.255347
0.296946
0.296231
0.287769
0.273261
0.287506
0.268854
0.222216
0.224716
0.306106
0.247541
0.317673
0.229820
0.218856
0.286820
0.295332
0.236587
0.199853
0.279102
0.282335
0.253250
0.251522
0.227367
0.305763
0.257116
0.270656
0.256723
0.225685
0.288429
0.241448
0.278000
0.305287
0.276307
0.278758
0.252185
0.292485
0.288330
0.291931
0.253753
0.315894
0.200020
0.245624
0.307081
0.305368
0.288847
0.244228
0.243294
0.275930
0.248136
0.256118
0.245335
0.275764
0.268725
0.256629
0.309736
0.267616
0.274170
0.282398
0.314733
0.234585
0.290851
0.213309
0.297469
0.261079
0.230050
0.293828
0.266660
0.257989
0.259033
0.272746
0.269830
0.259516
0.244088
0.247920
0.249805
0.297559
0.241791
0.238377
0.252992
0.194395
0.307682
0.272832
0.272933
0.209066
0.295701
0.246137
0.250912
0.266658
0.229820
0.258562
0.269904
0.231641
0.266354
0.230842
0.212438
0.290877
0.229010
0.213758
0.264704
0.237625
0.307978
0.370916
0.255449
0.273300
0.310141
0.303561
0.222223
0.283410
0.245210
0.317136
0.251435
0.236745
0.251637
0.289787
0.236639
0.235954
0.266172
0.243811
0.250962
0.262984
0.243097
0.254182
0.243564
0.260009
0.256236
0.290088
0.305750
0.269710
0.238441
0.271460
0.217893
0.302447
0.284744
0.267176
0.231568
0.311976
0.379793
0.317424
0.263665
0.280786
0.306256
0.236550
0.232736
0.249345
0.234036
0.262579
0.271736
0.283216
0.251222
0.245764
0.300827
0.270944
0.282689
0.254077
0.284150
0.206147
0.282714
0.249320
0.245131
0.239690
0.301884
0.278339
0.226152
0.255751
0.243013
0.257897
0.272233
0.211241
0.273079
0.286938
0.260917
0.242124
0.300926
0.268739
0.231011
0.247169
0.290603
0.283219
0.265982
0.298336
0.241430
0.258454
0.289742
0.238185
0.328446
0.259205
0.276625
0.260379
0.223626
0.355976
0.227094
0.220732
0.251300
0.252215
0.256356
0.235671
0.206802
0.316740
0.221728
0.309334
0.258710
0.309917
0.249427
0.259134
0.287453
0.269784
0.233378
0.265927
0.268614
0.278817
0.220139
0.272636
0.259847
0.240207
0.222879
0.244268
0.292869
0.241637
0.278107
0.337700
0.250356
0.251219
0.296782
0.215360
0.253884
0.240570
0.285843
0.244432
0.265128
0.267451
0.264439
0.252281
0.222100
0.250337
0.188130
0.236937
0.225621
0.328834
0.215136
0.221174
0.267168
0.263190
0.248005
0.247262
0.230634
0.234670
0.301901
0.241911
0.228463
0.233938
0.225072
0.215260
0.307878
0.236496
0.202702
0.245698
0.205623
0.215858
0.257396
0.253331
0.274941
0.207090
0.235522
0.213267
0.243872
0.248297
0.229719
0.291192
0.262227
0.288453
0.270373
0.273217
0.220469
0.235216
0.230068
0.250337
0.227977
0.220049
0.291097
0.257275
0.218968
0.255663
0.210410
0.227570
0.265959
0.228559
0.233504
0.263192
0.236798
0.274090
0.239469
0.243798
0.240857
0.194572
0.225005
0.291200
0.234855
0.245057
0.234188
0.236779
0.239213
0.264819
0.193507
0.250305
0.252854
0.291302
0.300019
0.222442
0.229736
0.250782
0.206199
0.280031
0.238959
0.268135
0.253662
0.234401
0.240639
0.256721
0.257140
0.207230
0.229323
0.240979
0.279037
0.216350
0.223095
0.269022
0.267702
0.245469
0.258183
0.162675
0.242591
0.242743
0.208389
0.239920
0.203774
0.252956
0.228299
0.220374
0.261842
0.251755
0.281439
0.223813
0.249440
0.285742
0.206930
0.213811
0.222233
0.235250
0.233334
0.277734
0.270245
0.270255
0.253865
0.267647
0.242477
0.205634
0.204066
0.279791
0.226894
0.293309
0.208599
0.199166
0.265455
0.272548
0.215937
0.187379
0.252699
0.261385
0.233491
0.232961
0.208140
0.281295
0.236010
0.251795
0.239171
0.206492
0.267374
0.226140
0.253161
0.281159
0.252558
0.255934
0.229526
0.265724
0.267325
0.266529
0.233767
0.288037
0.177868
0.226711
0.277711
0.280493
0.267932
0.222435
0.221198
0.253610
0.227470
0.235012
0.228851
0.259316
0.245616
0.231506
0.282258
0.248474
0.258014
0.261111
0.292093
0.218769
0.276278
0.196660
0.283111
0.236403
0.210718
0.278448
0.250013
0.237184
0.235440
0.249012
0.248795
0.242328
0.228138
0.227146
0.232862
0.276547
0.223192
0.221126
0.232451
0.184001
0.288235
0.254411
0.253691
0.192348
0.278119
0.229638
0.231427
0.248598
0.208407
0.236900
0.251983
0.212427
0.248877
0.211504
0.192343
0.276426
0.214270
0.193491
0.244599
0.222609
0.291432
0.348996
0.238409
0.257730
0.291105
0.286080
0.204666
0.260162
0.229415
0.293163
0.232335
0.214773
0.233483
0.268235
0.225122
0.225117
0.245988
0.228144
0.235063
0.244768
0.232235
0.232656
0.227520
0.243915
0.242286
0.271864
0.284757
0.246669
0.220270
0.256177
0.197879
0.287229
0.262210
0.250897
0.215601
0.295015
0.358095
0.306926
0.253622
0.259413
0.283782
0.219834
0.214769
0.230039
0.217926
0.246462
0.257275
0.269071
0.229706
0.228806
0.287714
0.256200
0.269905
0.232117
0.267342
0.192964
0.264275
0.231195
0.225945
0.223301
0.280005
0.255103
0.209168
0.238475
0.223361
0.238138
0.253511
0.190558
0.252274
0.264020
0.243825
0.225193
0.284879
0.245955
0.214317
0.224799
0.271484
0.268159
0.247894
0.287070
0.221852
0.240103
0.272478
0.222605
0.304686
0.240765
0.255647
0.240755
0.209664
0.335889
0.210604
0.206364
0.236038
0.235779
0.243809
0.223086
0.192338
0.302928
0.205820
0.296484
0.240735
0.289153
0.229985
0.242204
0.271022
0.252580
0.212791
0.247776
0.256223
0.255790
0.206200
0.253694
0.243432
0.226535
0.207788
0.225874
0.272540
0.224257
0.258215
0.320946
0.233081
0.230737
0.277988
0.199806
0.234271
0.220420
0.271741
0.226599
0.250158
0.248872
0.250769
0.240430
0.202096
0.237157
0.175436
0.226312
0.214162
0.306880
0.202286
0.201671
0.249801
0.250298
0.232372
0.234839
0.220415
0.219969
0.285421
0.221317
0.212393
0.218894
0.209469
0.197299
0.296625
0.215125
0.191257
0.226029
0.187934
0.201811
0.244614
0.238523
0.254822
0.194453
0.220516
0.196255
0.226111
0.231370
0.218309
0.278692
0.241980
0.276789
0.252729
0.257915
0.206224
0.221604
0.214146
0.238148
0.213701
0.202243
0.279678
0.243260
0.199017
0.242671
0.199591
0.217353
0.249445
0.215447
0.212630
0.245849
0.224252
0.253582
0.222014
0.230568
0.228551
0.181033
0.213585
0.276477
0.216778
0.232999
0.221776
0.222644
0.223214
0.245556
0.184345
0.229683
0.242078
0.276678
0.283137
0.210370
0.217224
0.233077
0.192815
0.264470
0.220614
0.255301
0.237755
0.218480
0.227873
0.240070
0.236694
0.191402
0.216331
0.224434
0.271233
0.200731
0.204566
0.252229
0.249255
0.231575
0.245781
0.147388
0.227047
0.230734
0.196503
0.226709
0.193666
0.233105
0.217473
0.207933
0.241362
0.235387
0.261590
0.207372
0.234915
0.268574
0.194212
0.198704
0.205378
0.220159
0.218241
0.264946
0.251873
0.258860
0.240916
0.254314
0.223768
0.195002
0.190072
0.261123
0.212895
0.276238
0.194121
0.185948
0.250852
0.256772
0.201917
0.180091
0.233930
0.247101
0.220190
0.220644
0.195272
0.264099
0.221589
0.239216
0.227670
0.193635
0.252983
0.216480
0.235641
0.264226
0.235928
0.240059
0.213790
0.246605
0.252946
0.248524
0.220224
0.267991
0.162528
0.214036
0.256416
0.262903
0.253608
0.207372
0.205887
0.238111
0.213335
0.220511
0.218151
0.248644
0.229459
0.213681
0.262478
0.235570
0.247563
0.246428
0.276299
0.208598
0.267123
0.185786
0.274122
0.218912
0.197625
0.268611
0.239131
0.222871
0.218823
0.232280
0.234280
0.230983
0.217811
0.212836
0.221710
0.262037
0.210671
0.209711
0.218319
0.178228
0.274998
0.242021
0.240616
0.181349
0.266403
0.218820
0.218138
0.236489
0.193524
0.221808
0.239975
0.199350
0.237233
0.198316
0.178530
0.267256
0.204864
0.179526
0.230762
0.212968
0.280526
0.333656
0.227090
0.247619
0.278138
0.274387
0.192907
0.243714
0.219105
0.276112
0.219299
0.199361
0.221215
0.253158
0.218317
0.218876
0.232033
0.217909
0.224637
0.232425
0.225955
0.217581
0.216960
0.233317
0.233445
0.259497
0.270108
0.230329
0.207943
0.246225
0.184023
0.277329
0.246281
0.240108
0.205071
0.283664
0.342837
0.300890
0.247963
0.244416
0.267867
0.208668
0.202567
0.216731
0.207250
0.235777
0.247952
0.260005
0.214562
0.217412
0.279488
0.246620
0.261943
0.216595
0.256061
0.184668
0.251647
0.218818
0.212692
0.212353
0.264526
0.238504
0.197723
0.226779
0.209714
0.224395
0.240615
0.176047
0.237664
0.247662
0.232265
0.213764
0.274172
0.229690
0.203073
0.208872
0.258239
0.258251
0.235484
0.280286
0.208216
0.227474
0.260738
0.212255
0.287586
0.228052
0.240842
0.227060
0.200630
0.321807
0.199486
0.196995
0.225923
0.224691
0.235928
0.215169
0.182872
0.293985
0.195156
0.288338
0.228367
0.274484
0.216396
0.230688
0.259915
0.240838
0.198252
0.235237
0.248433
0.239232
0.197129
0.240496
0.232306
0.217675
0.197754
0.213120
0.258186
0.212332
0.244214
0.309535
0.221231
0.216244
0.264877
0.189369
0.220485
0.206192
0.262491
0.214271
0.240186
0.235921
0.241864
0.233024
0.187966
0.228652
0.167328
0.219908
0.207064
0.291125
0.194037
0.187936
0.237822
0.242008
0.221823
0.226928
0.214317
0.210179
0.274160
0.206662
0.201466
0.208809
0.198918
0.184804
0.289661
0.199808
0.184122
0.212117
0.175650
0.192527
0.236371
0.228606
0.240525
0.186322
0.210432
0.184514
0.213756
0.219691
0.211174
0.270658
0.227559
0.269440
0.240443
0.247574
0.196740
0.212641
0.203272
0.230349
0.204175
0.189815
0.272509
0.233955
0.184811
0.234196
0.192906
0.211163
0.238059
0.206864
0.197645
0.233772
0.216127
0.238895
0.209838
0.221868
0.220612
0.172082
0.206373
0.266548
0.204074
0.225258
0.213739
0.213183
0.212213
0.231867
0.178980
0.214862
0.235372
0.266795
0.271392
0.202591
0.209076
0.220650
0.183944
0.253807
0.207650
0.246878
0.226795
0.207506
0.219506
0.228492
0.221984
0.180495
0.207761
0.212932
0.266933
0.189988
0.191420
0.240515
0.236175
0.222250
0.237681
0.136907
0.216349
0.222950
0.188819
0.217929
0.187439
0.218845
0.210655
0.199777
0.226579
0.223992
0.247316
0.195912
0.225037
0.256509
0.185817
0.188327
0.193562
0.209792
0.207877
0.256482
0.238803
0.251531
0.232305
0.245387
0.210408
0.188291
0.180592
0.247789
0.203403
0.264218
0.184230
0.177091
0.240857
0.245803
0.192400
0.176121
0.220491
0.237364
0.211255
0.212517
0.186689
0.251950
0.211719
0.230866
0.220202
0.185052
0.243133
0.210524
0.223202
0.252269
0.224225
0.228975
0.202819
0.232843
0.243084
0.235672
0.211046
0.253454
0.151866
0.205575
0.240841
0.250381
0.243775
0.196932
0.195236
0.227305
0.203648
0.210521
0.211294
0.241809
0.218092
0.200941
0.248133
0.226880
0.240897
0.236274
0.265223
0.202151
0.261515
0.178763
0.268650
0.206422
0.188767
0.262432
0.232087
0.212998
0.207046
0.220405
0.224236
0.223548
0.211212
0.202955
0.214427
0.251983
0.202255
0.202204
0.208572
0.175369
0.265988
0.233702
0.231733
0.174180
0.258634
0.211789
0.209067
0.228385
0.183138
0.211248
0.231955
0.190444
0.229504
0.189314
0.169013
0.261563
0.198975
0.169879
0.221219
0.206878
0.273386
0.322869
0.219613
0.241131
0.269302
0.266595
0.185060
0.231998
0.212443
0.263890
0.210386
0.188492
0.212935
0.242563
0.214540
0.215553
0.222357
0.211296
0.217866
0.224072
0.222595
0.206971
0.210071
0.226384
0.227967
0.251116
0.259836
0.218660
0.199577
0.239820
0.174399
0.270952
0.234938
0.233009
0.198178
0.276090
0.332034
0.297700
0.245074
0.233829
0.256525
0.201233
0.194282
0.207530
0.200219
0.228735
0.242026
0.254293
0.203838
0.209782
0.274466
0.240483
0.257128
0.205551
0.248506
0.179574
0.242977
0.210359
0.203508
0.205067
0.253506
0.226561
0.190018
0.218871
0.200189
0.214792
0.231714
0.165808
0.227341
0.235895
0.224454
0.206059
0.267059
0.217994
0.195510
0.197452
0.249026
0.251788
0.226964
0.276398
0.198671
0.218763
0.252755
0.205416
0.275186
0.219256
0.230323
0.217459
0.194871
0.311884
0.191999
0.190942
0.219265
0.217228
0.231106
0.210314
0.176738
0.288293
0.188033
0.283283
0.219834
0.264044
0.206855
0.222857
0.252413
0.232806
0.187915
0.226551
0.243659
0.227223
0.191297
0.231257
0.224780
0.212007
0.191120
0.204236
0.247984
0.204127
0.234303
0.301755
0.213094
0.205921
0.255697
0.182386
0.210736
0.196078
0.256489
0.205721
0.233582
0.226858
0.236134
0.228519
0.177921
0.223243
0.162249
0.216226
0.202813
0.279731
0.188829
0.178207
0.229540
0.236764
0.214711
0.221990
0.210876
0.203691
0.266459
0.196160
0.194035
0.202069
0.191797
0.176080
0.285481
0.188754
0.179807
0.202214
0.167085
0.186431
0.231130
0.221987
0.230296
0.181169
0.203664
0.176382
0.205112
0.211613
0.206839
0.265579
0.217208
0.264921
0.231857
0.240573
0.190452
0.206781
0.195839
0.225447
0.197853
0.181095
0.268123
0.227801
0.174620
0.228729
0.188915
0.207572
0.230188
0.201301
0.186804
0.225328
0.210934
0.228289
0.201305
0.216197
0.215568
0.166203
0.201926
0.259854
0.195097
0.220366
0.208603
0.206876
0.204630
0.222064
0.176037
0.204132
0.231328
0.260126
0.263188
0.197654
0.203835
0.211879
0.178103
0.246478
0.198433
0.241404
0.219224
0.199928
0.214063
0.220412
0.211317
0.172963
0.202153
0.204906
0.264840
0.182583
0.182035
0.232304
0.226839
0.216006
0.232447
0.129707
0.208972
0.217969
0.183921
0.212122
0.183739
0.208521
0.206464
0.194480
0.215820
0.216024
0.236981
0.187883
0.218308
0.247980
0.180309
0.181192
0.185237
0.202663
0.200743
0.250910
0.229431
0.246892
0.226618
0.239426
0.200794
0.184160
0.174177
0.238196
0.196977
0.255701
0.177473
0.171183
0.234006
0.238152
0.185936
0.174229
0.210796
0.230712
0.205267
0.207194
0.180988
0.243303
0.204956
0.225353
0.215418
0.179344
0.236377
0.206981
0.214318
0.243776
0.215933
0.221198
0.195131
0.222852
0.236310
0.226429
0.204833
0.242820
0.144428
0.199939
0.229349
0.241401
0.237013
0.189666
0.187796
0.219730
0.196997
0.203620
0.206972
0.237504
0.210058
0.191768
0.237634
0.221049
0.236729
0.229226
0.257413
0.198157
0.258213
0.174289
0.265458
0.197447
0.182776
0.258649
0.227590
0.206169
0.198648
0.211929
0.217264
0.218719
0.207072
0.196111
0.209722
0.244993
0.196610
0.197310
0.201831
0.174301
0.259849
0.228133
0.225695
0.169552
0.253517
0.207277
0.202877
0.222989
0.175857
0.203822
0.226616
0.184380
0.224408
0.183165
0.162439
0.258143
0.195390
0.163192
0.214615
0.203121
0.268763
0.315229
0.214708
0.237042
0.263266
0.261421
0.179844
0.223595
0.208207
0.255070
0.204290
0.180777
0.207354
0.235073
0.212661
0.214056
0.215617
0.207081
0.213516
0.218422
0.221061
0.199456
0.205619
0.221903
0.224678
0.245424
0.252601
0.210265
0.193907
0.235760
0.167686
0.266915
0.226810
0.228370
0.193712
0.271064
0.324348
0.296272
0.243904
0.226315
0.248384
0.196313
0.188654
0.201145
0.195626
0.224129
0.238344
0.250780
0.196198
0.204682
0.271519
0.236614
0.254349
0.197634
0.243471
0.176562
0.237021
0.204572
0.197117
0.200242
0.245600
0.217895
0.184846
0.213522
0.193517
0.208049
0.225548
0.158539
0.219996
0.227368
0.219183
0.200871
0.262362
0.209518
0.190440
0.189197
0.242591
0.247615
0.221093
0.274344
0.191958
0.212731
0.247331
0.200928
0.266111
0.213159
0.222799
0.210684
0.191265
0.304840
0.186971
0.187095
0.214912
0.212215
0.228265
0.207449
0.172816
0.284724
0.183293
0.280246
0.213927
0.256570
0.200115
0.217516
0.247351
0.227308
0.180518
0.220512
0.240841
0.218447
0.187603
0.224758
0.219686
0.208452
0.186761
0.198030
0.240684
0.198474
0.227237
0.296443
0.207485
0.198516
0.249230
0.177729
0.203806
0.188840
0.252630
0.199769
0.229232
0.220481
0.232497
0.225899
0.170735
0.219870
0.159141
0.214273
0.200385
0.271420
0.185618
0.171269
0.223790
0.233513
0.209927
0.219001
0.209114
0.199413
0.261182
0.188576
0.188981
0.197581
0.186991
0.169951
0.283108
0.180707
0.177311
0.195110
0.161087
0.182464
0.227871
0.217587
0.222918
0.177980
0.199143
0.170730
0.199038
0.206002
0.204314
0.262439
0.209729
0.262240
0.225823
0.235847
0.186313
0.202993
0.190756
0.222443
0.193681
0.174942
0.265538
0.223759
0.167254
0.225253
0.186644
0.205648
0.224726
0.197739
0.178893
0.219388
0.207681
0.220572
0.195294
0.212542
0.212427
0.162368
0.199275
0.255354
0.188708
0.217344
0.205381
0.202683
0.199392
0.214992
0.174620
0.196289
0.228992
0.255638
0.257432
0.194583
0.200514
0.205648
0.174286
0.241443
0.191833
0.237884
0.213983
0.194668
0.210575
0.214736
0.203516
0.167745
0.198517
0.199274
0.264105
0.177465
0.175280
0.226519
0.220121
0.211838
0.229107
0.124750
0.203864
0.214839
0.180853
0.208310
0.181662
0.200980
0.203973
0.191083
0.207918
0.210422
0.229420
0.182234
0.213726
0.241914
0.176728
0.176269
0.179326
0.197737
0.195816
0.247269
0.222663
0.244028
0.222874
0.235468
0.193822
0.181705
0.169836
0.231234
0.192625
0.249623
0.172844
0.167256
0.229300
0.232784
0.181550
0.173609
0.203742
0.226168
0.201267
0.203741
0.177226
0.237116
0.200312
0.221740
0.212406
0.175566
0.231736
0.204985
0.207918
0.237696
0.210028
0.215708
0.189715
0.215537
0.231647
0.219734
0.200629
0.234974
0.139212
0.196210
0.220790
0.234914
0.232346
0.184588
0.182571
0.214397
0.192424
0.198835
0.204317
0.234856
0.204334
0.185113
0.229882
0.217136
0.234190
0.224314
0.251875
0.195763
0.256380
0.171499
0.263711
0.190940
0.178729
0.256423
0.224769
0.201430
0.192614
0.205827
0.212400
0.215625
0.204545
0.191350
0.206722
0.240113
0.192837
0.194155
0.197152
0.174298
0.255664
0.224415
0.221594
0.166610
0.250172
0.204427
0.198641
0.219408
0.170723
0.198566
0.223084
0.180242
0.221067
0.178962
0.157883
0.256184
0.193291
0.158541
0.210033
0.200879
0.265812
0.309793
0.211516
0.234525
0.259150
0.258014
0.176393
0.217518
0.205556
0.248648
0.200106
0.175265
0.203597
0.229741
0.211954
0.213662
0.210904
0.204443
0.210773
0.214600
0.220626
0.194098
0.202789
0.219042
0.222796
0.241570
0.247466
0.204177
0.190065
0.233240
0.162980
0.264423
0.220932
0.225377
0.190853
0.267741
0.318831
0.295920
0.243760
0.220938
0.242489
0.193075
0.184833
0.196703
0.192653
0.221147
0.236123
0.248701
0.190710
0.201294
0.269900
0.234231
0.252867
0.191914
0.240125
0.174886
0.232914
0.200604
0.192656
0.197068
0.239885
0.211548
0.181381
0.209917
0.188812
0.203291
0.221259
0.153342
0.214742
0.221134
0.215628
0.197389
0.259278
0.203320
0.187051
0.183189
0.238073
0.244971
0.217042
0.273436
0.187212
0.208546
0.243638
0.198011
0.259412
0.208907
0.217383
0.205883
0.189067
0.299817
0.183600
0.184696
0.212099
0.208856
0.226697
0.205855
0.170348
0.282552
0.180152
0.278505
0.209824
0.251177
0.195326
0.213880
0.243944
0.223537
0.175181
0.216294
0.239280
0.211970
0.185317
0.220158
0.216245
0.206272
0.183923
0.193660
0.235417
0.194566
0.222165
0.292814
0.203609
0.193155
0.244642
0.174639
0.198833
0.183621
0.250191
0.195606
0.226379
0.215967
0.230242
0.224477
0.165548
0.217829
0.157321
0.213404
0.199124
0.265315
0.183707
0.166280
0.219783
0.231568
0.206710
0.217260
0.208387
0.196618
0.257560
0.183049
0.185536
0.194607
0.183753
0.165625
0.281865
0.174792
0.175977
0.189977
0.156861
0.179918
0.225902
0.214676
0.217554
0.176067
0.196135
0.166788
0.194748
0.202089
0.202939
0.260557
0.204269
0.260736
0.221558
0.232663
0.183609
0.200574
0.187266
0.220676
0.190943
0.170575
0.264112
0.221133
0.161886
0.223088
0.185481
0.204750
0.220920
0.195504
0.173069
0.215195
0.205690
0.214905
0.191033
0.210224
0.210535
0.159903
0.197778
0.252328
0.184133
0.215543
0.203414
0.199914
0.195762
0.209855
0.174131
0.190512
0.227753
0.252611
0.253363
0.192735
0.198455
0.201189
0.171818
0.237960
0.187066
0.235659
0.210334
0.191006
0.208362
0.210730
0.197754
0.164110
0.196190
0.195299
0.264164
0.173915
0.170379
0.222411
0.215251
0.209067
0.227018
0.121328
0.200319
0.212921
0.178990
0.205827
0.180604
0.195428
0.202583
0.188940
0.202063
0.206460
0.223851
0.178226
0.210603
0.237565
0.174435
0.172866
0.175118
0.194334
0.192410
0.244921
0.217731
0.242313
0.220439
0.232850
0.188721
0.180323
0.166904
0.226140
0.189682
0.245264
0.169673
0.164661
0.226061
0.229000
0.178576
0.173734
0.198565
0.223060
0.198611
0.201534
0.174755
0.232644
0.197120
0.219395
0.210551
0.173082
0.228539
0.203968
0.203274
0.233315
0.205784
0.211810
0.185875
0.210137
0.228428
0.214836
0.197790
0.229132
0.135533
0.193763
0.214358
0.230187
0.229116
0.181018
0.178888
0.210620
0.189270
0.195516
0.202741
0.233290
0.200232
0.180236
0.224101
0.214528
0.232707
0.220878
0.247918
0.194396
0.255479
0.169800
0.262881
0.186186
0.175998
0.255187
0.223052
0.198123
0.188245
0.201397
0.208992
0.213675
0.203061
0.188026
0.204855
0.236684
0.190328
0.192152
0.193890
0.174887
0.252807
0.221945
0.218807
0.164776
0.248002
0.202669
0.195741
0.217044
0.167079
0.194821
0.220761
0.177419
0.218905
0.176084
0.154712
0.255144
0.192145
0.155287
0.206833
0.199614
0.263952
0.305889
0.209466
0.233027
0.256326
0.255778
0.174126
0.213084
0.203950
0.243923
0.197238
0.171298
0.201073
0.225917
0.211955
0.213907
0.207590
0.202842
0.209079
0.212018
0.220841
0.190251
0.201018
0.217248
0.221813
0.238958
0.243793
0.199726
0.187462
0.231726
0.159662
0.262919
0.216648
0.223466
0.189060
0.265558
0.314839
0.296183
0.244196
0.217062
0.238192
0.190960
0.182243
0.193593
0.190752
0.219244
0.234845
0.247536
0.186737
0.199047
0.269111
0.232818
0.252194
0.187755
0.237913
0.174049
0.230075
0.197879
0.189519
0.194992
0.235721
0.206863
0.179067
0.207491
0.185474
0.199912
0.218264
0.149600
0.210952
0.216528
0.213236
0.195052
0.257275
0.198747
0.184789
0.178765
0.234883
0.243316
0.214235
0.273215
0.183826
0.205623
0.241121
0.196130
0.254419
0.205935
0.213435
0.202444
0.187782
0.296193
0.181348
0.183244
0.210298
0.206606
0.225922
0.205063
0.168838
0.281276
0.178087
0.277594
0.206962
0.247247
0.191895
0.211406
0.241647
0.220946
0.171298
0.213328
0.238504
0.207139
0.183945
0.216877
0.213922
0.204987
0.182094
0.190575
0.231589
0.191859
0.218494
0.290331
0.200928
0.189253
0.241371
0.172596
0.195243
0.179822
0.248689
0.192683
0.224540
0.212748
0.228886
0.223810
0.161774
0.216645
0.156322
0.213182
0.198583
0.260777
0.182625
0.162669
0.216976
0.230459
0.204557
0.216321
0.208281
0.194808
0.255065
0.178988
0.183197
0.192646
0.181580
0.162548
0.281334
0.170409
0.175363
0.186235
0.153869
0.178304
0.224762
0.212768
0.213616
0.174970
0.194136
0.164025
0.191697
0.199347
0.202295
0.259488
0.200254
0.259975
0.218521
0.230518
0.181856
0.199059
0.184871
0.219693
0.189165
0.167452
0.263412
0.219450
0.157931
0.221777
0.184993
0.204489
0.218264
0.194133
0.168743
0.212203
0.204519
0.210702
0.187984
0.208782
0.209437
0.158340
0.197017
0.250309
0.180831
0.214526
0.202254
0.198097
0.193232
0.206080
0.174196
0.186214
0.227193
0.250587
0.250473
0.191671
0.197219
0.197977
0.170244
0.235553
0.183602
0.234283
0.207778
0.188451
0.207000
0.207890
0.193462
0.161575
0.194724
0.192483
0.264658
0.171440
0.166800
0.219485
0.211691
0.207235
0.225750
0.118957
0.197849
0.211785
0.177897
0.204231
0.180186
0.191300
0.201880
0.187620
0.197687
0.203640
0.219696
0.175368
0.208473
0.234429
0.172986
0.170500
0.172082
0.191966
0.190037
0.243423
0.214110
0.241343
0.218871
0.231129
0.184957
0.179625
0.164923
0.222381
0.187689
0.242097
0.167494
0.162954
0.223825
0.226313
0.176551
0.174273
0.194733
0.220927
0.196849
0.200141
0.173150
0.229391
0.194915
0.217883
0.209454
0.171463
0.226335
0.203552
0.199869
0.230133
0.202712
0.209022
0.183135
0.206101
0.226195
0.211218
0.195866
0.224729
0.132924
0.192166
0.209472
0.226705
0.226883
0.178494
0.176261
0.207930
0.187087
0.193186
0.201860
0.232415
0.197266
0.176631
0.219759
0.212789
0.231893
0.218456
0.245066
0.193685
0.255145
0.168817
0.262600
0.182677
0.174159
0.254578
0.222044
0.195810
0.185049
0.198152
0.206588
0.212475
0.202246
0.185688
0.203714
0.234263
0.188660
0.190902
0.191608
0.175780
0.250855
0.220315
0.216910
0.163668
0.246616
0.201619
0.193753
0.215500
0.164476
0.192134
0.219241
0.175492
0.217514
0.174107
0.152495
0.254689
0.191598
0.153005
0.204593
0.198963
0.262818
0.303061
0.208168
0.232187
0.254394
0.254331
0.172650
0.209822
0.203017
0.240425
0.195258
0.168416
0.199384
0.223160
0.212332
0.214496
0.205244
0.201909
0.208067
0.210278
0.221393
0.187471
0.199944
0.216156
0.221387
0.237186
0.241154
0.196439
0.185694
0.230861
0.157309
0.262067
0.213498
0.222265
0.187959
0.264139
0.311932
0.296782
0.244928
0.214249
0.235021
0.189594
0.180481
0.191408
0.189562
0.218045
0.234163
0.246937
0.183835
0.197576
0.268834
0.232021
0.252004
0.184700
0.236461
0.173729
0.228103
0.196003
0.187312
0.193653
0.232650
0.203370
0.177532
0.205849
0.183091
0.197483
0.216161
0.146883
0.208185
0.213099
0.211628
0.193490
0.255988
0.195345
0.183295
0.175481
0.232614
0.242319
0.212279
0.273396
0.181401
0.203577
0.239408
0.194945
0.250665
0.203842
0.210549
0.199976
0.187082
0.293567
0.179850
0.182410
0.209177
0.205106
0.225641
0.204760
0.167951
0.280582
0.176737
0.277195
0.204956
0.244366
0.189418
0.209714
0.240110
0.219157
0.168452
0.211242
0.238212
0.203518
0.183161
0.214527
0.212352
0.204277
0.180936
0.188381
0.228786
0.189962
0.215816
0.288631
0.199061
0.186376
0.239019
0.171256
0.192629
0.177036
0.247794
0.190614
0.223365
0.210436
0.228105
0.223596
0.159008
0.216009
0.155834
0.213331
0.198474
0.257380
0.182074
0.160032
0.215001
0.229883
0.203123
0.215884
0.208533
0.193649
0.253345
0.175980
0.181596
0.191364
0.180118
0.160350
0.281226
0.167133
0.175191
0.183484
0.151735
0.177303
0.224155
0.211518
0.210706
0.174399
0.192813
0.162076
0.189505
0.197416
0.202087
0.258933
0.197271
0.259678
0.216343
0.229067
0.180740
0.198136
0.183219
0.219205
0.188021
0.165203
0.263152
0.218376
0.155002
0.221017
0.184912
0.204594
0.216391
0.193322
0.165501
0.210059
0.203875
0.207562
0.185795
0.207909
0.208855
0.157365
0.196700
0.248957
0.178425
0.213997
0.201611
0.196916
0.191463
0.203283
0.174560
0.182986
0.227044
0.249224
0.248401
0.191109
0.196514
0.195640
0.169256
0.233877
0.181053
0.233459
0.205989
0.186651
0.206188
0.205851
0.190237
0.159790
0.193822
0.190466
0.265381
0.169710
0.164148
0.217373
0.209060
0.206028
0.225003
0.117310
0.196115
0.211152
0.177301
0.203216
0.180136
0.188203
0.201607
0.186833
0.194376
0.201615
0.216577
0.173315
0.207020
0.232138
0.172090
0.168852
0.169879
0.190319
0.188387
0.242486
0.211426
0.240827
0.217868
0.230001
0.182154
0.179341
0.163583
0.219574
0.186341
0.239785
0.165990
0.161842
0.222277
0.224390
0.175179
0.175004
0.191866
0.219461
0.195691
0.199282
0.172120
0.227000
0.193393
0.216935
0.208837
0.170422
0.224801
0.203503
0.197360
0.227794
0.200466
0.207014
0.181165
0.203071
0.224644
0.208526
0.194574
0.221397
0.131061
0.191131
0.205739
0.224123
0.225315
0.176700
0.174388
0.205990
0.185570
0.191553
0.201415
0.231973
0.195106
0.173951
0.216456
0.211636
0.231506
0.216740
0.243002
0.193377
0.255150
0.168283
0.262653
0.180071
0.172921
0.254354
0.221488
0.194179
0.182697
0.195753
0.204883
0.211761
0.201844
0.184043
0.203048
0.232546
0.187564
0.190148
0.189996
0.176785
0.249518
0.219239
0.215621
0.163026
0.245743
0.201024
0.192381
0.214494
0.162604
0.190191
0.218257
0.174173
0.216640
0.172747
0.150939
0.254579
0.191408
0.151393
0.203017
0.198691
0.262143
0.301003
0.207363
0.231758
0.253070
0.253398
0.171698
0.207396
0.202513
0.237804
0.193893
0.166308
0.198253
0.221151
0.212907
0.215246
0.203578
0.201401
0.207494
0.209104
0.222112
0.185440
0.199319
0.215513
0.221294
0.235983
0.239238
0.193983
0.184495
0.230407
0.155631
0.261620
0.211163
0.221535
0.187306
0.263225
0.309778
0.297518
0.245787
0.212188
0.232669
0.188721
0.179285
0.189854
0.188843
0.217320
0.233847
0.246708
0.181705
0.196609
0.268849
0.231617
0.252100
0.182433
0.235515
0.173718
0.226730
0.194704
0.185739
0.192800
0.230373
0.200738
0.176512
0.204751
0.181378
0.195738
0.214682
0.144886
0.206162
0.210514
0.210548
0.192450
0.255164
0.192788
0.182304
0.173026
0.230992
0.241737
0.210916
0.273785
0.179645
0.202134
0.238238
0.194208
0.247814
0.202357
0.208407
0.198180
0.186748
0.291646
0.178853
0.181956
0.208490
0.204119
0.225646
0.204748
0.167455
0.280248
0.175861
0.277101
0.203538
0.242227
0.187619
0.208559
0.239079
0.217924
0.166344
0.209755
0.238208
0.200769
0.182752
0.212819
0.211295
0.203921
0.180216
0.186801
0.226704
0.188643
0.213840
0.287463
0.197753
0.184236
0.237313
0.170384
0.190706
0.174972
0.247281
0.189136
0.222626
0.208761
0.227694
0.223644
0.156961
0.215713
0.155664
0.213692
0.198611
0.254811
0.181849
0.158084
0.213604
0.229642
0.202160
0.215752
0.208969
0.192923
0.252154
0.173724
0.180506
0.190535
0.179143
0.158758
0.281358
0.164658
0.175277
0.181438
0.150200
0.176706
0.223871
0.210715
0.208526
0.174145
0.191951
0.160692
0.187923
0.196040
0.202136
0.258698
0.195038
0.259648
0.214772
0.228093
0.180038
0.197595
0.182079
0.219024
0.187297
0.163573
0.263158
0.217702
0.152807
0.220608
0.185061
0.204890
0.215065
0.192870
0.163043
0.208511
0.203557
0.205189
0.184204
0.207400
0.208586
0.156774
0.196653
0.248057
0.176658
0.213780
0.201303
0.196155
0.190218
0.201193
0.175076
0.180540
0.227133
0.248313
0.246907
0.190851
0.196140
0.193929
0.168656
0.232707
0.179165
0.232985
0.204722
0.185380
0.205731
0.204382
0.187786
0.158528
0.193289
0.189012
0.266170
0.168497
0.162174
0.215837
0.207100
0.205240
0.224597
0.116158
0.194892
0.210834
0.177013
0.202584
0.180303
0.185861
0.201585
0.186390
0.191850
0.200154
0.214211
0.171831
0.206020
0.230457
0.171556
0.167698
0.168276
0.189156
0.187226
0.241911
0.209406
0.240605
0.217247
0.229274
0.180046
0.179306
0.162685
0.217461
0.185433
0.238070
0.164952
0.161128
0.221203
0.223006
0.174244
0.175796
0.189711
0.218449
0.194923
0.198778
0.171467
0.225227
0.192330
0.216342
0.208522
0.169758
0.223734
0.203648
0.195488
0.226065
0.198816
0.205549
0.179738
0.200755
0.223556
0.206502
0.193695
0.218837
0.129718
0.190470
0.202841
0.222190
0.224228
0.175416
0.173032
0.204577
0.184511
0.190403
0.201239
0.231798
0.193518
0.171922
0.213922
0.210877
0.231376
0.215525
0.241483
0.193310
0.255337
0.168029
0.262878
0.178117
0.172088
0.254361
0.221226
0.193021
0.180943
0.193972
0.203667
0.211353
0.201697
0.182876
0.202687
0.231313
0.186839
0.189709
0.188856
0.177802
0.248599
0.218533
0.214742
0.162680
0.245205
0.200717
0.191432
0.213843
0.161243
0.188768
0.217629
0.173269
0.216096
0.171811
0.149838
0.254666
0.191433
0.150252
0.201893
0.198646
0.261770
0.299482
0.206879
0.231583
0.252154
0.252808
0.171092
0.205575
0.202270
0.235823
0.192942
0.164745
0.197498
0.219664
0.213551
0.216025
0.202392
0.201156
0.207200
0.208311
0.222876
0.183950
0.198980
0.215162
0.221393
0.235166
0.237827
0.192136
0.183686
0.230196
0.154418
0.261416
0.209410
0.221109
0.186944
0.262642
0.308191
0.298313
0.246658
0.210676
0.230895
0.188182
0.178470
0.188750
0.188420
0.216886
0.233777
0.246687
0.180115
0.195986
0.269051
0.231458
0.252354
0.180737
0.234904
0.173882
0.225766
0.193805
0.184613
0.192262
0.228663
0.198735
0.175842
0.204010
0.180132
0.194459
0.213622
0.143416
0.204654
0.208561
0.209831
0.191753
0.254653
0.190852
0.181657
0.171162
0.229819
0.241427
0.209953
0.274260
0.178368
0.201107
0.237437
0.193756
0.245625
0.201298
0.206809
0.196869
0.186635
0.290218
0.178193
0.181745
0.208082
0.203459
0.225807
0.204901
0.167207
0.280130
0.175302
0.277185
0.202531
0.240620
0.186296
0.207756
0.238392
0.217067
0.164764
0.208686
0.238357
0.198667
0.182579
0.211578
0.210584
0.203800
0.179779
0.185659
0.225142
0.187711
0.212371
0.286640
0.196830
0.182633
0.236059
0.169824
0.189269
0.173425
0.247011
0.188076
0.222163
0.207541
0.227506
0.223841
0.155429
0.215619
0.155673
0.214135
0.198871
0.252858
0.181823
0.156637
0.212615
0.229600
0.201540
0.215814
0.209495
0.192488
0.251337
0.172015
0.179768
0.190010
0.178497
0.157603
0.281641
0.162770
0.175501
0.179910
0.149086
0.176367
0.223807
0.210207
0.206892
0.174101
0.191394
0.159706
0.186775
0.195071
0.202329
0.258657
0.193346
0.259790
0.213627
0.227453
0.179616
0.197308
0.181292
0.219029
0.186854
0.162376
0.263320
0.217313
0.151142
0.220423
0.185333
0.205282
0.214135
0.192639
0.161164
0.207379
0.203448
0.203377
0.183042
0.207130
0.208507
0.156431
0.196757
0.247470
0.175342
0.213746
0.201186
0.195671
0.189335
0.199612
0.175649
0.178667
0.227346
0.247712
0.245816
0.190780
0.195974
0.192664
0.168301
0.231890
0.177746
0.232742
0.203821
0.184474
0.205490
0.203309
0.185907
0.157631
0.192998
0.187960
0.266973
0.167642
0.160689
0.214718
0.205628
0.204729
0.224392
0.115348
0.194020
0.210699
0.176918
0.202202
0.180574
0.184071
0.201711
0.186165
0.189910
0.199089
0.212401
0.170740
0.205341
0.229209
0.171245
0.166880
0.167091
0.188328
0.186402
0.241576
0.207884
0.240560
0.216869
0.228807
0.178447
0.179414
0.162075
0.215857
0.184814
0.236792
0.164223
0.160672
0.220446
0.221997
0.173606
0.176588
0.188075
0.217755
0.194429
0.198490
0.171066
0.223899
0.191586
0.215991
0.208389
0.169341
0.222981
0.203904
0.194080
0.224764
0.197593
0.204477
0.178692
0.198995
0.222799
0.204965
0.193109
0.216866
0.128742
0.190049
0.200590
0.220728
0.223449
0.174473
0.172044
0.203544
0.183762
0.189580
0.201221
0.231779
0.192334
0.170376
0.211969
0.210384
0.231399
0.214638
0.240364
0.193380
0.255606
0.167944
0.263188
0.176627
0.171530
0.254497
0.221136
0.192202
0.179621
0.192627
0.202787
0.211143
0.201693
0.182044
0.202513
0.230418
0.186367
0.189470
0.188036
0.178754
0.247964
0.218072
0.214141
0.162519
0.244891
0.200589
0.190773
0.213436
0.160245
0.187718
0.217235
0.172644
0.215777
0.171154
0.149052
0.254852
0.191577
0.149440
0.201086
0.198733
0.261585
0.298342
0.206592
0.231553
0.251532
0.252444
0.170715
0.204198
0.202190
0.234311
0.192282
0.163580
0.196999
0.218570
0.214202
0.216784
0.201560
0.201080
0.207083
0.207781
0.223632
0.182832
0.198823
0.214983
0.221585
0.234607
0.236787
0.190729
0.183136
0.230156
0.153534
0.261371
0.208090
0.220868
0.186762
0.262285
0.306990
0.299060
0.247487
0.209557
0.229550
0.187856
0.177922
0.187962
0.188191
0.216659
0.233836
0.246804
0.178918
0.195590
0.269324
0.231452
0.252683
0.179443
0.234527
0.174136
0.225099
0.193186
0.183801
0.191942
0.227375
0.197204
0.175408
0.203517
0.179225
0.193528
0.212869
0.142312
0.203531
0.207061
0.209350
0.191307
0.254358
0.189364
0.181235
0.169740
0.228970
0.241288
0.209279
0.274791
0.177432
0.200381
0.236897
0.193514
0.243936
0.200549
0.205605
0.195900
0.186658
0.289165
0.177771
0.181684
0.207867
0.203035
0.226065
0.205149
0.167122
0.280160
0.174958
0.277374
0.201818
0.239411
0.185317
0.207224
0.237932
0.216475
0.163575
0.207921
0.238607
0.197039
0.182551
0.210662
0.210110
0.203799
0.179530
0.184834
0.223974
0.187055
0.211266
0.286098
0.196188
0.181424
0.235143
0.169474
0.188206
0.172266
0.246917
0.187314
0.221906
0.206643
0.227474
0.224126
0.154274
0.215667
0.155801
0.214626
0.199208
0.251352
0.181916
0.155550
0.211899
0.229682
0.201129
0.215963
0.210034
0.192231
0.250771
0.170721
0.179267
0.189687
0.178072
0.156763
0.281984
0.161317
0.175806
0.178752
0.148280
0.176204
0.223863
0.209908
0.205642
0.174176
0.191048
0.158998
0.185931
0.194380
0.202621
0.258754
0.192051
0.260022
0.212797
0.227032
0.179375
0.197179
0.180750
0.219153
0.186606
0.161485
0.263578
0.217104
0.149868
0.220394
0.185686
0.205749
0.213454
0.192581
0.159712
0.206559
0.203473
0.201988
0.182192
0.207024
0.208557
0.156266
0.196962
0.247090
0.174365
0.213832
0.201208
0.195381
0.188712
0.198412
0.176231
0.177227
0.227645
0.247324
0.245029
0.190836
0.195952
0.191717
0.168118
0.231316
0.176685
0.232653
0.203184
0.183833
0.205404
0.202539
0.184458
0.156994
0.192855
0.187194
0.267753
0.167040
0.159562
0.213896
0.204511
0.204425
0.224353
0.114780
0.193407
0.210714
0.176948
0.201996
0.180914
0.182685
0.201922
0.186086
0.188412
0.198315
0.211004
0.169948
0.204890
0.228288
0.171113
0.166315
0.166205
0.187776
0.185832
0.241423
0.206726
0.240646
0.216671
0.228542
0.177210
0.179613
0.161673
0.214627
0.184411
0.235845
0.163732
0.160393
0.219927
0.221266
0.173176
0.177342
0.186824
0.217279
0.194132
0.198367
0.170831
0.222900
0.191078
0.215811
0.208396
0.169097
0.222470
0.204222
0.192998
0.223795
0.196670
0.203685
0.177921
0.197627
0.222266
0.203789
0.192718
0.215328
0.128032
0.189810
0.198824
0.219613
0.222911
0.173799
0.171326
0.202791
0.183241
0.188998
0.201304
0.231867
0.191451
0.169198
0.210444
0.210065
0.231516
0.214000
0.239536
0.193531
0.255931
0.167972
0.263545
0.175485
0.171163
0.254705
0.221155
0.191612
0.178624
0.191605
0.202162
0.211067
0.201799
0.181453
0.202472
0.229776
0.186071
0.189365
0.187460
0.179644
0.247545
0.217794
0.213738
0.162478
0.244721
0.200570
0.190327
0.213192
0.159509
0.186940
0.217002
0.172224
0.215609
0.170703
0.148493
0.255110
0.191790
0.148849
0.200511
0.198894
0.261523
0.297500
0.206455
0.231631
0.251105
0.252234
0.170495
0.203140
0.202216
0.233158
0.191828
0.162701
0.196673
0.217749
0.214838
0.217510
0.200954
0.201110
0.207075
0.207438
0.224365
0.181988
0.198772
0.214934
0.221840
0.234251
0.236021
0.189648
0.182771
0.230204
0.152890
0.261423
0.207089
0.220777
0.186703
0.262076
0.306092
0.299799
0.248270
0.208726
0.228536
0.187671
0.177551
0.187402
0.188089
0.216552
0.233971
0.246984
0.178013
0.195358
0.269654
0.231533
0.253057
0.178467
0.234305
0.174438
0.224630
0.192766
0.183212
0.191765
0.226399
0.196025
0.175138
0.203209
0.178556
0.192850
0.212340
0.141491
0.202690
0.205913
0.209048
0.191026
0.254206
0.188211
0.180977
0.168651
0.228361
0.241259
0.208810
0.275326
0.176740
0.199866
0.236548
0.193406
0.242622
0.200008
0.204693
0.195180
0.186764
0.288383
0.177507
0.181734
0.207779
0.202776
0.226378
0.205453
0.167139
0.280282
0.174758
0.277637
0.201318
0.238497
0.184592
0.206869
0.237647
0.216079
0.162670
0.207377
0.238908
0.195775
0.182614
0.209990
0.209811
0.203902
0.179419
0.184231
0.223087
0.186599
0.210444
0.285739
0.195741
0.180504
0.234472
0.169271
0.187411
0.171383
0.246924
0.186764
0.221779
0.205982
0.227535
0.224458
0.153391
0.215795
0.155993
0.215125
0.199587
0.250162
0.182067
0.154729
0.211389
0.229814
0.200867
0.216162
0.210551
0.192101
0.250377
0.169717
0.178921
0.189498
0.177792
0.156138
0.282340
0.160185
0.176126
0.177873
0.147683
0.176135
0.223984
0.209726
0.204683
0.174309
0.190835
0.158485
0.185314
0.193875
0.202914
0.258893
0.191058
0.260281
0.212179
0.226760
0.179248
0.197140
0.180376
0.219318
0.186466
0.160826
0.263859
0.216996
0.148891
0.220430
0.186035
0.206187
0.212963
0.192592
0.158589
0.205953
0.203561
0.200917
0.181563
0.207022
0.208689
0.156211
0.197217
0.246851
0.173632
0.213979
0.201310
0.195224
0.188279
0.197499
0.176792
0.176099
0.227972
0.247082
0.244457
0.190970
0.196014
0.191009
0.168049
0.230930
0.175878
0.232649
0.202733
0.183375
0.205406
0.201972
0.183331
0.156540
0.192822
0.186629
0.268477
0.166586
0.158702
0.213293
0.203662
0.204229
0.224370
0.114384
0.192970
0.210790
0.177038
0.201890
0.181258
0.181611
0.202158
0.186088
0.187240
0.197741
0.209927
0.169361
0.204577
0.227588
0.171059
0.165908
0.165544
0.187364
0.185431
0.241355
0.205839
0.240782
0.216582
0.228407
0.176259
0.179857
0.161419
0.213688
0.184152
0.235156
0.163400
0.160244
0.219572
0.220746
0.172915
0.178079
0.185810
0.216964
0.193954
0.198322
0.170714
0.222153
0.190730
0.215731
0.208474
0.168972
0.222129
0.204579
0.192174
0.223069
0.195978
0.203114
0.177365
0.196574
0.221899
0.202897
0.192471
0.214127
0.127512
0.189691
0.197445
0.218773
0.222544
0.173328
0.170809
0.202252
0.182908
0.188591
0.201461
0.232039
0.190798
0.168303
0.209256
0.209881
0.231706
0.213561
0.238932
0.193751
0.256342
0.168085
0.263955
0.174584
0.170935
0.254951
0.221245
0.191192
0.177863
0.190833
0.201711
0.211099
0.201983
0.181006
0.202515
0.229336
0.185918
0.189370
0.187052
0.180480
0.247279
0.217654
0.213482
0.162530
0.244672
0.200652
0.190037
0.213078
0.158971
0.186389
0.216895
0.171948
0.215545
0.170422
0.148101
0.255438
0.192062
0.148406
0.200131
0.199134
0.261581
0.296898
0.206445
0.231788
0.250822
0.252159
0.170390
0.202353
0.202335
0.232264
0.191535
0.162046
0.196486
0.217144
0.215467
0.218242
0.200438
0.201210
0.207142
0.207215
0.225043
0.181349
0.198827
0.214979
0.222150
0.234034
0.235456
0.188850
0.182541
0.230334
0.152443
0.261570
0.206308
0.220769
0.186734
0.261992
0.305434
0.300497
0.249058
0.208012
0.227760
0.187575
0.177303
0.186994
0.188054
0.216523
0.234129
0.247195
0.177331
0.195215
0.269968
0.231658
0.253417
0.177717
0.234170
0.174736
0.224295
0.192465
0.182788
0.191674
0.225646
0.195109
0.174966
0.203003
0.178066
0.192345
0.211955
0.140865
0.202047
0.205018
0.208853
0.190844
0.254131
0.187319
0.180818
0.167807
0.227909
0.241295
0.208476
0.275820
0.176210
0.199492
0.236302
0.193360
0.241601
0.199617
0.203998
0.194646
0.186906
0.287801
0.177337
0.181822
0.207757
0.202604
0.226674
0.205748
0.167207
0.280430
0.174641
0.277889
0.200956
0.237798
0.184046
0.206622
0.237463
0.215794
0.161977
0.206979
0.239201
0.194776
0.182707
0.209485
0.209605
0.204025
0.179372
0.183787
0.222416
0.186270
0.209814
0.285489
0.195419
0.179795
0.233966
0.169148
0.186800
0.170707
0.246982
0.186373
0.221726
0.205486
0.227628
0.224769
0.152711
0.215945
0.156199
0.215579
0.199937
0.249233
0.182236
0.154103
0.211013
0.229970
0.200688
0.216373
0.211018
0.192033
0.250093
0.168948
0.178688
0.189379
0.177612
0.155672
0.282674
0.159310
0.176426
0.177197
0.147242
0.176124
0.224122
0.209623
0.203943
0.174453
0.190700
0.158108
0.184847
0.193507
0.203204
0.259048
0.190289
0.260532
0.211716
0.226573
0.179187
0.197151
0.180107
0.219501
0.186392
0.160339
0.264121
0.216958
0.148132
0.220500
0.186364
0.206583
0.212615
0.192641
0.157713
0.205494
0.203669
0.200076
0.181086
0.207043
0.208821
0.156194
0.197448
0.246693
0.173073
0.214134
0.201414
0.195133
0.187961
0.196786
0.177281
0.175222
0.228265
0.246912
0.244021
0.191103
0.196094
0.190465
0.168018
0.230640
0.175255
0.232688
0.202396
0.183038
0.205443
0.201545
0.182448
0.156209
0.192826
0.186207
0.269091
0.166271
0.158039
0.212851
0.203008
0.204123
0.224451
0.114103
0.192661
0.210922
0.177168
0.201860
0.181605
0.180752
0.202393
0.186135
0.186320
0.197307
0.209072
0.168918
0.204358
0.227052
0.171053
0.165617
0.165042
0.187075
0.185135
0.241333
0.205150
0.240923
0.216533
0.228306
0.175521
0.180081
0.161243
0.212957
0.183970
0.234604
0.163163
0.160148
0.219309
0.220342
0.172720
0.178683
0.185045
0.216736
0.193836
0.198328
0.170642
0.221564
0.190475
0.215691
0.208568
0.168900
0.221872
0.204881
0.191538
0.222503
0.195444
0.202671
0.176937
0.195738
0.221630
0.202191
0.192292
0.213176
0.127122
0.189620
0.196340
0.218103
0.222260
0.172964
0.170411
0.201829
0.182647
0.188282
0.201607
0.232186
0.190284
0.167589
0.208310
0.209760
0.231871
0.213225
0.238451
0.193947
0.256652
0.168199
0.264290
0.173901
0.170773
0.255182
0.221346
0.190881
0.177283
0.190228
0.201377
0.211133
0.202137
0.180683
0.202562
0.228983
0.185804
0.189382
0.186744
0.181139
0.247095
0.217542
0.213293
0.162584
0.244635
0.200720
0.189809
0.212985
0.158559
0.185947
0.216819
0.171742
0.215508
0.170193
0.147806
0.255673
0.192275
0.148098
0.199818
0.199317
0.261607
0.296407
0.206418
0.231907
0.250612
0.252087
0.170315
0.201724
0.202429
0.231562
0.191304
0.161535
0.196342
0.216671
0.215957
0.218788
0.200127
0.201297
0.207212
0.207058
0.225591
0.180878
0.198865
0.215014
0.222387
0.233854
0.235006
0.188198
0.182368
0.230438
0.152087
0.261663
0.205715
0.220774
0.186764
0.261927
0.304915
0.301064
0.249637
0.207549
0.227146
0.187525
0.177131
0.186689
0.188060
0.216515
0.234288
0.247369
0.176802
0.195125
0.270243
0.231775
0.253723
0.177131
0.234088
0.175006
0.224053
0.192242
0.182464
0.191618
0.225059
0.194386
0.174850
0.202846
0.177688
0.191945
0.211663
0.140380
0.201551
0.204308
0.208708
0.190712
0.254081
0.186631
0.180715
0.167143
0.227559
0.241346
0.208227
0.276229
0.175816
0.199211
0.236120
0.193336
0.240796
0.199321
0.203455
0.194235
0.187049
0.287331
0.177230
0.181916
0.207768
0.202497
0.226949
0.206014
0.167284
0.280574
0.174581
0.278123
0.200682
0.237254
0.183627
0.206455
0.237339
0.215599
0.161438
0.206679
0.239464
0.193998
0.182822
0.209104
0.209467
0.204154
0.179363
0.183449
0.221885
0.186034
0.209327
0.285308
0.195189
0.179248
0.233578
0.169078
0.186328
0.170182
0.247046
0.186066
0.221703
0.205110
0.227735
0.225045
0.152194
0.216088
0.156385
0.215975
0.200248
0.248511
0.182408
0.153618
0.210738
0.230131
0.200580
0.216577
0.211440
0.192009
0.249895
0.168341
0.178522
0.189309
0.177483
0.155321
0.282958
0.158634
0.176703
0.176666
0.146905
0.176140
0.224262
0.209563
0.203363
0.174602
0.190608
0.157835
0.184487
0.193218
0.203444
0.259176
0.189691
0.260741
0.211349
0.226431
0.179151
0.197175
0.179913
0.219643
0.186341
0.159957
0.264337
0.216913
0.147554
0.220572
0.186649
0.206914
0.212351
0.192692
0.157022
0.205136
0.203778
0.199411
0.180713
0.207064
0.208918
0.156178
0.197628
0.246571
0.172624
0.214266
0.201505
0.195045
0.187705
0.196226
0.177679
0.174531
0.228501
0.246773
0.243662
0.191205
0.196156
0.190057
0.168005
0.230404
0.174763
0.232717
0.202129
0.182770
0.205480
0.201203
0.181746
0.155951
0.192833
0.185873
0.269587
0.166060
0.157515
0.212465
0.202482
0.204029
0.224483
0.113882
0.192403
0.210970
0.177252
0.201819
0.181852
0.180112
0.202601
0.186178
0.185585
0.196971
0.208400
0.168577
0.204195
0.226633
0.171068
0.165399
0.164657
0.186852
0.184911
0.241323
0.204607
0.241044
0.216502
0.228232
0.174953
0.180270
0.161110
0.212362
0.183832
0.234153
0.162974
0.160082
0.219108
0.220017
0.172556
0.179139
0.184547
0.216553
0.193760
0.198344
0.170614
0.221105
0.190286
0.215685
0.208666
0.168860
0.221674
0.205139
0.191072
0.222060
0.195033
0.202335
0.176613
0.195078
0.221433
0.201637
0.192179
0.212419
0.126828
0.189579
0.195458
0.217579
0.222058
0.172682
0.170108
0.201504
0.182447
0.188049
0.201732
0.232301
0.189900
0.167028
0.207559
0.209673
0.232012
0.212960
0.238080
0.194107
0.256882
0.168286
0.264539
0.173384
0.170658
0.255377
0.221446
0.190650
0.176823
0.189759
0.201121
0.211188
0.202288
0.180445
0.202631
0.228716
0.185725
0.189421
0.186508
0.181732
0.246904
0.217463
0.213164
0.162644
0.244622
0.200791
0.189648
0.212937
0.158242
0.185601
0.216771
0.171595
0.215493
0.170030
0.147586
0.255893
0.192476
0.147872
0.199588
0.199488
0.261643
0.296016
0.206424
0.232030
0.250459
0.252050
0.170276
0.201224
0.202521
0.231013
0.191136
0.161140
0.196252
0.216303
0.216397
0.219263
0.199891
0.201393
0.207288
0.206941
0.226046
0.180553
0.198927
0.215070
0.222614
0.233720
0.234674
0.187683
0.182250
0.230542
0.151813
0.261767
0.205255
0.220795
0.186813
0.261892
0.304466
0.301517
0.250133
0.207166
0.226651
0.187492
0.177008
0.186428
0.188079
0.216516
0.234418
0.247515
0.176398
0.195066
0.270476
0.231871
0.253968
0.176671
0.234036
0.175238
0.223876
0.192083
0.182223
0.191598
0.224586
0.193804
0.174775
0.202739
0.177400
0.191635
0.211438
0.140001
0.201156
0.203737
0.208614
0.190622
0.254053
0.186088
0.180651
0.166622
0.227290
0.241401
0.208040
0.276570
0.175510
0.198998
0.235988
0.193331
0.240144
0.199101
0.203026
0.193913
0.187181
0.286970
0.177156
0.182003
0.207783
0.202431
0.227179
0.206233
0.167352
0.280679
0.174537
0.278319
0.200469
0.236818
0.183299
0.206315
0.237241
0.215431
0.161015
0.206437
0.239672
0.193379
0.182932
0.208812
0.209374
0.204284
0.179377
0.183191
0.221470
0.185856
0.208946
0.285171
0.195014
0.178811
0.233278
0.169034
0.185947
0.169771
0.247096
0.185828
0.221694
0.204814
0.227826
0.225271
0.151780
0.216208
0.156548
0.216288
0.200495
0.247938
0.182565
0.153237
0.210530
0.230294
0.200514
0.216768
0.211811
0.192015
0.249751
0.167867
0.178418
0.189290
0.177413
0.155054
0.283250
0.158074
0.176969
0.176260
0.146652
0.176189
0.224408
0.209545
0.202911
0.174764
0.190582
0.157627
0.184226
0.193027
0.203713
0.259347
0.189196
0.260961
0.211097
0.226353
0.179158
0.197230
0.179776
0.219812
0.186337
0.159669
0.264556
0.216925
0.147093
0.220669
0.186920
0.207236
0.212154
0.192770
0.156476
0.204870
0.203897
0.198889
0.180438
0.207135
0.209068
0.156225
0.197851
0.246510
0.172291
0.214429
0.201636
0.195032
0.187541
0.195786
0.178074
0.173975
0.228761
0.246719
0.243424
0.191356
0.196268
0.189734
0.168039
0.230269
0.174392
0.232788
0.201954
0.182590
0.205562
0.200964
0.181191
0.155771
0.192884
0.185634
0.270063
0.165899
0.157110
0.212214
0.202082
0.204009
0.224589
0.113734
0.192242
0.211093
0.177389
0.201840
0.182127
0.179575
0.202811
0.186254
0.185009
0.196727
0.207866
0.168314
0.204095
0.226317
0.171110
0.165243
0.164360
0.186694
0.184754
0.241361
0.204186
0.241192
0.216527
0.228228
0.174491
0.180479
0.161040
0.211913
0.183760
0.233840
0.162858
0.160071
0.218983
0.219804
0.172492
0.179649
0.183993
0.216455
0.193738
0.198400
0.170616
0.220754
0.190161
0.215713
0.208769
0.168860
0.221557
0.205415
0.190653
0.221720
0.194718
0.202073
0.176365
0.194559
0.221299
0.201209
0.192111
0.211821
0.126605
0.189579
0.194750
0.217181
0.221916
0.172483
0.169883
0.201269
0.182328
0.187902
0.201899
0.232480
0.189592
0.166596
0.206969
0.209641
0.232193
0.212783
0.237808
0.194311
0.257196
0.168428
0.264867
0.172946
0.170601
0.255592
0.221561
0.190485
0.176466
0.189394
0.200934
0.211260
0.202439
0.180274
0.202718
0.228538
0.185707
0.189490
0.186357
0.182278
0.246841
0.217464
0.213086
0.162748
0.244671
0.200915
0.189556
0.212947
0.158012
0.185360
0.216786
0.171517
0.215537
0.169943
0.147435
0.256154
0.192707
0.147683
0.199443
0.199697
0.261752
0.295742
0.206497
0.232192
0.250378
0.252083
0.170290
0.200850
0.202668
0.230575
0.191041
0.160840
0.196213
0.216031
0.216818
0.219753
0.199645
0.201526
0.207399
0.206899
0.226530
0.180206
0.199019
0.215159
0.222854
0.233674
0.234416
0.187302
0.182178
0.230669
0.151626
0.261915
0.204865
0.220845
0.186884
0.261895
0.304173
0.301980
0.250627
0.206849
0.226289
0.187520
0.176943
0.186294
0.188142
0.216597
0.234611
0.247742
0.176069
0.195068
0.270774
0.232047
0.254288
0.176320
0.234044
0.175489
0.223753
0.191991
0.182052
0.191625
0.224240
0.193366
0.174754
0.202718
0.177188
0.191440
0.211300
0.139717
0.200870
0.203318
0.208581
0.190602
0.254109
0.185630
0.180627
0.166218
0.227109
0.241491
0.207924
0.276938
0.175282
0.198860
0.235936
0.193403
0.239624
0.198948
0.202700
0.193681
0.187322
0.286704
0.177130
0.182129
0.207842
0.202391
0.227419
0.206474
0.167467
0.280843
0.174542
0.278538
0.200334
0.236495
0.183054
0.206242
0.237202
0.215330
0.160692
0.206272
0.239897
0.192887
0.183045
0.208583
0.209321
0.204406
0.179406
0.182999
0.221151
0.185731
0.208647
0.285089
0.194891
0.178472
0.233060
0.169031
0.185680
0.169448
0.247207
0.185668
0.221730
0.204599
0.227943
0.225531
0.151461
0.216371
0.156736
0.216623
0.200776
0.247481
0.182719
0.152946
0.210383
0.230438
0.200475
0.216942
0.212128
0.192035
0.249664
0.167488
0.178341
0.189279
0.177364
0.154842
0.283472
0.157675
0.177188
0.175934
0.146459
0.176235
0.224541
0.209538
0.202546
0.174903
0.190558
0.157467
0.184023
0.192877
0.203920
0.259488
0.188826
0.261163
0.210895
0.226314
0.179187
0.197303
0.179690
0.219977
0.186361
0.159443
0.264776
0.216964
0.146715
0.220771
0.187167
0.207521
0.212017
0.192865
0.156025
0.204672
0.204021
0.198477
0.180228
0.207215
0.209215
0.156275
0.198051
0.246486
0.172033
0.214572
0.201758
0.195045
0.187414
0.195446
0.178412
0.173535
0.228992
0.246692
0.243238
0.191492
0.196375
0.189486
0.168082
0.230161
0.174101
0.232871
0.201831
0.182461
0.205640
0.200783
0.180747
0.155643
0.192950
0.185456
0.270471
0.165766
0.156792
0.212010
0.201770
0.203999
0.224682
0.113630
0.192125
0.211228
0.177515
0.201881
0.182377
0.179142
0.203001
0.186333
0.184545
0.196537
0.207447
0.168120
0.204033
0.226072
0.171159
0.165131
0.164126
0.186575
0.184634
0.241394
0.203846
0.241322
0.216552
0.228216
0.174130
0.180649
0.160987
0.211550
0.183711
0.233570
0.162766
0.160066
0.218891
0.219627
0.172429
0.180029
0.183627
0.216375
0.193722
0.198447
0.170630
0.220479
0.190069
0.215741
0.208871
0.168868
0.221463
0.205632
0.190347
