0.203556
0.156806
0.067890
0.046085
0.055051
0.070192
0.044096
0.032494
0.039691
0.051925
0.035618
0.026771
0.033410
0.044558
0.032301
0.024464
0.030634
0.041155
0.030709
0.023278
0.029144
0.039299
0.029827
0.022630
0.028302
0.038226
0.029290
0.022253
0.027736
0.037513
0.028895
0.021991
0.027307
0.036996
0.028571
0.021778
0.026968
0.036585
0.028289
0.021589
0.026687
0.036241
0.028037
0.021421
0.026449
0.035945
0.027810
0.021272
0.026245
0.035686
0.027608
0.021142
0.026065
0.035454
0.027430
0.021025
0.025902
0.035241
0.027272
0.020915
0.025752
0.035043
0.027130
0.020811
0.025613
0.034859
0.026997
0.020712
0.025482
0.034684
0.026872
0.020619
0.025360
0.034518
0.026753
0.020531
0.025244
0.034359
0.026639
0.020447
0.025133
0.034206
0.026530
0.020366
0.025026
0.034061
0.026426
0.020288
0.024924
0.033922
0.026325
0.020211
0.024825
0.033787
0.026227
0.020135
0.024728
0.033657
0.026131
0.020061
0.024634
0.033529
0.026037
0.019988
0.024544
0.033404
0.025945
0.019916
0.024455
0.033281
0.025854
0.019845
0.024369
0.033160
0.025765
0.019775
0.024285
0.033041
0.025677
0.019706
0.024201
0.032924
0.025590
0.019637
0.024117
0.032809
0.025503
0.019569
0.024034
0.032694
0.025417
0.019501
0.023952
0.032579
0.025331
0.019433
0.023871
0.032465
0.025247
0.019366
0.023790
0.032350
0.025163
0.019300
0.023709
0.032238
0.025080
0.019232
0.023629
0.032126
0.024997
0.019163
0.023549
0.032016
0.024914
0.019094
0.023470
0.031905
0.024832
0.019024
0.023390
0.031793
0.024750
0.018955
0.023311
0.031681
0.024668
0.018886
0.023232
0.031569
0.024585
0.018816
0.023152
0.031457
0.024501
0.018744
0.023072
0.031345
0.024416
0.018672
0.022992
0.031232
0.024330
0.018599
0.022911
0.031119
0.024243
0.018525
0.022830
0.031004
0.024156
0.018451
0.022748
0.030888
0.024069
0.018376
0.022665
0.030771
0.023980
0.018300
