13.005521
12.930593
12.707314
12.750257
12.888929
12.411999
12.621185
12.190228
12.631256
11.885078
11.613408
12.266902
11.876514
11.469660
11.208795
11.037940
10.971035
10.653448
10.535992
10.057486
10.023108
10.128115
10.075618
10.024605
9.323215
8.919986
9.058791
9.072631
8.304572
8.113803
8.065594
7.766609
8.191472
7.709751
7.431404
7.260141
7.301168
7.340294
7.181812
6.926772
6.627202
6.277522
6.455060
6.036404
6.133946
5.882029
5.681166
5.720242
5.042971
5.456757
5.310303
5.164365
4.989903
4.934666
4.731462
4.757512
4.577002
4.652456
4.544244
4.310252
4.207974
4.108664
4.061827
4.033009
3.778129
3.579926
3.661730
3.636207
3.393137
3.422061
3.641737
3.236190
3.151050
3.225619
3.109693
2.969833
3.127261
2.777334
3.061057
2.785186
2.818923
2.670867
2.699118
2.325405
2.245086
2.491159
2.266261
2.279621
2.267895
2.016686
2.265235
2.038255
2.021110
1.933420
1.997457
2.124987
2.048639
1.837150
1.774156
1.820221
1.723023
1.837453
1.653657
1.577534
1.635414
1.781385
1.443472
1.361836
1.598566
1.607397
1.363278
1.362960
1.399481
1.269598
1.269599
1.208284
1.190686
1.304541
1.191044
1.136511
1.110639
1.063035
1.171272
1.094015
0.966043
1.103665
1.026056
1.028039
0.981152
1.073664
1.078013
0.917972
0.936103
0.906912
0.920142
0.900417
0.879000
0.904789
0.910437
0.783507
0.807373
0.807970
0.881846
0.704050
0.780873
0.782869
0.722493
0.735505
0.660880
0.700064
0.690935
0.702079
0.612560
0.760948
0.620460
0.653859
0.653197
0.545416
0.700993
0.531208
0.516789
0.531251
0.554353
0.491611
0.469672
0.443948
0.542526
0.456579
0.503222
0.510020
0.565692
0.509220
0.468201
0.504082
0.470894
0.449130
0.456324
0.434757
0.488800
0.390686
0.462991
0.421522
0.374849
0.373495
0.416149
0.454478
0.380348
0.439731
0.479408
0.384233
0.383499
0.410375
0.356968
0.379387
0.361491
0.369326
0.331583
0.371570
0.374761
0.344183
0.330418
0.307885
0.311002
0.249137
0.287015
0.283039
0.414060
0.275418
0.288784
0.334254
0.315101
0.287877
0.293567
0.264437
0.272834
0.364526
0.299564
0.277861
0.261195
0.266272
0.253170
0.321929
0.277207
0.231998
0.280463
0.226119
0.242417
0.278934
0.255645
0.297386
0.222688
0.252548
0.216905
0.254335
0.247612
0.237889
0.286550
0.266242
0.299340
0.254689
0.281245
0.226204
0.242648
0.217851
0.264253
0.225054
0.216796
0.296895
0.246068
0.214249
0.245514
0.207718
0.233754
0.262677
0.219028
0.223260
0.248741
0.224221
0.259505
0.220482
0.249713
0.238603
0.173402
0.208320
0.285420
0.223367
0.247666
0.216260
0.213810
0.213964
0.248750
0.193435
0.214705
0.235362
0.253147
0.276834
0.203084
0.214116
0.222411
0.187520
0.260104
0.204681
0.241017
0.227793
0.201214
0.217498
0.233667
0.203306
0.169250
0.201879
0.214162
0.247222
0.181089
0.190592
0.233990
0.240556
0.212668
0.221261
0.126639
0.211362
0.213804
0.182649
0.197453
0.180052
0.189220
0.204612
0.186088
0.208001
0.208408
0.232271
0.173962
0.206007
0.234911
0.181881
0.176325
0.178912
0.185228
0.188831
0.252499
0.218636
0.257401
0.222088
0.242375
0.189524
0.175605
0.168745
0.229015
0.180042
0.247567
0.168489
0.167957
0.226213
0.230228
0.171683
0.179920
0.196861
0.225410
0.204685
0.192279
0.166243
0.229009
0.195767
0.203273
0.208574
0.165900
0.223320
0.220070
0.221454
0.197970
0.204038
0.183266
0.202055
0.231887
0.210642
0.196185
0.210455
0.129886
0.188718
0.201947
0.231181
0.215359
0.183738
0.181768
0.199257
0.191700
0.191511
0.206254
0.231031
0.194226
0.170527
0.212188
0.206891
0.230742
0.209305
0.236266
0.195530
0.260668
0.172100
0.269859
0.181748
0.163728
0.254370
0.199157
0.193884
0.189494
0.188455
0.202824
0.211668
0.196148
0.177194
0.206007
0.237256
0.198809
0.181450
0.185019
0.185693
0.251451
0.218343
0.194956
0.169146
0.238637
0.207571
0.187967
0.224627
0.171508
0.186792
0.224343
0.161823
0.215428
0.171485
0.148818
0.239848
0.203102
0.160356
0.206286
0.179609
0.250239
0.297014
0.223782
0.235809
0.234088
0.252664
0.169137
0.205669
0.207491
0.224168
0.196482
0.178543
0.195122
0.204651
0.225527
0.211619
0.197304
0.197684
0.208862
0.210823
0.224872
0.179207
0.201505
0.217198
0.214905
0.239115
0.242772
0.190744
0.177309
0.217186
0.155303
0.253652
0.212176
0.228254
0.187936
0.258274
0.305835
0.295805
0.242880
0.209104
0.227227
0.188492
0.180033
0.196253
0.192178
0.218839
0.228019
0.229776
0.182535
0.196095
0.273459
0.227868
0.249346
0.175141
0.223327
0.175772
0.229444
0.188356
0.190280
0.186451
0.213701
0.206031
0.170793
0.203466
0.167661
0.197690
0.203412
0.147817
0.198760
0.205114
0.205123
0.195532
0.259056
0.214146
0.164283
0.167966
0.218122
0.240493
0.203233
0.285216
0.189959
0.200535
0.222087
0.195356
0.233505
0.195629
0.194144
0.203472
0.198042
0.285167
0.178563
0.181055
0.203741
0.203658
0.224434
0.207170
0.176032
0.263743
0.167655
0.261752
0.206728
0.229192
0.189701
0.204105
0.235791
0.220929
0.170723
0.209407
0.242193
0.183855
0.185814
0.210549
0.208244
0.198473
0.180922
0.188800
0.222493
0.188931
0.209136
0.289226
0.196661
0.172500
0.225149
0.187671
0.194145
0.172967
0.244924
0.166166
0.227700
0.202943
0.224159
0.234051
0.141911
0.218716
0.158110
0.213569
0.212715
0.248953
0.189968
0.156245
0.218766
0.228040
0.197047
0.213499
0.207212
0.193184
0.262616
0.183209
0.193272
0.183320
0.181167
0.165747
0.270145
0.170780
0.180858
0.184895
0.141863
0.180767
0.225960
0.192884
0.210817
0.181570
0.192189
0.155750
0.182925
0.186430
0.201755
0.246508
0.191785
0.264973
0.193324
0.234261
0.183853
0.209155
0.173588
0.232954
0.190154
0.159617
0.268570
0.214409
0.156070
0.217667
0.185743
0.215442
0.221410
0.192771
0.171783
0.210555
0.204081
0.213851
0.184935
0.228551
0.217842
0.148063
0.191130
0.257291
0.188451
0.230981
0.204407
0.194418
0.189200
0.213340
0.187536
0.174793
0.227295
0.233313
0.251786
0.190496
0.201696
0.197962
0.173677
0.240550
0.180031
0.227300
0.210814
0.183556
0.206823
0.216132
0.177658
0.153922
0.192753
0.196683
0.246572
0.168817
0.170560
0.216702
0.220320
0.203364
0.214339
0.114294
0.200137
0.209595
0.177608
0.191104
0.179587
0.171167
0.202016
0.181772
0.189459
0.195440
0.215326
0.163269
0.196385
0.223845
0.176776
0.167006
0.167415
0.176531
0.180027
0.248723
0.205417
0.256537
0.217696
0.237977
0.176389
0.173541
0.164003
0.218785
0.174531
0.239339
0.163570
0.164428
0.220939
0.224571
0.167111
0.183286
0.186545
0.221314
0.202484
0.189852
0.163065
0.220926
0.191799
0.201833
0.207554
0.164074
0.219370
0.221810
