10.444212
9.831804
10.465811
9.188568
10.056046
9.624736
9.379623
12.666847
11.421098
13.944071
10.785872
9.540926
9.292694
8.663100
9.166261
10.127398
10.243609
9.627089
9.488656
8.423215
9.568038
9.558892
10.256947
10.059540
10.911909
9.352788
9.610805
9.882083
9.204573
9.586980
8.809765
9.405979
9.069267
9.785069
9.710729
8.220364
8.936836
9.485218
9.300200
10.018210
8.836483
8.463518
9.155234
8.013384
7.644572
8.399179
9.045881
8.691663
9.352565
9.368697
9.354828
8.920994
9.296149
9.063004
9.860233
11.011850
8.565274
8.917411
9.438307
10.295287
9.637988
10.141749
10.141582
9.985515
10.293654
9.315458
9.752222
8.815764
8.320029
7.969384
8.284142
10.889182
10.902730
10.646251
10.194662
10.487351
9.523067
10.097549
8.820472
8.957354
8.222820
8.242895
10.837753
10.402810
9.121556
9.114907
9.460814
10.541818
10.412694
10.692671
10.781191
8.026606
7.375265
8.459246
9.680935
8.615990
7.095049
8.397491
8.127580
10.091464
6.496001
8.374227
7.861677
9.526817
8.171610
8.406357
10.683839
7.655786
7.377413
8.135290
8.745507
10.139696
9.778089
8.802205
9.240553
7.349400
8.421330
6.831262
8.416277
8.470394
7.004408
5.583064
9.831717
11.140426
8.557666
12.689315
6.734548
11.653418
6.292785
8.071187
11.858091
2.320704
11.042319
5.962070
7.794243
11.899116
10.750729
8.051194
6.157143
10.693179
8.783550
8.886688
7.337986
9.846340
8.141855
8.585464
8.187531
9.145886
10.871040
6.551974
6.537015
1.969319
5.984070
9.721680
8.837924
8.989642
10.571791
10.356196
5.307958
9.601650
8.910337
8.124691
7.343382
9.437438
10.036359
6.716913
8.425203
8.084308
9.393574
11.843547
7.896599
10.500331
9.286567
7.519824
7.762856
4.809029
6.413518
3.142543
9.952290
9.331201
6.447861
7.189461
6.143961
6.129711
7.535663
8.282895
6.306072
4.838024
10.672219
7.595974
6.868559
7.475780
7.691586
7.934099
7.190418
7.623003
7.310309
7.787703
8.882198
4.521646
5.759252
6.977170
7.128965
7.808320
9.361502
9.936435
8.288946
6.487359
8.356390
7.251036
7.988872
7.104705
8.611139
5.699878
7.902195
8.833055
5.965891
7.722767
9.256895
6.508398
8.909482
8.883224
6.321095
7.020324
8.406816
7.676338
7.165257
6.128692
9.746199
8.195092
9.082988
6.560565
7.072096
6.822976
5.851318
8.171791
4.706333
8.936352
5.846863
7.575106
7.064538
7.510751
6.908523
8.362984
8.363770
7.404670
6.814377
4.280868
7.243712
7.199678
6.970250
5.960939
8.754485
8.401629
6.646402
7.864983
6.157876
6.330180
9.166349
6.278662
7.355469
7.534809
5.264449
6.613132
6.080232
7.107487
6.921517
5.526348
7.748024
6.944966
8.698578
7.536201
5.343050
6.732959
6.234203
9.005198
8.461665
5.390008
6.232929
6.732289
10.145405
6.562869
6.912410
7.654866
8.419647
7.690353
6.341562
7.154242
4.441872
8.460570
7.604795
5.262927
5.878210
6.568680
7.301662
6.442100
7.105949
6.776978
6.972206
5.918084
6.696246
5.598318
5.898366
6.600832
7.126893
4.815080
5.644174
7.133390
6.485914
3.975188
6.182895
4.982894
3.341534
6.739292
4.606452
6.038864
5.477346
5.321081
4.532958
3.580863
3.082659
4.654536
2.333736
4.241391
5.736427
4.832535
5.755256
3.936498
2.829604
4.159848
4.510936
7.580589
4.054233
2.889161
3.730526
3.340131
3.991880
3.098865
7.723257
2.577178
2.974098
2.931466
2.983847
5.826781
3.243192
6.956711
3.248307
2.668100
7.148611
6.615127
7.164010
6.077604
6.802012
6.403304
6.192730
8.901719
7.870539
10.034076
7.378108
6.297264
6.120733
5.647421
6.003463
6.840341
6.878960
6.407166
6.286207
5.420206
6.340847
6.340044
6.903512
6.779474
7.432030
6.186435
6.392859
6.619147
6.044648
6.366396
5.737500
6.225433
5.927153
6.507891
6.451958
5.238487
5.807150
6.272213
6.131753
6.700019
5.746979
5.465909
6.006889
5.116398
4.857564
5.442980
5.934835
5.639102
6.168557
6.202736
6.170861
5.837402
6.150314
5.960060
6.598171
7.529626
5.573013
5.836187
6.273825
6.939070
6.440338
6.814951
6.825003
6.726461
6.950171
6.194810
6.527778
5.772184
5.407799
5.117541
5.360515
7.444480
7.442421
7.254105
6.863091
7.099871
6.317147
6.809289
5.796218
5.910922
5.307560
5.300183
7.384410
7.038301
6.037226
6.020931
6.362007
7.183239
7.073252
7.338516
7.389919
5.181730
4.651164
5.514556
6.467939
5.697473
4.459953
5.500665
5.250127
6.872175
3.992524
5.468784
5.033792
6.383638
5.327765
5.499477
7.327005
4.888500
4.749230
5.318606
5.759689
6.922132
6.609789
5.836685
6.184499
4.699564
5.561985
4.266836
5.511919
5.579131
4.388791
3.246321
6.629275
7.788941
5.605258
9.013984
4.143639
8.155991
3.832505
5.294665
8.340217
0.932634
7.694429
3.567550
5.030772
8.371704
7.442919
5.259554
3.909293
7.438045
5.805771
5.956043
4.861850
6.681705
5.292489
5.701013
5.338969
6.117527
7.581105
4.113101
4.146425
0.727352
3.619864
6.615716
5.873465
6.001690
7.335312
7.153397
3.102291
6.537830
6.011762
5.362215
4.721006
6.379568
6.901899
4.187262
5.635647
5.364781
6.353715
8.402437
5.223052
7.284452
6.280487
4.853324
5.113184
2.725399
4.232611
1.516302
6.904909
6.367836
4.035517
4.628337
3.789645
3.821367
4.867883
5.622563
3.935957
2.851915
7.480340
5.060723
4.398284
4.880755
5.027572
5.247844
4.631548
4.989964
4.720177
5.142118
6.088973
2.575795
3.482497
4.516890
4.636659
5.275977
6.386571
6.885556
5.568120
4.153450
5.582887
4.700870
5.317915
4.620222
5.807414
3.600743
5.234076
5.999369
3.692811
5.143633
6.375917
4.146346
6.195366
6.067923
4.025586
4.553638
5.677978
5.075643
4.727498
3.827028
6.755737
5.502254
6.231455
4.245526
4.628433
4.381257
3.682019
5.505717
2.772998
6.133397
3.750469
4.994891
4.730205
4.925295
4.571990
5.659140
5.623556
4.876982
4.491182
2.398325
4.784750
4.708700
4.535727
3.723855
6.001309
5.761509
4.326344
5.274683
3.941523
4.070238
6.311300
3.975260
4.894593
5.021908
3.231784
4.395541
3.979476
4.692964
4.487429
3.437567
5.166808
4.559174
5.960177
5.024673
3.452383
4.409519
4.014590
6.206029
5.784297
3.354605
4.007963
4.453775
7.178495
4.314114
4.582347
5.158663
5.743809
5.123888
4.225844
4.726737
2.635432
5.785040
5.084922
3.252315
3.735181
4.298844
4.881417
4.138750
4.871981
4.424931
4.563366
3.748012
4.453627
3.534255
3.826992
4.284399
4.711977
2.962624
3.563386
4.712265
4.224761
2.376121
3.996653
3.059233
1.935567
4.419318
2.753520
3.887208
3.459921
3.319915
2.833763
1.951852
1.763777
2.889673
2.243624
2.646882
3.642409
3.070865
3.679603
2.386823
1.593465
2.501936
2.749629
5.185996
2.537093
1.580672
2.201935
2.053898
2.326417
1.794821
5.261296
1.381698
1.623106
1.662036
1.574512
3.810267
1.910079
4.752317
1.904220
1.480255
4.904833
4.443924
4.927834
4.007010
4.617191
4.250607
4.073329
6.306399
5.457615
7.327524
5.090849
4.148696
4.034043
3.691924
3.928822
4.665331
4.641892
4.290523
4.185155
3.483878
4.221524
4.228349
4.682219
4.618876
5.108300
4.119738
4.284220
4.473934
3.983795
4.256018
3.748388
4.147864
3.880835
4.351095
4.310062
3.322601
3.770317
4.167100
4.062762
4.508492
3.741852
3.535417
3.952929
3.267163
3.097596
3.545308
3.909283
3.660695
4.082243
4.130507
4.083268
3.831069
4.092556
3.936525
4.443982
5.194897
3.637642
3.827401
4.196265
4.704111
4.334105
4.602400
4.619972
4.567613
4.721498
4.149325
4.394721
3.786147
3.529369
3.286631
3.470099
5.127112
5.111426
4.977991
4.635664
4.825838
4.190804
4.614705
3.816854
3.912563
3.415748
3.385070
5.050339
4.776096
4.003620
3.978582
4.314837
4.922401
4.827217
5.079556
5.099650
3.338470
2.906099
3.587822
4.320359
3.790531
2.784661
3.609872
3.374428
4.715191
2.422041
3.567680
3.195533
4.285766
3.474792
3.593947
5.051198
3.095983
3.070123
3.483927
3.785272
4.756499
4.483802
3.876498
4.149097
2.997228
3.686636
2.633153
3.597975
3.675149
2.710703
1.796839
4.466945
5.503211
3.646979
6.460036
2.481246
5.746712
2.276091
3.477145
5.911542
0.256821
5.404018
2.061515
3.220091
5.930906
5.182196
3.423306
2.520315
5.218256
3.813745
4.002065
3.281797
4.533209
3.403156
3.781953
3.448725
4.078163
5.325144
2.558527
2.630939
0.159105
2.124721
4.507555
3.881328
3.989375
5.116992
4.962071
1.733714
4.459695
4.069331
3.531448
3.005238
4.303157
4.761399
2.545874
3.778656
3.564922
4.288213
6.004324
3.458902
5.070951
4.239727
3.092720
3.365744
1.445641
2.871628
0.613762
4.825261
4.356964
2.480131
2.949029
2.280880
2.349974
3.098046
3.858153
2.411282
1.644731
5.273264
3.397138
2.788156
3.166632
3.255678
3.456961
2.945716
3.242172
3.007471
3.383009
4.207099
1.395676
2.027766
2.909699
3.002562
3.608330
4.351990
4.787776
3.743400
2.648829
3.713967
3.016572
3.533337
2.989710
3.912420
2.288526
3.450786
4.078847
2.235778
3.433188
4.415610
2.614891
4.372838
4.161267
2.548324
2.934644
3.842128
3.345443
3.131658
2.343341
4.702969
3.695054
4.293038
2.749771
3.026266
2.780456
2.305752
3.719345
1.590820
4.233691
2.433200
3.278444
3.216232
3.204078
3.055707
3.839918
3.774161
3.202484
2.984903
1.254719
3.166172
3.063523
2.936805
2.287215
4.139660
3.992694
2.820681
3.546449
2.520676
2.613280
4.364727
2.482084
3.271720
3.356055
1.960394
2.971908
2.651578
3.107044
2.885217
2.118722
3.443318
2.995930
4.107240
3.357775
2.301247
2.896544
2.586563
4.302323
3.980328
2.076741
2.574495
2.975969
5.136423
2.860289
3.061770
3.501834
3.939632
3.409136
2.879915
3.125408
1.542365
3.980234
3.407363
1.991350
2.365616
2.825273
3.284569
2.637326
3.427059
2.883243
2.975025
2.354671
3.001444
2.227078
2.513581
2.770523
3.117426
1.827255
2.241316
3.112010
2.754926
1.446522
2.587502
1.864127
1.164451
2.900432
1.615312
2.505040
2.186966
2.059965
1.820092
0.994773
1.062905
1.891621
0.551499
1.716701
2.304798
2.003764
2.356357
1.491853
0.953524
1.518050
1.681198
3.601531
1.666907
0.879985
1.321690
1.370629
1.334087
1.094452
3.620149
0.770847
0.885332
0.990271
0.788567
2.530128
1.185475
3.318814
1.169901
0.872706
3.438498
3.036315
3.467163
2.680651
3.197760
2.857029
2.706556
4.552824
3.851993
5.483275
3.586885
2.757134
2.692494
2.456631
2.596613
3.251464
3.177476
2.923599
2.830670
2.262753
2.851793
2.864598
3.229420
3.215054
3.572109
2.791625
2.921927
3.081814
2.659807
2.891715
2.482060
2.809687
2.567787
2.948434
2.919264
2.114477
2.464126
2.805474
2.730157
3.076589
2.460482
2.314176
2.631671
2.111166
2.013512
2.349284
2.610158
2.399448
2.733626
2.793071
2.733210
2.546436
2.766157
2.637578
3.039418
3.644464
2.409248
2.539588
2.852786
3.233513
2.967135
3.149537
3.173019
3.157708
3.255154
2.829530
3.005096
2.514779
2.343985
2.139823
2.275164
3.588241
3.561439
3.472034
3.168742
3.321265
2.804907
3.173759
2.548844
2.629101
2.217775
2.168173
3.496511
3.279891
2.690968
2.658734
2.990958
3.426737
3.343306
3.585124
3.579959
2.177465
1.823716
2.359455
2.914622
2.577696
1.757447
2.409621
2.186088
3.301138
1.478003
2.358410
2.036442
2.918450
2.303531
2.380391
3.540874
1.972573
2.037344
2.326366
2.515652
3.333656
3.092535
2.617755
2.830000
1.944414
2.495240
1.634844
2.375342
2.460306
1.676263
0.944915
3.045078
3.982551
2.387863
4.724895
1.458135
4.126921
1.337214
2.329597
4.275923
0.020196
3.878533
1.161790
2.077086
4.285065
3.679877
2.259385
1.712892
3.748177
2.525122
2.743621
2.321187
3.119447
2.195738
2.550697
2.240257
2.750793
3.825155
1.616823
1.720151
0.002019
1.229683
3.124515
2.590451
2.682288
3.645902
3.512331
0.938057
3.099683
2.817066
2.367784
1.932798
2.943976
3.351161
1.531995
2.593352
2.424829
2.937037
4.388955
2.346694
3.601943
2.907694
1.982852
2.266160
0.716858
2.078209
0.183658
3.461586
3.047681
1.531745
1.902235
1.369053
1.467555
1.978982
2.743186
1.486045
0.970724
3.807289
2.361301
1.794311
2.090234
2.133317
2.319328
1.890966
2.138119
1.930902
2.269432
2.996092
0.739589
1.154087
1.915081
1.986334
2.565229
3.018297
3.403764
2.575051
1.733339
2.509975
1.958266
2.395368
1.973250
2.686423
1.523058
2.312435
2.831607
1.354773
2.351379
3.135843
1.673947
3.200779
3.025965
1.649170
1.923045
2.658674
2.245188
2.137310
1.437333
3.346552
2.532489
3.026347
1.832798
2.024785
1.779700
1.482209
2.571126
0.920058
2.995140
1.654908
2.184111
2.281672
2.105266
2.118608
2.662900
2.572929
2.139212
2.054311
0.610579
2.146070
2.022037
1.931547
1.409942
2.925940
2.852040
1.887780
2.437190
1.654154
1.717856
3.081767
1.557325
2.244051
2.294055
1.209992
2.100776
1.855810
2.106882
1.871826
1.329078
2.333338
2.012333
2.894212
2.291526
1.639962
1.951338
1.708196
3.047446
2.803985
1.316197
1.690513
2.056667
3.770438
1.959259
2.107570
2.439504
2.760433
2.300321
2.062503
2.105624
0.924215
2.798871
2.326297
1.239413
1.527456
1.904534
2.266012
1.693897
2.527995
1.907316
1.961877
1.495403
2.095085
1.435299
1.716550
1.814628
2.097406
1.170066
1.436126
2.086505
1.832237
0.950761
1.712155
1.157747
0.792585
1.937124
0.952954
1.649429
1.417414
1.300373
1.254817
0.474073
0.742909
1.306530
0.314900
1.215985
1.481586
1.394161
1.543894
1.017753
0.680780
0.973020
1.069007
2.580978
1.210859
0.557656
0.857070
1.061456
0.780221
0.771365
2.552630
0.517699
0.531516
0.688342
0.396044
1.746530
0.840842
2.413337
0.816986
0.619709
2.506145
2.150091
2.538676
1.858063
2.301270
1.980683
1.851106
3.391213
2.807070
4.249362
2.621741
1.880563
1.855170
1.703022
1.766071
2.356055
2.241799
2.064709
1.981310
1.518545
1.989788
2.007025
2.301136
2.325214
2.577286
1.961056
2.064014
2.200025
1.831598
2.031337
1.698880
1.969374
1.747053
2.056544
2.036464
1.375826
1.647640
1.944865
1.892211
2.159821
1.662456
1.563411
1.801527
1.411407
1.370323
1.617381
1.796357
1.615312
1.880122
1.948120
1.878022
1.742664
1.929101
1.821953
2.139962
2.629404
1.648534
1.731594
2.000493
2.280420
2.095700
2.209903
2.237772
2.251481
2.304019
1.994176
2.114055
1.716969
1.613997
1.439940
1.536944
2.577799
2.541928
2.487061
2.214356
2.336833
1.914034
2.239083
1.750632
1.818397
1.474390
1.409552
2.471202
2.299872
1.855809
1.817614
2.146378
2.446051
2.371642
2.604869
2.579460
1.460309
1.168456
1.588494
2.003145
1.818478
1.144729
1.659816
1.445430
2.381740
0.930017
1.600400
1.317840
2.034937
1.574771
1.617923
2.543485
1.280853
1.417036
1.607113
1.707531
2.404116
2.187699
1.817440
1.981701
1.306403
1.747390
1.039406
1.602272
1.693134
1.051474
0.464182
2.113430
2.972529
1.584384
3.544763
0.840748
3.037480
0.785914
1.613043
3.173193
0.023396
2.862373
0.640163
1.362842
3.172971
2.681011
1.527837
1.262992
2.774040
1.694209
1.936318
1.749128
2.188826
1.428022
1.763879
1.471206
1.887475
2.825095
1.057952
1.185484
0.063045
0.706959
2.215677
1.754237
1.833008
2.666697
2.549760
0.492421
2.207564
2.009897
1.630424
1.267323
2.051529
2.418096
0.912087
1.837653
1.704634
2.049695
3.292467
1.647819
2.620697
2.034512
1.285094
1.576291
0.319940
1.629951
0.022419
2.561932
2.190794
0.959980
1.252418
0.825715
0.947230
1.271304
2.038574
0.931148
0.614230
2.824354
1.718232
1.184212
1.414624
1.421129
1.594828
1.231765
1.439698
1.253977
1.563011
2.212397
0.394436
0.636652
1.301785
1.355717
1.913154
2.136194
2.481642
1.823221
1.181213
1.729499
1.292754
1.666634
1.340364
1.887624
1.088290
1.582477
2.015318
0.827817
1.665459
2.293149
1.098925
2.443624
2.112191
1.106505
1.291232
1.890733
1.542804
1.518439
0.888087
2.440908
1.779906
2.191196
1.273967
1.398899
1.154161
0.996581
1.828523
0.554799
2.180652
1.204167
1.483221
1.706908
1.400389
1.541393
1.895731
1.786392
1.461553
1.481355
0.263931
1.501887
1.360725
1.298666
0.878053
2.127765
2.111430
1.311245
1.720973
1.129679
1.170307
2.227532
0.986144
1.591272
1.613909
0.776049
1.571139
1.385560
1.474779
1.229048
0.863028
1.613748
1.392475
2.092703
1.605879
1.274234
1.360989
1.170493
2.211782
2.030214
0.871034
1.147526
1.485540
2.845853
1.402161
1.508214
1.754426
1.982725
1.578063
1.570490
1.453358
0.589361
2.018411
1.624944
0.798135
1.017785
1.329352
1.613266
1.100358
1.969335
1.287666
1.312586
0.967598
1.529799
0.960458
1.237351
1.209592
1.441456
0.800844
0.949662
1.425609
1.252446
0.708392
1.169400
0.748410
0.647414
1.324299
0.577829
1.121276
0.957119
0.847754
0.955666
0.209973
0.637330
0.990873
0.274874
0.966894
0.977261
1.058566
1.047676
0.788919
0.610986
0.687701
0.730379
1.919215
0.995319
0.447669
0.634361
0.961480
0.486544
0.659878
1.852359
0.461252
0.395265
0.592931
0.228797
1.269821
0.711080
1.839858
0.680282
0.561837
1.910834
1.591069
1.946039
1.348985
1.733561
1.428712
1.315464
2.613277
2.121212
3.413862
1.998598
1.327274
1.332730
1.246603
1.248617
1.787121
1.640821
1.524270
1.448228
1.068435
1.446331
1.466879
1.704890
1.759189
1.928059
1.441527
1.522687
1.639620
1.313377
1.487493
1.215896
1.441052
1.234012
1.487053
1.473978
0.927148
1.137226
1.399374
1.364454
1.569581
1.165921
1.104061
1.279225
0.992029
0.995513
1.172188
1.286260
1.128495
1.338262
1.412844
1.334458
1.239595
1.399523
1.309136
1.560681
1.958520
1.178616
1.224115
1.457805
1.657843
1.537523
1.597614
1.628778
1.665259
1.682101
1.463556
1.539326
1.215784
1.166213
1.015844
1.082365
1.907762
1.864547
1.836819
1.588129
1.686671
1.337687
1.627922
1.247217
1.304931
1.013989
0.936931
1.787509
1.651821
1.322144
1.279065
1.604921
1.796790
1.729346
1.955608
1.914020
1.018773
0.775699
1.104070
1.407429
1.343001
0.784941
1.191446
0.984127
1.778919
0.620731
1.124871
0.873312
1.459825
1.121875
1.138204
1.877819
0.856750
1.049233
1.160905
1.190878
1.791278
1.594234
1.306468
1.432618
0.923454
1.277414
0.689798
1.112024
1.207386
0.678164
0.204631
1.497124
2.294080
1.069112
2.731465
0.472317
2.295578
0.469424
1.165705
2.420299
0.144932
2.177619
0.346335
0.916528
2.411870
2.009295
1.067360
1.025080
2.121401
1.154677
1.415297
1.413984
1.569967
0.937834
1.258427
0.979647
1.321210
2.150535
0.732134
0.878648
0.227142
0.409259
1.612475
1.208312
1.276595
2.007380
1.903442
0.254752
1.616652
1.486011
1.161590
0.855183
1.459741
1.794032
0.535521
1.353548
1.248452
1.461177
2.538402
1.208036
1.957463
1.456583
0.845743
1.143027
0.118195
1.387451
0.006753
1.962162
1.624694
0.619209
0.849772
0.507126
0.646690
0.822450
1.591967
0.602818
0.442656
2.157225
1.319731
0.811635
0.990090
0.967520
1.131335
0.819765
0.996534
0.827666
1.113226
1.701356
0.230055
0.335881
0.925059
0.965147
1.505458
1.546454
1.860107
1.336211
0.851988
1.219546
0.873572
1.197310
0.946694
1.362603
0.850955
1.111610
1.476036
0.517211
1.228981
1.732556
0.749873
1.950022
1.576495
0.782617
0.896706
1.388420
1.092195
1.133733
0.558300
1.829149
1.289047
1.634904
0.936044
1.007812
0.763209
0.716128
1.344723
0.369253
1.639731
0.950747
1.031854
1.355138
0.945592
1.187409
1.391402
1.266609
1.027729
1.130189
0.091584
1.094124
0.939280
0.899566
0.558678
1.597686
1.626734
0.956157
1.255293
0.815485
0.837732
1.652309
0.634612
1.175081
1.175943
0.532633
1.251920
1.113166
1.074266
0.819959
0.593554
1.143652
1.001109
1.557563
1.162225
1.083421
0.992427
0.843429
1.648970
1.516213
0.616750
0.815754
1.131384
2.212068
1.058836
1.131343
1.309639
1.464559
1.103616
1.277979
1.033996
0.420865
1.497418
1.166377
0.545093
0.710531
0.970166
1.192617
0.726399
1.622828
0.892802
0.894156
0.645106
1.177539
0.679590
0.952911
0.825518
1.016995
0.602988
0.658969
0.996856
0.887700
0.610339
0.833687
0.518073
0.625840
0.932802
0.374169
0.796481
0.685858
0.582439
0.811581
0.093481
0.646062
0.833361
0.335197
0.861772
0.670189
0.884793
0.746766
0.699320
0.647026
0.553192
0.553592
1.486785
0.915617
0.451313
0.548748
0.972795
0.344569
0.661846
1.388625
0.506501
0.377288
0.607126
0.186069
0.982264
0.697750
1.475539
0.661219
0.604991
1.528894
1.237705
1.565974
1.034871
1.372964
1.080439
0.979989
2.086086
1.666717
2.840916
1.593454
0.977255
1.006988
0.972944
0.926582
1.424250
1.252504
1.183713
1.113371
0.799063
1.103027
1.126077
1.319609
1.397682
1.500658
1.116559
1.180369
1.282104
0.989105
1.142838
0.919248
1.108435
0.913370
1.121653
1.114004
0.657063
0.818209
1.052508
1.031492
1.187083
0.857416
0.824853
0.950123
0.744208
0.782814
0.903716
0.966353
0.826885
0.993016
1.072692
0.987644
0.924688
1.063539
0.986301
1.185186
1.510470
0.889375
0.905053
1.110793
1.247544
1.178036
1.195233
1.228889
1.283266
1.271782
1.125313
1.166087
0.900596
0.893142
0.761398
0.803702
1.458617
1.409485
1.403109
1.173301
1.252808
0.962085
1.224683
0.929072
0.978729
0.729643
0.642812
1.326375
1.218767
0.979435
0.932385
1.255836
1.362351
1.300307
1.520957
1.466468
0.748169
0.543560
0.799339
1.014588
1.045135
0.578449
0.898989
0.697153
1.379934
0.453754
0.826336
0.599183
1.082333
0.840921
0.835936
1.428410
0.598253
0.835153
0.884721
0.858887
1.383125
1.201295
0.978659
1.074570
0.696675
0.981716
0.489178
0.800090
0.898910
0.458496
0.074817
1.085102
1.832816
0.736779
2.163365
0.255897
1.783733
0.293875
0.886587
1.899460
0.315452
1.710461
0.188204
0.637718
1.884041
1.552047
0.777051
0.910665
1.678940
0.801556
1.076716
1.222287
1.153822
0.623337
0.931762
0.663869
0.946260
1.689852
0.547123
0.708547
0.429337
0.246189
1.207729
0.848761
0.908653
1.557970
1.464214
0.138567
1.221042
1.143305
0.862321
0.600648
1.063052
1.371726
0.308829
1.041723
0.958612
1.066595
2.012817
0.930877
1.503513
1.069994
0.568640
0.870642
0.028791
1.265723
0.064303
1.557733
1.246797
0.419398
0.600939
0.324666
0.478410
0.536797
1.307995
0.412283
0.375982
1.698597
1.073429
0.585739
0.723017
0.677363
0.833269
0.562325
0.714359
0.558725
0.825631
1.365231
0.167962
0.165845
0.694870
0.723919
1.250595
1.147548
1.435969
1.018360
0.658815
0.883371
0.609083
0.893082
0.702199
1.014151
0.729901
0.805801
1.116038
0.337951
0.950096
1.355438
0.539943
1.625697
1.218797
0.592318
0.650462
1.056853
0.801425
0.894987
0.362894
1.410684
0.966096
1.260124
0.733851
0.763493
0.518910
0.559119
1.026829
0.287117
1.276493
0.814764
0.739258
1.141211
0.650111
0.971558
1.056581
0.919480
0.748487
0.916222
0.018934
0.835233
0.669483
0.647353
0.369422
1.241730
1.306578
0.738406
0.950006
0.629900
0.637529
1.260144
0.419249
0.908503
0.892063
0.402511
1.061769
0.959958
0.819665
0.558494
0.442407
0.833778
0.753409
1.196088
0.873011
0.994052
0.762426
0.646159
1.265199
1.170957
0.476783
0.614432
0.912278
1.771763
0.848132
0.894029
1.018539
1.115353
0.788898
1.107045
0.762674
0.347835
1.145569
0.863811
0.404965
0.527455
0.745943
0.919712
0.490333
1.408389
0.640045
0.622683
0.449416
0.958228
0.516656
0.787071
0.580814
0.740274
0.505375
0.487867
0.716503
0.657883
0.591328
0.626672
0.394302
0.667065
0.681435
0.271257
0.597705
0.529335
0.430539
0.755461
0.059108
0.710623
0.766387
0.440398
0.836069
0.484728
0.804652
0.566024
0.685581
0.732549
0.503792
0.470689
1.201665
0.909316
0.510841
0.537625
1.038222
0.288735
0.719739
1.078236
0.598470
0.419193
0.674392
0.208255
0.810780
0.743021
1.243206
0.701810
0.694694
1.282424
1.013735
1.320814
0.841790
1.143049
0.860195
0.769791
1.724208
1.362251
2.442714
1.327868
0.755183
0.804035
0.811108
0.726419
1.191728
0.999784
0.968676
0.902768
0.640177
0.885608
0.910567
1.068857
1.165660
1.216443
0.913276
0.963297
1.052937
0.786163
0.923705
0.738006
0.898667
0.713006
0.885829
0.882403
0.496455
0.618841
0.831043
0.820951
0.937302
0.666077
0.656604
0.742354
0.600639
0.666945
0.743683
0.765573
0.640499
0.772057
0.855691
0.765302
0.727511
0.849627
0.782710
0.939879
1.207719
0.712139
0.704171
0.887738
0.974378
0.944983
0.928188
0.963744
1.032206
0.998251
0.908710
0.921745
0.702088
0.727872
0.610785
0.633869
1.153908
1.100029
1.110469
0.895524
0.959912
0.715193
0.955868
0.727478
0.770697
0.554640
0.460015
1.011443
0.925971
0.758014
0.707757
1.029239
1.068193
1.010353
1.226498
1.161742
0.583299
0.409041
0.607350
0.752860
0.858444
0.463948
0.716443
0.518877
1.113018
0.370237
0.638720
0.430803
0.832153
0.667014
0.645109
1.121164
0.441909
0.713866
0.714261
0.644232
1.108179
0.938317
0.767118
0.839052
0.564896
0.795373
0.377956
0.600782
0.702272
0.332020
0.019329
0.806393
1.515105
0.520959
1.761047
0.131609
1.425772
0.201779
0.712530
1.534198
0.496825
1.387522
0.109568
0.463592
1.512938
1.236693
0.593645
0.866286
1.375094
0.568293
0.854888
1.116548
0.870537
0.420369
0.719110
0.459765
0.695303
1.371040
0.446240
0.619393
0.634518
0.162472
0.932845
0.609553
0.662750
1.247584
1.161819
0.091561
0.953018
0.917055
0.670358
0.443999
0.793934
1.082290
0.174016
0.839530
0.773745
0.798843
1.641413
0.755858
1.188636
0.808324
0.393487
0.699161
0.001944
1.213257
0.153542
1.281602
0.991586
0.304951
0.447669
0.223823
0.388720
0.354236
1.126705
0.304821
0.366406
1.379022
0.921693
0.450082
0.554740
0.490775
0.640369
0.401492
0.533910
0.388683
0.640781
1.141949
0.161315
0.073783
0.555185
0.575448
1.091286
0.874278
1.142690
0.809070
0.548059
0.659478
0.441821
0.694338
0.550633
0.780325
0.675835
0.605583
0.872914
0.237689
0.771000
1.098607
0.415263
1.410500
0.977155
0.482994
0.496843
0.835709
0.612486
0.747131
0.249255
1.120604
0.751489
1.004478
0.614627
0.610900
0.366278
0.475457
0.815892
0.262552
1.029593
0.747510
0.548108
1.012214
0.456572
0.840933
0.831824
0.684938
0.567572
0.786870
0.001276
0.670249
0.495823
0.487544
0.259343
0.999778
1.092883
0.605633
0.747962
0.522458
0.518473
0.989242
0.288100
0.736804
0.706628
0.338608
0.950347
0.877696
0.657174
0.390522
0.361617
0.627423
0.596165
0.948825
0.682835
0.961845
0.618970
0.528533
1.000045
0.936207
0.404314
0.493395
0.777128
1.461647
0.719522
0.744327
0.826254
0.877069
0.577835
1.009629
0.585825
0.327734
0.904941
0.662102
0.331655
0.420133
0.606033
0.741256
0.340958
1.276064
0.477371
0.445159
0.331768
0.821849
0.424808
0.692876
0.424206
0.558300
0.464981
0.389312
0.531509
0.512800
0.612890
0.499520
0.332926
0.736103
0.519068
0.226229
0.476824
0.441815
0.346627
0.747227
0.068031
0.797705
0.749431
0.559511
0.851645
0.373965
0.777088
0.458864
0.710431
0.835852
0.500350
0.440701
1.011716
0.939804
0.593330
0.564197
1.125265
0.279873
0.800728
0.868067
0.706368
0.487450
0.762665
0.260816
0.710136
0.813769
1.094347
0.768763
0.800457
1.122196
0.871293
1.161573
0.723686
0.995776
0.720526
0.638017
1.472453
1.155848
2.162133
1.152114
0.613787
0.677716
0.717256
0.602208
1.041893
0.833922
0.832574
0.770120
0.548381
0.747479
0.773900
0.904273
1.015834
1.025305
0.786104
0.825167
0.905201
0.659114
0.783811
0.628027
0.766095
0.587820
0.732555
0.732423
0.402578
0.494260
0.688949
0.687457
0.772730
0.547671
0.556417
0.610864
0.519872
0.608043
0.649809
0.639437
0.525700
0.629872
0.716598
0.621936
0.604000
0.712843
0.654047
0.778189
1.000560
0.604179
0.577473
0.743463
0.790432
0.792715
0.748998
0.786017
0.865572
0.813803
0.769239
0.760292
0.576836
0.628860
0.523321
0.531167
0.944508
0.886832
0.910527
0.707293
0.759682
0.551298
0.774596
0.599319
0.637405
0.447424
0.346594
0.793493
0.725483
0.613924
0.561090
0.880974
0.866459
0.811904
1.024445
0.951529
0.483636
0.333337
0.486162
0.576482
0.741361
0.403908
0.602556
0.408325
0.932333
0.334536
0.520660
0.327912
0.664537
0.559672
0.524346
0.908302
0.348332
0.647971
0.609441
0.504424
0.920656
0.760217
0.629652
0.682586
0.490422
0.677713
0.319658
0.472789
0.576350
0.261539
0.004943
0.615453
1.293284
0.379669
1.472243
0.062621
1.171965
0.158168
0.604068
1.274500
0.669344
1.161212
0.076404
0.354878
1.248425
1.016226
0.477476
0.860018
1.163609
0.412584
0.708183
1.061602
0.675156
0.288461
0.579506
0.326881
0.525333
1.147374
0.394864
0.577255
0.825089
0.124555
0.743723
0.448606
0.496469
1.030275
0.950791
0.082446
0.769093
0.766125
0.546504
0.348032
0.608993
0.881245
0.095203
0.707399
0.655276
0.614796
1.375365
0.645066
0.967212
0.628937
0.282477
0.591017
0.008134
1.199154
0.251455
1.090557
0.817048
0.241686
0.353667
0.171242
0.344922
0.236962
1.010404
0.246859
0.385813
1.153257
0.828613
0.369679
0.448508
0.370026
0.514593
0.301038
0.417908
0.280875
0.521227
0.991968
0.182604
0.027494
0.471201
0.484482
0.991716
0.684555
0.937109
0.669869
0.486738
0.508658
0.335747
0.563335
0.456901
0.621509
0.659137
0.473273
0.706640
0.184350
0.655288
0.921390
0.342509
1.266147
0.811845
0.422280
0.401067
0.686503
0.488711
0.655809
0.184955
0.916748
0.607279
0.827782
0.545773
0.515626
0.270938
0.434623
0.674379
0.268382
0.859572
0.719520
0.422106
0.935331
0.328612
0.762691
0.679111
0.524454
0.449461
0.709502
0.012193
0.564635
0.383313
0.385954
0.197044
0.833166
0.948584
0.525290
0.612807
0.462080
0.448878
0.799538
0.208875
0.625480
0.584410
0.312461
0.886593
0.836970
0.552967
0.281948
0.321951
0.488430
0.495975
0.777419
0.556540
0.960476
0.529553
0.459511
0.814329
0.774503
0.370906
0.421546
0.694088
1.240216
0.641590
0.649683
0.697904
0.712312
0.434571
0.956206
0.469553
0.335384
0.738171
0.526077
0.297133
0.358682
0.518783
0.623493
0.246158
1.194719
0.371992
0.328006
0.261932
0.737183
0.375314
0.641495
0.323438
0.437441
0.456054
0.334357
0.408168
0.420990
0.652836
0.421828
0.307221
0.813529
0.413434
0.213357
0.403935
0.395281
0.302913
0.763362
0.097671
0.889196
0.758577
0.676279
0.886468
0.308749
0.777719
0.396494
0.752463
0.939898
0.519922
0.439248
0.883731
0.986163
0.680784
0.607391
1.216329
0.294932
0.886924
0.723666
0.813671
0.563363
0.854372
0.324260
0.652408
0.891522
0.998437
0.843457
0.905800
1.017233
0.780343
1.057316
0.651927
0.900917
0.631647
0.555352
1.294859
1.014108
1.961714
1.034553
0.523370
0.599192
0.664375
0.525296
0.944665
0.724014
0.746161
0.686425
0.496951
0.659387
0.686940
0.795207
0.918417
0.895186
0.706523
0.736900
0.809308
0.579555
0.694072
0.561912
0.682079
0.509625
0.632120
0.634558
0.349052
0.416433
0.597239
0.602516
0.663191
0.474609
0.497732
0.527403
0.476497
0.581926
0.596008
0.560098
0.455306
0.537795
0.626929
0.528872
0.526605
0.624918
0.572517
0.670510
0.856913
0.538947
0.497392
0.649455
0.665029
0.692331
0.627299
0.665448
0.753745
0.687866
0.678836
0.652482
0.497628
0.570377
0.473942
0.469709
0.798651
0.737948
0.772097
0.578097
0.620972
0.441293
0.650824
0.517519
0.551520
0.382132
0.276369
0.640587
0.586359
0.519370
0.464472
0.783065
0.726248
0.674261
0.883926
0.804531
0.424030
0.292651
0.409482
0.456137
0.667876
0.375505
0.531547
0.339928
0.808452
0.325274
0.446249
0.265471
0.550889
0.493659
0.447696
0.758798
0.293128
0.614632
0.545297
0.412587
0.791063
0.638050
0.539591
0.577476
0.450122
0.603239
0.292098
0.390093
0.495267
0.224272
0.012008
0.482884
1.136271
0.286311
1.262214
0.026385
0.989560
0.141950
0.536545
1.087362
0.823957
1.000427
0.068324
0.287033
1.057358
0.859963
0.403662
0.873082
1.014375
0.307431
0.610126
1.036079
0.538560
0.202032
0.486967
0.239633
0.408733
0.988291
0.371995
0.561666
0.993491
0.112258
0.611837
0.338974
0.382596
0.876029
0.801488
0.092781
0.641174
0.664273
0.466038
0.289595
0.480176
0.739671
0.050260
0.620271
0.578928
0.486568
1.182272
0.574718
0.809358
0.504301
0.211887
0.522671
0.030174
1.205122
0.345978
0.956564
0.696084
0.208689
0.296343
0.146648
0.327250
0.161166
0.935352
0.217918
0.418028
0.991581
0.771834
0.322903
0.381283
0.291300
0.431870
0.238315
0.342867
0.212291
0.443333
0.889991
0.216037
0.007468
0.421346
0.429082
0.929489
0.551019
0.791011
0.576238
0.454670
0.405796
0.268245
0.476098
0.399115
0.512236
0.662217
0.384915
0.591403
0.158395
0.579989
0.797434
0.301136
1.168128
0.697240
0.390361
0.341402
0.584566
0.406863
0.599601
0.150093
0.771510
0.509186
0.703978
0.507223
0.456164
0.211403
0.418166
0.578290
0.288782
0.740898
0.713131
0.338196
0.890238
0.243112
0.716484
0.573995
0.413171
0.371664
0.663900
0.036384
0.496657
0.309862
0.321117
0.163255
0.716871
0.849910
0.477170
0.521324
0.429704
0.409194
0.664859
0.161535
0.552738
0.503033
0.307030
0.851403
0.819967
0.485749
0.211257
0.305728
0.393646
0.431854
0.656961
0.471734
0.974411
0.473869
0.419933
0.682457
0.661596
0.359428
0.379652
0.643324
1.080001
0.594824
0.589683
0.611231
0.596832
0.336067
0.928719
0.392352
0.356152
0.621000
0.433197
0.284495
0.324731
0.464411
0.544973
0.185778
1.144957
0.303207
0.249891
0.221212
0.684710
0.350639
0.615309
0.258182
0.356279
0.463378
0.305268
0.324985
0.362719
0.698726
0.374682
0.301163
0.888983
0.344136
0.217389
0.360492
0.372657
0.282501
0.790238
0.135223
0.975598
0.779867
0.782629
0.928019
0.271228
0.792205
0.361159
0.799639
1.036087
0.549316
0.452002
0.796420
1.036656
0.763754
0.655352
1.302080
0.320637
0.968801
0.623346
0.912252
0.637113
0.940592
0.388114
0.620428
0.966655
0.936226
0.916133
1.002692
0.947808
0.721987
0.988404
0.608691
0.839404
0.574846
0.503450
1.167901
0.915454
1.816643
0.954987
0.465251
0.550458
0.635895
0.477799
0.881107
0.650391
0.691109
0.633481
0.469520
0.602936
0.631369
0.722139
0.854546
0.805439
0.656726
0.680213
0.746579
0.529715
0.636157
0.522668
0.628664
0.460791
0.565685
0.570143
0.319677
0.367821
0.537637
0.548249
0.589450
0.429699
0.464173
0.474238
0.455005
0.574063
0.566246
0.510123
0.412378
0.477708
0.568735
0.467966
0.478077
0.568046
0.520685
0.597992
0.755925
0.499947
0.446639
0.587670
0.578402
0.625470
0.543568
0.582592
0.677790
0.600732
0.619790
0.579654
0.447398
0.536512
0.447261
0.433461
0.695651
0.632535
0.674936
0.488219
0.523555
0.366559
0.565187
0.465056
0.495809
0.342690
0.233009
0.531829
0.488483
0.456722
0.400175
0.717731
0.627446
0.577475
0.784849
0.700315
0.388904
0.272470
0.360822
0.372931
0.621711
0.364971
0.487307
0.297737
0.722371
0.329813
0.399254
0.227925
0.472835
0.453257
0.398867
0.652344
0.261226
0.600003
0.506293
0.351670
0.700275
0.553118
0.480031
0.506001
0.429879
0.555957
0.281899
0.336279
0.442713
0.206349
0.029126
0.389569
1.023612
0.223972
1.107600
0.009184
0.856760
0.140548
0.494558
0.950773
0.957594
0.884647
0.073280
0.244715
0.917585
0.747697
0.356579
0.894682
0.907622
0.235520
0.543810
1.027105
0.441739
0.144866
0.424955
0.181789
0.327665
0.873613
0.365015
0.560428
1.137730
0.113593
0.518591
0.263310
0.303565
0.765056
0.694409
0.111923
0.550976
0.594673
0.413334
0.254295
0.389209
0.638601
0.025587
0.562225
0.529393
0.395993
1.040390
0.529883
0.695314
0.416508
0.166817
0.479361
0.058323
1.220548
0.431414
0.861285
0.611094
0.193245
0.261647
0.137819
0.323881
0.111821
0.886581
0.205596
0.454050
0.874268
0.737456
0.296420
0.338617
0.239525
0.376919
0.199165
0.293964
0.168479
0.392145
0.819746
0.252854
0.001997
0.392273
0.395611
0.890606
0.455734
0.685778
0.512480
0.439579
0.334710
0.225107
0.417341
0.363632
0.436026
0.674838
0.325216
0.510436
0.148014
0.530576
0.709532
0.278523
1.100708
0.616690
0.375183
0.304270
0.513994
0.352162
0.565162
0.132520
0.666644
0.441585
0.616034
0.486681
0.419071
0.174238
0.415053
0.512193
0.314787
0.656916
0.717927
0.281678
0.864401
0.185310
0.689738
0.500655
0.334942
0.319900
0.637581
0.065242
0.452618
0.261482
0.279535
0.146213
0.634573
0.781534
0.448756
0.458608
0.413714
0.387412
0.567945
0.133673
0.504776
0.448229
0.312269
0.833096
0.816030
0.442091
0.164840
0.302369
0.328151
0.390593
0.571141
0.414092
0.994836
0.439229
0.398017
0.587545
0.581669
0.359694
0.355854
0.612499
0.962614
0.567136
0.551517
0.551962
0.514769
0.267415
0.916214
0.340522
0.381780
0.537538
0.368931
0.283669
0.307040
0.430559
0.492014
0.147150
1.114712
0.257908
0.197202
0.198082
0.652273
0.340173
0.603634
0.215600
0.301107
0.478165
0.291250
0.268179
0.325601
0.743962
0.346337
0.305296
0.957560
0.298238
0.229465
0.335015
0.363630
0.275211
0.820330
0.173745
1.052737
0.805506
0.875518
0.969656
0.250326
0.812416
0.341963
0.845677
1.120870
0.581269
0.470784
0.736063
1.085258
0.838026
0.701928
1.378526
0.349590
1.042161
0.552622
0.998797
0.704012
1.017341
0.447165
0.603686
1.034602
0.895556
0.982113
1.087814
0.901399
0.684311
0.942383
0.582965
0.799206
0.538362
0.470831
1.075903
0.845845
1.710314
0.900441
0.427654
0.520268
0.621711
0.448567
0.839159
0.600477
0.655873
0.599909
0.456100
0.566562
0.595680
0.672602
0.812266
0.742685
0.625554
0.643587
0.705158
0.498480
0.598528
0.499787
0.594571
0.430306
0.521267
0.527313
0.304543
0.337469
0.498582
0.513404
0.539200
0.402229
0.445671
0.440212
0.446023
0.575849
0.550695
0.478576
0.386402
0.438149
0.530659
0.427742
0.447626
0.530993
0.487604
0.548534
0.683950
0.476984
0.414366
0.546665
0.517739
0.580432
0.485175
0.524882
0.625524
0.539618
0.580872
0.529829
0.415432
0.517484
0.433899
0.412525
0.621915
0.556883
0.605797
0.424831
0.454194
0.315124
0.505119
0.431211
0.459386
0.319120
0.206332
0.453427
0.418676
0.414762
0.356901
0.673628
0.556867
0.508479
0.714032
0.625424
0.368636
0.264009
0.329832
0.314614
0.592672
0.364099
0.459771
0.271812
0.661730
0.340819
0.369500
0.205633
0.418501
0.428687
0.367622
0.575523
0.243348
0.595774
0.482779
0.310818
0.635791
0.493255
0.440223
0.456759
0.421140
0.525827
0.281084
0.300965
0.408385
0.199396
0.049872
0.322980
0.941716
0.181858
0.992510
0.002745
0.758899
0.146582
0.468488
0.849887
1.070382
0.800196
0.084293
0.218337
0.814134
0.665988
0.326403
0.918809
0.830244
0.185684
0.498389
1.027017
0.372177
0.106652
0.382899
0.143020
0.270522
0.789883
0.366439
0.566383
1.258711
0.121563
0.451761
0.210376
0.247957
0.684182
0.616604
0.133918
0.486501
0.546477
0.378490
0.233204
0.324089
0.565483
0.012871
0.523111
0.496999
0.331138
0.934955
0.501179
0.611872
0.353816
0.137899
0.451826
0.087285
1.239440
0.505659
0.792620
0.550556
0.187691
0.240861
0.137479
0.327849
0.079424
0.854629
0.202457
0.489131
0.788090
0.716849
0.282048
0.311438
0.205135
0.340009
0.174742
0.261818
0.140351
0.358176
0.770697
0.288456
0.004152
0.375756
0.375608
0.866313
0.386832
0.609002
0.468492
0.434066
0.284911
0.197399
0.377273
0.341960
0.382140
0.691186
0.284369
0.452763
0.146149
0.497836
0.646348
0.266958
1.053704
0.559295
0.369473
0.281191
0.464463
0.315174
0.544187
0.124873
0.589961
0.394362
0.552715
0.476652
0.395946
0.151049
0.418782
0.466109
0.341524
0.596672
0.727875
0.243134
0.850111
0.145734
0.674714
0.448777
0.279189
0.285067
0.622861
0.094144
0.423868
0.229292
0.252712
0.138786
0.575537
0.733498
0.432313
0.415032
0.407080
0.376189
0.497303
0.117626
0.472826
0.410862
0.322373
0.824573
0.818861
0.413506
0.134064
0.305634
0.282273
0.363870
0.509176
0.374400
1.016868
0.417711
0.386551
0.518351
0.524316
0.365745
0.342869
0.593950
0.875608
0.551052
0.527139
0.510888
0.455665
0.218908
0.912096
0.305300
0.407800
0.477287
0.323852
0.288748
0.298774
0.409507
0.455845
0.122306
1.096490
0.227774
0.161217
0.185463
0.632287
0.337551
0.600051
0.187568
0.263112
0.495484
0.285782
0.228869
0.301852
0.785327
0.329510
0.314143
1.017359
0.267509
0.244572
0.320419
0.362034
0.274982
0.849651
0.209727
1.119248
0.831285
0.954467
1.008071
0.239280
0.833874
0.332251
0.887542
1.193366
0.611981
0.491075
0.693767
1.129114
0.902173
0.744168
1.444379
0.377880
1.105557
0.502076
1.072607
0.762279
1.083389
0.499212
0.595790
1.093668
0.868726
1.039607
1.160439
0.870005
0.659829
0.911283
0.567908
0.772701
0.514792
0.450300
1.008418
0.796051
1.631477
0.862547
0.403155
0.501626
0.615725
0.430663
0.811190
0.566208
0.633188
0.578539
0.450662
0.542971
0.572619
0.638583
0.783978
0.698201
0.606036
0.619741
0.677521
0.478891
0.573872
0.486795
0.572700
0.411284
0.491224
0.498518
0.297640
0.318521
0.472747
0.490893
0.504492
0.385539
0.436061
0.418329
0.443928
0.582262
0.543396
0.458625
0.370842
0.411842
0.505519
0.400895
0.428502
0.506640
0.466386
0.514365
0.631961
0.463744
0.393760
0.519148
0.474673
0.549711
0.443889
0.484130
0.589070
0.496160
0.554960
0.495284
0.395004
0.507281
0.428168
0.400798
0.568431
0.501877
0.555937
0.379511
0.404144
0.279242
0.462405
0.409225
0.435356
0.305248
0.189995
0.396183
0.368222
0.386321
0.327415
0.643479
0.505776
0.458635
0.662740
0.570904
0.357303
0.262007
0.310008
0.273174
0.574380
0.368073
0.442654
0.255962
0.618421
0.354161
0.350604
0.192632
0.380156
0.413871
0.347522
0.519377
0.233804
0.597017
0.468767
0.283090
0.589370
0.450482
0.413301
0.422373
0.418776
0.506541
0.284971
0.277567
0.385761
0.198413
0.070786
0.274827
0.881454
0.153046
0.905986
0.002131
0.685988
0.155819
0.452334
0.774566
1.164017
0.737859
0.097438
0.201908
0.736754
0.605794
0.306954
0.942294
0.773456
0.150670
0.466860
1.031331
0.321547
0.080805
0.354008
0.116722
0.229688
0.728021
0.371906
0.575427
1.358708
0.132189
0.403233
0.172829
0.208291
0.624530
0.559375
0.155600
0.439800
0.512643
0.355208
0.220792
0.276855
0.511919
0.007065
0.496424
0.475620
0.284085
0.855807
0.482700
0.550105
0.308451
0.119236
0.434249
0.114379
1.258566
0.568549
0.742497
0.506853
0.187462
0.228581
0.141361
0.335133
0.057947
0.833498
0.204104
0.520996
0.724063
0.704667
0.274790
0.294049
0.182037
0.314914
0.159514
0.240479
0.122183
0.335383
0.735976
0.320667
0.009909
0.366743
0.363832
0.851140
0.336379
0.552316
0.437729
0.433721
0.249541
0.179492
0.349588
0.328815
0.343516
0.708096
0.256046
0.411128
0.148639
0.475908
0.600341
0.261764
1.020480
0.517849
0.368891
0.266870
0.429220
0.289843
0.531514
0.122734
0.533226
0.360917
0.506538
0.472609
0.381542
0.136589
0.425602
0.433534
0.366527
0.552889
0.739593
0.216501
0.842651
0.118275
0.666663
0.411579
0.238922
0.261336
0.615030
0.120802
0.404933
0.207631
0.235291
0.136697
0.532632
0.699287
0.423078
0.384337
0.405591
0.371067
0.445190
0.108680
0.451300
0.385046
0.334090
0.821556
0.824817
0.394614
0.113435
0.311918
0.249693
0.346432
0.463864
0.346696
1.037967
0.404368
0.381153
0.467298
0.482621
0.374184
0.336249
0.582925
0.810446
0.541966
0.511491
0.482033
0.412546
0.184164
0.912449
0.281052
0.431975
0.433238
0.291795
0.296348
0.295818
0.396434
0.430814
0.106226
1.085642
0.207500
0.136312
0.179030
0.620024
0.339015
0.600749
0.168929
0.236590
0.512695
0.284971
0.201293
0.286575
0.821535
0.319698
0.324628
1.068130
0.246689
0.259992
0.312347
0.364238
0.278261
0.876295
0.241631
1.175289
0.855110
1.020335
1.041880
0.233973
0.854265
0.327990
0.924061
1.254102
0.639673
0.510521
0.663718
1.167185
0.956284
0.780950
1.499830
0.403623
1.159058
0.465471
1.134331
0.811708
1.138968
0.543714
0.592889
1.143711
0.850842
1.088403
1.221191
0.848497
0.643777
0.890003
0.559307
0.755045
0.499445
0.437359
0.958348
0.759957
1.572416
0.835863
0.387052
0.490143
0.614239
0.419762
0.792324
0.542355
0.618497
0.564886
0.449595
0.527543
0.557598
0.614906
0.764825
0.666246
0.593816
0.604097
0.658871
0.466596
0.557573
0.479703
0.558590
0.399422
0.470642
0.478916
0.295348
0.306702
0.455477
0.476241
0.480202
0.375484
0.431602
0.404158
0.445403
0.590461
0.540746
0.445966
0.361655
0.394153
0.488751
0.382769
0.416478
0.490473
0.452698
0.490430
0.593926
0.456351
0.380538
0.500458
0.443684
0.528480
0.414299
0.454956
0.563292
0.464839
0.537509
0.471004
0.381884
0.502234
0.426662
0.394544
0.529155
0.461391
0.519516
0.346675
0.367566
0.253864
0.431620
0.394828
0.419337
0.297257
0.180052
0.353889
0.331292
0.366795
0.307058
0.622594
0.468326
0.422167
0.625125
0.530732
0.351277
0.263355
0.297260
0.243330
0.562834
0.374131
0.432031
0.246336
0.587079
0.367611
0.338557
0.185243
0.352722
0.405040
0.334509
0.477855
0.229131
0.600870
0.460552
0.264024
0.555520
0.419513
0.394862
0.398027
0.419748
0.494129
0.290880
0.261895
0.370697
0.200458
0.090143
0.239566
0.836612
0.133071
0.840371
0.004445
0.631129
0.165916
0.442349
0.717790
1.240841
0.691343
0.110607
0.191686
0.678331
0.560958
0.294333
0.963620
0.731303
0.125730
0.444673
1.037482
0.284248
0.063099
0.333891
0.098652
0.200121
0.681821
0.378943
0.585289
1.440488
0.143296
0.367560
0.145835
0.179618
0.580050
0.516805
0.175427
0.405549
0.488563
0.339469
0.213644
0.242169
0.472223
0.005130
0.477974
0.461364
0.249523
0.795862
0.470728
0.503897
0.275210
0.107105
0.422975
0.138424
1.276307
0.620893
0.705473
0.474903
0.189885
0.221472
0.147028
0.343486
0.043553
0.819375
0.207989
0.548773
0.676008
0.697607
0.271620
0.282863
0.166334
0.297627
0.150027
0.226156
0.110365
0.319904
0.711060
0.348676
0.016995
0.362146
0.357047
0.841666
0.299003
0.510009
0.415916
0.435958
0.224079
0.167836
0.330195
0.320918
0.315468
0.723957
0.236135
0.380689
0.153089
0.461044
0.566434
0.260126
0.996674
0.487538
0.370892
0.258002
0.403805
0.272262
0.523939
0.123486
0.490802
0.336907
0.472456
0.471841
0.372579
0.127578
0.433415
0.410192
0.388713
0.520679
0.751266
0.197845
0.839153
0.098959
0.662691
0.384555
0.209468
0.244956
0.611218
0.144260
0.392335
0.192875
0.223883
0.137410
0.501067
0.674594
0.418132
0.362417
0.406763
0.369363
0.406325
0.103945
0.436614
0.366966
0.345686
0.821497
0.831852
0.381996
0.099441
0.319202
0.226241
0.334951
0.430338
0.327091
1.056951
0.396113
0.379177
0.429217
0.451938
0.383140
0.333295
0.576485
0.761193
0.537053
0.501385
0.461480
0.380712
0.158950
0.914984
0.264132
0.453342
0.400653
0.268690
0.304600
0.295719
0.388333
0.413252
0.095739
1.079289
0.193692
0.118838
0.176160
0.612539
0.342384
0.603509
0.156395
0.217820
0.528505
0.286526
0.181680
0.276686
0.852354
0.314123
0.335101
1.110457
0.232401
0.274359
0.308134
0.368147
0.283018
0.899526
0.269018
1.221758
0.876105
1.074570
1.070762
0.231921
0.872529
0.326759
0.955074
1.304262
0.663699
0.528024
0.642079
1.199411
1.001191
0.812153
1.545790
0.426089
1.203469
0.438629
1.185241
0.852893
1.185012
0.580996
0.592684
1.185371
0.838784
1.129071
1.271309
0.833574
0.633160
0.875239
0.554575
0.743146
0.489374
0.429187
0.920809
0.733467
1.527763
0.816798
0.376363
0.483110
0.615110
0.413181
0.779448
0.525522
0.608913
0.556111
0.450775
0.517365
0.547753
0.598195
0.751696
0.642981
0.586154
0.593730
0.646117
0.458875
0.546682
0.476090
0.549416
0.392028
0.456351
0.465398
0.295513
0.299332
0.443793
0.466632
0.462960
0.369497
0.430041
0.394912
0.448527
0.598899
0.540608
0.437903
0.356338
0.382108
0.477430
0.370374
0.408909
0.479624
0.443806
0.473430
0.565789
0.452432
0.372009
0.487598
0.421095
0.513603
0.392811
0.433795
0.544814
0.441977
0.525613
0.453703
0.373402
0.500140
0.427361
0.391488
0.499983
0.431263
0.492596
0.322591
0.340517
0.235669
0.409148
0.385310
0.408535
0.292802
0.174050
0.322302
0.303945
0.353207
0.292811
0.607927
0.440559
0.395173
0.597221
0.500804
0.348348
0.266254
0.289010
0.221559
0.555531
0.380745
0.425451
0.240543
0.564111
0.380060
0.330843
0.181208
0.332835
0.399860
0.326020
0.446821
0.227232
0.605710
0.455847
0.250738
0.530540
0.396808
0.382064
0.380555
0.422294
0.486088
0.297324
0.251272
0.360553
0.203841
0.107212
0.213442
0.802911
0.119031
0.790238
0.008027
0.589497
0.175646
0.436197
0.674636
1.303330
0.656297
0.122754
0.185336
0.633863
0.527231
0.286078
0.982207
0.699691
0.107727
0.428844
1.044060
0.256465
0.050806
0.319691
0.086067
0.178443
0.646988
0.386206
0.594783
1.506849
0.153769
0.341039
0.126176
0.158628
0.546558
0.484822
0.192783
0.380140
0.471194
0.328693
0.209660
0.216406
0.442497
0.005262
0.465044
0.451748
0.223848
0.750113
0.462910
0.469005
0.250570
0.099156
0.415702
0.159077
1.291972
0.663920
0.677827
0.451267
0.193429
0.217475
0.153133
0.351712
0.033790
0.809823
0.212677
0.572349
0.639619
0.693632
0.270719
0.275622
0.155519
0.285558
0.144123
0.216426
0.102612
0.309255
0.692947
0.372411
0.024183
0.360093
0.353262
0.835753
0.271024
0.478128
0.400239
0.439298
0.205512
0.160184
0.316424
0.316234
0.294848
0.738055
0.221946
0.358172
0.158158
0.450840
0.541168
0.260375
0.979392
0.465110
0.374012
0.252525
0.385242
0.259893
0.519479
0.125609
0.458781
0.319445
0.447028
0.472755
0.367009
0.121968
0.441106
0.393245
0.407765
0.496715
0.762002
0.184595
0.837888
0.085183
0.661047
0.364681
0.187670
0.233494
0.609694
0.164297
0.383859
0.182689
0.216344
0.139453
0.477584
0.656542
0.415694
0.346555
0.409160
0.369483
0.377058
0.101665
0.426463
0.354128
0.356313
0.822907
0.838868
0.373470
0.089825
0.326409
0.209143
0.327317
0.405270
0.313028
1.073401
0.391021
0.379049
0.400537
0.429105
0.391651
0.332386
0.572816
0.723668
0.534589
0.494813
0.446645
0.356954
0.140424
0.918400
0.252160
0.471645
0.376292
0.251823
0.312526
0.297040
0.383324
0.400762
0.088841
1.075658
0.184164
0.106409
0.175277
0.608008
0.346430
0.607072
0.147863
0.204354
0.542382
0.289130
0.167543
0.270235
0.878093
0.311081
0.344747
1.145289
0.222464
0.287078
0.306159
0.372594
0.288133
0.919246
0.292023
1.259851
0.894050
1.118800
1.094942
0.231639
0.888313
0.327123
0.980933
1.345259
0.684030
0.543195
0.626297
1.226219
1.038026
0.838148
1.583455
0.445173
1.239905
0.418719
1.226812
0.886772
1.222731
0.611785
0.593828
1.219617
0.830552
1.162528
1.312240
