23.459324
22.841532
23.257149
21.890297
23.217241
22.369701
22.431774
25.310699
24.591732
26.432945
23.197056
22.618828
22.116741
21.262197
21.658405
22.686098
22.674053
22.025944
21.858738
20.544556
21.713249
21.969481
22.745995
22.851158
22.944122
21.297930
21.776669
22.123898
20.907728
21.106737
20.541565
21.054279
21.164351
21.613232
21.180563
19.643208
20.655312
21.452080
21.208046
21.540230
20.317436
19.644863
20.743855
19.275688
19.232964
19.792480
20.098076
20.148882
19.696537
20.477638
20.505547
20.095627
20.164581
20.132267
20.735573
22.031952
19.461418
20.136436
20.513641
21.104332
20.697075
20.874748
21.064365
20.795900
20.544281
19.601898
20.279041
19.591888
18.640266
18.396370
19.315018
21.035608
21.050564
21.375433
20.407778
20.743061
20.245533
20.228550
19.686398
19.322964
18.605150
19.193336
20.715355
19.612202
18.622797
19.296898
19.378754
20.336170
20.466316
20.479698
21.048969
17.707794
16.630978
17.971006
19.434793
18.554398
17.179722
17.895742
17.777309
19.641457
16.104342
18.030470
17.275370
18.441566
17.739265
18.244993
19.309082
16.499165
17.494734
18.041222
18.044905
19.078415
18.640732
17.865849
18.390488
16.423811
17.185051
16.361866
17.484755
17.239229
16.127796
14.201914
18.108707
19.845921
16.995235
19.980209
16.600002
20.246098
14.998333
17.320465
20.797974
11.388197
20.027946
15.912329
16.659164
20.172771
19.312046
17.003941
14.861151
18.854713
16.553917
16.245802
21.546707
17.502979
16.775991
17.088240
16.382622
17.509907
18.626564
15.316699
14.755905
10.862877
14.765450
18.109299
16.902380
16.565945
18.560215
17.687910
13.791815
17.103081
16.428957
15.909377
14.669462
16.558935
17.082127
14.407238
15.734481
16.413128
17.224442
19.343502
15.891924
18.278481
16.948187
14.040795
15.324121
12.724167
15.395638
10.181723
17.521179
16.316875
14.003059
14.244453
13.078041
13.568248
14.840566
15.804753
14.189783
12.981825
17.871235
15.024488
14.320057
14.833186
14.773752
15.107843
14.468676
14.676831
14.497520
14.095366
16.145655
11.161955
10.264551
14.136986
13.490494
14.410576
15.265230
16.062279
15.475653
13.447630
15.457396
14.259924
14.407469
13.620324
14.655267
11.941807
14.285282
15.351572
12.614020
14.212745
15.364548
13.127539
15.288249
15.107043
13.169704
12.872597
14.715347
14.237505
13.434064
12.293265
15.396129
14.994473
15.017439
12.894766
13.204124
12.684941
12.295706
13.691957
10.902337
15.008402
11.769631
13.678398
12.973614
13.369382
12.785244
14.060642
14.289373
13.222506
13.126597
8.249252
12.931232
13.415671
12.642178
11.786886
14.161869
14.275541
12.347511
13.749102
12.261703
12.157480
14.870680
10.858558
13.755716
12.965819
12.056649
12.097086
11.813589
12.810311
12.554604
10.854223
13.012112
12.265932
14.147233
12.480289
11.704559
11.921993
11.639825
14.174269
13.416402
10.402505
11.751730
11.992399
14.906789
12.120457
12.352163
12.833961
13.331845
12.388409
11.770597
12.291649
10.112981
13.087027
12.491404
9.902340
11.344025
11.242548
12.315060
12.051908
11.279617
11.499813
12.095087
10.993031
11.423203
10.471416
10.859067
11.021111
11.590279
10.270683
10.177017
12.264997
11.553449
8.970446
10.808029
10.086700
8.624022
11.203755
10.714327
10.603615
10.377766
10.158937
9.454733
9.031570
8.136703
9.789892
7.962102
9.299889
10.262135
9.197208
10.051886
9.114817
8.363707
9.017879
8.710491
12.037409
9.125081
7.813730
8.352688
8.152586
9.414298
7.941362
11.949677
7.698920
8.164331
8.354739
7.571924
10.068460
7.957567
10.667158
8.007354
7.708537
11.481707
10.978855
11.326731
10.277012
11.229419
10.569654
10.575100
12.645548
12.099549
13.566786
11.193422
10.659187
10.370076
9.832901
10.031578
10.834311
10.741879
10.332022
10.218143
9.327851
10.132835
10.304504
10.829844
10.964660
11.011183
9.903973
10.228617
10.490726
9.617182
9.804045
9.396967
9.785389
9.794151
10.116359
9.864798
8.798285
9.466258
10.041531
9.896078
10.127867
9.310389
8.888054
9.604662
8.663777
8.713186
9.041612
9.229794
9.237593
8.970131
9.528664
9.521833
9.268118
9.330562
9.323137
9.737923
10.623752
8.910041
9.324209
9.617731
10.009919
9.765178
9.866397
10.024172
9.850085
9.704639
9.105829
9.519535
9.068951
8.466688
8.335932
8.946419
10.115103
10.096659
10.363884
9.686676
9.874866
9.531321
9.581211
9.242709
9.018682
8.502458
8.844805
9.897743
9.170282
8.572878
9.006187
9.159361
9.752443
9.835070
9.916115
10.269600
8.011276
7.362781
8.254951
9.143168
8.697838
7.745152
8.245981
8.120817
9.406487
7.119303
8.328309
7.793119
8.593440
8.180587
8.519630
9.269320
7.333612
8.028872
8.464705
8.388795
9.129442
8.835382
8.326047
8.681436
7.466187
7.952578
7.390777
8.071905
7.982033
7.219674
5.919868
8.456970
9.856564
7.741237
9.844922
7.471304
10.058721
6.533406
8.106326
10.479961
4.538087
10.016856
7.086213
7.640248
10.086845
9.487525
7.919393
6.754761
9.296734
7.569460
7.670121
11.162558
8.248557
7.735862
8.046517
7.534317
8.299923
9.222576
6.896137
6.646812
4.375000
6.512384
8.808153
7.931875
7.702024
9.174568
8.564268
5.962610
8.177609
7.775611
7.405226
6.560783
7.796427
8.219927
6.325551
7.508451
7.737876
8.329268
9.853685
7.500852
9.077539
8.142610
6.183436
7.150136
5.355223
7.238807
4.034232
8.685068
7.833967
6.268635
6.436058
5.628585
6.048179
6.760731
7.637013
6.410143
5.687445
9.024134
7.162025
6.569691
6.911027
6.815339
7.090268
6.627574
6.821322
6.644482
6.524729
7.918983
4.615124
4.069690
6.518481
6.119964
6.876486
7.249019
7.858649
7.481633
6.108950
7.390524
6.619428
6.763885
6.309726
6.925608
5.331960
6.656109
7.440973
5.598575
6.728556
7.504778
5.952304
7.606652
7.359455
6.033670
5.818751
7.052848
6.740979
6.306610
5.437355
7.546160
7.259852
7.323479
5.933275
6.117727
5.697754
5.547337
6.478050
4.694865
7.382583
5.383220
6.431096
6.242585
6.193269
6.024770
6.745733
6.877951
6.171190
6.184083
3.344094
6.052973
6.304531
5.832334
5.238268
6.925596
7.076969
5.712051
6.612113
5.688679
5.545323
7.384819
4.883458
6.654608
6.149818
5.437979
5.705394
5.604239
6.054363
5.835766
4.809278
6.169756
5.744847
7.007878
5.868245
5.617250
6.362565
6.900389
9.110299
8.537981
5.923060
7.000712
7.301167
9.885737
7.335517
7.638948
8.040190
8.493923
7.675764
7.175944
7.541739
5.663836
8.367968
7.773273
5.620964
6.787101
6.696438
7.683740
7.397263
6.880828
7.008802
7.491024
6.565621
7.007468
6.171966
6.552630
6.686756
7.080184
6.014509
5.974868
7.675538
7.123096
4.861370
6.491484
5.858407
4.615241
6.891146
6.400188
6.336130
6.161680
5.976886
5.472602
4.933993
4.369873
5.917516
4.304019
5.505856
6.467645
5.481524
6.188086
5.400665
4.719334
5.331069
5.073925
8.177581
5.456398
4.277958
4.859594
4.541095
5.745167
4.480348
8.189037
4.223070
4.598573
4.821377
4.144626
6.498197
4.523422
7.050649
4.648085
4.232620
7.764188
7.274657
7.668709
6.680439
7.523631
6.977864
6.929204
8.977416
8.356973
9.890698
7.655894
7.001137
6.796798
6.350434
6.535444
7.309039
7.229584
6.881310
6.767589
5.977654
6.741200
6.840872
7.317244
7.425373
7.606025
6.596838
6.836498
7.088140
6.357810
6.587284
6.132429
6.568204
6.416154
6.797528
6.650054
5.630349
6.199841
6.706842
6.597507
6.867636
6.121663
5.774570
6.370424
5.551108
5.562750
5.903139
6.110452
6.063543
5.997054
6.418219
6.399189
6.150523
6.265182
6.251080
6.676671
7.496870
5.883687
6.207364
6.512504
6.940582
6.693288
6.833794
6.972750
6.785951
6.753171
6.200508
6.532940
6.096786
5.579676
5.440498
5.963396
7.187637
7.158031
7.389392
6.782170
6.955250
6.538316
6.715964
6.274319
6.135046
5.598051
5.975590
6.979537
6.399364
5.868911
6.163948
6.381894
6.963318
7.005279
7.216239
7.412743
5.308826
4.684999
5.582819
6.399652
5.933363
4.985760
5.549581
5.474497
6.652679
4.515830
5.599408
5.161567
5.972719
5.551318
5.819751
6.740730
4.852692
5.353971
5.789783
5.807441
6.515358
6.216667
5.773142
6.141071
4.974855
5.467584
4.815794
5.539866
5.532961
4.755370
3.548423
5.881249
7.356948
5.305655
7.319056
4.994553
7.538496
4.107818
5.568968
7.892881
2.181109
7.551920
4.648724
5.211559
7.626685
7.002790
5.468289
4.324842
6.917915
5.192800
5.341464
8.679720
5.902189
5.322737
5.678750
5.250323
5.961103
6.997114
4.569925
4.360477
2.133279
4.253468
6.425204
5.652095
5.393355
6.872886
6.351924
3.697834
5.952836
5.584270
5.213617
4.354292
5.660261
6.095322
4.197942
5.392236
5.581338
6.222491
7.659444
5.283220
6.856130
5.989259
4.038061
5.031112
3.196667
5.119720
1.999148
6.486477
5.795748
4.149331
4.376301
3.604665
3.996404
4.669317
5.532195
4.358924
3.589266
6.982241
5.113847
4.498916
4.867834
4.809956
5.047402
4.582726
4.885324
4.635746
4.570939
5.900660
2.657967
2.188915
4.508877
4.237659
4.991409
5.420135
6.046530
5.475751
4.257910
5.448039
4.712547
4.937068
4.425840
5.093378
3.532030
4.820850
5.579806
3.648541
4.890480
5.697344
4.083426
5.756322
5.598223
4.114054
4.052400
5.199765
4.908602
4.523597
3.670731
5.784172
5.417929
5.597845
4.175029
4.329068
3.887728
3.773835
4.801939
2.959329
5.599122
3.694895
4.682965
4.526924
4.504050
4.333282
5.055208
5.226558
4.505029
4.462933
1.624221
4.403193
4.565045
4.193685
3.632268
5.369176
5.395253
4.085145
4.892059
4.003604
3.949380
5.712810
3.181081
5.106900
4.578380
3.864598
4.143193
3.989840
4.413292
4.311186
3.263938
4.644182
4.169491
5.401022
4.399320
3.965991
4.068741
3.825084
5.507917
5.108597
3.155711
3.882089
4.180996
6.195282
4.115873
4.424417
4.715592
5.043390
4.384634
4.176612
4.321798
2.877962
4.983015
4.477179
2.889239
3.722446
3.714700
4.478256
4.176197
4.018439
3.915185
4.253650
3.585140
3.986153
3.318696
3.716372
3.706460
4.002106
3.204403
3.251149
4.432902
4.066066
2.486036
3.600727
3.116292
2.301253
3.887914
3.458139
3.502284
3.343285
3.239999
3.009467
2.405676
2.276969
3.250280
1.951153
2.947287
3.378284
2.816953
3.240759
2.681670
2.408730
2.617161
2.520340
4.787411
2.824279
2.019787
2.363071
2.253276
2.901968
2.316000
4.776210
1.992507
2.208991
2.387643
1.907190
3.589380
2.292088
4.139927
2.363692
2.055481
4.556690
4.140177
4.509709
3.692660
4.362681
3.914357
3.850180
5.493110
4.973501
6.316254
4.514093
3.894238
3.793645
3.502548
3.589186
4.251211
4.129671
3.896177
3.807931
3.222288
3.802886
3.862885
4.213286
4.335176
4.477808
3.728667
3.893349
4.098418
3.524708
3.739669
3.363730
3.727899
3.532928
3.840330
3.770135
2.978569
3.377302
3.772793
3.704566
3.915269
3.363063
3.129071
3.536528
2.967097
3.022503
3.241047
3.380410
3.310626
3.314953
3.802919
3.763820
3.577503
3.685540
3.676458
4.016192
4.652428
3.406131
3.609844
3.873950
4.212086
4.029629
4.132864
4.254078
4.100737
4.111266
3.704610
3.914214
3.575262
3.205810
3.110017
3.492424
4.474401
4.424851
4.625155
4.139788
4.243699
3.886331
4.090573
3.729340
3.647018
3.191556
3.458382
4.253118
3.833538
3.468979
3.651480
3.896667
4.314970
4.330274
4.568183
4.662693
3.025981
2.583184
3.282023
3.842788
3.559499
2.789990
3.256819
3.174798
4.094938
2.499438
3.263310
2.917849
3.565531
3.264336
3.451872
4.244870
4.162378
5.055240
4.138139
4.228328
4.806974
4.582761
4.228212
4.499229
3.514471
3.861991
3.390112
3.864039
3.885137
3.288637
2.340521
4.097442
5.356966
3.635606
5.254680
3.404077
5.438577
2.814137
3.959734
5.755824
1.645546
5.493023
3.163242
3.621253
5.517916
5.035016
3.847363
3.176147
5.013601
3.569560
3.891326
6.412463
4.117408
3.678291
4.004799
3.622395
4.180746
5.054365
3.167238
3.086495
1.633871
2.885824
4.603868
3.933994
3.740502
4.954916
4.510986
2.521659
4.210010
3.954052
3.653782
2.994173
3.936073
4.312449
2.797738
3.911704
3.898250
4.400964
5.590215
3.763306
4.937433
4.224549
2.730927
3.551157
2.129269
3.641662
1.456065
4.712336
4.104767
2.864877
3.020310
2.401505
2.770375
3.187940
4.011897
2.996026
2.484936
5.087619
3.699252
3.147793
3.415299
3.316254
3.541748
3.160838
3.395396
3.182575
3.222692
4.264858
1.802357
1.460531
3.154405
2.933052
3.605848
3.768140
4.291859
3.921853
2.936815
3.819539
3.268720
3.446739
3.123494
3.558409
2.519135
3.330165
3.963899
2.508193
3.462494
4.069332
2.814606
4.233944
3.991866
2.881398
2.776885
3.673509
3.448572
3.212568
2.478941
4.109493
3.837232
3.973877
2.916636
3.023595
2.638043
2.616943
3.369071
2.036333
4.018545
2.656605
3.260000
3.332081
3.079460
3.105820
3.559505
3.662212
3.117464
3.152584
1.282864
3.081722
3.175350
2.893827
2.437619
3.818954
3.923885
2.851567
3.464109
2.823748
2.703217
4.086786
2.286113
3.596069
3.212435
2.590779
2.968921
2.925878
3.100430
2.954963
2.235149
3.224779
2.924727
3.876446
3.053213
2.980727
2.832969
2.685254
3.941855
3.634842
2.235065
2.719765
2.979390
4.521680
2.866322
3.135282
3.351199
3.558710
3.013296
3.085957
3.071465
1.954680
3.516192
3.121799
1.924972
2.544646
2.633212
3.185894
2.883704
2.988869
2.671046
2.915106
2.439656
2.785936
2.244786
2.669999
2.507930
2.806860
2.162277
2.278479
3.100468
2.851518
1.873913
2.513101
2.149267
1.700466
2.669628
2.315809
2.459694
2.286888
2.259787
2.223773
1.620619
1.791340
2.386813
1.406691
2.291054
2.288017
2.043437
2.297787
1.865025
1.898490
1.795417
1.809760
3.486957
2.064584
1.511133
1.643930
1.752628
1.974395
1.859955
3.425467
1.485945
1.611197
1.741049
1.377337
2.575114
1.771173
3.144419
1.771963
1.596774
3.365049
3.002966
3.335341
2.632537
3.207803
2.793540
2.739337
4.067219
3.659094
4.823982
3.314588
2.771212
2.721226
2.519474
2.533960
3.119552
2.960563
2.795443
2.728475
2.267050
2.719578
2.777104
3.047705
3.191909
3.253739
2.673541
2.812695
2.986800
2.481912
2.670392
2.375640
2.666835
2.499932
2.727710
2.679793
2.050212
2.353396
2.688408
2.639687
2.790487
2.364294
2.190470
2.497301
2.077850
2.182306
2.303225
2.382557
2.316325
2.301766
2.585225
2.531965
2.410803
2.483155
2.485203
2.727209
3.205241
2.296089
2.424052
2.639031
2.862084
2.751742
2.794442
2.911131
2.799753
2.794346
2.521076
2.644615
2.402292
2.143183
2.099999
2.383173
3.078634
3.015670
3.204667
2.810661
2.851367
2.599216
2.761985
2.544227
2.476348
2.119481
2.251614
2.854766
2.524211
2.298403
2.440461
2.679680
2.934819
2.946017
3.142449
3.217684
1.986226
1.720237
2.209569
2.543406
2.463591
1.877733
2.210505
2.095398
2.806646
1.694896
2.194082
1.893095
2.366516
2.196239
2.345124
2.892860
1.744359
2.067907
2.397170
2.289396
2.746279
2.567936
2.317403
2.521161
1.984726
2.223317
1.837761
2.142521
2.223329
1.752298
1.042898
2.260585
3.392685
1.949417
3.222450
1.751841
3.376351
1.407260
2.255062
3.623127
0.842206
3.475533
1.593156
1.973470
3.456709
3.066325
2.157850
1.855964
3.138815
1.908609
2.384820
4.199667
2.340577
1.973633
2.297762
1.990247
2.401458
3.203696
1.681214
1.717749
0.884870
1.454314
2.757150
2.216256
2.056935
3.066559
2.724353
1.224411
2.489057
2.335186
2.087584
1.574611
2.264446
2.598352
1.379666
2.434098
2.239955
2.656136
3.605420
2.196878
3.052985
2.492431
1.361536
2.056227
0.939195
2.144234
0.738037
2.937703
2.472022
1.513294
1.639050
1.157318
1.492753
1.686054
2.470604
1.604339
1.275083
3.272058
2.262302
1.748895
1.946635
1.831107
2.027076
1.710562
1.941028
1.720891
1.869949
2.647929
0.841244
0.637044
1.762920
1.641033
2.245399
2.217403
2.664153
2.362153
1.637708
2.225867
1.839911
2.016435
1.816961
2.085510
1.484167
1.888175
2.405716
1.293902
2.064852
2.521008
1.528955
2.746522
2.477288
1.596549
1.527446
2.175799
2.013192
1.921087
1.291483
2.525208
2.290915
2.444584
1.671688
1.723897
1.372750
1.443840
2.011608
1.071435
2.485236
1.615109
1.870350
2.144950
1.712548
1.899996
2.129461
2.191379
1.785295
1.857639
0.795030
1.807402
1.801016
1.639491
1.284784
2.389972
2.501416
1.651906
2.057110
1.639341
1.502615
2.530633
1.328822
2.190359
1.916090
1.369531
1.835138
1.859707
1.810738
1.680288
1.226099
1.893090
1.716515
2.415541
1.804533
1.942120
1.671207
1.565941
2.468841
2.273536
1.317298
1.569233
1.823993
2.983387
1.644607
1.912558
2.054723
2.175487
1.733959
2.003218
1.841405
1.011028
2.166887
1.833146
1.006542
1.406562
1.551041
1.950528
1.637221
1.978151
1.502231
1.650252
1.343559
1.659232
1.227913
1.663869
1.401110
1.639349
1.167265
1.339513
1.817505
1.688441
1.169206
1.457283
1.191277
1.028974
1.530324
1.217909
1.433569
1.267322
1.293999
1.437577
0.793506
1.250136
1.539426
0.804688
1.567424
1.269145
1.261416
1.350968
1.049616
1.310607
0.980703
1.084334
2.286936
1.290912
0.948684
0.949824
1.167057
1.077191
1.345703
2.205470
0.931504
0.963260
1.068249
0.816292
1.634260
1.209923
2.197132
1.181277
1.058832
2.243925
1.921229
2.240370
1.633494
2.106358
1.749430
1.682617
2.783102
2.426042
3.486168
2.221102
1.690283
1.699859
1.586544
1.544193
2.064987
1.881537
1.781137
1.726698
1.381375
1.728905
1.759770
1.956704
2.105847
2.150507
1.717361
1.809687
1.956023
1.542405
1.723050
1.468581
1.720386
1.521337
1.708807
1.706629
1.204343
1.406903
1.675514
1.649608
1.767324
1.450305
1.341037
1.536543
1.259651
1.385478
1.437369
1.478151
1.395483
1.426818
1.643802
1.576120
1.494040
1.559424
1.563740
1.747888
2.106209
1.432545
1.483102
1.669702
1.831864
1.762545
1.778650
1.882987
1.792338
1.811075
1.630748
1.674729
1.494209
1.328045
1.312229
1.504532
2.039077
1.962070
2.130424
1.812926
1.807554
1.594946
1.770511
1.606705
1.572607
1.268286
1.325908
1.792365
1.561662
1.441278
1.512245
1.766246
1.913811
1.907428
2.116776
2.128274
1.196967
1.047494
1.405353
1.572423
1.611683
1.140928
1.407338
1.285167
1.829297
1.066545
1.358687
1.114308
1.479249
1.386879
1.485161
1.936483
1.031313
1.268057
1.561502
1.425297
1.795018
1.653245
1.472887
1.623937
1.296293
1.452246
1.138332
1.312281
1.431778
1.056230
0.519509
1.345949
2.376175
1.137288
2.156228
0.967720
2.286576
0.803264
1.434963
2.484396
0.685771
2.413682
0.865265
1.186103
2.360564
2.041160
1.339543
1.313069
2.175170
1.104961
1.693136
2.988768
1.446439
1.138127
1.456709
1.198785
1.503237
2.243240
1.001060
1.122110
0.749885
0.808677
1.809021
1.356801
1.224714
2.080059
1.807122
0.676823
1.621029
1.540697
1.332064
0.929382
1.425198
1.726093
0.728496
1.737173
1.410406
1.757949
2.533783
1.439004
2.057439
1.605403
0.744307
1.342972
0.455782
1.428218
0.597091
2.019599
1.648043
0.904229
1.003217
0.620687
0.932673
0.961140
1.716812
0.957822
0.766817
2.308255
1.580493
1.096528
1.239945
1.109105
1.285254
1.016353
1.235824
1.014823
1.240688
1.826182
0.502518
0.394893
1.106875
1.049752
1.603015
1.429331
1.817347
1.578656
1.036816
1.411996
1.145624
1.315186
1.211031
1.352178
1.073281
1.177153
1.609818
0.758670
1.385660
1.727603
0.934026
2.000540
1.704594
1.004292
0.950780
1.420539
1.302322
1.313109
0.759040
1.698181
1.496909
1.655096
1.094436
1.107710
0.783015
0.919483
1.344036
0.697725
1.693854
1.180781
1.182083
1.603899
1.036432
1.342680
1.405975
1.434806
1.131751
1.234766
0.767747
1.194312
1.119475
1.039613
0.757330
1.655073
1.779021
1.090014
1.347820
1.091629
0.936827
1.707088
0.948476
1.469046
1.276552
0.785086
1.314058
1.391387
1.178978
1.051799
0.794234
1.221898
1.139042
1.653572
1.189755
1.494724
1.120146
1.050944
1.691785
1.573479
0.946716
1.030581
1.277212
2.151723
1.051407
1.313498
1.402169
1.456366
1.089650
1.508834
1.239661
0.618284
1.467227
1.182289
0.622262
0.865407
1.054076
1.336641
1.016125
1.528248
0.932040
1.011046
0.827311
1.117675
0.766262
1.211336
0.869924
1.071834
0.720186
0.933538
1.163228
1.119063
0.944055
0.965811
0.771893
0.823314
0.971919
0.692674
0.962428
0.797895
0.865142
1.138306
0.469426
1.131457
1.192833
0.641718
1.318192
0.791789
0.962344
0.933051
0.724461
1.156922
0.654297
0.823826
1.672963
0.994778
0.807727
0.704812
1.012281
0.685386
1.237631
1.569945
0.792449
0.757119
0.841002
0.668972
1.202488
1.062535
1.762783
1.006852
0.931265
1.681191
1.387942
1.694238
1.157602
1.557749
1.238451
1.164871
2.091825
1.778055
2.754017
1.668825
1.154230
1.204766
1.154232
1.068951
1.541567
1.338584
1.284358
1.239447
0.977532
1.246798
1.261080
1.404185
1.558487
1.582681
1.256720
1.317728
1.443327
1.091718
1.263995
1.042819
1.261909
1.046808
1.200228
1.227365
0.819738
0.950609
1.172078
1.161576
1.251936
1.014454
0.950270
1.067151
0.892480
1.036494
1.035143
1.045318
0.952914
1.008610
1.182023
1.103923
1.051255
1.108540
1.114827
1.254288
1.524844
1.025066
1.021341
1.185670
1.299596
1.261528
1.255302
1.351368
1.276840
1.308060
1.196124
1.183535
1.049124
0.949091
0.954399
1.082074
1.491619
1.404458
1.558913
1.295823
1.256213
1.077219
1.255969
1.138171
1.125307
0.861750
0.861077
1.226410
1.063858
1.019855
1.043841
1.305713
1.372401
1.354684
1.567280
1.538314
0.826193
0.763469
1.021588
1.066087
1.196252
0.812080
1.025172
0.895108
1.318258
0.811603
0.953380
0.746859
1.029328
0.996040
1.059437
1.429699
0.705588
0.886198
1.152541
0.990290
1.295826
1.181740
1.050972
1.161637
0.988744
1.082072
0.826295
0.899630
1.044166
0.741084
0.329699
0.871503
1.821402
0.733060
1.565180
0.586308
1.677416
0.554571
1.029074
1.841415
0.769604
1.822535
0.523496
0.799156
1.743228
1.478182
0.930129
1.109189
1.653155
0.702761
1.372558
2.285967
0.974700
0.713354
1.025582
0.800839
1.027751
1.715807
0.688146
0.870537
0.841030
0.518153
1.297658
0.906974
0.796496
1.535995
1.310707
0.459207
1.161813
1.134856
0.955273
0.635616
0.983099
1.258709
0.426370
1.400246
0.976115
1.270049
1.920223
1.060716
1.501782
1.127615
0.467442
0.993154
0.279123
1.076131
0.670097
1.520114
1.211504
0.631454
0.707710
0.397421
0.693040
0.600301
1.334937
0.653384
0.567334
1.766822
1.249285
0.788129
0.889747
0.745751
0.908688
0.675204
0.881602
0.663039
0.943542
1.388548
0.421389
0.382106
0.791770
0.777136
1.292409
1.007855
1.351399
1.168075
0.755119
0.975892
0.796728
0.957554
0.926557
0.970748
0.929831
0.812213
1.182878
0.528937
1.044155
1.299928
0.656153
1.609821
1.290013
0.730212
0.681617
1.022524
0.936235
1.021102
0.522222
1.242710
1.069206
1.225724
0.823595
0.809202
0.504892
0.688129
1.002409
0.576078
1.264858
1.012025
0.827734
1.357057
0.688395
1.082545
1.022739
1.025355
0.799042
0.926921
0.900171
0.890511
0.768674
0.744894
0.514682
1.256931
1.395203
0.822439
0.975068
0.836703
0.664761
1.247651
0.817520
1.079812
0.948583
0.497767
1.072950
1.191251
0.859176
0.729545
0.617810
0.867971
0.856177
1.235792
0.874836
1.311566
0.852321
0.812949
1.259602
1.194850
0.813097
0.775266
1.013117
1.675755
0.754902
1.009519
1.059395
1.062900
0.750418
1.283640
0.936135
0.467826
1.085250
0.839107
0.471957
0.602656
0.825997
1.019809
0.694734
1.331712
0.644424
0.673750
0.579998
0.850045
0.557080
1.009782
0.607591
0.788214
0.521297
0.764985
0.814874
0.831290
0.914616
0.735065
0.594477
0.805444
0.688680
0.435751
0.746328
0.581185
0.679104
1.046267
0.362636
1.172987
1.064812
0.651153
1.266236
0.564802
0.869477
0.754256
0.611638
1.173225
0.539663
0.758013
1.343997
0.902870
0.830171
0.646050
1.026831
0.520369
1.283135
1.221526
0.814446
0.730882
0.797518
0.683040
1.003796
1.076846
1.563816
0.998004
0.962250
1.387622
1.116503
1.411454
0.926476
1.274820
0.980459
0.903615
1.698794
1.420715
2.330195
1.377774
0.879733
0.958741
0.953124
0.835592
1.272464
1.054227
1.033232
0.995643
0.794035
1.005065
1.009180
1.112961
1.272158
1.276320
1.028831
1.068885
1.179101
0.870003
1.034553
0.840376
1.033058
0.811123
0.936728
0.982787
0.645683
0.725328
0.913250
0.913340
0.981683
0.802436
0.770040
0.831176
0.730243
0.889352
0.847279
0.833556
0.735591
0.803299
0.948140
0.862582
0.832116
0.881611
0.889648
0.994925
1.201098
0.829998
0.788068
0.935185
1.011446
0.997196
0.972851
1.063437
1.001451
1.038579
0.977157
0.924230
0.824314
0.771667
0.793274
0.874864
1.188112
1.093683
1.238817
1.014717
0.949749
0.798542
0.975718
0.895993
0.896554
0.664483
0.618711
0.909244
0.793602
0.805222
0.798103
1.063939
1.069996
1.045045
1.256109
1.201552
0.650011
0.651981
0.834745
0.789071
0.988449
0.669412
0.840401
0.702877
1.038222
0.719979
0.752286
0.571314
0.791379
0.802868
0.842148
1.146237
0.556977
0.701275
0.947253
0.762584
1.020870
0.927783
0.832342
0.912295
0.854280
0.900364
0.691017
0.687466
0.848336
0.600180
0.280155
0.614327
1.501649
0.524465
1.219051
0.396119
1.317608
0.462499
0.822390
1.458345
0.924961
1.474795
0.362006
0.603541
1.375823
1.152298
0.718392
1.050892
1.354943
0.494292
1.223844
1.855477
0.713318
0.489133
0.795291
0.592960
0.763452
1.409339
0.545204
0.772342
0.997965
0.390026
1.007941
0.660307
0.566844
1.219533
1.027314
0.385780
0.906635
0.918629
0.760777
0.503597
0.738238
0.994649
0.285858
1.233434
0.737748
0.990252
1.549136
0.865963
1.174761
0.856796
0.346350
0.816883
0.233162
0.898184
0.806819
1.234509
0.968310
0.512669
0.570296
0.312837
0.597039
0.415079
1.134422
0.509062
0.502521
1.445678
1.084933
0.641397
0.711108
0.556265
0.710417
0.503358
0.696989
0.482274
0.801908
1.144167
0.440572
0.449981
0.638309
0.651739
1.138834
0.770263
1.080285
0.943501
0.622091
0.730600
0.615283
0.767411
0.792355
0.763080
0.898114
0.616886
0.942215
0.437180
0.866316
1.057266
0.526401
1.395862
1.055827
0.604633
0.555511
0.803152
0.739994
0.878482
0.420100
0.978260
0.827525
0.979668
0.695985
0.661890
0.373266
0.590178
0.820089
0.558397
1.020672
0.958130
0.637916
1.246017
0.501665
0.960983
0.809968
0.792122
0.623035
0.770785
1.069931
0.735453
0.581203
0.596240
0.403696
1.029549
1.181742
0.693527
0.770799
0.718665
0.531679
0.977986
0.791573
0.858793
0.773482
0.352764
0.961804
1.111751
0.691908
0.557406
0.553968
0.672440
0.714447
0.995200
0.706631
1.246077
0.719083
0.703878
1.006574
0.979360
0.779923
0.653719
0.883357
1.388427
0.602493
0.849622
0.871327
0.836420
0.563449
1.183183
0.778417
0.422536
0.865701
0.650069
0.423042
0.472831
0.723171
0.849864
0.521968
1.250319
0.494297
0.487769
0.460083
0.714122
0.464068
0.923043
0.474233
0.642723
0.435815
0.701979
0.621256
0.681164
0.958218
0.626893
0.525855
0.855950
0.539888
0.307642
0.649019
0.482274
0.603384
1.039019
0.346819
1.264745
1.030448
0.719669
1.290895
0.455881
0.861354
0.683829
0.588419
1.247142
0.514639
0.769247
1.159326
0.895043
0.906791
0.659886
1.099199
0.457110
1.376231
1.020558
0.889854
0.771516
0.824383
0.751568
0.913317
1.145838
1.474276
1.047927
1.045029
1.228426
0.973955
1.259369
0.812505
1.123813
0.846105
0.768007
1.463451
1.214217
2.071812
1.217580
0.734762
0.833728
0.860435
0.718758
1.129176
0.899144
0.902200
0.870268
0.712460
0.880204
0.878192
0.953204
1.116764
1.103017
0.913154
0.939148
1.037995
0.758276
0.916169
0.743545
0.915294
0.691575
0.794948
0.853289
0.568782
0.611695
0.775663
0.783118
0.834076
0.697605
0.687792
0.709249
0.661757
0.833135
0.760107
0.727927
0.626936
0.699737
0.825794
0.734925
0.721231
0.763843
0.773415
0.852689
1.011573
0.735825
0.666907
0.800850
0.847989
0.851871
0.813116
0.900103
0.847840
0.887254
0.863229
0.781442
0.707364
0.688870
0.723020
0.771613
1.011148
0.911533
1.050424
0.854428
0.770711
0.641985
0.815522
0.766613
0.775693
0.567839
0.487441
0.722625
0.639518
0.691807
0.664032
0.931650
0.892338
0.862804
1.070251
0.999562
0.565980
0.616227
0.742220
0.630133
0.882064
0.611990
0.750141
0.606093
0.877530
0.698192
0.650598
0.487014
0.660011
0.705378
0.727917
0.979065
0.490292
0.611074
0.841800
0.638560
0.862040
0.784869
0.714755
0.771465
0.798817
0.809365
0.636631
0.574606
0.746213
0.539608
0.286412
0.468731
1.307729
0.412764
1.005967
0.299101
1.094285
0.438171
0.714293
1.219026
1.084895
1.259780
0.286089
0.501935
1.146163
0.954260
0.605277
1.052329
1.175819
0.382374
1.155815
1.579438
0.561377
0.366289
0.667119
0.480050
0.609396
1.221691
0.481787
0.741694
1.157309
0.336558
0.835980
0.518682
0.438513
1.026237
0.857142
0.373513
0.757872
0.798401
0.656831
0.446630
0.595747
0.837655
0.221222
1.148996
0.600661
0.821371
1.313756
0.762662
0.972866
0.695659
0.296819
0.725747
0.239979
0.805875
0.947702
1.063419
0.826004
0.464612
0.507310
0.288624
0.564839
0.317124
1.025343
0.440928
0.494497
1.245699
1.001916
0.571936
0.617415
0.453859
0.602167
0.414852
0.597076
0.386549
0.734371
1.001322
0.492835
0.537143
0.563066
0.595155
1.061362
0.629324
0.914151
0.815430
0.559413
0.586073
0.517642
0.661927
0.729492
0.644728
0.910032
0.507822
0.799938
0.407142
0.770388
0.912668
0.466789
1.273452
0.916821
0.549071
0.496924
0.676839
0.630525
0.807998
0.379421
0.817028
0.684606
0.831530
0.636338
0.588173
0.311576
0.552868
0.718539
0.580013
0.875128
0.952115
0.532141
1.198140
0.397223
0.904918
0.686293
0.652638
0.526247
0.689688
1.230332
0.653979
0.477259
0.519365
0.354192
0.893001
1.057653
0.631159
0.654220
0.665370
0.465759
0.812247
0.806799
0.727018
0.676126
0.277739
0.911669
1.085930
0.601605
0.461562
0.538615
0.559350
0.642008
0.850187
0.612870
1.231764
0.651353
0.655415
0.851334
0.850609
0.786899
0.596328
0.818808
1.206681
0.522066
0.762425
0.763627
0.699718
0.455641
1.140841
0.694139
0.421025
0.733251
0.541394
0.416524
0.407872
0.679096
0.755176
0.425563
1.220971
0.413202
0.380721
0.401666
0.643245
0.424787
0.888832
0.404463
0.566301
0.402145
0.685003
0.509111
0.600402
1.022623
0.577099
0.505437
0.924478
0.458936
0.242803
0.607400
0.438755
0.577383
1.063064
0.366043
1.362280
1.034165
0.800357
1.340127
0.403586
0.884746
0.661904
0.600460
1.332169
0.525087
0.806655
1.050892
0.918542
0.992758
0.697636
1.183076
0.438777
1.474106
0.898986
0.974486
0.830994
0.873040
0.830516
0.873501
1.225355
1.435926
1.112123
1.135745
1.138763
0.896815
1.174462
0.755779
1.040507
0.774000
0.695744
1.315904
1.089618
1.907075
1.125536
0.655933
0.768987
0.819089
0.659362
1.050199
0.811131
0.831676
0.804100
0.678243
0.813803
0.808160
0.862105
1.029390
1.000422
0.852979
0.869505
0.959966
0.700691
0.853064
0.697441
0.852826
0.629892
0.715760
0.782127
0.536847
0.553323
0.700130
0.712756
0.750157
0.645186
0.651521
0.644607
0.636002
0.817192
0.720719
0.674394
0.571874
0.646036
0.759712
0.665058
0.664021
0.700849
0.711726
0.771303
0.895398
0.690399
0.602320
0.726244
0.751030
0.768687
0.718639
0.803265
0.758505
0.798293
0.802003
0.699491
0.644766
0.651002
0.694769
0.719652
0.903028
0.799709
0.934410
0.758777
0.661191
0.550366
0.719646
0.695273
0.709776
0.520459
0.413629
0.607837
0.547449
0.629572
0.588017
0.856239
0.783009
0.750594
0.953790
0.872962
0.526218
0.612503
0.695813
0.534746
0.826478
0.593181
0.705942
0.556439
0.781239
0.704478
0.598423
0.446761
0.584340
0.655295
0.666160
0.875570
0.461688
0.567214
0.786548
0.568293
0.766106
0.700983
0.649130
0.688305
0.779141
0.763013
0.618850
0.512521
0.691230
0.516002
0.311830
0.382823
1.184751
0.350685
0.869048
0.248607
0.949735
0.441608
0.656357
1.063459
1.225612
1.121070
0.251244
0.447798
0.996590
0.828698
0.542923
1.075495
1.063314
0.320173
1.125930
1.395806
0.469024
0.296527
0.592880
0.416289
0.515561
1.101466
0.455656
0.739631
1.296765
0.317194
0.729547
0.433761
0.363901
0.903050
0.750243
0.385218
0.667196
0.728694
0.599325
0.424422
0.508905
0.739892
0.192486
1.105387
0.518257
0.714710
1.158519
0.706300
0.843024
0.595489
0.279855
0.677487
0.265261
0.756812
1.071607
0.956593
0.738842
0.448683
0.479605
0.289444
0.560057
0.263814
0.963933
0.409454
0.508375
1.115948
0.959413
0.539826
0.566970
0.396532
0.540949
0.368393
0.540924
0.334366
0.702594
0.914240
0.550336
0.619783
0.526301
0.570876
1.021601
0.541733
0.807662
0.739466
0.530400
0.497225
0.463307
0.600897
0.700828
0.574252
0.936109
0.444353
0.712095
0.403767
0.716808
0.822605
0.440607
1.200452
0.830493
0.526539
0.470481
0.601063
0.567066
0.772982
0.366393
0.714437
0.596530
0.738327
0.609238
0.550986
0.283585
0.542601
0.659540
0.613116
0.784709
0.964238
0.470909
1.179547
0.336388
0.880032
0.611261
0.565476
0.470955
0.646654
1.366424
0.609942
0.417559
0.478667
0.333462
0.807221
0.982500
0.601188
0.585096
0.642799
0.432892
0.706249
0.835264
0.644908
0.619801
0.238001
0.890273
1.083137
0.551347
0.405973
0.542889
0.491048
0.604370
0.759166
0.558350
1.238306
0.616238
0.635462
0.752137
0.770225
0.807581
0.570006
0.786502
1.087195
0.478589
0.713153
0.699399
0.613646
0.390764
1.125392
0.647916
0.435848
0.649820
0.476354
0.426184
0.375170
0.662449
0.700442
0.369807
1.214541
0.367887
0.316558
0.373370
0.605340
0.410192
0.878277
0.366900
0.525309
0.391777
0.687047
0.441618
0.555654
1.086577
0.555260
0.505438
0.990884
0.413346
0.209677
0.591755
0.421256
0.573097
1.095463
0.395850
1.449280
1.051363
0.875125
1.392237
0.378789
0.916721
0.660830
0.623930
1.410427
0.547237
0.848868
0.984520
0.950590
1.071073
0.739122
1.260538
0.439358
1.561103
0.822259
1.051591
0.889847
0.923483
0.903062
0.857378
1.298483
1.421404
1.173147
1.217838
1.086386
0.853887
1.125300
0.727508
0.993081
0.734164
0.656286
1.219778
1.011483
1.798108
1.070484
0.611894
0.734961
0.802060
0.628852
1.005174
0.759237
0.792558
0.768325
0.665843
0.777488
0.769738
0.808221
0.978593
0.937099
0.820950
0.831075
0.915340
0.670390
0.818312
0.675954
0.818658
0.597662
0.669896
0.741539
0.525530
0.522900
0.657365
0.673654
0.700574
0.618850
0.636790
0.609501
0.629291
0.818225
0.704056
0.646930
0.543757
0.617400
0.722883
0.625523
0.634034
0.666132
0.678094
0.722805
0.821277
0.668795
0.567054
0.683389
0.691117
0.719208
0.660395
0.743478
0.704481
0.743713
0.768015
0.650558
0.610326
0.634540
0.685658
0.693431
0.834187
0.728226
0.860099
0.699278
0.591434
0.494687
0.659816
0.654736
0.672697
0.497515
0.370596
0.534439
0.490030
0.594087
0.543299
0.811519
0.712957
0.678736
0.877785
0.790603
0.507902
0.621095
0.672364
0.475124
0.796926
0.591230
0.684499
0.530557
0.721233
0.720330
0.571398
0.427982
0.538947
0.629200
0.631883
0.808727
0.450682
0.546286
0.757112
0.526932
0.705798
0.649781
0.611150
0.637138
0.775197
0.739073
0.617038
0.477225
0.660665
0.509088
0.340961
0.330168
1.103801
0.314889
0.777942
0.221866
0.852960
0.454921
0.624612
0.959055
1.341234
1.028451
0.236164
0.418259
0.895926
0.746222
0.507511
1.103917
0.989926
0.284428
1.114018
1.270123
0.410604
0.255532
0.548243
0.378898
0.456128
1.021504
0.446794
0.748491
1.411053
0.312980
0.661243
0.380793
0.318884
0.821744
0.680467
0.404429
0.609704
0.686641
0.566419
0.417997
0.453755
0.676543
0.180706
1.082459
0.466697
0.644716
1.052963
0.674716
0.756681
0.530822
0.277227
0.651351
0.294292
0.730137
1.173324
0.887483
0.683267
0.446825
0.468564
0.299434
0.566097
0.234000
0.928203
0.395678
0.528755
1.028925
0.937478
0.525816
0.539129
0.363326
0.505140
0.343614
0.508176
0.305123
0.688174
0.859129
0.602467
0.690107
0.508669
0.561655
1.000901
0.485056
0.736829
0.692757
0.517559
0.440532
0.432062
0.564134
0.688575
0.530555
0.964030
0.405938
0.655764
0.410905
0.685846
0.764319
0.430282
1.155236
0.774742
0.519355
0.459333
0.553879
0.528916
0.755649
0.365308
0.646785
0.540250
0.677452
0.597728
0.532221
0.271822
0.543768
0.623852
0.646275
0.726482
0.981525
0.434157
1.174253
0.299569
0.869938
0.563956
0.508918
0.438180
0.623384
1.476106
0.585473
0.382109
0.456637
0.326045
0.751211
0.935264
0.587120
0.542646
0.634667
0.416522
0.636185
0.865157
0.591745
0.585946
0.216485
0.882301
1.089329
0.522554
0.372448
0.553900
0.448151
0.584561
0.700022
0.525341
1.251985
0.597695
0.628743
0.686579
0.718097
0.830728
0.558739
0.770366
1.006184
0.454552
0.684326
0.659636
0.557465
0.350163
1.122051
0.621944
0.454970
0.595296
0.435961
0.440564
0.358739
0.658306
0.667680
0.336450
1.217539
0.341702
0.276651
0.359962
0.584565
0.406646
0.877910
0.346089
0.502922
0.391426
0.695932
0.399564
0.530153
1.142415
0.546729
0.513152
1.048171
0.386786
0.192700
0.587928
0.415772
0.577561
1.126883
0.425982
1.521296
1.071441
0.938233
1.438969
0.367411
0.947896
0.667831
0.648751
1.476326
0.570989
0.887559
0.942362
0.981842
1.136637
0.776673
1.325919
0.446997
1.633025
0.772052
1.116136
0.941107
0.968260
0.964014
0.852153
1.359984
1.417699
1.225197
1.286416
1.054747
0.829335
1.095873
0.713547
0.965260
0.711528
0.634257
1.155118
0.960847
1.723904
1.036278
0.586658
0.716890
0.796376
0.613114
0.978665
0.727535
0.770206
0.748533
0.663199
0.757070
0.748129
0.775258
0.948121
0.896543
0.803520
0.809283
0.888981
0.654135
0.798516
0.666431
0.799389
0.580702
0.642407
0.717523
0.523366
0.506888
0.632432
0.651332
0.670203
0.605661
0.631990
0.590005
0.630591
0.825574
0.698070
0.632761
0.529397
0.601666
0.701716
0.602417
0.618106
0.646429
0.659264
0.692784
0.772342
0.658890
0.547362
0.657965
0.652729
0.688709
0.623154
0.705218
0.670632
0.708922
0.748517
0.620250
0.590868
0.628203
0.684912
0.680306
0.788805
0.680942
0.810914
0.660901
0.545464
0.459680
0.621094
0.631034
0.651207
0.486770
0.344632
0.485966
0.452852
0.573075
0.516062
0.783999
0.666515
0.631181
0.826513
0.735368
0.499975
0.633247
0.660496
0.436517
0.780994
0.595988
0.674368
0.516885
0.682540
0.737800
0.557360
0.419671
0.510679
0.615451
0.612359
0.764039
0.447605
0.536743
0.741226
0.501692
0.666552
0.617408
0.588386
0.604463
0.777672
0.726580
0.621556
0.456509
0.643118
0.509345
0.367768
0.296773
1.048905
0.293495
0.715626
0.207500
0.786434
0.470320
0.606867
0.887231
1.432889
0.964912
0.230509
0.401771
0.826435
0.690469
0.486813
1.130861
0.940551
0.263201
1.110406
1.182246
0.372376
0.230662
0.520457
0.356153
0.417205
0.966746
0.445636
0.760404
1.501520
0.315053
0.616052
0.346594
0.290782
0.766528
0.633484
0.424144
0.571990
0.660328
0.546950
0.418388
0.417473
0.634111
0.176799
1.070197
0.433290
0.597350
0.979494
0.656563
0.697724
0.487738
0.280399
0.636891
0.321169
0.715322
1.253870
0.841436
0.646592
0.450596
0.465237
0.311635
0.575500
0.216883
0.906759
0.390362
0.549136
0.969032
0.926134
0.520500
0.523396
0.343444
0.483510
0.330233
0.488381
0.288297
0.682156
0.823115
0.646054
0.746898
0.500583
0.559269
0.989998
0.447129
0.688316
0.663097
0.512425
0.403194
0.413527
0.541142
0.684106
0.502464
0.989114
0.381835
0.618463
0.421246
0.667345
0.725389
0.427321
1.126263
0.737541
0.519009
0.455361
0.523520
0.505196
0.747204
0.368895
0.600876
0.503175
0.636454
0.593592
0.522841
0.267759
0.549164
0.601445
0.675310
0.687849
0.998583
0.411351
1.174694
0.276485
0.866733
0.533117
0.471055
0.418059
0.610586
1.562059
0.571502
0.360391
0.444458
0.324587
0.713478
0.904606
0.580868
0.515742
0.633097
0.408460
0.588618
0.891928
0.556218
0.564864
0.204581
0.880411
1.098201
0.505594
0.351483
0.566079
0.420266
0.574034
0.660479
0.504589
1.266779
0.587735
0.627928
0.642044
0.683207
0.851911
0.554662
0.762408
0.949953
0.440988
0.666894
0.634187
0.519695
0.323876
1.123788
0.607017
0.473398
0.558566
0.410048
0.454892
0.350590
0.659517
0.647421
0.315859
1.223785
0.326076
0.250998
0.353908
0.572900
0.407732
0.881480
0.334216
0.490486
0.394926
0.706314
0.372550
0.515212
1.188312
0.544382
0.522896
1.094909
0.370803
0.184049
0.589146
0.415582
0.584860
1.154031
0.452577
1.578641
1.090124
0.989078
1.477926
0.362568
0.974917
0.677139
0.671024
1.529375
0.592425
0.920124
0.914715
1.008953
1.189198
0.808009
1.378639
0.456408
1.690266
0.738207
1.167884
0.983157
1.005341
1.012964
0.851716
1.409412
1.418613
1.267316
1.341393
1.035033
0.814924
1.077666
0.706821
0.948481
0.698308
0.621689
1.110561
0.927109
1.672232
1.014298
0.571852
0.707231
0.795781
0.605011
0.962591
0.707521
0.757063
0.737356
0.664614
0.745265
0.735700
0.754454
0.929298
0.869738
0.793825
0.796613
0.872927
0.645239
0.786861
0.662678
0.788175
0.571761
0.625381
0.702810
0.524947
0.498393
0.617480
0.638256
0.650976
0.599162
0.631564
0.578949
0.634787
0.834465
0.696933
0.625432
0.522110
0.592751
0.689167
0.588474
0.609580
0.634909
0.648459
0.673549
0.739147
0.654701
0.536130
0.642420
0.627353
0.669290
0.598575
0.679976
0.648745
0.686004
0.736966
0.600848
0.579584
0.626521
0.687471
0.673852
0.758020
0.648799
0.777473
0.635366
0.514306
0.436996
0.595255
0.616794
0.638385
0.482091
0.328452
0.453094
0.428012
0.560163
0.498937
0.766483
0.634879
0.598847
0.791026
0.697412
0.497006
0.645273
0.654528
0.410753
0.772311
0.602797
0.669851
0.509584
0.656848
0.753733
0.550091
0.416413
0.492466
0.608164
0.600969
0.733324
0.447904
0.532808
0.732569
0.485766
0.640264
0.596288
0.574285
0.582925
0.782303
0.720007
0.628012
0.443970
0.632722
0.512323
0.390340
0.274956
1.010794
0.280265
0.672090
0.199682
0.739764
0.484641
0.596753
0.836868
1.504050
0.920416
0.229205
0.392357
0.777532
0.651929
0.474382
1.153975
0.906511
0.250204
1.110432
1.119800
0.346640
0.215112
0.502616
0.341845
0.390999
0.928385
0.447629
0.772049
1.571700
0.319287
0.585395
0.323865
0.272695
0.728204
0.601054
0.441671
0.546547
0.643310
0.535061
0.421382
0.392906
0.604940
0.176387
1.063538
0.410993
0.564522
0.927456
0.645872
0.656621
0.458297
0.285445
0.628721
0.343960
0.706920
1.316334
0.810010
0.621703
0.456108
0.465296
0.323179
0.585050
0.206796
0.893505
0.388987
0.567057
0.926987
0.920294
0.519236
0.514303
0.331159
0.470050
0.322936
0.475998
0.278352
0.680108
0.798938
0.680993
0.791473
0.497217
0.559791
0.984199
0.421064
0.654324
0.643727
0.510875
0.377945
0.402186
0.526268
0.683194
0.483838
1.009988
0.366209
0.593109
0.431610
0.655950
0.698699
0.427585
1.107151
0.712052
0.521404
0.454634
0.503420
0.489995
0.743233
0.373833
0.569004
0.478111
0.608161
0.592813
0.518260
0.267208
0.555560
0.586901
0.699187
0.661562
1.013451
0.396757
1.177297
0.261541
0.866589
0.512441
0.445053
0.405308
0.603438
1.628285
0.563300
0.346704
0.437581
0.325590
0.687392
0.884157
0.578393
0.498212
0.634295
0.404601
0.555641
0.914255
0.531846
0.551303
0.197854
0.881101
1.107032
0.495336
0.337934
0.577209
0.401605
0.568407
0.633409
0.491097
1.280265
0.582304
0.629519
0.611142
0.659258
0.869734
0.553914
0.758602
0.910208
0.433176
0.656016
0.617419
0.493684
0.306348
1.127316
0.598243
0.489330
0.533226
0.392941
0.467410
0.346671
0.662704
0.634517
0.302777
1.230538
0.316449
0.234032
0.351462
0.566189
0.410464
0.886133
0.327236
0.483499
0.399489
0.715996
0.354723
0.506227
1.224794
0.544744
0.532260
1.131883
0.360876
0.179705
0.592214
0.417493
0.592395
1.176205
0.474593
1.623279
1.105984
1.028967
1.509165
0.360845
0.997035
0.686236
0.689603
1.571001
0.610347
0.946341
0.896088
1.031155
1.230312
0.833075
1.420063
0.465369
1.734839
0.714840
1.208350
1.016536
1.034930
1.051283
0.853191
1.448133
1.421226
1.300427
1.384415
1.022369
0.806263
1.066056
0.703752
0.938081
0.690373
0.614378
1.079250
0.904105
1.635633
0.999767
0.562976
0.702052
0.797248
0.600897
0.952559
0.694519
0.749113
0.730888
0.667433
0.738252
0.728369
0.740947
0.917365
0.851549
0.788312
0.789042
0.862849
0.640291
0.779760
0.661627
0.781439
0.567073
0.614525
0.693492
0.527785
0.493876
0.608271
0.630398
0.638446
0.596049
0.632882
0.572542
0.639609
0.842896
0.697835
0.621654
0.518497
0.587536
0.681505
0.579806
0.604971
0.627984
0.642082
0.660853
0.716132
0.653251
0.529592
0.632640
0.610154
0.656569
0.581921
0.662889
0.634204
0.670483
0.729903
0.588062
0.572870
0.626850
0.691015
0.670844
0.736673
0.626451
0.754246
0.617948
0.492711
0.421909
0.577574
0.608015
0.630522
0.480376
0.318071
0.430314
0.410981
0.551949
0.487843
0.754988
0.612853
0.576397
0.765975
0.670832
0.496336
0.655781
0.651575
0.393142
0.767509
0.609629
0.668090
0.505654
0.639376
0.767136
0.546384
0.415533
0.480383
0.604279
0.594182
0.711736
0.449460
0.531573
0.727811
0.475406
0.622232
0.582154
0.565272
0.568341
0.787208
0.716537
0.634456
0.436147
0.626345
0.515990
0.408493
0.260336
0.983866
0.271819
0.641170
0.195380
0.706534
0.496810
0.590891
0.801033
1.558585
0.888762
0.229779
0.386868
0.742616
0.624803
0.466707
1.172831
0.882592
0.241998
1.111886
1.074906
0.328904
0.205132
0.490849
0.332571
0.372951
0.901076
0.450624
0.782194
1.625458
0.323878
0.564168
0.308373
0.260748
0.701154
0.578234
0.456227
0.528996
0.631986
0.527573
0.425031
0.375879
0.584469
0.177400
1.059873
0.395742
0.541320
0.890122
0.639411
0.627516
0.437764
0.290626
0.624027
0.362420
0.702053
1.364166
0.788150
0.604421
0.461648
0.466677
0.333069
0.593513
0.200704
0.885080
0.389326
0.581866
0.897018
0.917330
0.519725
0.508923
0.323346
0.461433
0.318925
0.468008
0.272318
0.679874
0.782339
0.708334
0.825846
0.496131
0.561379
0.981101
0.402766
0.630112
0.630759
0.510907
0.360511
0.395054
0.516367
0.683801
0.471170
1.026674
0.355797
0.575507
0.440768
0.648714
0.680038
0.429104
1.094225
0.694227
0.524618
0.455261
0.489804
0.479984
0.741495
0.378713
0.546494
0.460832
0.588262
0.593448
0.516133
0.268119
0.561576
0.577178
0.718162
0.643318
1.025646
0.387168
1.180445
0.251593
0.867654
0.498252
0.426849
0.396980
0.599386
1.678778
0.558349
0.337845
0.433615
0.327437
0.669029
0.870200
0.577709
0.486507
0.636462
0.402850
0.532392
0.932166
0.514798
0.542331
0.193967
0.882717
1.114793
0.488968
0.328927
0.586570
0.388809
0.565397
0.614535
0.482064
1.291651
0.579287
0.631871
0.589327
0.642478
0.884082
0.554580
0.756885
0.881743
0.428588
0.649026
0.606097
0.475439
0.294362
1.131127
0.592978
0.502376
0.515401
0.381370
0.477693
0.344897
0.666312
0.626069
0.294239
1.236681
0.310343
0.222539
0.350729
0.562225
0.413515
0.890655
0.323008
0.479514
0.403915
0.724242
0.342686
0.500681
1.253226
0.546141
0.540368
1.160578
0.354530
0.177602
0.595657
0.420005
0.599124
1.193749
0.492193
1.657556
1.118836
1.059757
1.533632
0.360548
1.014586
0.694204
0.704508
1.603145
0.624747
0.966908
0.883263
1.048792
1.261983
0.852641
1.452085
0.473074
1.769060
0.698417
1.239526
1.042499
1.058016
1.080795
0.855234
1.477994
1.424215
1.325983
1.417577
1.014052
0.800925
1.058470
0.702500
0.931484
0.685492
0.610035
1.056924
0.888127
1.609378
0.989893
0.557518
0.699300
0.799373
0.598851
0.946117
0.685850
0.744172
0.727071
0.670463
0.733966
0.723967
0.731980
0.909620
0.838948
0.785096
0.784416
0.856369
0.637476
0.775279
0.661756
0.777273
0.564642
0.607405
0.687406
0.530775
0.491486
0.602449
0.625562
0.630071
0.594656
0.634727
0.568754
0.644091
0.850125
0.699435
0.619727
0.516784
0.584366
0.676685
0.574267
0.602468
0.623691
0.638221
0.652259
0.699881
0.653054
0.525704
0.626316
0.598237
0.648025
0.570394
0.651064
0.624313
0.659723
0.725443
0.579421
0.568767
0.627929
0.694520
0.669554
0.721594
0.610658
0.737832
0.605808
0.477491
0.411654
0.565216
0.602476
0.625566
0.480060
0.311239
0.414254
0.399065
0.546558
0.480481
0.747257
0.597260
0.560538
0.748021
0.651939
0.496648
0.664442
0.650160
0.380858
0.764861
0.615656
0.667625
0.503520
0.627252
0.777927
0.544546
0.415693
0.472164
0.602207
0.590030
0.696326
0.451297
0.531581
0.725185
0.468491
0.609632
0.572470
0.559347
0.558261
0.791626
0.714696
0.640147
0.431134
0.622328
0.519505
0.422721
0.250324
0.964565
0.266271
0.618964
0.192991
0.682591
0.506673
0.587437
0.775259
1.600039
0.865968
0.231038
0.383601
0.717410
0.605463
0.461865
1.187763
0.865541
0.236692
1.113742
1.042331
0.316452
0.198554
0.482887
0.326392
0.360288
0.881361
0.453676
0.790530
1.666299
0.328056
0.549247
0.297605
0.252652
0.681790
0.561938
0.467912
0.516659
0.624268
0.522731
0.428523
0.363861
0.569864
0.178829
1.057822
0.385095
0.524703
0.863067
0.635423
0.606653
0.423220
0.295249
0.621253
0.376969
0.699185
1.400479
0.772703
0.592219
0.466569
0.468412
0.341106
0.600534
0.196930
0.879595
0.390315
0.593696
0.875408
0.915874
0.520871
0.505662
0.318238
0.455787
0.316703
0.462713
0.268560
0.680395
0.770742
0.729393
0.852067
0.496102
0.563193
0.979426
0.389717
0.612639
0.621906
0.511560
0.348261
0.390440
0.509602
0.684929
0.462359
1.039686
0.348686
0.563078
0.448367
0.643981
0.666780
0.430945
1.085302
0.681543
0.527795
0.456343
0.480375
0.473237
0.740861
0.382968
0.530372
0.448681
0.574062
0.594569
0.515239
0.269519
0.566731
0.570513
0.732928
0.630454
1.035327
0.380709
1.183431
0.244822
0.869074
0.488333
0.413893
0.391399
0.597057
1.717026
0.555277
0.331968
0.431259
0.329368
0.655894
0.860500
0.577811
0.478536
0.638749
0.402137
0.515796
0.946213
0.502670
0.536248
0.191677
0.884495
1.121209
0.484917
0.322779
0.594114
0.379871
0.563781
0.601181
0.475862
1.300846
0.577569
0.634240
0.573733
0.630540
0.895339
0.555732
0.756202
0.861141
0.425838
0.644403
0.598294
0.462457
0.286011
1.134627
0.589761
0.512732
0.502700
0.373375
0.485848
0.344180
0.669661
0.620412
0.288550
1.241876
0.306351
0.214591
0.350774
0.559828
0.416322
0.894592
0.320365
0.477202
0.407757
0.730933
0.334401
0.497165
1.275089
0.547791
0.547003
1.182590
0.350361
0.176634
0.598855
0.422469
0.604756
1.207382
0.505966
1.683636
1.128946
1.083271
1.552519
0.360860
1.028214
0.700771
0.716169
1.627707
0.636034
0.982792
0.874267
1.062508
1.286143
0.867690
1.476574
0.479380
1.795109
0.686678
1.263299
1.062448
1.075787
1.103314
0.857253
1.500781
1.426978
1.345502
1.442896
