12.949751
12.891194
12.822683
12.779025
13.117135
12.679999
13.000996
12.552559
13.188415
12.638708
12.432838
13.256550
12.908889
12.585504
12.592822
12.599974
12.634592
12.469372
12.494703
12.126788
12.138840
12.608496
12.729597
12.940924
12.265771
12.035431
12.406284
12.521609
11.920642
11.868571
11.927777
11.826013
12.534164
12.091820
11.846958
11.896267
12.177170
12.366949
12.373574
12.154780
11.843997
11.720354
12.062469
11.765202
12.095498
11.844922
11.725437
11.965056
11.143710
11.905188
11.777961
11.821692
11.555527
11.688958
11.542607
11.750062
11.644026
11.836557
11.866753
11.586934
11.626741
11.517282
11.601733
11.621842
11.270855
11.213323
11.585861
11.608500
11.192599
11.358627
11.797722
11.309008
11.203191
11.476423
11.340285
11.248165
11.707851
11.109918
11.761745
11.324319
11.502957
11.223439
11.493073
10.692663
10.626325
11.321095
10.954041
10.961836
11.126590
10.555788
11.326391
10.901358
10.905530
10.730438
11.058691
11.259410
11.356294
10.955654
10.763493
11.037362
10.758440
11.254924
10.768804
10.694875
10.831758
11.227126
10.338524
10.236241
11.057396
11.147346
10.645535
10.716684
10.814752
10.552984
10.566750
10.441072
10.414531
10.899218
10.549735
10.312097
10.385117
10.240493
10.857539
10.501415
10.147187
10.587124
10.516209
10.573365
10.351398
10.793677
10.852476
10.335726
10.371725
10.514354
10.522181
10.447231
10.512119
10.567581
10.718318
10.259510
10.214416
10.195210
10.631586
10.142363
10.550530
10.346052
10.033578
10.218643
9.747924
10.271401
10.186127
10.125379
9.938792
10.599379
10.135518
10.319435
10.192232
9.736899
10.292009
9.892017
9.720161
9.800289
9.870767
9.583342
9.551423
9.642294
9.692136
9.731936
9.588073
9.887764
10.123502
9.955042
9.771833
9.750755
9.773980
9.964216
9.809895
9.389443
10.141064
9.423223
9.817036
9.611508
9.383312
9.452970
9.694612
9.866631
9.592793
9.793498
9.616995
9.553072
9.767161
9.679848
9.355504
9.667577
9.678473
9.282775
9.491735
9.296674
9.540486
9.177468
9.023624
9.555401
9.088755
8.978947
8.868792
8.903214
9.733154
8.964592
9.425947
9.308381
8.976189
9.140714
8.901257
8.716556
9.022636
9.201920
9.418193
9.073660
8.994290
9.011727
9.154380
8.763390
9.389386
8.646205
9.252955
9.061277
8.803518
8.743624
8.868761
9.249560
8.645029
8.826525
8.932094
9.002232
8.935768
8.518841
8.643947
9.143897
8.557724
8.945037
8.771411
8.632745
8.590809
8.734444
8.481938
8.592793
8.818241
8.431849
8.566468
8.929509
8.469274
8.260542
8.223499
8.688118
8.401713
8.934363
8.706141
8.334317
8.912659
8.653710
8.352720
8.273375
8.300384
8.171998
8.454991
8.619623
8.200365
8.202054
8.312220
8.431941
8.671562
7.888784
8.727381
8.036496
8.329626
8.482635
8.060435
8.086574
8.454678
8.099846
8.312411
8.451698
8.088557
8.274756
8.244720
8.021462
8.294030
8.544556
8.164573
7.979632
8.224624
7.648981
8.113070
8.308756
8.223622
8.324541
7.977382
7.876231
7.967746
8.053978
7.799835
7.745730
7.857092
7.596675
8.303492
7.647905
7.739807
8.321258
8.017863
8.275168
7.972614
7.855559
8.061882
7.667089
7.826761
7.943563
7.824843
7.811753
7.687473
8.050775
7.563022
7.641760
7.670932
8.001845
7.402885
7.619690
8.003322
7.621202
7.885967
7.613790
7.507810
7.657511
7.733810
7.546726
7.049010
7.885261
7.577739
7.472432
7.394367
7.396429
7.752956
7.508680
7.388525
7.292188
7.341052
7.495574
7.122797
7.672577
7.650449
7.590423
7.531985
7.485810
7.740769
7.410797
7.645156
7.299874
7.783627
7.344685
7.202763
7.826427
7.568322
7.324788
7.318587
7.323994
7.358750
7.230433
7.252372
6.979397
6.997843
7.344252
7.432279
7.604090
7.097112
6.931168
7.209188
7.305129
6.843389
6.822333
6.848266
6.798011
7.313335
6.981794
6.820827
6.852887
7.060581
7.203662
7.215064
7.055937
6.827074
6.734855
6.991046
6.775407
7.034450
6.838101
6.752153
6.935654
6.317872
6.911960
6.812079
6.847392
6.637466
6.761631
6.643791
6.800996
6.730031
6.865292
6.898148
6.697944
6.720263
6.651755
6.707691
6.720699
6.485690
6.430041
6.703609
6.736708
6.426095
6.569934
6.913131
6.525597
6.455312
6.669354
6.570289
6.483991
6.841827
6.394124
6.896361
6.559697
6.690438
6.491337
6.703023
6.102174
6.056052
6.578913
6.305492
6.316050
6.443542
6.020632
6.594295
6.281226
6.291539
6.164435
6.418113
6.573026
6.637817
6.337270
6.207255
6.397820
6.217435
6.581453
6.221519
6.160534
6.285411
6.597002
5.929131
5.842458
6.454802
6.530606
6.145370
6.199606
6.279041
6.084970
6.105432
6.018054
6.004323
6.355770
6.099652
5.941861
5.990573
5.889894
6.339709
6.088038
5.809308
6.156319
6.098035
6.141789
5.979581
6.324509
6.364351
5.972675
6.009714
6.114143
6.126544
6.077820
6.112261
6.172103
6.289486
5.947365
5.911886
5.915911
6.231547
5.863925
6.171504
6.034991
5.805555
5.939984
5.604436
5.977680
5.922001
5.888140
5.739764
6.252723
5.895462
6.038131
5.942783
5.600359
6.046687
5.720733
5.595090
5.664758
5.719500
5.511498
5.485129
5.547027
5.615288
5.622128
5.541842
5.751774
5.941437
5.803986
5.674176
5.668667
5.683657
5.816694
5.714166
5.407780
5.966490
5.424932
5.731290
5.579085
5.408378
5.457613
5.643693
5.785672
5.573015
5.732910
5.621117
5.553526
5.713868
5.664038
5.406242
5.648648
5.655624
5.378661
5.524058
5.388340
5.570913
5.305276
5.191230
5.577245
5.243546
5.148717
5.082910
5.107689
5.748371
5.154941
5.498607
5.426586
5.183366
5.302886
5.128787
4.990809
5.219597
5.371703
5.517471
5.262651
5.208032
5.220891
5.325681
5.064607
5.508995
4.955323
5.415679
5.266339
5.081627
5.050828
5.144206
5.432549
4.971952
5.115378
5.189531
5.251543
5.206093
4.896592
5.007206
5.369866
4.947589
5.230214
5.105440
4.991734
4.967036
5.073677
4.895438
4.973399
5.139503
4.876112
4.968531
5.227872
4.901060
4.737731
4.717240
5.071575
4.853138
5.248700
5.090792
4.812387
5.250096
5.052588
4.834424
4.777456
4.787318
4.703067
4.931011
5.039485
4.735821
4.736378
4.820319
4.911245
5.096525
4.503804
5.138103
4.632512
4.860544
4.977602
4.648571
4.671885
4.950468
4.679723
4.857782
4.951571
4.694185
4.829506
4.804440
4.643928
4.850860
5.037426
4.746751
4.618613
4.804063
4.392659
4.719672
4.867532
4.819114
4.895105
4.635883
4.566892
4.611073
4.697708
4.512831
4.466012
4.558343
4.359252
4.894339
4.407540
4.475112
4.915901
4.692064
4.891252
4.655462
4.578151
4.741564
4.432316
4.553627
4.643799
4.561916
4.553794
4.476125
4.743403
4.386592
4.442184
4.469285
4.708053
4.259694
4.420750
4.724958
4.431861
4.646147
4.425523
4.347042
4.476655
4.536617
4.385993
4.014299
4.648642
4.426687
4.343802
4.288186
4.285083
4.568563
4.378891
4.296622
4.224355
4.253577
4.385256
4.102094
4.515515
4.508561
4.458754
4.418574
4.379531
4.578520
4.338156
4.512201
4.251487
4.623502
4.273426
4.183856
4.657886
4.470679
4.290127
4.275398
4.280914
4.316913
4.217489
4.237476
4.036963
4.060441
4.313401
4.376242
4.517852
4.137947
4.020283
4.227375
4.307859
3.950846
3.952384
3.952226
3.939970
4.308346
4.059583
3.960967
3.978822
4.129938
4.236479
4.250252
4.134990
3.966802
3.897028
4.086911
3.931665
4.135465
3.978754
3.916793
4.056474
3.591218
4.056926
3.976748
4.004292
3.835468
3.950835
3.853951
3.971272
3.925394
4.015930
4.049370
3.907922
3.915587
3.876610
3.909560
3.915774
3.766999
3.711359
3.908673
3.948258
3.715812
3.841464
4.110726
3.798264
3.753418
3.921295
3.848840
3.765531
4.044951
3.709407
4.097148
3.835239
3.928373
3.788660
3.955134
3.503744
3.471517
3.863015
3.658988
3.670242
3.768176
3.455675
3.879071
3.649259
3.662835
3.570622
3.766545
3.885458
3.924618
3.698367
3.613963
3.740191
3.632927
3.895444
3.629539
3.576983
3.691415
3.938719
3.436035
3.359756
3.812896
3.876664
3.578207
3.618315
3.682333
3.538098
3.562288
3.502532
3.497137
3.746552
3.559689
3.460922
3.489948
3.421150
3.743248
3.569224
3.346248
3.621701
3.571658
3.603967
3.485633
3.755665
3.779882
3.481449
3.517980
3.592239
3.606804
3.576616
3.586752
3.648618
3.739503
3.484306
3.454818
3.475129
3.698214
3.421246
3.651508
3.565110
3.397173
3.492061
3.257453
3.515844
3.481277
3.466487
3.345743
3.745846
3.467917
3.578155
3.505640
3.247323
3.610168
3.338947
3.247002
3.307525
3.349136
3.199942
3.176536
3.215301
3.296249
3.276962
3.243510
3.384365
3.537975
3.422756
3.332095
3.337139
3.344693
3.433280
3.368693
3.147334
3.559011
3.149507
3.388543
3.275460
3.147019
3.179619
3.322503
3.440583
3.272987
3.400847
3.336812
3.265234
3.383772
3.361123
3.152429
3.340998
3.343833
3.155453
3.251629
3.159607
3.294722
3.101534
3.016413
3.291080
3.056719
2.972062
2.938615
2.954965
3.451421
2.989235
3.242788
3.204049
3.026943
3.111295
2.985465
2.881673
3.050894
3.181316
3.272656
3.084524
3.047487
3.055760
3.130800
2.966844
3.272791
2.861258
3.209825
3.091376
2.960772
2.950855
3.019109
3.236455
2.883561
2.997100
3.046399
3.101169
3.070502
2.841113
2.939665
3.197452
2.897964
3.100379
3.011436
2.915531
2.902766
2.980350
2.857170
2.909181
3.029349
2.857867
2.917301
3.097180
2.870161
2.740080
2.731031
3.000928
2.832808
3.123673
3.017856
2.809012
3.139355
2.987233
2.830626
2.789522
2.785367
2.733431
2.918713
2.983685
2.766359
2.765023
2.828094
2.896212
3.039369
2.589290
3.068112
2.701566
2.879351
2.968200
2.708576
2.728725
2.938610
2.730408
2.881364
2.939727
2.761274
2.857117
2.834793
2.720700
2.877000
3.014206
2.790035
2.703828
2.843264
2.555012
2.777400
2.888105
2.866444
2.922585
2.728849
2.683184
2.690581
2.776531
2.643025
2.600728
2.677686
2.523970
2.928249
2.568066
2.616265
2.949741
2.785070
2.939345
2.753058
2.704817
2.834823
2.589272
2.680615
2.749691
2.694692
2.689360
2.645944
2.839691
2.580913
2.618050
2.642630
2.810786
2.475323
2.593287
2.836503
2.609758
2.784949
2.602340
2.543704
2.657189
2.703861
2.579865
2.302499
2.783269
2.625067
2.558199
2.518624
2.510684
2.738062
2.588701
2.534145
2.479150
2.492602
2.606091
2.389751
2.699178
2.702777
2.659780
2.632488
2.597928
2.753693
2.580161
2.707703
2.510014
2.796656
2.512855
2.461959
2.821968
2.687460
2.553628
2.531553
2.536255
2.572300
2.493832
2.511452
2.364827
2.391223
2.572654
2.615569
2.733468
2.448742
2.366696
2.519277
2.587358
2.308492
2.326276
2.305481
2.321087
2.577498
2.390438
2.338082
2.344336
2.451825
2.529879
2.544581
2.461615
2.338432
2.284770
2.423677
2.313228
2.474418
2.346819
2.302139
2.407847
2.057043
2.425471
2.371089
2.379518
2.240918
2.349442
2.266123
2.353285
2.325530
2.381425
2.414469
2.316607
2.312361
2.294881
2.309624
2.309871
2.225475
2.169001
2.307849
2.351513
2.177339
2.288393
2.500974
2.244446
2.218012
2.350177
2.297019
2.215159
2.434494
2.182925
2.483304
2.277118
2.340998
2.245377
2.376868
2.037666
2.015137
2.306532
2.154165
2.165150
2.239933
2.010117
2.319123
2.151460
2.166708
2.100094
2.251569
2.342474
2.361471
2.190601
2.139889
2.216701
2.163936
2.348943
2.153339
2.106383
2.212113
2.408745
2.996431
2.923454
3.343585
3.405667
3.126384
3.164151
3.225486
3.092279
3.117685
3.064118
3.060816
3.289052
3.116969
3.030791
3.055831
2.993870
3.289317
3.131622
2.920362
3.180906
3.132607
3.162534
3.053353
3.307735
3.328659
3.049636
3.086004
3.153916
3.168864
3.142462
3.147452
3.209657
3.294923
3.057742
3.029399
3.052999
3.256705
2.998499
3.212551
3.136477
2.981223
3.067760
2.854040
3.088401
3.058107
3.047163
2.932045
3.308533
3.046986
3.150348
3.082456
2.841517
3.186859
2.926901
2.841838
2.900326
2.939074
2.801983
2.779070
2.812891
2.896354
2.871488
2.847653
2.974003
3.119985
3.009257
2.926616
2.933722
2.939599
3.018806
2.961986
2.758189
3.139139
2.756988
2.981899
2.876815
2.757038
2.786045
2.919815
3.032792
2.874445
2.995507
2.941268
2.868748
2.978456
2.961282
2.814255
2.939971
2.941814
2.771744
2.857545
2.774487
2.899600
2.721363
2.642147
2.893504
2.679691
2.597022
2.570195
2.584647
3.050972
2.615974
2.850647
2.818713
2.655242
2.732152
2.616243
2.519437
2.676141
2.801926
2.881820
2.707443
2.673938
2.681139
2.749867
2.606010
2.883013
2.500937
2.826119
2.713979
2.594514
2.588823
2.651727
2.854179
2.523576
2.630774
2.674778
2.727928
2.700212
2.487376
2.583310
2.819146
2.545139
2.730691
2.649108
2.556760
2.546375
2.617794
2.505956
2.552449
2.662941
2.510472
2.562920
2.726149
2.519781
2.396501
2.389715
2.641927
2.484159
2.753125
2.658034
2.463547
2.771433
2.628641
2.484730
2.446815
2.439631
2.394303
2.570592
2.626401
2.426925
2.425069
2.483695
2.546957
2.681237
2.260728
2.707086
2.369360
2.536577
2.619447
2.374153
2.393532
2.589009
2.393713
2.538919
2.589798
2.427660
2.515177
2.493310
2.388769
2.534425
2.661254
2.450809
2.373220
2.502969
2.240237
2.440745
2.543607
2.527407
2.579319
2.399090
2.358174
2.357811
2.443509
2.320592
2.279119
2.352776
2.208393
2.585347
2.251404
2.295466
2.606504
2.454042
2.598864
2.422771
2.380473
2.503423
2.271022
2.356025
2.420603
2.371099
2.366242
2.329854
2.508194
2.269712
2.302901
2.326852
2.480213
2.168138
2.277032
2.507455
2.294415
2.461374
2.286566
2.231958
2.341985
2.385791
2.267230
2.009393
2.458104
2.313069
2.249431
2.213093
2.204047
2.419671
2.278570
2.229684
2.178186
2.188260
2.297861
2.095328
2.383014
2.388708
2.347035
2.322323
2.288593
2.435268
2.275547
2.393310
2.208636
2.477418
2.207306
2.164364
2.500546
2.376908
2.252702
2.229002
2.233429
2.269391
2.195189
2.212224
2.076713
2.103621
2.270073
2.308747
2.421610
2.156602
2.081871
2.223024
2.288414
2.025715
2.046788
2.021602
2.042916
2.275928
2.101609
2.058799
2.062540
2.160852
2.232887
2.247689
2.171355
2.057439
2.007041
2.135244
2.034026
2.186254
2.064618
2.023447
2.121992
1.794917
2.143099
2.078941
2.098255
1.965863
2.072830
1.992376
2.073078
2.049009
2.097600
2.130472
2.041589
2.034776
2.021675
2.032541
2.031460
1.960365
1.903632
2.030225
2.074649
1.912510
2.020532
2.221134
1.976155
1.953467
2.078114
2.028888
1.947233
2.153981
1.919798
2.201912
2.007229
2.064938
1.978404
2.102528
1.786587
1.765989
2.036470
1.894765
1.905605
1.975496
1.762787
2.047904
1.893091
1.908599
1.847227
1.989370
2.074361
2.089072
1.929643
1.885862
1.952304
1.910795
2.079586
1.898536
1.852651
1.956537
2.144248
1.791137
1.723454
2.030189
2.081949
1.861735
1.887928
1.936858
1.837132
1.863722
1.828190
1.829438
1.984636
1.860020
1.814191
1.824214
1.783582
1.988007
1.883909
1.710869
1.919989
1.876486
1.897361
1.818114
2.018762
2.027726
1.813479
1.848560
1.894300
1.909870
1.895639
1.882608
1.945359
2.011070
1.834300
1.809317
1.843543
1.981144
1.786005
1.944701
1.903117
1.790391
1.848213
1.704824
1.857390
1.841159
1.842840
1.746388
2.042478
1.836058
1.915735
1.863134
1.680694
1.966347
1.744210
1.682094
1.733331
1.762020
1.665605
1.643981
1.660697
1.752318
1.708227
1.716632
1.793482
1.913255
1.817416
1.761598
1.775366
1.775215
1.822296
1.791455
1.646836
1.923327
1.633524
1.810192
1.731918
1.641174
1.657684
1.760223
1.855580
1.728245
1.825949
1.804638
1.728534
1.807999
1.809296
1.644550
1.783070
1.781240
1.672888
1.723223
1.670228
1.761121
1.633228
1.573662
1.745747
1.601242
1.525000
1.520258
1.528016
1.891897
1.548705
1.719097
1.709892
1.592309
1.643685
1.561082
1.487647
1.601615
1.711382
1.752161
1.624083
1.602250
1.605489
1.652515
1.576410
1.755076
1.472512
1.718143
1.627067
1.545039
1.553354
1.597823
1.749500
1.494133
1.579543
1.605312
1.652643
1.634645
1.477596
1.564321
1.725493
1.537378
1.665653
1.608637
1.528131
1.525472
1.575705
1.501988
1.529507
1.606892
1.518542
1.547041
1.653542
1.516854
1.416330
1.416926
1.608905
1.485931
1.680386
1.621343
1.475227
1.706717
1.595248
1.494068
1.466660
1.448916
1.425701
1.571230
1.595689
1.456424
1.452566
1.495797
1.542303
1.646213
1.325619
1.661675
1.421333
1.552453
1.614766
1.417755
1.434238
1.580617
1.428763
1.554195
1.579440
1.472307
1.531330
1.510744
1.438283
1.547582
1.638953
1.474755
1.426087
1.522740
1.346204
1.472286
1.548305
1.550328
1.587607
1.452912
1.427801
1.400862
1.485436
1.398106
1.359190
1.421369
1.308346
1.592429
1.347140
1.376909
1.611642
1.500274
1.612796
1.470983
1.448559
1.547325
1.359219
1.422467
1.471547
1.440377
1.436868
1.424021
1.549887
1.379917
1.399476
1.421035
1.523986
1.290910
1.368804
1.555606
1.388745
1.527520
1.378916
1.337696
1.435742
1.469573
1.369181
1.177261
1.517070
1.416396
1.363452
1.337825
1.324769
1.500225
1.386963
1.357019
1.317111
1.315470
1.411651
1.255650
1.469408
1.481955
1.444494
1.428282
1.397126
1.512736
1.399554
1.483943
1.343131
1.551125
1.327168
1.310917
1.566120
1.479062
1.387222
1.357765
1.361053
1.396466
1.336463
1.351253
1.253175
1.281569
1.397008
1.421063
1.516637
1.318178
1.267998
1.370152
1.426173
1.218070
1.250020
1.209735
1.250132
1.403628
1.272270
1.261522
1.256522
1.323507
1.374901
1.389804
1.335692
1.252962
1.213372
1.305073
1.234895
1.356523
1.254873
1.225335
1.299372
1.052463
1.331293
1.276266
1.290292
1.178676
1.280021
1.209162
1.267722
1.255898
1.279520
1.311577
1.252893
1.237143
1.238666
1.236160
1.230339
1.204106
1.146258
1.231091
1.277861
1.156284
1.253507
1.413589
1.207527
1.197299
1.296238
1.260098
1.178944
1.342793
1.167309
1.387292
1.231382
1.267949
1.211985
1.310929
1.073584
1.059309
1.258687
1.152895
1.163032
1.216094
1.061172
1.265114
1.153615
1.169796
1.125963
1.236256
1.300994
1.300980
1.180098
1.159576
1.190665
1.187085
1.300718
1.168744
1.126305
1.223580
1.375692
1.111241
1.046693
1.267522
1.311824
1.136839
1.154471
1.194142
1.119951
1.147502
1.125667
1.130341
1.230115
1.141397
1.126014
1.124518
1.099870
1.235189
1.171467
1.027140
1.197104
1.156984
1.170752
1.113881
1.273601
1.273233
1.107694
1.141508
1.170163
1.185890
1.180542
1.153564
1.216403
1.266997
1.135575
1.112800
1.154721
1.242001
1.094205
1.210707
1.194862
1.113939
1.149709
1.059137
1.149522
1.143580
1.154448
1.071758
1.306715
1.141626
1.203057
1.161663
1.023098
1.263293
1.069352
1.024287
1.069673
1.090409
1.024389
1.003397
1.006834
1.104280
1.045311
1.077736
1.116819
1.216435
1.131505
1.095620
1.114078
1.109030
1.131482
1.119935
1.019715
1.216892
0.996559
1.136421
1.078073
1.008937
1.015658
1.094250
1.175947
1.071717
1.151429
1.154664
1.075524
1.131792
1.146668
1.007194
1.116106
1.111163
1.049134
1.072320
1.041723
1.106418
1.016249
0.971209
1.083037
0.990596
0.918883
0.930508
0.932876
1.218984
0.944875
1.066341
1.073996
0.990776
1.022524
0.964772
0.908685
0.990021
1.087358
1.098246
1.004846
0.991515
0.991441
1.021739
0.996541
1.100540
0.892887
1.078062
1.002591
0.948545
0.967139
0.997366
1.110331
0.911524
0.980149
0.991816
1.034437
1.023473
0.908282
0.987737
1.092153
0.968679
1.053324
1.014584
0.942706
0.945576
0.979488
0.934296
0.947125
0.999208
0.959017
0.969104
1.032418
0.948098
0.864476
0.870344
1.016490
0.919521
1.057342
1.025247
0.915394
1.088831
1.000748
0.931561
0.911802
0.885774
0.878978
1.000953
1.001414
0.907369
0.901694
0.932999
0.966546
1.047200
0.801848
1.054222
0.887204
0.990744
1.037227
0.876420
0.890429
0.999390
0.880089
0.990284
0.995857
0.930019
0.967210
0.947302
0.898806
0.980334
1.044611
0.915086
0.887998
0.959345
0.847686
0.917221
0.972659
0.988179
1.014107
0.913551
0.900106
0.852795
0.936242
0.875532
0.838265
0.891487
0.801899
1.015489
0.836937
0.855623
1.032396
0.951814
1.039642
0.923467
0.915794
0.996001
0.841101
0.887629
0.924718
0.907134
0.904373
0.909052
0.994973
0.876522
0.885503
0.904983
0.969556
0.795931
0.850117
1.003676
0.871452
0.988659
0.859593
0.828224
0.916946
0.942968
0.856049
0.713686
0.970915
0.903503
0.858377
0.840583
0.824235
0.969059
0.876573
0.860696
0.829280
0.818523
0.904296
0.783212
0.940821
0.958289
0.923754
0.913708
0.884239
0.976105
0.897854
0.956750
0.848836
1.010621
0.821299
0.824970
1.018696
0.959038
0.891411
0.857348
0.859513
0.894262
0.844742
0.857587
0.787548
0.816813
0.893437
0.906189
0.988442
0.840042
0.808169
0.880595
0.929281
0.762202
0.802126
0.750180
0.804758
0.897899
0.798760
0.812006
0.800152
0.843216
0.878756
0.893492
0.855932
0.796533
0.764872
0.828735
0.781775
0.880032
0.793245
0.772263
0.827537
0.640985
0.867147
0.818781
0.828570
0.732418
0.829276
0.765431
0.807016
0.804211
0.808717
0.839923
0.803829
0.781092
0.793432
0.780580
0.770942
0.778384
0.719456
0.772490
0.820802
0.729656
0.818471
0.947697
0.770823
0.769784
0.849052
0.822576
0.741565
0.872759
0.741419
0.914210
0.787369
0.807733
0.774658
0.854330
0.676148
0.666710
0.811848
0.732977
0.742357
0.782472
0.671010
0.813356
0.734377
0.750844
0.720047
0.806038
0.855243
0.843873
0.751912
0.748745
0.752889
0.777763
0.849474
0.754379
0.714325
0.806385
0.931853
0.731268
0.671323
0.826988
0.865440
0.724421
0.735362
0.767824
0.712718
0.740777
0.729076
0.736128
0.793787
0.731989
0.739417
0.728992
0.716228
0.799077
0.765668
0.642829
0.782972
0.745200
0.753383
0.713225
0.841789
0.834155
0.705226
0.737868
0.753398
0.769037
0.770195
0.732463
0.795159
0.834116
0.736772
0.715458
0.762987
0.812018
0.699808
0.784203
0.787605
0.730526
0.749415
0.698596
0.741737
0.743360
0.760983
0.688492
0.877040
0.742983
0.790415
0.757295
0.651691
0.857337
0.684521
0.652078
0.692878
0.707401
0.664167
0.643445
0.636643
0.738293
0.667878
0.718264
0.728598
0.812778
0.735897
0.714882
0.736691
0.727740
0.731379
0.734225
0.667369
0.804394
0.636384
0.748224
0.704744
0.651749
0.650877
0.711170
0.782350
0.695395
0.761311
0.782906
0.701282
0.739819
0.764771
0.644209
0.730549
0.723064
0.695861
0.698341
0.684480
0.729179
0.667341
0.633091
0.699180
0.645911
0.577432
0.601242
0.599348
0.826478
0.604402
0.688696
0.708911
0.651483
0.668210
0.629061
0.585900
0.642385
0.730138
0.718249
0.650877
0.643791
0.641028
0.658499
0.671601
0.718974
0.567766
0.707060
0.643205
0.610134
0.636313
0.655588
0.739113
0.582884
0.638641
0.639472
0.678349
0.672525
0.588797
0.662579
0.723912
0.649117
0.700611
0.675504
0.609982
0.616855
0.638248
0.614438
0.616003
0.648769
0.644817
0.640805
0.671298
0.626393
0.555372
0.565056
0.676380
0.598891
0.693725
0.681831
0.599226
0.728604
0.658022
0.612857
0.598705
0.566243
0.571683
0.675688
0.657840
0.597809
0.590590
0.612710
0.636290
0.699197
0.510555
0.699500
0.587744
0.670269
0.704616
0.571012
0.582981
0.663492
0.568631
0.667141
0.657682
0.622892
0.643416
0.623859
0.593312
0.653681
0.697313
0.593838
0.582892
0.634950
0.572171
0.598796
0.638518
0.664073
0.681263
0.606352
0.601566
0.538690
0.621122
0.580374
0.544196
0.590487
0.518450
0.678595
0.550336
0.560485
0.693281
0.635811
0.704815
0.607863
0.611181
0.677201
0.547252
0.580979
0.608846
0.601378
0.599022
0.616794
0.672364
0.592701
0.593537
0.611287
0.646695
0.517852
0.553967
0.682238
0.576049
0.676795
0.562344
0.538269
0.619793
0.639757
0.562869
0.457824
0.652466
0.610048
0.570682
0.558659
0.539667
0.661187
0.584262
0.578860
0.553717
0.535918
0.613677
0.518835
0.633853
0.654889
0.622418
0.616886
0.588540
0.662311
0.610317
0.649796
0.566605
0.693307
0.530024
0.548607
0.695716
0.656624
0.607154
0.569462
0.570635
0.604737
0.563000
0.574222
0.525241
0.555021
0.602160
0.606221
0.678262
0.567560
0.549387
0.599196
0.642193
0.505985
0.551799
0.490892
0.556043
0.603417
0.528502
0.559746
0.542569
0.567403
0.590820
0.605289
0.580104
0.538201
0.512394
0.555073
0.525530
0.605979
0.530289
0.515635
0.556584
0.415525
0.601740
0.558267
0.564717
0.480120
0.573446
0.514770
0.543384
0.547261
0.537182
0.567607
0.548457
0.520300
0.540684
0.519877
0.507218
0.539989
0.480112
0.508967
0.558307
0.490034
0.572400
0.678127
0.523185
0.528960
0.593231
0.573926
0.492895
0.599268
0.501165
0.638149
0.533164
0.541134
0.525229
0.590207
0.456656
0.450248
0.554715
0.496068
0.504745
0.534942
0.456203
0.551865
0.497340
0.513891
0.492820
0.560312
0.597644
0.577566
0.507337
0.517168
0.500814
0.547067
0.586963
0.519622
0.481243
0.569234
0.674192
0.523055
0.465412
0.571693
0.605595
0.490131
0.495889
0.522773
0.481974
0.510290
0.506136
0.514858
0.540554
0.498984
0.523529
0.506232
0.502323
0.545391
0.534774
0.428061
0.545549
0.509425
0.513265
0.485613
0.590508
0.577257
0.475884
0.507521
0.513011
0.528459
0.534421
0.488435
0.550901
0.580948
0.509242
0.488914
0.540564
0.560559
0.475134
0.535140
0.552977
0.513801
0.519813
0.498912
0.506240
0.513469
0.536074
0.471178
0.624521
0.513812
0.550545
0.523561
0.442763
0.622163
0.465203
0.442214
0.479415
0.489128
0.462999
0.442372
0.427718
0.532428
0.453247
0.517097
0.505586
0.577981
0.507073
0.497189
0.521415
0.509406
0.498709
0.512319
0.470574
0.562018
0.433449
0.523993
0.491643
0.450739
0.444016
0.490369
0.553486
0.479478
0.534854
0.570219
0.486606
0.511635
0.544088
0.437717
0.506883
0.497366
0.496384
0.483102
0.481783
0.511262
0.470729
0.444530
0.475934
0.452166
0.386027
0.418942
0.413718
0.596158
0.413308
0.469399
0.499000
0.460963
0.466226
0.441035
0.407539
0.445134
0.525536
0.496318
0.448525
0.446052
0.441153
0.448824
0.490772
0.495236
0.386597
0.491098
0.435923
0.418601
0.450413
0.461305
0.522475
0.398329
0.444253
0.436789
0.472740
0.470694
0.410653
0.480041
0.508702
0.470609
0.496939
0.482038
0.421217
0.431016
0.442847
0.435100
0.428053
0.446115
0.469456
0.454690
0.460267
0.445060
0.383467
0.395934
0.480834
0.417976
0.480215
0.483494
0.421383
0.517355
0.459911
0.432804
0.422795
0.385371
0.399971
0.490287
0.458498
0.424082
0.415602
0.430683
0.446631
0.496024
0.350157
0.491058
0.420985
0.487521
0.512597
0.399465
0.409795
0.468706
0.392229
0.481809
0.460889
0.449476
0.457305
0.437918
0.420847
0.465128
0.493059
0.409181
0.410353
0.447729
0.421807
0.415899
0.443647
0.476699
0.487192
0.431572
0.433238
0.358505
0.440077
0.414335
0.378883
0.419843
0.360984
0.480633
0.390304
0.393905
0.493369
0.453284
0.507965
0.425454
0.436990
0.492194
0.381014
0.404976
0.425782
0.425872
0.423735
0.451317
0.483851
0.433427
0.428008
0.444363
0.457633
0.362563
0.384924
0.493991
0.407391
0.495609
0.392119
0.373469
0.449464
0.464761
0.395368
0.318444
0.465689
0.442081
0.406982
0.399234
0.378161
0.481977
0.416725
0.419161
0.398674
0.375465
0.447078
0.371992
0.454725
0.478374
0.447377
0.445172
0.417596
0.477599
0.445370
0.470086
0.405500
0.505605
0.361915
0.391687
0.503470
0.479846
0.444017
0.403504
0.403838
0.437372
0.401432
0.411351
0.378199
0.408287
0.433052
0.430464
0.494702
0.412417
0.404521
0.437149
0.475765
0.362811
0.412996
0.345233
0.418302
0.430997
0.374309
0.419080
0.397798
0.408772
0.422943
0.437132
0.421221
0.392465
0.371003
0.397592
0.381136
0.448041
0.380660
0.370714
0.400754
0.294007
0.449941
0.410092
0.413938
0.337998
0.428579
0.373728
0.392459
0.401311
0.380129
0.409887
0.403462
0.371137
0.397523
0.370626
0.355607
0.407444
0.346773
0.357278
0.407321
0.356261
0.433648
0.521566
0.383124
0.393974
0.446832
0.432873
0.351746
0.439282
0.366232
0.476071
0.387528
0.386065
0.383063
0.436859
0.336955
0.332980
0.406425
0.362993
0.371065
0.393689
0.339615
0.399911
0.363799
0.380339
0.366549
0.419983
0.448269
0.421532
0.367659
0.387246
0.355321
0.417666
0.433435
0.387005
0.349821
0.434663
0.523889
0.410190
0.368421
0.423116
0.453504
0.357284
0.359055
0.381651
0.351595
0.380037
0.381509
0.391426
0.392887
0.366538
0.403955
0.381396
0.384107
0.397029
0.403573
0.308981
0.409266
0.374322
0.374808
0.356544
0.443471
0.425908
0.345298
0.376107
0.373937
0.389174
0.398696
0.346404
0.408633
0.431870
0.379481
0.359827
0.414527
0.412507
0.347258
0.388761
0.417442
0.391734
0.387944
0.389595
0.369777
0.381177
0.407489
0.348264
0.474927
0.381803
0.410379
0.387969
0.325864
0.485349
0.340317
0.324404
0.358821
0.364831
0.351570
0.330948
0.310292
0.417252
0.331377
0.405345
0.377249
0.440671
0.374213
0.372679
0.398673
0.384284
0.362682
0.384370
0.361544
0.418461
0.319649
0.394032
0.370032
0.338203
0.326993
0.362740
0.419701
0.355419
0.402762
0.448478
0.363299
0.378049
0.416115
0.320407
0.376527
0.365411
0.384192
0.358928
0.367032
0.384941
0.360455
0.340281
0.345400
0.343878
0.279444
0.319182
0.311381
0.459969
0.306717
0.341421
0.378059
0.354624
0.351160
0.336461
0.310214
0.333464
0.408250
0.365873
0.332817
0.333776
0.327200
0.327399
0.391099
0.363060
0.286546
0.364685
0.316009
0.310541
0.346553
0.351047
0.395251
0.295305
0.333741
0.319944
0.353619
0.354377
0.312182
0.378195
0.382098
0.371690
0.378939
0.371697
0.314373
0.326322
0.330869
0.335209
0.321591
0.328478
0.372398
0.349444
0.336129
0.343317
0.288793
0.303310
0.368174
0.316321
0.353860
0.368555
0.321882
0.392545
0.344973
0.331465
0.324531
0.283300
0.304768
0.384681
0.342297
0.327196
0.317704
0.327405
0.337528
0.376647
0.263068
0.367588
0.328976
0.383373
0.401386
0.303676
0.312712
0.355235
0.292601
0.375373
0.345737
0.351945
0.350122
0.330811
0.323874
0.355937
0.371944
0.302831
0.313107
0.339332
0.341222
0.310670
0.329308
0.367974
0.373348
0.332265
0.338753
0.255005
0.335876
0.321420
0.286469
0.323349
0.274397
0.363376
0.301673
0.300275
0.374482
0.347489
0.391290
0.319646
0.337344
0.384320
0.287282
0.303809
0.319225
0.324973
0.322952
0.357897
0.372966
0.344596
0.334402
0.349651
0.346132
0.276541
0.288454
0.382952
0.311118
0.389807
0.294555
0.279961
0.351723
0.363443
0.299667
0.243959
0.355314
0.345881
0.313957
0.309394
0.286695
0.377075
0.320599
0.328913
0.311897
0.284550
0.351464
0.291268
0.349543
0.375120
0.345191
0.345451
0.318406
0.367955
0.350619
0.364127
0.313560
0.393501
0.264585
0.302771
0.387796
0.375814
0.350254
0.307554
0.307216
0.340267
0.308663
0.317549
0.296322
0.326596
0.334397
0.326735
0.385026
0.324180
0.324004
0.343597
0.378854
0.283437
0.336874
0.263889
0.342900
0.329322
0.286370
0.341321
0.316890
0.317340
0.324476
0.338405
0.329462
0.310600
0.292379
0.306755
0.300147
0.356766
0.295627
0.289193
0.310942
0.230090
0.363090
0.325929
0.327763
0.258325
0.346786
0.294783
0.305998
0.318565
0.288945
0.318152
0.321316
0.285782
0.316665
0.285118
0.268270
0.334480
0.273169
0.269751
0.320285
0.282195
0.355786
0.430179
0.304175
0.318816
0.363002
0.353042
0.271805
0.345050
0.290903
0.380170
0.304020
0.295378
0.302089
0.347388
0.272885
0.270704
0.320653
0.288681
0.296254
0.313112
0.277643
0.311155
0.288925
0.305419
0.297088
0.339851
0.361255
0.329444
0.287897
0.314812
0.271078
0.345548
0.343038
0.312372
0.276049
0.358471
0.436061
0.350378
0.295620
0.336177
0.363871
0.282168
0.280878
0.300195
0.278222
0.306719
0.312405
0.323186
0.306288
0.291403
0.338511
0.311933
0.319614
0.309710
0.329188
0.243719
0.330961
0.296868
0.294781
0.283575
0.356882
0.336020
0.271063
0.301207
0.293206
0.308245
0.320418
0.263326
0.325332
0.343385
0.305557
0.286378
0.343341
0.324643
0.274608
0.302083
0.338923
0.323359
0.312121
0.330781
0.290408
0.304920
0.333992
0.279019
0.385479
0.305607
0.327980
0.308991
0.260971
0.405369
0.269313
0.258715
0.290989
0.294160
0.290589
0.269934
0.244704
0.353326
0.262354
0.343929
0.303267
0.359866
0.296740
0.301478
0.328769
0.312545
0.282665
0.310419
0.301863
0.332643
0.256286
0.318414
0.300691
0.275689
0.261050
0.288748
0.341012
0.284047
0.325288
0.378786
0.292388
0.299333
0.341606
0.253922
0.300147
0.287788
0.321469
0.287116
0.302305
0.311435
0.299042
0.283387
0.268601
0.283858
0.220681
0.265539
0.255754
0.378721
0.247807
0.266313
0.308234
0.295800
0.285702
0.278896
0.258097
0.270472
0.340977
0.288618
0.266670
0.270186
0.262310
0.256830
0.336933
0.284296
0.232028
0.290207
0.246412
0.249867
0.289018
0.288644
0.319995
0.238303
0.271045
0.252432
0.284352
0.287197
0.258458
0.321882
0.307040
0.317526
0.310320
0.308830
0.254116
0.267665
0.266668
0.280111
0.261494
0.259904
0.319344
0.290166
0.262538
0.286625
0.237412
0.253443
0.303132
0.259564
0.278400
0.301692
0.266661
0.318156
0.278018
0.274755
0.270113
0.225976
0.252600
0.324617
0.274194
0.273659
0.263372
0.268978
0.274667
0.305991
0.216781
0.293771
0.278906
0.324096
0.336739
0.250653
0.258681
0.288790
0.236587
0.314188
0.277925
0.297422
0.288274
0.268986
0.269678
0.292478
0.299440
0.241457
0.258584
0.276352
0.299237
0.250019
0.261744
0.304624
0.306098
0.275971
0.286078
0.195484
0.275795
0.269843
0.235236
0.268995
0.227511
0.293279
0.253180
0.247972
0.303062
0.285931
0.321479
0.258019
0.280345
0.321075
0.234693
0.245573
0.256887
0.266886
0.264921
0.305405
0.307241
0.295509
0.281677
0.296062
0.279826
0.229467
0.233454
0.316906
0.256205
0.327663
0.238614
0.227052
0.295586
0.304573
0.245017
0.205311
0.289515
0.290762
0.261214
0.259028
0.235074
0.315271
0.265404
0.278129
0.263708
0.233205
0.296545
0.247572
0.287333
0.314340
0.285186
0.287288
0.260613
0.302234
0.296128
0.301135
0.261137
0.325813
0.208032
0.252550
0.317322
0.314119
0.296290
0.251915
0.251031
0.283696
0.255342
0.263421
0.251179
0.281565
0.276519
0.264995
0.318765
0.274093
0.279727
0.289442
0.322132
0.239945
0.295818
0.218852
0.302322
0.268870
0.236273
0.298891
0.272056
0.264525
0.266316
0.280024
0.276319
0.264910
0.249113
0.254231
0.255041
0.303865
0.247411
0.243604
0.259064
0.197760
0.313394
0.278249
0.278533
0.213982
0.300815
0.250939
0.256449
0.271797
0.235773
0.264543
0.274920
0.236946
0.271199
0.236114
0.217859
0.294907
0.233082
0.219120
0.269997
0.241686
0.312372
0.376533
0.259900
0.277387
0.314989
0.308025
0.226680
0.289108
0.249215
0.322915
0.256106
0.242012
0.256043
0.294892
0.239564
0.238714
0.270882
0.247546
0.254718
0.267192
0.245764
0.259008
0.247245
0.263676
0.259453
0.294124
0.310307
0.274633
0.242378
0.274811
0.222125
0.305732
0.289383
0.270612
0.234916
0.315487
0.384127
0.319705
0.265844
0.284970
0.310605
0.239847
0.236224
0.253037
0.237149
0.265666
0.274519
0.285924
0.255128
0.248890
0.303295
0.273658
0.285066
0.257888
0.287117
0.208519
0.285881
0.252411
0.248355
0.242460
0.305448
0.282070
0.228927
0.258543
0.246114
0.260980
0.275137
0.214388
0.276205
0.290317
0.263475
0.244631
0.303287
0.271953
0.233399
0.250248
0.293234
0.285315
0.268424
0.299921
0.243988
0.260836
0.291966
0.240187
0.331343
0.261475
0.279140
0.262715
0.225320
0.358293
0.228999
0.222397
0.253029
0.254036
0.257768
0.237066
0.208356
0.318213
0.223370
0.310677
0.260489
0.311916
0.251279
0.260740
0.288991
0.271357
0.235202
0.267523
0.269727
0.280731
0.221327
0.274173
0.261171
0.241308
0.224057
0.245647
0.294348
0.242891
0.279493
0.338858
0.251517
0.252542
0.297973
0.216336
0.255060
0.241741
0.286665
0.245419
0.265944
0.268414
0.265147
0.252885
0.223036
0.250957
0.188708
0.237416
0.226113
0.329691
0.215643
0.221883
0.267778
0.263638
0.248512
0.247656
0.230951
0.235084
0.302336
0.242414
0.228839
0.234269
0.225391
0.215596
0.308081
0.236828
0.202872
0.245944
0.205819
0.215995
0.257502
0.253430
0.275043
0.207136
0.235551
0.213276
0.243854
0.248253
0.229670
0.291119
0.262085
0.288348
0.270195
0.273038
0.220279
0.235013
0.229809
0.250116
0.227700
0.219683
0.290837
0.256939
0.218475
0.255311
0.210095
0.227254
0.265451
0.228128
0.232814
0.262583
0.236327
0.273320
0.238779
0.243243
0.240317
0.193963
0.224467
0.290501
0.233983
0.244438
0.233532
0.236021
0.238342
0.263756
0.192949
0.249113
0.252179
0.290391
0.298955
0.221642
0.228892
0.249594
0.205260
0.278936
0.237649
0.267174
0.252468
0.233180
0.239624
0.255402
0.255510
0.205920
0.228209
0.239566
0.278304
0.214963
0.221442
0.267488
0.265999
0.244137
0.256962
0.161174
0.241043
0.241502
0.207142
0.238529
0.202664
0.250871
0.227088
0.218984
0.259605
0.249916
0.279209
0.221917
0.247726
0.283716
0.205369
0.211966
0.220161
0.233357
0.231416
0.276070
0.267889
0.268719
0.252119
0.265836
0.239967
0.204129
0.202109
0.277201
0.224893
0.290870
0.206491
0.197204
0.263285
0.270191
0.213803
0.186181
0.249844
0.259152
0.231381
0.230976
0.206057
0.278539
0.233652
0.249696
0.237221
0.204316
0.264938
0.224433
0.250183
0.278255
0.249672
0.253146
0.226739
0.262350
0.264716
0.263282
0.231258
0.284380
0.175000
0.224289
0.273735
0.277148
0.265152
0.219492
0.218186
0.250541
0.224629
0.232079
0.226615
0.257073
0.242299
0.227840
0.278176
0.245720
0.255728
0.257961
0.288696
0.216493
0.274193
0.194205
0.281033
0.232536
0.207753
0.276154
0.247481
0.233902
0.231642
0.245166
0.245410
0.239616
0.225636
0.223741
0.230145
0.273058
0.220135
0.218303
0.228988
0.182446
0.284944
0.251299
0.250401
0.189530
0.275115
0.226836
0.228018
0.245457
0.204577
0.232997
0.248817
0.208981
0.245767
0.207993
0.188659
0.273887
0.211662
0.189714
0.240834
0.219903
0.288390
0.344791
0.235228
0.254849
0.287463
0.282753
0.201310
0.255542
0.226415
0.288336
0.228568
0.210342
0.229889
0.263852
0.223000
0.223145
0.241857
0.225037
0.231889
0.241040
0.230211
0.228120
0.224254
0.240626
0.239491
0.268035
0.280253
0.241648
0.216405
0.252995
0.193528
0.284036
0.257205
0.247412
0.212182
0.291333
0.353187
0.304836
0.251638
0.254551
0.278615
0.216118
0.210717
0.225623
0.214322
0.242840
0.254073
0.265938
0.224621
0.224905
0.284815
0.252851
0.267068
0.226816
0.263405
0.189990
0.259869
0.226856
0.221298
0.219404
0.274581
0.249286
0.205061
0.234266
0.218476
0.233200
0.248843
0.185317
0.246982
0.258097
0.239548
0.220944
0.280867
0.239971
0.210083
0.218887
0.266506
0.264351
0.243176
0.284364
0.216655
0.235255
0.267935
0.218556
0.298140
0.235813
0.249904
0.235404
0.206031
0.330353
0.206162
0.202565
0.231945
0.231302
0.240542
0.219795
0.188442
0.299225
0.201439
0.293060
0.235664
0.283168
0.224404
0.237424
0.266386
0.247677
0.206763
0.242524
0.252852
0.248893
0.202293
0.248109
0.238666
0.222675
0.203440
0.220401
0.266393
0.219089
0.252176
0.315963
0.227896
0.224435
0.272240
0.195164
0.228204
0.214148
0.267560
0.221093
0.245644
0.243066
0.246683
0.236978
0.195730
0.233211
0.171652
0.223260
0.210797
0.299709
0.198399
0.195353
0.244245
0.246362
0.227422
0.231051
0.217430
0.215322
0.280100
0.214451
0.207197
0.214063
0.204414
0.191348
0.293185
0.207847
0.187721
0.219361
0.181998
0.197250
0.240526
0.233643
0.247886
0.190387
0.215521
0.190468
0.220020
0.225585
0.214665
0.274611
0.234841
0.273017
0.246578
0.252685
0.201391
0.217014
0.208617
0.234102
0.208805
0.195915
0.275914
0.238436
0.191769
0.238236
0.196030
0.214031
0.243533
0.210919
0.204892
0.239551
0.219923
0.245938
0.215620
0.225913
0.224275
0.176232
0.209660
0.271160
0.210021
0.228781
0.217393
0.217517
0.217281
0.238216
0.181310
0.221720
0.238333
0.271259
0.276731
0.206038
0.212686
0.226271
0.187875
0.258568
0.213476
0.250571
0.231655
0.212359
0.223141
0.233598
0.228516
0.185262
0.211445
0.217943
0.268653
0.194625
0.197133
0.245564
0.241823
0.226197
0.241069
0.141344
0.220871
0.226166
0.191978
0.221565
0.189943
0.224863
0.213403
0.203100
0.232771
0.228697
0.253251
0.200615
0.229046
0.261442
0.189167
0.192509
0.198338
0.213943
0.212013
0.259806
0.244044
0.254362
0.235662
0.248859
0.215699
0.190829
0.184259
0.253022
0.207050
0.268880
0.188013
0.180445
0.244656
0.249980
0.195981
0.177485
0.225609
0.241000
0.214563
0.215494
0.189837
0.256480
0.215346
0.233890
0.222878
0.188149
0.246705
0.212593
0.227742
0.256607
0.228449
0.232956
0.206741
0.237797
0.246563
0.240248
0.214243
0.258620
0.155584
0.208469
0.246324
0.254730
0.247130
0.200493
0.198858
0.230966
0.206896
0.213862
0.213511
0.244014
0.221879
0.205191
0.252923
0.229693
0.243001
0.239566
0.268817
0.204152
0.263225
0.180941
0.270301
0.210423
0.191537
0.264298
0.234234
0.216073
0.210739
0.224116
0.227335
0.225781
0.213165
0.205962
0.216586
0.255024
0.204757
0.204409
0.211478
0.176086
0.268641
0.236129
0.234328
0.176229
0.260863
0.213783
0.211685
0.230693
0.186134
0.214285
0.234210
0.192957
0.231652
0.191836
0.171679
0.263083
0.200544
0.172553
0.223849
0.208488
0.275295
0.325829
0.221606
0.242831
0.271666
0.268647
0.187124
0.235155
0.214156
0.267160
0.212714
0.191354
0.215065
0.245325
0.215415
0.216298
0.224832
0.212926
0.219534
0.226161
0.223337
0.209645
0.211743
0.228063
0.229252
0.253158
0.262369
0.221543
0.201591
0.241318
0.176718
0.272427
0.237675
0.234659
0.199768
0.277843
0.334555
0.298342
0.245644
0.236294
0.259163
0.202901
0.196150
0.209609
0.201765
0.230278
0.243301
0.255504
0.206227
0.211434
0.275502
0.241769
0.258104
0.207960
0.250103
0.180599
0.244817
0.212138
0.205438
0.206565
0.255828
0.229075
0.191584
0.220472
0.202134
0.216739
0.233499
0.167870
0.229406
0.238258
0.225966
0.207539
0.268410
0.220279
0.196938
0.199649
0.250764
0.252962
0.228538
0.277043
0.200429
0.220343
0.254189
0.206617
0.277443
0.220813
0.232196
0.219139
0.195828
0.313604
0.193260
0.191935
0.220355
0.218463
0.231856
0.211066
0.177709
0.289183
0.189166
0.284050
0.221193
0.265721
0.208366
0.224068
0.253565
0.234038
0.189517
0.227872
0.244337
0.229057
0.192131
0.232628
0.225868
0.212798
0.192052
0.205511
0.249447
0.205276
0.235696
0.302818
0.214200
0.207341
0.256936
0.183298
0.212039
0.197416
0.257236
0.206817
0.234401
0.228005
0.236819
0.229039
0.179165
0.223869
0.162824
0.216619
0.203272
0.281090
0.189402
0.179333
0.230478
0.237326
0.215492
0.222507
0.211210
0.204377
0.267281
0.197295
0.194811
0.202756
0.192521
0.176975
0.285873
0.189882
0.180201
0.203195
0.167916
0.186996
0.231602
0.222594
0.231256
0.181616
0.204264
0.177106
0.205873
0.212313
0.207184
0.265988
0.218092
0.265271
0.232561
0.241128
0.190939
0.207228
0.196410
0.225803
0.198318
0.181744
0.268423
0.228233
0.175358
0.229096
0.189164
0.207792
0.230720
0.201657
0.187527
0.225873
0.211247
0.228961
0.201828
0.216523
0.215851
0.166531
0.202161
0.260222
0.195590
0.220615
0.208862
0.207195
0.205014
0.222557
0.176158
0.204654
0.231501
0.260426
0.263555
0.197858
0.204046
0.212244
0.178332
0.246766
0.198789
0.241600
0.219497
0.200191
0.214242
0.220676
0.211662
0.173193
0.202312
0.205132
0.264888
0.182776
0.182273
0.232502
0.227054
0.216138
0.232550
0.129845
0.209106
0.218051
0.183995
0.212207
0.183786
0.208657
0.206510
0.194537
0.215928
0.216093
0.237061
0.187934
0.218343
0.248015
0.180324
0.181204
0.185240
0.202658
0.200730
0.250895
0.229392
0.246872
0.226583
0.239383
0.200709
0.184123
0.174109
0.238079
0.196894
0.255579
0.177369
0.171087
0.233887
0.238007
0.185809
0.174203
0.210577
0.230560
0.205126
0.207065
0.180842
0.243065
0.204765
0.225195
0.215280
0.179167
0.236158
0.206874
0.214003
0.243466
0.215624
0.220901
0.194827
0.222434
0.236032
0.226026
0.204563
0.242323
0.144080
0.199678
0.228764
0.240940
0.236663
0.189279
0.187388
0.219312
0.196623
0.203221
0.206732
0.237260
0.209556
0.191178
0.236939
0.220677
0.236472
0.228747
0.256869
0.197900
0.258006
0.173986
0.265249
0.196766
0.182333
0.258387
0.227263
0.205637
0.197970
0.211231
0.216698
0.218343
0.206753
0.195531
0.209338
0.244386
0.196128
0.196897
0.201230
0.174262
0.259296
0.227632
0.225142
0.169134
0.253049
0.206867
0.202282
0.222478
0.175132
0.203072
0.226096
0.183768
0.223901
0.182534
0.161754
0.257818
0.195041
0.162474
0.213903
0.202745
0.268277
0.314370
0.214177
0.236614
0.262589
0.260850
0.179256
0.222593
0.207734
0.253996
0.203566
0.179834
0.206686
0.234141
0.212496
0.213937
0.214770
0.206581
0.212994
0.217709
0.220929
0.198467
0.205068
0.221345
0.224288
0.244680
0.251621
0.209104
0.193149
0.235240
0.166755
0.266400
0.225645
0.227750
0.193113
0.270368
0.323169
0.296158
0.243825
0.225197
0.247158
0.195609
0.187831
0.200192
0.194960
0.223462
0.237831
0.250292
0.194993
0.203914
0.271121
0.236049
0.253973
0.196351
0.242688
0.176141
0.236068
0.203643
0.196073
0.199478
0.244266
0.216412
0.184004
0.212647
0.192379
0.206896
0.224495
0.157268
0.218702
0.225834
0.218275
0.199972
0.261560
0.207955
0.189550
0.187661
0.241412
0.246902
0.220017
0.274051
0.190697
0.211604
0.246322
0.200111
0.264314
0.211985
0.221317
0.209352
0.190616
0.303439
0.186003
0.186384
0.214084
0.211234
0.227771
0.206944
0.172068
0.284054
0.182352
0.279696
0.212707
0.254982
0.198694
0.216415
0.246311
0.226159
0.178910
0.219222
0.240318
0.216482
0.186864
0.223335
0.218598
0.207734
0.185846
0.196643
0.239027
0.197219
0.225622
0.295240
0.206224
0.196787
0.247551
0.310847
0.365856
0.354734
0.375500
0.349227
0.358293
0.375235
0.352273
0.332699
0.335547
0.336040
0.271802
0.312171
0.304181
0.449887
0.299210
0.332113
0.369380
0.347203
0.343019
0.329223
0.303598
0.325656
0.399982
0.356516
0.324704
0.325956
0.319248
0.318831
0.384346
0.353612
0.279769
0.355720
0.307589
0.303107
0.339466
0.343429
0.386232
0.288290
0.326107
0.311789
0.345272
0.346265
0.305543
0.371274
0.373132
0.365011
0.370681
0.364068
0.307033
0.319158
0.323103
0.328439
0.314276
0.320241
0.365855
0.342223
0.327347
0.336384
0.282440
0.297123
0.360333
0.309385
0.344887
0.360520
0.315121
0.383691
0.336932
0.324542
0.317860
0.276313
0.298342
0.377395
0.334139
0.320627
0.311051
0.320304
0.329947
0.368215
0.257296
0.358815
0.322792
0.376186
0.393614
0.297174
0.306102
0.347271
0.285776
0.367990
0.337629
0.345286
0.342669
0.323360
0.317257
0.348310
0.363330
0.295432
0.306457
0.331761
0.335943
0.303355
0.321240
0.360367
0.365315
0.325432
0.332316
0.247822
0.328632
0.315104
0.280192
0.316727
0.268597
0.355044
0.295699
0.293886
0.366012
0.340093
0.382993
0.312244
0.330448
0.376745
0.280868
0.296783
0.311753
0.317967
0.315949
0.351502
0.365129
0.338570
0.327984
0.343139
0.338235
0.270743
0.281793
0.375085
0.304467
0.382369
0.287795
0.273532
0.344942
0.356366
0.293050
0.239087
0.347484
0.339214
0.307551
0.303251
0.280416
0.369687
0.313933
0.322729
0.305996
0.278305
0.344833
0.285860
0.342118
0.367851
0.338006
0.338470
0.311465
0.360151
0.344043
0.356622
0.307210
0.385489
0.257787
0.296663
0.379480
0.368458
0.343743
0.300862
0.300462
0.333474
0.302225
0.311023
0.290778
0.321063
0.327464
0.319383
0.377184
0.318102
0.318558
0.337079
0.372055
0.278083
0.331787
0.258368
0.337862
0.322121
0.280301
0.336086
0.311396
0.310977
0.317531
0.331436
0.323064
0.305017
0.287063
0.300429
0.294631
0.350403
0.289773
0.283629
0.304690
0.225971
0.357080
0.320139
0.321803
0.252901
0.341184
0.289414
0.300009
0.312880
0.282563
0.311723
0.315674
0.279876
0.311124
0.279196
0.262195
0.329587
0.268222
0.263656
0.314224
0.277203
0.350478
0.423758
0.298775
0.313730
0.357196
0.347563
0.266316
0.338384
0.285789
0.373362
0.298232
0.288996
0.296507
0.341102
0.268692
0.266656
0.314669
0.283639
0.291167
0.307548
0.273613
0.304914
0.283827
0.300312
0.292433
0.334314
0.355151
0.322916
0.282387
0.309904
0.265192
0.340662
0.336639
0.307276
0.271022
0.353241
0.429846
0.346494
0.291835
0.330052
0.357525
0.277016
0.275472
0.294519
0.273208
0.301708
0.307742
0.318590
0.300180
0.286239
0.334144
0.307231
0.315320
0.303534
0.324075
0.239356
0.325523
0.291498
0.289195
0.278570
0.350753
0.329616
0.265951
0.296034
0.287554
0.302576
0.314966
0.257475
0.319461
0.337085
0.300455
0.281314
0.338464
0.318386
0.269606
0.295923
0.333433
0.318703
0.306849
0.326912
0.284842
0.299611
0.328907
0.274282
0.379074
0.300297
0.322153
0.303446
0.256585
0.399740
0.264422
0.254261
0.286354
0.289290
0.286517
0.265857
0.240249
0.349008
0.257615
0.339817
0.298114
0.354151
0.291296
0.296550
0.323946
0.307571
0.277005
0.305259
0.297876
0.326500
0.251993
0.313111
0.295902
0.271463
0.256541
0.283572
0.335448
0.279085
0.319819
0.373958
0.287459
0.293759
0.336377
0.249354
0.294761
0.282297
0.317207
0.282102
0.297874
0.306274
0.294879
0.279594
0.263169
0.279807
0.216731
0.262011
0.252061
0.372916
0.243840
0.261009
0.303366
0.291834
0.281190
0.275035
0.254681
0.266158
0.336309
0.283129
0.262093
0.265819
0.257834
0.251883
0.333339
0.278673
0.228402
0.284933
0.241539
0.245729
0.285137
0.284359
0.314649
0.234463
0.266733
0.247722
0.279494
0.282510
0.254880
0.318090
0.301699
0.313909
0.305508
0.304491
0.249992
0.263669
0.262216
0.276408
0.257377
0.255087
0.315804
0.286112
0.257304
0.282783
0.234006
0.250161
0.298598
0.255711
0.273007
0.297004
0.262931
0.312844
0.273316
0.270897
0.266444
0.222065
0.249111
0.320476
0.269392
0.270055
0.259703
0.264966
0.270290
0.300969
0.213768
0.288489
0.275579
0.320007
0.332205
0.247079
0.255023
0.284104
0.232762
0.309936
0.273126
0.293717
0.283964
0.264677
0.265998
0.288032
0.294247
0.237178
0.254869
0.271937
0.296552
0.245796
0.256950
0.300176
0.301325
0.272103
0.282508
0.191346
0.271609
0.266356
0.231779
0.265279
0.224409
0.288262
0.249943
0.244419
0.297934
0.281615
0.316479
0.253694
0.276400
0.316612
0.231109
0.241522
0.252497
0.262846
0.260881
0.301822
0.302567
0.292204
0.278073
0.292384
0.275099
0.226323
0.229657
0.312198
0.252411
0.323274
0.234733
0.223421
0.291688
0.300450
0.241237
0.202850
0.284815
0.286941
0.257587
0.255597
0.231538
0.310895
0.261572
0.274660
0.260451
0.229686
0.292731
0.244682
0.282916
0.310038
0.280973
0.283257
0.256653
0.297691
0.292533
0.296944
0.257822
0.321431
0.204554
0.249601
0.313049
0.310552
0.293334
0.248940
0.248120
0.280859
0.252792
0.260919
0.249250
0.279716
0.274123
0.262528
0.316219
0.272360
0.278313
0.287742
0.320447
0.238804
0.294831
0.217822
0.301487
0.267621
0.235370
0.298232
0.271428
0.263851
0.265669
0.279488
0.275946
0.264693
0.248992
0.254167
0.255080
0.304002
0.247631
0.243901
0.259497
0.198081
0.313995
0.278910
0.279309
0.214759
0.301705
0.251865
0.257601
0.272967
0.237222
0.266109
0.276344
0.238548
0.272765
0.237914
0.219815
0.296469
0.234743
0.221382
0.272336
0.243595
0.314521
0.379363
0.262267
0.279661
0.317770
0.310697
0.229447
0.292738
0.251905
0.326878
0.259454
0.245900
0.259434
0.298932
0.242025
0.241117
0.274991
0.250937
0.258224
0.271216
0.248456
0.263851
0.251090
0.267607
0.263012
0.298662
0.315531
0.280411
0.247171
0.279028
0.227525
0.310090
0.295586
0.275384
0.239692
0.320592
0.390523
0.323277
0.269348
0.291606
0.317649
0.245383
0.242200
0.259490
0.242756
0.271356
0.279787
0.291167
0.262729
0.255160
0.308425
0.279379
0.290220
0.266138
0.293745
0.213999
0.293229
0.259739
0.256143
0.249345
0.314393
0.291617
0.236286
0.266097
0.254655
0.269665
0.283524
0.223639
0.285610
0.300683
0.271599
0.252782
0.311163
0.282744
0.241727
0.261102
0.302794
0.293200
0.277734
0.306273
0.254160
0.270549
0.301278
0.248803
0.343896
0.271623
0.290597
0.273630
0.233573
0.369648
0.238670
0.231089
0.262250
0.263939
0.265745
0.245131
0.217471
0.327059
0.233401
0.319145
0.271793
0.324833
0.263574
0.271736
0.299794
0.282682
0.248536
0.279568
0.278541
0.295799
0.231186
0.287064
0.272657
0.251233
0.234914
0.258591
0.308573
0.255402
0.293659
0.351159
0.264241
0.267399
0.311859
0.228230
0.269680
0.256817
0.297861
0.259176
0.277883
0.282865
0.276364
0.262934
0.238758
0.262056
0.199537
0.246864
0.236205
0.347294
0.226853
0.237937
0.282391
0.275083
0.262028
0.258892
0.240615
0.248136
0.316791
0.260054
0.243154
0.247887
0.239513
0.231614
0.318997
0.255691
0.214060
0.263670
0.222081
0.229451
0.270017
0.267641
0.293637
0.219736
0.250158
0.229616
0.260900
0.264700
0.241585
0.304014
0.281601
0.300668
0.287692
0.288607
0.235020
0.249278
0.246163
0.263277
0.242765
0.237944
0.303501
0.271985
0.238931
0.269586
0.222465
0.239130
0.283153
0.242779
0.254710
0.281303
0.250663
0.295188
0.257876
0.258435
0.254698
0.209586
0.238126
0.307402
0.254218
0.258905
0.248408
0.252655
0.256889
0.285619
0.204851
0.272534
0.265811
0.307966
0.318898
0.236770
0.244535
0.270635
0.221938
0.297938
0.259629
0.283489
0.272085
0.252895
0.256080
0.276059
0.280311
0.225878
0.245198
0.260471
0.289799
0.235032
0.244786
0.289022
0.289450
0.262635
0.273875
0.181388
0.261630
0.258182
0.223750
0.256710
0.217375
0.276810
0.242736
0.236559
0.286573
0.272202
0.305656
0.244474
0.268110
0.307313
0.223775
0.233299
0.243674
0.254843
0.252986
0.294928
0.293623
0.286025
0.271399
0.285661
0.266517
0.220756
0.222984
0.303998
0.245934
0.315862
0.228297
0.217497
0.285415
0.293907
0.235350
0.199123
0.277689
0.281269
0.252298
0.250683
0.226556
0.304810
0.256352
0.270029
0.256189
0.225159
0.287909
0.241119
0.277531
0.304905
0.276001
0.278535
0.252030
0.292378
0.288320
0.291991
0.253874
0.316136
0.200293
0.245929
0.307605
0.305905
0.289383
0.244857
0.244003
0.276719
0.248940
0.257004
0.246111
0.276590
0.269901
0.257979
0.311288
0.268806
0.275254
0.283843
0.316327
0.235805
0.292036
0.214687
0.298728
0.263172
0.231796
0.295304
0.268292
0.260034
0.261394
0.275189
0.272087
0.261461
0.245961
0.250345
0.251884
0.300137
0.244159
0.240647
0.255702
0.195947
0.310375
0.275456
0.275717
0.211579
0.298380
0.248717
0.253959
0.269556
0.233258
0.262101
0.272949
0.234937
0.269439
0.234277
0.216052
0.293632
0.231857
0.217581
0.268559
0.240656
0.311326
0.375277
0.258986
0.276620
0.314154
0.307335
0.226069
0.288416
0.248814
0.322427
0.255810
0.241776
0.255940
0.294870
0.239630
0.238834
0.271149
0.247843
0.255091
0.267693
0.246158
0.259770
0.247922
0.264428
0.260188
0.295121
0.311525
0.276058
0.243632
0.275970
0.223670
0.307038
0.291305
0.272148
0.236506
0.317236
0.386364
0.321002
0.267148
0.287498
0.313351
0.242053
0.238655
0.255717
0.239520
0.268116
0.276824
0.288255
0.258568
0.251767
0.305680
0.276355
0.287525
0.261887
0.290365
0.211231
0.289567
0.256127
0.252348
0.246023
0.310135
0.287126
0.232855
0.262613
0.250765
0.265753
0.279785
0.219562
0.281511
0.296219
0.268127
0.249335
0.307864
0.278289
0.238311
0.256711
0.298958
0.290056
0.274069
0.303775
0.250233
0.266830
0.297742
0.245555
0.339238
0.267876
0.286412
0.269674
0.230590
0.365607
0.235246
0.228028
0.259032
0.260516
0.262992
0.242368
0.214381
0.324080
0.230057
0.316327
0.268086
0.320638
0.259606
0.268202
0.296344
0.279095
0.244358
0.275811
0.275783
0.291186
0.228153
0.283157
0.269187
0.248239
0.231670
0.254769
0.304410
0.251751
0.289565
0.347613
0.260600
0.263194
0.307947
0.224882
0.265618
0.252658
0.294760
0.255417
0.274624
0.278969
0.273329
0.260216
0.234603
0.259100
0.196664
0.244354
0.233546
0.342781
0.223943
0.233850
0.278678
0.272160
0.258618
0.256047
0.238158
0.244884
0.313221
0.255751
0.239650
0.244563
0.236087
0.227767
0.316340
0.251231
0.211364
0.259509
0.218269
0.226285
0.267073
0.264334
0.289380
0.216811
0.246809
0.225906
0.257053
0.261000
0.238870
0.301100
0.277298
0.297899
0.283850
0.285183
0.231783
0.246152
0.242618
0.260402
0.239512
0.234055
0.300758
0.268773
0.234647
0.266553
0.219821
0.236593
0.279477
0.239715
0.250242
0.277471
0.247694
0.290777
0.254015
0.255335
0.251764
0.206426
0.235348
0.304024
0.250228
0.256004
0.245441
0.249373
0.253266
0.281400
0.202467
0.268063
0.263129
0.304581
0.315098
0.233846
0.241528
0.266678
0.218768
0.294367
0.255548
0.280412
0.268442
0.249249
0.253010
0.272273
0.275826
0.222238
0.242076
0.256694
0.287625
0.231420
0.240636
0.285189
0.285310
0.259331
0.270844
0.177822
0.258014
0.255216
0.220804
0.253517
0.214753
0.272385
0.239978
0.233500
0.282024
0.268411
0.301218
0.240664
0.264654
0.303364
0.220649
0.229726
0.239774
0.251268
0.249409
0.291777
0.289430
0.283128
0.268211
0.282399
0.262249
0.217992
0.219591
0.299731
0.242535
0.311886
0.224804
0.214237
0.281894
0.290163
0.231933
0.196965
0.273377
0.277795
0.249007
0.247573
0.223341
0.300778
0.252840
0.266861
0.253222
0.221935
0.284393
0.238492
0.273420
0.300901
0.272053
0.274726
0.248245
0.287951
0.284787
0.287768
0.250494
0.311521
0.196567
0.242706
0.302745
0.301745
0.285840
0.241171
0.240267
0.272944
0.245422
0.253414
0.243243
0.273725
0.265988
0.253745
0.306679
0.265507
0.272420
0.280198
0.312468
0.233018
0.289442
0.211762
0.296162
0.258975
0.228439
0.292570
0.265354
0.256436
0.257351
0.271122
0.268444
0.258425
0.243118
0.246733
0.248878
0.296482
0.240885
0.237586
0.252113
0.193969
0.306955
0.272197
0.272324
0.208585
0.295246
0.245753
0.250516
0.266339
0.229501
0.258301
0.269745
0.231523
0.266301
0.230837
0.212488
0.290970
0.229146
0.213981
0.264982
0.237894
0.308315
0.371399
0.255891
0.273759
0.310732
0.304160
0.222880
0.284307
0.245904
0.318195
0.252362
0.237860
0.252639
0.291016
0.237397
0.236709
0.267507
0.244930
0.252139
0.264362
0.244018
0.255897
0.244935
0.261431
0.257536
0.291773
0.307723
0.271920
0.240284
0.273090
0.220017
0.304163
0.287235
0.269096
0.233502
0.314068
0.382411
0.318885
0.265104
0.283597
0.309266
0.238909
0.235303
0.252142
0.236468
0.265060
0.274038
0.285518
0.254617
0.248562
0.303105
0.273509
0.284999
0.257848
0.287172
0.208633
0.286100
0.252709
0.248752
0.242887
0.306089
0.282851
0.229612
0.259318
0.247075
0.262043
0.276243
0.215692
0.277618
0.291972
0.264845
0.246076
0.304750
0.274049
0.235083
0.252535
0.295322
0.287094
0.270598
0.301441
0.246509
0.263308
0.294397
0.242489
0.334800
0.264326
0.282436
0.265921
0.227783
0.361770
0.232010
0.225145
0.255997
0.257281
0.260409
0.239776
0.211471
0.321276
0.226899
0.313681
0.264574
0.316654
0.255840
0.264858
0.293082
0.275700
0.240388
0.272250
0.273194
0.286795
0.225298
0.279451
0.265907
0.245422
0.228609
0.251145
0.300455
0.248293
0.285679
0.344258
0.257152
0.259199
0.304234
0.221720
0.261761
0.248707
0.291838
0.251855
0.271549
0.275274
0.270470
0.257667
0.230655
0.256318
0.193964
0.242006
0.231053
0.338484
0.221207
0.229970
0.275161
0.269410
0.255394
0.253372
0.235861
0.241813
0.309841
0.251660
0.236337
0.241424
0.232849
0.224120
0.313848
0.246988
0.208835
0.255555
0.214655
0.223298
0.264304
0.261211
0.285334
0.214060
0.243644
0.222390
0.253405
0.257495
0.236321
0.298359
0.273206
0.295301
0.280205
0.281946
0.228726
0.243204
0.239264
0.257698
0.236441
0.230365
0.298183
0.265741
0.230574
0.263695
0.217342
0.234218
0.275995
0.236828
0.245989
0.273836
0.244900
0.286580
0.250353
0.252412
0.249003
0.203446
0.232739
0.300831
0.246440
0.253276
0.242648
0.246274
0.249835
0.277389
0.200242
0.263805
0.260613
0.301380
0.311495
0.231094
0.238695
0.262922
0.215776
0.290986
0.251669
0.277513
0.264992
0.245794
0.250115
0.268684
0.271557
0.218790
0.239132
0.253113
0.285602
0.227999
0.236692
0.281554
0.281375
0.256210
0.267987
0.174446
0.254589
0.252423
0.218031
0.250504
0.212295
0.268173
0.237388
0.230617
0.277691
0.264817
0.296993
0.237051
0.261384
0.299614
0.217700
0.226342
0.236072
0.247882
0.246021
0.288804
0.285444
0.280402
0.265201
0.279317
0.258191
0.215395
0.216383
0.295672
0.239321
0.308112
0.221498
0.211157
0.278560
0.286613
0.228701
0.194959
0.269273
0.274509
0.245896
0.244641
0.220305
0.296949
0.249515
0.263872
0.250428
0.218890
0.281064
0.236029
0.269513
0.297099
0.268304
0.271114
0.244656
0.283736
0.281442
0.283753
0.247298
0.307126
0.193036
0.239663
0.298109
0.297789
0.282482
0.237678
0.236724
0.269364
0.242092
0.250013
0.240544
0.271030
0.262272
0.249718
0.302288
0.262387
0.269755
0.276744
0.308804
0.230398
0.287010
0.209008
0.293757
0.254982
0.225265
0.290002
0.262588
0.253027
0.253509
0.267255
0.264991
0.255562
0.240443
0.243311
0.246045
0.293018
0.237791
0.234697
0.248713
0.192136
0.303719
0.269117
0.269113
0.205763
0.292286
0.242961
0.247256
0.263300
0.225937
0.254695
0.266719
0.228292
0.263338
0.227581
0.209112
0.288471
0.226600
0.210570
0.261593
0.235298
0.305476
0.367718
0.252971
0.271065
0.307495
0.301163
0.219868
0.280401
0.243164
0.314168
0.249098
0.234142
0.249517
0.287356
0.235315
0.234732
0.264055
0.242187
0.249357
0.261212
0.242027
0.252219
0.242121
0.258606
0.255048
0.288606
0.304115
0.267985
0.237118
0.270379
0.216553
0.301457
0.283366
0.266217
0.230670
0.311075
0.378655
0.316915
0.263205
0.279892
0.305382
0.235940
0.232133
0.248754
0.233588
0.262177
0.271416
0.282945
0.250863
0.245533
0.300691
0.270830
0.282632
0.254009
0.284156
0.206196
0.282817
0.249474
0.245343
0.239926
0.302241
0.278783
0.226547
0.256203
0.243576
0.258523
0.272887
0.212018
0.273921
0.287930
0.261742
0.242996
0.301810
0.270015
0.232033
0.248563
0.291874
0.284301
0.267311
0.299259
0.242974
0.259970
0.291233
0.239597
0.330574
0.260962
0.278658
0.262359
0.225141
0.358127
0.228951
0.222430
0.253134
0.254223
0.257985
0.237343
0.208728
0.318636
0.223915
0.311195
0.261248
0.312866
0.252267
0.261696
0.289998
0.272487
0.236616
0.268875
0.270765
0.282611
0.222609
0.275935
0.262804
0.242769
0.225720
0.247709
0.296696
0.245019
0.281987
0.341082
0.253887
0.255400
0.300712
0.218732
0.258097
0.244952
0.289084
0.248478
0.268645
0.271769
0.267778
0.255275
0.226904
0.253702
0.191427
0.239810
0.228716
0.334392
0.218633
0.226283
0.271828
0.266822
0.252346
0.250859
0.233715
0.238915
0.306643
0.247768
0.233202
0.238458
0.229787
0.220660
0.311512
0.242948
0.206463
0.251797
0.211227
0.220481
0.261698
0.258262
0.281486
0.211473
0.240655
0.219059
0.249945
0.254172
0.233930
0.295782
0.269314
0.292860
0.276748
0.278884
0.225841
0.240424
0.236090
0.255155
0.233542
0.226864
0.295766
0.262881
0.226699
0.261003
0.215019
0.231996
0.272696
0.234108
0.241940
0.270388
0.242268
0.282586
0.246878
0.249657
0.246404
0.200635
0.230289
0.297813
0.242843
0.250710
0.240019
0.243346
0.246584
0.273575
0.198164
0.259751
0.258253
0.298355
0.308078
0.228504
0.236027
0.259355
0.212953
0.287785
0.247985
0.274779
0.261724
0.242521
0.247387
0.265280
0.267492
0.215523
0.236355
0.249717
0.283723
0.224759
0.232943
0.278104
0.277636
0.253261
0.265295
0.171249
0.251345
0.249793
0.215421
0.247660
0.209991
0.264163
0.234954
0.227899
0.273564
0.261407
0.292970
0.233622
0.258290
0.296054
0.214918
0.223138
0.232559
0.244675
0.242812
0.285999
0.281653
0.277837
0.262361
0.276407
0.254329
0.212956
0.213349
0.291810
0.236281
0.304527
0.218368
0.208248
0.275404
0.283246
0.225643
0.193093
0.265369
0.271398
0.242957
0.241875
0.217439
0.293311
0.246368
0.261051
0.247796
0.216015
0.277913
0.233719
0.265799
0.293486
0.264744
0.267687
0.241250
0.279723
0.278275
0.279934
0.244275
0.302936
0.189686
0.236789
0.293685
0.294028
0.279305
0.234365
0.233364
0.265968
0.238938
0.246792
0.238006
0.268493
0.258743
0.245886
0.298102
0.259439
0.267249
0.273471
0.305327
0.227934
0.284729
0.206415
0.291504
0.251185
0.222263
0.287589
0.259983
0.249797
0.249858
0.263581
0.261718
0.252863
0.237927
0.240068
0.243374
0.289733
0.234867
0.231973
0.245491
0.190439
0.300655
0.266206
0.266076
0.203104
0.289494
0.240330
0.244171
0.260428
0.222556
0.251273
0.263861
0.225235
0.260541
0.224499
0.205913
0.286125
0.224209
0.207337
0.258382
0.232857
0.302800
0.364222
0.250215
0.268531
0.304430
0.298333
0.217024
0.276686
0.240583
0.310337
0.246007
0.230609
0.246566
0.283882
0.233374
0.232894
0.260782
0.239603
0.246736
0.258232
0.240175
0.248726
0.239468
0.255943
0.252711
0.285611
0.300691
0.264242
0.234123
0.267826
0.213268
0.298910
0.279688
0.263500
0.228000
0.308249
0.375082
0.315084
0.261443
0.276373
0.301688
0.233138
0.229133
0.245544
0.230872
0.259457
0.268951
0.280527
0.247296
0.242672
0.298427
0.268308
0.280414
0.250358
0.281307
0.203911
0.279708
0.246411
0.242112
0.237130
0.298584
0.274910
0.223651
0.253258
0.240256
0.255183
0.269707
0.208528
0.270409
0.284083
0.258807
0.240085
0.299034
0.266175
0.229150
0.244783
0.288604
0.281669
0.264198
0.297221
0.239621
0.256808
0.288240
0.236868
0.326547
0.257776
0.275066
0.258979
0.222655
0.354668
0.226060
0.219873
0.250432
0.251333
0.255711
0.235060
0.206145
0.316154
0.221097
0.308862
0.258096
0.309266
0.248875
0.258703
0.287082
0.269446
0.233031
0.265676
0.268486
0.278626
0.220078
0.272599
0.259871
0.240274
0.222994
0.244450
0.293124
0.241918
0.278478
0.338078
0.250795
0.251789
0.297370
0.215910
0.254618
0.241384
0.286489
0.245278
0.265905
0.268442
0.265244
0.253032
0.223339
0.251240
0.189041
0.237758
0.226527
0.330497
0.216213
0.222780
0.268670
0.264390
0.249465
0.248498
0.231711
0.236180
0.303615
0.244067
0.230236
0.235657
0.226892
0.217378
0.309323
0.239102
0.204239
0.248225
0.207976
0.217823
0.259246
0.255476
0.277826
0.209039
0.237830
0.215902
0.246663
0.251024
0.231687
0.293358
0.265612
0.290570
0.273469
0.275990
0.223118
0.237804
0.233086
0.252766
0.230805
0.223542
0.293499
0.260181
0.223014
0.258468
0.212842
0.229917
0.269570
0.231544
0.238085
0.267117
0.239792
0.278783
0.243580
0.247060
0.243959
0.197983
0.227988
0.294959
0.239427
0.248296
0.237545
0.240582
0.243506
0.269948
0.196226
0.255890
0.256040
0.295494
0.304836
0.226069
0.233515
0.255969
0.210290
0.284753
0.244483
0.272202
0.258627
0.239419
0.244816
0.262051
0.263620
0.212428
0.233737
0.246496
0.281976
0.221690
0.229378
0.274831
0.274081
0.250474
0.262759
0.168221
0.248271
0.247317
0.212964
0.244975
0.207832
0.260344
0.232670
0.225337
0.269631
0.258172
0.289139
0.230370
0.255362
0.292671
0.212294
0.220103
0.229222
0.241638
0.239774
0.283353
0.278047
0.275424
0.259679
0.273657
0.250655
0.210665
0.210479
0.288136
0.233407
0.301124
0.215406
0.205500
0.272416
0.280053
0.222751
0.191360
0.261652
0.268454
0.240180
0.239266
0.214732
0.289854
0.243388
0.258388
0.245318
0.213300
0.274930
0.231554
0.262268
0.290054
0.261363
0.264434
0.238019
0.275901
0.275276
0.276300
0.241416
0.298942
0.186510
0.234075
0.289464
0.290451
0.276294
0.231225
0.230178
0.262746
0.235951
0.243739
0.235617
0.266108
0.255393
0.242240
0.294111
0.256653
0.264891
0.270368
0.302024
0.225620
0.282592
0.203974
0.289392
0.247573
0.219425
0.285322
0.257530
0.246736
0.246388
0.260088
0.258615
0.250318
0.235561
0.236994
0.240859
0.286618
0.232104
0.229404
0.242437
0.188869
0.297757
0.263456
0.263203
0.200599
0.286858
0.237853
0.241251
0.257716
0.219347
0.248025
0.261162
0.222343
0.257902
0.221583
0.202883
0.283924
0.221964
0.204273
0.255338
0.230564
0.300278
0.360902
0.247616
0.266147
0.301531
0.295661
0.214338
0.273154
0.238153
0.306691
0.243082
0.227254
0.243775
0.280583
0.231568
0.231186
0.257679
0.237171
0.244267
0.255415
0.238454
0.245410
0.236968
0.253433
0.250519
0.282777
0.297440
0.260682
0.231290
0.265424
0.210153
0.296514
0.276190
0.260939
0.225483
0.305580
0.371681
0.313384
0.259809
0.273029
0.298175
0.230491
0.226296
0.242502
0.228310
0.256891
0.266634
0.278255
0.243906
0.239970
0.296304
0.265936
0.278336
0.246888
0.278615
0.201768
0.276764
0.243512
0.239049
0.234491
0.295106
0.271223
0.220913
0.250473
0.237107
0.252015
0.266694
0.205212
0.267074
0.280421
0.256033
0.237333
0.296415
0.262521
0.226426
0.241187
0.285504
0.279188
0.261250
0.295318
0.236439
0.253812
0.285408
0.234292
0.322711
0.254755
0.271652
0.255770
0.220318
0.351383
0.223328
0.217465
0.247884
0.248601
0.253578
0.232920
0.203711
0.313819
0.218436
0.306670
0.255109
0.305844
0.245655
0.255870
0.284325
0.266567
0.229622
0.262644
0.266348
0.274829
0.217695
0.269434
0.257095
0.237925
0.220422
0.241360
0.289728
0.238981
0.275145
0.335233
0.247867
0.248356
0.294199
0.213245
0.251313
0.237991
0.284044
0.242244
0.263318
0.265285
0.262857
0.250930
0.219950
0.248924
0.186801
0.235841
0.224476
0.326788
0.213938
0.219452
0.265677
0.262102
0.246742
0.246281
0.229841
0.233598
0.300749
0.240545
0.227431
0.233011
0.224156
0.214264
0.307273
0.235440
0.202154
0.244830
0.204893
0.215319
0.256941
0.252845
0.274345
0.206750
0.235161
0.212910
0.243549
0.248041
0.229584
0.291080
0.262089
0.288420
0.270359
0.273255
0.220548
0.235333
0.230242
0.250520
0.228221
0.220389
0.291371
0.257634
0.219507
0.256081
0.210803
0.227974
0.266608
0.229129
0.234414
0.264014
0.237462
0.275163
0.240451
0.244612
0.241660
0.195482
0.225828
0.292263
0.236183
0.246027
0.235217
0.237971
0.240590
0.266499
0.194419
0.252214
0.253966
0.292789
0.301761
0.223777
0.231150
0.252753
0.207778
0.281884
0.241155
0.269774
0.255693
0.236481
0.242392
0.258988
0.259931
0.209495
0.231268
0.243440
0.280358
0.218782
0.225989
0.271724
0.270700
0.247842
0.260371
0.165354
0.245360
0.244987
0.210651
0.242442
0.205809
0.256707
0.230525
0.222922
0.265883
0.255103
0.285489
0.227283
0.252592
0.289460
0.209820
0.217228
0.226055
0.238762
0.236895
0.280855
0.274617
0.273155
0.257149
0.271060
0.247159
0.208515
0.207765
0.284638
0.230687
0.297888
0.212602
0.202905
0.269586
0.277024
0.220014
0.189752
0.258114
0.265668
0.237557
0.236805
0.212177
0.286569
0.240567
0.255875
0.242985
0.210736
0.272105
0.229526
0.258910
0.286793
0.258151
0.261349
0.234954
0.272260
0.272435
0.272842
0.238711
0.295133
0.183497
0.231512
0.285435
0.287048
0.273444
0.228248
0.227155
0.259689
0.233123
0.240847
0.233370
0.263864
0.252210
0.238771
0.290307
0.254019
0.262676
0.267427
0.298890
0.223445
0.280590
0.201676
0.287416
0.244136
0.216741
0.283195
0.255221
0.243836
0.243089
0.256767
0.255674
0.247920
0.233336
0.234082
0.238487
0.283666
0.229493
0.226982
0.239545
0.187418
0.295014
0.260858
0.260485
0.198238
0.284371
0.235519
0.238488
0.255155
0.216303
0.244942
0.258612
0.219605
0.255411
0.218822
0.200012
0.281860
0.219856
0.201369
0.252455
0.228411
0.297900
0.357751
0.245163
0.263904
0.298787
0.293138
0.211801
0.269795
0.235867
0.303221
0.240313
0.224067
0.241138
0.277450
0.229886
0.229602
0.254737
0.234881
0.241942
0.252751
0.236856
0.242260
0.234612
0.251068
0.248464
0.280096
0.294356
0.257295
0.228610
0.263163
0.207200
0.294258
0.272864
0.258524
0.223111
0.303060
0.368437
0.311805
0.258295
0.269854
0.294835
0.227994
0.223612
0.239619
0.225894
0.254472
0.264455
0.276121
0.240685
0.237418
0.294316
0.263704
0.276391
0.243588
0.276073
0.199759
0.273977
0.240768
0.236146
0.231999
0.291799
0.267712
0.218327
0.247839
0.234120
0.249009
0.263839
0.202064
0.263904
0.276935
0.253410
0.234732
0.293942
0.259043
0.223852
0.237765
0.282564
0.276850
0.258457
0.293544
0.233420
0.250973
0.282729
0.231863
0.319054
0.251892
0.268407
0.252725
0.218119
0.348263
0.220745
0.215199
0.245482
0.246019
0.251580
0.230913
0.201420
0.311624
0.215922
0.304615
0.252279
0.302590
0.242598
0.253191
0.281719
0.263841
0.226382
0.259769
0.264344
0.271212
0.215452
0.266430
0.254472
0.235716
0.217995
0.238429
0.286501
0.236199
0.271978
0.332541
0.245094
0.245092
0.291188
0.210727
0.248173
0.234767
0.281740
0.239368
0.260878
0.262290
0.260610
0.248960
0.216730
0.246747
0.184696
0.234051
0.222556
0.323254
0.211801
0.216290
0.262840
0.259952
0.244168
0.244199
0.228096
0.231161
0.298037
0.237194
0.224776
0.230513
0.221569
0.211310
0.305354
0.231953
0.200201
0.241602
0.201969
0.212956
0.254772
0.250361
0.271034
0.204599
0.232640
0.210074
0.240595
0.245213
0.227614
0.288937
0.258737
0.286404
0.267407
0.270666
0.218123
0.233005
0.227551
0.248409
0.225782
0.217396
0.289376
0.255231
0.216172
0.253832
0.208894
0.226158
0.263800
0.226855
0.230917
0.261070
0.235270
0.271715
0.237482
0.242305
0.239497
0.193124
0.223801
0.289713
0.233101
0.243894
0.233026
0.235506
0.237827
0.263218
0.192735
0.248711
0.252022
0.290233
0.298846
0.221623
0.228923
0.249699
0.205409
0.279165
0.237992
0.267487
0.252913
0.233696
0.240109
0.256083
0.256418
0.206716
0.228940
0.240543
0.278855
0.216028
0.222766
0.268777
0.267486
0.245355
0.258121
0.162639
0.242601
0.242794
0.208476
0.240052
0.203916
0.253244
0.228513
0.220647
0.262311
0.252191
0.282013
0.224355
0.249971
0.286410
0.207486
0.214506
0.223048
0.236038
0.234169
0.278500
0.271355
0.271021
0.254761
0.268608
0.243831
0.206496
0.205199
0.281310
0.228116
0.294814
0.209949
0.200454
0.266908
0.274153
0.217426
0.188261
0.254746
0.263031
0.235078
0.234485
0.209764
0.283446
0.237896
0.253505
0.240789
0.208315
0.269431
0.227626
0.255718
0.283695
0.255100
0.258421
0.232046
0.268793
0.269745
0.269552
0.236154
0.291503
0.180639
0.229093
0.281589
0.283811
0.270745
0.225425
0.224287
0.256788
0.230446
0.238107
0.231258
0.261755
0.249188
0.235470
0.286680
0.251531
0.260594
0.264639
0.295913
0.221402
0.278716
0.199515
0.285567
0.240866
0.214203
0.281199
0.253048
0.241088
0.239955
0.253610
0.252886
0.245660
0.231245
0.231322
0.236254
0.280868
0.227026
0.224699
0.236803
0.186081
0.292417
0.258403
0.257913
0.196015
0.282025
0.233322
0.235872
0.252736
0.213415
0.242017
0.256205
0.217016
0.253061
0.216209
0.197291
0.279924
0.217879
0.198617
0.249722
0.226388
0.295656
0.354757
0.242851
0.261794
0.296190
0.290756
0.209407
0.266599
0.233715
0.299918
0.237692
0.221039
0.238644
0.274476
0.228323
0.228132
0.251948
0.232726
0.239752
0.250232
0.235374
0.239269
0.232394
0.248840
0.246537
0.277562
0.291426
0.254074
0.226077
0.261036
0.204399
0.292135
0.269701
0.256247
0.220876
0.300681
0.365309
0.310341
0.256895
0.266837
0.291658
0.225635
0.221074
0.236886
0.223616
0.252191
0.262409
0.274116
0.237624
0.235006
0.292454
0.261606
0.274571
0.240450
0.273672
0.197877
0.271337
0.238172
0.233394
0.229647
0.288654
0.264370
0.215883
0.245350
0.231286
0.246157
0.261134
0.199073
0.260894
0.273616
0.250931
0.232273
0.291609
0.255731
0.221420
0.234507
0.279776
0.274648
0.255813
0.291887
0.230555
0.248283
0.280195
0.229572
0.315569
0.249179
0.265322
0.249835
0.216052
0.345300
0.218305
0.213066
0.243216
0.243579
0.249707
0.229032
0.199262
0.309560
0.213548
0.302687
0.249598
0.299497
0.239696
0.250656
0.279255
0.261261
0.223302
0.257045
0.262466
0.267764
0.213342
0.263579
0.251991
0.233639
0.215705
0.235650
0.283433
0.233564
0.268970
0.329989
0.242468
0.241988
0.288324
0.208349
0.245190
0.231702
0.279572
0.236641
0.258575
0.259448
0.258497
0.247114
0.213667
0.244699
0.182719
0.232380
0.220760
0.319887
0.209793
0.213286
0.260152
0.257932
0.241736
0.242245
0.226471
0.228862
0.295468
0.234007
0.222265
0.228153
0.219123
0.208508
0.303550
0.228632
0.198373
0.238532
0.199196
0.210730
0.252734
0.248015
0.267884
0.202577
0.230259
0.207386
0.237792
0.242534
0.225767
0.286923
0.255548
0.284509
0.264608
0.268220
0.215834
0.230811
0.225004
0.246427
0.223481
0.214555
0.287504
0.252963
0.212997
0.251716
0.207108
0.224461
0.261140
0.224712
0.227586
0.258277
0.233208
0.268432
0.234665
0.240133
0.237464
0.190900
0.221901
0.287304
0.230174
0.241890
0.230966
0.233178
0.235211
0.260097
0.191167
0.245376
0.250201
0.287817
0.296078
0.219597
0.226827
0.246799
0.203174
0.276591
0.234985
0.265332
0.250280
0.231058
0.237958
0.253327
0.253071
0.204084
0.226745
0.237794
0.277463
0.213419
0.219703
0.265981
0.264429
0.243007
0.256000
0.160069
0.239989
0.240732
0.206430
0.237797
0.202144
0.249946
0.226625
0.218505
0.258907
0.249429
0.278702
0.221577
0.247492
0.283513
0.205286
0.211928
0.220193
0.233458
0.231587
0.276279
0.268251
0.269015
0.252508
0.266292
0.240665
0.204603
0.202772
0.278143
0.225684
0.291891
0.207437
0.198140
0.264373
0.271429
0.214979
0.186880
0.251541
0.260536
0.232738
0.232298
0.207488
0.280468
0.235368
0.251268
0.238722
0.206031
0.266900
0.225847
0.252683
0.280750
0.252202
0.255641
0.229286
0.265489
0.267198
0.266422
0.233737
0.288040
0.177930
0.226809
0.277917
0.280732
0.268188
0.222748
0.221568
0.254037
0.227911
0.235511
0.229273
0.259773
0.246318
0.232328
0.283222
0.249181
0.258637
0.261997
0.293061
0.219485
0.276955
0.197481
0.283834
0.237755
0.211803
0.279325
0.251002
0.238484
0.236975
0.250608
0.250243
0.243531
0.229281
0.228707
0.234150
0.278215
0.224695
0.222549
0.234207
0.184845
0.289773
0.256080
0.255478
0.193920
0.279487
0.230911
0.452327
0.459541
0.443532
0.474001
0.462390
0.432292
0.456396
0.432606
0.419045
0.462630
0.402672
0.421937
0.472048
0.413397
0.493453
0.590084
0.444269
0.453079
0.511725
0.495579
0.414871
0.511900
0.427067
0.550551
0.454355
0.457945
0.448941
0.508710
0.392302
0.387411
0.476919
0.426112
0.434841
0.461722
0.395238
0.474246
0.428904
0.445796
0.428510
0.489734
0.523215
0.500445
0.438186
0.452863
0.429755
0.483702
0.513060
0.455519
0.418031
0.504981
0.603422
0.469055
0.412437
0.502824
0.535619
0.428801
0.433224
0.458675
0.422771
0.451496
0.450031
0.459582
0.475701
0.440724
0.470832
0.451749
0.450821
0.482263
0.478810
0.377196
0.488327
0.453033
0.455960
0.432267
0.530730
0.516276
0.423075
0.454774
0.457831
0.473604
0.481255
0.433403
0.496200
0.524260
0.459766
0.440058
0.493139
0.505975
0.427835
0.481997
0.503888
0.469574
0.472736
0.459562
0.458460
0.467426
0.491594
0.428862
0.574261
0.469432
0.504063
0.478891
0.404112
0.577947
0.424914
0.404364
0.441112
0.450127
0.428016
0.407720
0.391724
0.497398
0.416727
0.483665
0.468050
0.538448
0.469113
0.461786
0.486837
0.474597
0.461540
0.477566
0.440842
0.524259
0.403249
0.490321
0.460319
0.421883
0.414482
0.458803
0.520938
0.449479
0.503499
0.541490
0.457926
0.481205
0.515231
0.411419
0.478357
0.468940
0.472205
0.456995
0.457839
0.485544
0.448330
0.423559
0.450659
0.431157
0.365650
0.400043
0.394702
0.571966
0.394259
0.447330
0.478415
0.442963
0.447264
0.423957
0.391820
0.427714
0.507692
0.477073
0.431623
0.429959
0.425203
0.432313
0.477258
0.478230
0.373685
0.475568
0.421505
0.405824
0.438413
0.449000
0.508877
0.387420
0.432995
0.425330
0.461460
0.460039
0.401795
0.471247
0.498408
0.462693
0.488047
0.474026
0.413786
0.424062
0.435825
0.429092
0.422039
0.439912
0.464561
0.449763
0.454948
0.440961
0.379938
0.392780
0.477424
0.415207
0.477234
0.481148
0.419669
0.515636
0.458711
0.432092
0.422437
0.385340
0.400267
0.490951
0.459593
0.425367
0.417225
0.432720
0.449126
0.499110
0.352838
0.495051
0.424421
0.491684
0.517373
0.404005
0.414716
0.474705
0.397940
0.488214
0.468131
0.456102
0.464853
0.445833
0.428455
0.473924
0.503102
0.418530
0.419358
0.457992
0.430091
0.426636
0.455581
0.488505
0.499878
0.443213
0.444734
0.371298
0.453314
0.426674
0.391499
0.433266
0.373546
0.497320
0.403751
0.408319
0.511496
0.470038
0.526621
0.442976
0.453999
0.510797
0.397855
0.423318
0.445353
0.444914
0.443130
0.469845
0.505715
0.451848
0.447609
0.464509
0.481216
0.381785
0.406455
0.518693
0.429602
0.520077
0.415309
0.396189
0.473417
0.489838
0.419612
0.338406
0.493893
0.467504
0.432039
0.423905
0.403547
0.510894
0.443920
0.445282
0.424274
0.402424
0.475569
0.397019
0.486403
0.509937
0.479042
0.476560
0.449217
0.512483
0.476519
0.504768
0.436588
0.542878
0.395313
0.422984
0.543113
0.516424
0.477875
0.438409
0.439342
0.473412
0.436478
0.447099
0.410441
0.440797
0.471524
0.471026
0.537693
0.448500
0.438289
0.475797
0.515967
0.397163
0.446494
0.380932
0.452147
0.474821
0.413418
0.454713
0.434930
0.450235
0.467466
0.482138
0.463886
0.431592
0.409168
0.440967
0.420886
0.492303
0.422720
0.411655
0.445481
0.328196
0.494106
0.453444
0.458482
0.380067
0.471888
0.416105
0.438478
0.446010
0.428943
0.459308
0.448882
0.418348
0.442999
0.418590
0.404769
0.450171
0.390107
0.407566
0.457719
0.400715
0.480260
0.575131
0.430901
0.440182
0.497690
0.482044
0.401303
0.496463
0.414065
0.534861
0.440257
0.442896
0.435140
0.493786
0.380672
0.376002
0.462427
0.413102
0.421751
0.447863
0.383802
0.459284
0.415748
0.432619
0.416037
0.475843
0.508404
0.484949
0.424299
0.439929
0.415247
0.470781
0.497707
0.442236
0.404849
0.491464
0.588306
0.457679
0.401211
0.487821
0.520242
0.415340
0.419342
0.444341
0.409501
0.438220
0.437303
0.446957
0.460605
0.427148
0.458540
0.438906
0.438631
0.466995
0.465265
0.364863
0.474226
0.439033
0.441599
0.418843
0.515454
0.500539
0.409438
0.441033
0.443287
0.459017
0.467013
0.418495
0.481247
0.508588
0.446057
0.426399
0.479774
0.490323
0.414241
0.466476
0.489465
0.456523
0.458652
0.447791
0.443862
0.453239
0.477772
0.415608
0.558219
0.455196
0.488959
0.464242
0.391390
0.563131
0.411322
0.391491
0.427930
0.436540
0.415754
0.395443
0.378799
0.484691
0.403301
0.471282
0.453908
0.523344
0.454457
0.447989
0.473208
0.460698
0.446472
0.463331
0.428587
0.508336
0.390453
0.475797
0.446661
0.409167
0.401272
0.444449
0.505911
0.435467
0.488614
0.527686
0.443936
0.466100
0.500705
0.398013
0.463539
0.453931
0.459291
0.442780
0.444616
0.471061
0.435550
0.411408
0.435666
0.418538
0.353196
0.388308
0.382671
0.556267
0.381736
0.432480
0.464307
0.430415
0.433755
0.411567
0.380198
0.414520
0.493871
0.461805
0.417938
0.416628
0.411673
0.417951
0.465249
0.462658
0.361602
0.460588
0.407216
0.392814
0.425846
0.435715
0.493713
0.374893
0.419630
0.411251
0.447112
0.445982
0.389686
0.458748
0.483163
0.450484
0.473714
0.460521
0.400651
0.411148
0.422087
0.416677
0.408877
0.425493
0.452411
0.436687
0.439752
0.428240
0.367988
0.381043
0.463436
0.402430
0.461680
0.466852
0.407083
0.500199
0.444362
0.419250
0.409923
0.372383
0.388065
0.477562
0.444996
0.412926
0.404655
0.419527
0.435258
0.484064
0.341424
0.479506
0.412420
0.478291
0.503162
0.391527
0.402076
0.460186
0.384979
0.474461
0.453368
0.443330
0.450963
0.431935
0.415697
0.459754
0.487550
0.404650
0.406503
0.443843
0.419116
0.412815
0.440697
0.474250
0.485015
0.430006
0.432066
0.357575
0.439494
0.414139
0.379006
0.420285
0.361696
0.481904
0.391633
0.395606
0.495837
0.455880
0.511182
0.428783
0.440506
0.496329
0.385017
0.409597
0.430985
0.431191
0.429404
0.456963
0.490772
0.439472
0.434657
0.451411
0.466131
0.369677
0.393102
0.503610
0.416239
0.505577
0.401762
0.383104
0.459816
0.475799
0.406220
0.327507
0.478731
0.454004
0.418900
0.411127
0.390561
0.496295
0.430348
0.432394
0.411784
0.389426
0.461995
0.385205
0.471654
0.495401
0.464616
0.462413
0.435117
0.497113
0.462919
0.489805
0.423293
0.527142
0.381336
0.410003
0.526892
0.501590
0.464262
0.424517
0.425351
0.459347
0.422921
0.433400
0.398171
0.428534
0.457187
0.456056
0.521984
0.435381
0.426094
0.461999
0.501743
0.385062
0.434777
0.368562
0.440488
0.459935
0.400196
0.442723
0.422540
0.436539
0.452891
0.467515
0.450103
0.419010
0.396972
0.427250
0.408370
0.478502
0.409674
0.399028
0.431814
0.317719
0.480775
0.440433
0.445206
0.367583
0.459126
0.403683
0.425106
0.433086
0.414953
0.445235
0.435988
0.405041
0.430238
0.405233
0.391169
0.438355
0.378197
0.393897
0.444096
0.388706
0.467757
0.560917
0.418236
0.427981
0.484382
0.469226
0.388457
0.481798
0.401773
0.519955
0.426901
0.428617
0.422077
0.479630
0.369725
0.365270
0.448695
0.400814
0.409387
0.434749
0.373046
0.445098
0.403320
0.420172
0.404274
0.462702
0.494367
0.470247
0.411162
0.427719
0.401507
0.458583
0.483146
0.429689
0.392399
0.478688
0.573953
0.446986
0.390663
0.473600
0.505656
0.402619
0.406212
0.430771
0.396964
0.425678
0.425295
0.435048
0.446294
0.414316
0.446956
0.426785
0.427145
0.452515
0.452461
0.353239
0.460881
0.425787
0.428001
0.406157
0.500966
0.485603
0.396545
0.428037
0.429511
0.445200
0.453531
0.404365
0.467073
0.493713
0.433093
0.413483
0.467144
0.475469
0.401390
0.451749
0.475807
0.444198
0.445323
0.436712
0.430033
0.439809
0.464697
0.403087
0.542985
0.441719
0.474638
0.450364
0.379384
0.549089
0.398471
0.379339
0.415478
0.423693
0.404197
0.383869
0.366597
0.472701
0.390610
0.459606
0.440521
0.509022
0.440571
0.434939
0.460320
0.447547
0.432185
0.449853
0.417035
0.493216
0.378375
0.462037
0.433743
0.397167
0.388792
0.430856
0.491663
0.422205
0.474502
0.514626
0.430697
0.451776
0.486942
0.385341
0.449492
0.439700
0.447097
0.429320
0.432121
0.457340
0.423486
0.399956
0.421450
0.406631
0.341450
0.377259
0.371336
0.541365
0.369921
0.418401
0.450950
0.418577
0.420981
0.399880
0.369260
0.402052
0.480793
0.447320
0.404993
0.404028
0.398878
0.404347
0.453932
0.447877
0.350214
0.446382
0.393683
0.380525
0.413986
0.423157
0.479329
0.363074
0.406994
0.397921
0.433522
0.432673
0.378272
0.446956
0.468699
0.438973
0.460137
0.447749
0.388239
0.398951
0.409088
0.404965
0.396440
0.411831
0.440956
0.424331
0.425335
0.416231
0.356729
0.369990
0.450193
0.390365
0.446915
0.453311
0.395204
0.485548
0.430768
0.407122
0.398115
0.360143
0.376560
0.464903
0.431160
0.401189
0.392792
0.407057
0.422132
0.469793
0.330685
0.464748
0.401109
0.465627
0.489703
0.379752
0.390143
0.446427
0.372733
0.461446
0.439370
0.431268
0.437815
0.418778
0.403649
0.446332
0.472784
0.391511
0.394361
0.430441
0.408801
0.399734
0.426581
0.460744
0.470920
0.417520
0.420106
0.344588
0.426411
0.402307
0.367215
0.408020
0.350530
0.467269
0.380207
0.383602
0.480965
0.442469
0.496524
0.415337
0.427741
0.482615
0.372890
0.396611
0.417369
0.418202
0.416412
0.444793
0.476598
0.427793
0.422418
0.439030
0.451818
0.358257
0.380474
0.489298
0.403601
0.491831
0.388944
0.370736
0.446946
0.462501
0.393553
0.317265
0.464342
0.441231
0.406478
0.399057
0.378288
0.482452
0.417505
0.420216
0.399994
0.377140
0.449149
0.374073
0.457666
0.481620
0.450943
0.449010
0.421761
0.482521
0.450048
0.475609
0.410718
0.512193
0.368099
0.397734
0.511472
0.487518
0.451378
0.411361
0.412098
0.446022
0.410090
0.420432
0.386592
0.416963
0.443598
0.441853
0.507060
0.422976
0.414589
0.448934
0.488263
0.373647
0.423735
0.356885
0.429502
0.445810
0.387692
0.431417
0.410845
0.423573
0.439069
0.453647
0.437051
0.407128
0.385463
0.414264
0.396550
0.465433
0.397340
0.387101
0.418875
0.307883
0.468153
0.428132
0.432649
0.355795
0.447065
0.391955
0.412455
0.420870
0.401700
0.431900
0.423802
0.392452
0.418180
0.392596
0.378294
0.427216
0.366967
0.380956
0.431200
0.377379
0.455930
0.547445
0.406271
0.416467
0.471792
0.457113
0.376314
0.467886
0.390170
0.505808
0.414263
0.415081
0.409723
0.466213
0.359430
0.355184
0.435691
0.389213
0.397712
0.422346
0.362937
0.431653
0.391584
0.408417
0.393185
0.450272
0.481066
0.456298
0.398736
0.416194
0.388493
0.447071
0.469334
0.417835
0.380640
0.466611
0.560154
0.436935
0.380755
0.460118
0.491820
0.390596
0.393791
0.417922
0.385122
0.413829
0.413964
0.423785
0.432724
0.402184
0.435985
0.415345
0.416131
0.438841
0.440326
0.342271
0.448210
0.413361
0.415126
0.394167
0.487224
0.471425
0.384353
0.415747
0.416461
0.432110
0.440768
0.390971
0.453636
0.479594
0.420832
0.401270
0.455210
0.461371
0.389239
0.437774
0.462871
0.432559
0.432707
0.426284
0.416930
0.427096
0.452329
0.391257
0.528517
0.428958
0.461056
0.437214
0.368055
0.535780
0.386319
0.367868
0.403714
0.411545
0.393304
0.372959
0.355077
0.461386
0.378614
0.448597
0.427847
0.495439
0.427411
0.422593
0.448132
0.435103
0.418636
0.437092
0.406145
0.478858
0.366974
0.449001
0.421526
0.385841
0.376999
0.417981
0.478151
0.409653
0.461123
0.502273
0.418166
0.438191
0.473907
0.373362
0.436177
0.426205
0.435583
0.416574
0.420313
0.444341
0.412098
0.389163
0.407968
0.395394
0.330371
0.366859
0.360657
0.527216
0.358775
0.405054
0.438305
0.407408
0.408902
0.388859
0.358966
0.390271
0.468418
0.433575
0.392746
0.392119
0.386778
0.391460
0.443273
0.433846
0.339482
0.432910
0.380865
0.368917
0.402796
0.411287
0.465683
0.351922
0.395048
0.385301
0.420647
0.420073
0.367514
0.435830
0.454973
0.428122
0.447275
0.435672
0.376511
0.387432
0.396789
0.393917
0.384686
0.398889
0.430159
0.412657
0.411656
0.404893
0.346121
0.359582
0.437656
0.378974
0.432896
0.440482
0.383993
0.471640
0.417889
0.395669
0.386972
0.348580
0.365711
0.452931
0.418044
0.390115
0.381595
0.395271
0.409708
0.456253
0.320582
0.450736
0.390449
0.453651
0.476954
0.368641
0.378879
0.433385
0.361163
0.449128
0.426096
0.419878
0.425367
0.406322
0.392272
0.433618
0.458764
0.379071
0.382892
0.417746
0.399108
0.387352
0.413192
0.447948
0.457550
0.405717
0.408813
0.332296
0.414027
0.391140
0.356086
0.396429
0.340010
0.453374
0.369433
0.372265
0.466840
0.429765
0.482607
0.402598
0.415665
0.469616
0.361434
0.384318
0.404466
0.405909
0.404114
0.433295
0.463150
0.416772
0.410853
0.427327
0.438235
0.347489
0.368530
0.475716
0.391647
0.478800
0.376815
0.359044
0.434766
0.449905
0.381570
0.307642
0.450684
0.429146
0.394733
0.387655
0.366689
0.469329
0.405351
0.408710
0.388863
0.365528
0.436992
0.363582
0.444397
0.468554
0.437981
0.436312
0.409107
0.468665
0.437866
0.462138
0.398824
0.497992
0.355560
0.386138
0.496811
0.474168
0.439183
0.398902
0.399545
0.433398
0.397948
0.408155
0.375666
0.406045
0.430718
0.428374
0.492880
0.411248
0.403734
0.436562
0.475492
0.362881
0.413332
0.345864
0.419154
0.432408
0.375865
0.420756
0.399805
0.411297
0.425962
0.440494
0.424693
0.395907
0.374605
0.401969
0.385388
0.453057
0.385679
0.375835
0.406625
0.298652
0.456233
0.416502
0.420769
0.344664
0.435674
0.380883
0.400484
0.409323
0.389145
0.419266
0.412282
0.380542
0.406787
0.380639
0.366107
0.416717
0.356378
0.368703
0.418991
0.366696
0.444809
0.534676
0.394967
0.405601
0.459880
0.445664
0.364837
0.454688
0.379217
0.492381
0.402305
0.402249
0.398041
0.453498
0.349750
0.345708
0.423377
0.378265
0.386689
0.410615
0.353437
0.418909
0.380503
0.397316
0.382732
0.438515
0.468462
0.443065
0.386982
0.405318
0.376168
0.436207
0.456232
0.406639
0.369536
0.455199
0.547565
0.427494
0.371449
0.447338
0.478697
0.379234
0.382042
0.405757
0.373935
0.402636
0.403277
0.413220
0.419857
0.390716
0.425752
0.404552
0.406130
0.425757
0.428915
0.331957
0.436300
0.401393
0.402934
0.382837
0.474190
0.457967
0.372827
0.404124
0.404100
0.419711
0.428685
0.378274
0.440897
0.466193
0.409239
0.389722
0.443932
0.447990
0.377752
0.424512
0.450620
0.421568
0.420767
0.416470
0.404516
0.415062
0.440629
0.380081
0.514776
0.416876
0.448177
0.424753
0.357366
0.523165
0.374829
0.357041
0.392601
0.400059
0.383039
0.362677
0.344201
0.450711
0.367275
0.438218
0.415849
0.482556
0.414941
0.410913
0.436606
0.423329
0.405786
0.425008
0.395882
0.465220
0.356214
0.436651
0.409971
0.375155
0.365857
0.405786
0.465338
0.397772
0.448439
0.490585
0.406307
0.425307
0.461554
0.362038
0.423554
0.413406
0.424712
0.404506
0.409157
0.432025
0.401349
0.378993
0.395184
0.384793
0.319922
0.357070
0.350598
0.513781
0.348262
0.392400
0.426333
0.396871
0.397480
0.378467
0.349282
0.379139
0.456709
0.420534
0.381161
0.380861
0.375336
0.379252
0.433230
0.420526
0.329371
0.420132
0.368724
0.357952
0.392238
0.400068
0.452737
0.341402
0.383755
0.373352
0.408452
0.408144
0.357376
0.425335
0.441949
0.417892
0.435090
0.424251
0.365429
0.376553
0.385151
0.383496
0.373580
0.386625
0.419982
0.401628
0.398677
0.394191
0.336129
0.349784
0.425788
0.368219
0.419587
0.428330
0.373414
0.458437
0.405687
0.384854
0.376459
0.337658
0.355484
0.441612
0.405612
0.379669
0.371028
0.384131
0.397947
0.443409
0.311080
0.437432
0.380405
0.442327
0.464878
0.358157
0.368246
0.421023
0.350234
0.437471
0.413510
0.409122
0.413583
0.394530
0.381530
0.421575
0.445450
0.367296
0.372060
0.405723
0.390004
0.375632
0.400492
0.435826
0.444870
0.394560
0.398151
0.320662
0.402303
0.380600
0.345585
0.385479
0.330099
0.440182
0.359276
0.361561
0.453424
0.417731
0.469393
0.390530
0.404241
0.457295
0.350613
0.372685
0.392239
0.394273
0.392475
0.422433
0.450393
0.406375
0.399925
0.416266
0.425346
0.337337
0.357234
0.462826
0.380342
0.466447
0.365340
0.347994
0.423241
0.437976
0.370237
0.298603
0.437722
0.417712
0.383630
0.376886
0.355728
0.456883
0.393851
0.397839
0.378357
0.354555
0.425488
0.353699
0.431812
0.456165
0.425695
0.424282
0.397119
0.455509
0.426337
0.449356
0.387576
0.484498
0.343684
0.375180
0.482872
0.461503
0.427642
0.387103
0.387655
0.421439
0.386457
0.396535
0.365360
0.395745
0.418510
0.415584
0.479408
0.400159
0.393495
0.424849
0.463386
0.352729
0.403531
0.335463
0.409408
0.419691
0.364681
0.410705
0.389385
0.399676
0.413531
0.428020
0.412992
0.385311
0.364362
0.390328
0.374850
0.441339
0.374655
0.365197
0.395029
0.289990
0.444945
0.405508
0.409533
0.334155
0.424910
0.370430
0.389158
0.398410
0.377250
0.407294
0.401395
0.369274
0.396022
0.369327
0.354571
0.406821
0.346396
0.357102
0.407433
0.356622
0.434281
0.522574
0.384291
0.395350
0.448610
0.434845
0.353992
0.442169
0.368881
0.479639
0.390990
0.390085
0.386995
0.441447
0.340650
0.336808
0.411716
0.367932
0.376285
0.399522
0.344512
0.406831
0.370040
0.386835
0.372881
0.427396
0.456519
0.430509
0.375867
0.395055
0.364496
0.425955
0.443805
0.396064
0.359051
0.444414
0.535339
0.418625
0.362714
0.435224
0.466248
0.368498
0.370929
0.394240
0.363369
0.392064
0.393196
0.403230
0.407658
0.379876
0.416062
0.394368
0.396530
0.413401
0.418102
0.322228
0.424990
0.390172
0.391390
0.372131
0.461827
0.445190
0.361929
0.393134
0.392390
0.407964
0.417246
0.366238
0.428821
0.453474
0.398275
0.378803
0.433276
0.435287
0.366891
0.411927
0.439017
0.411190
0.409467
0.407239
0.392755
0.403670
0.429562
0.369523
0.501723
0.405438
0.435962
0.412945
0.347282
0.511209
0.363966
0.346821
0.382105
0.389199
0.373367
0.352989
0.333934
0.440639
0.356559
0.428435
0.404492
0.470338
0.403124
0.399865
0.425707
0.412189
0.393600
0.413566
0.386210
0.452268
0.346060
0.424949
0.399043
0.365071
0.355332
0.394236
0.453185
0.386528
0.436412
0.479526
0.395083
0.413085
0.449849
0.351335
0.411588
0.401268
0.414449
0.393079
0.398615
0.420357
0.391205
0.369411
0.383059
0.374791
0.310070
0.347859
0.341125
0.501024
0.338345
0.380402
0.414997
0.386932
0.386681
0.368668
0.340171
0.368621
0.445629
0.408159
0.370202
0.370221
0.364515
0.367687
0.423771
0.407878
0.319846
0.408013
0.357224
0.347595
0.382278
0.389465
0.440453
0.331479
0.373079
0.362038
0.396897
0.396849
0.347825
0.415435
0.429590
0.408250
0.423548
0.413450
0.354958
0.366280
0.374139
0.373669
0.363084
0.375004
0.410391
0.391207
0.386360
0.384089
0.326717
0.340563
0.414550
0.358066
0.406948
0.416816
0.363432
0.445903
0.394126
0.374641
0.366540
0.327342
0.345843
0.430909
0.393827
0.369815
0.361057
0.373602
0.386815
0.431222
0.302143
0.424800
0.370942
0.431619
0.453438
0.348268
0.358210
0.409307
0.339910
0.426439
0.401575
0.398967
0.402428
0.383367
0.371387
0.410168
0.432808
0.356148
0.361830
0.394335
0.381455
0.364537
0.388446
0.424342
0.432843
0.384013
0.388087
0.309653
0.391207
0.370655
0.335676
0.375134
0.320766
0.427657
0.349703
0.351455
0.440681
0.406332
0.456847
0.379099
0.393435
0.445616
0.340394
0.361675
0.380652
0.383261
0.381459
0.412172
0.438290
0.396567
0.389603
0.405812
0.413114
0.327768
0.346552
0.450595
0.369651
0.454736
0.354483
0.337550
0.412335
0.426677
0.359517
0.290115
0.425418
0.406895
0.373135
0.366715
0.345370
0.445083
0.382969
0.387568
0.368443
0.344185
0.414603
0.344390
0.419875
0.444419
0.414047
0.412884
0.385763
0.443016
0.415427
0.437228
0.376938
0.471677
0.332437
0.364824
0.469617
0.449488
0.416719
0.375930
0.376394
0.410111
0.375583
0.385534
0.355638
0.386030
0.406940
0.403446
0.466607
0.389676
0.383839
0.413757
0.451913
0.343157
0.394300
0.325648
0.400230
0.407624
0.354104
0.401231
0.379553
0.388675
0.401743
0.416188
0.401912
0.375306
0.354701
0.379308
0.364901
0.430241
0.364234
0.355150
0.384051
0.281867
0.434265
0.395116
0.398904
0.324235
0.414740
0.360564
0.378443
0.388095
0.365982
0.395951
0.391107
0.358616
0.385851
0.358624
0.343650
0.397497
0.336986
0.346118
0.396490
0.347124
0.424335
0.511102
0.374205
0.385679
0.437949
0.424622
0.343743
0.430293
0.359127
0.467545
0.380285
0.378553
0.376551
0.430024
0.332099
0.328449
0.400673
0.358181
0.366464
0.389031
0.336131
0.395381
0.360162
0.376939
0.363597
0.416879
0.445201
0.418595
0.365353
0.385370
0.353442
0.416282
0.432016
0.386077
0.349151
0.434222
0.523690
0.410296
0.354514
0.423738
0.454437
0.358354
0.360418
0.383335
0.353389
0.382078
0.383688
0.393810
0.396089
0.369630
0.406932
0.384758
0.387487
0.401682
0.407881
0.313062
0.414285
0.379554
0.380458
0.362015
0.450099
0.433060
0.351627
0.382741
0.381297
0.396835
0.406416
0.354828
0.417371
0.441398
0.387907
0.368478
0.423207
0.423229
0.356624
0.399981
0.428027
0.401393
0.398772
0.398555
0.381611
0.392885
0.419094
0.359549
0.489323
0.394609
0.424378
0.401756
0.337769
0.499874
0.353695
0.337176
0.372191
0.378932
0.364254
0.343861
0.324243
0.431137
0.346432
0.419215
0.393742
0.458750
0.391925
0.389413
0.415401
0.401649
0.382041
0.402731
0.377098
0.439965
0.336478
0.413862
0.388708
0.355558
0.345388
0.383297
0.441660
0.375884
0.425009
0.469050
0.384460
0.401491
0.438744
0.341219
0.400242
0.389756
0.404759
0.382258
0.388656
0.409302
0.381631
0.360381
0.371560
0.365356
0.300780
0.339192
0.332202
0.488909
0.328994
0.369024
0.404264
0.377557
0.376469
0.359430
0.331602
0.358683
0.435145
0.396415
0.359837
0.360163
0.354283
0.356732
0.414841
0.395869
0.310872
0.396517
0.346331
0.337814
0.372882
0.379444
0.428797
0.322118
0.362988
0.351325
0.385951
0.386154
0.338826
0.406094
0.417861
0.399140
0.412613
0.403230
0.345065
0.356579
0.363721
0.364399
0.353167
0.363993
0.401334
0.381363
0.374671
0.374538
0.317852
0.331883
0.403902
0.348481
0.394946
0.405908
0.354009
0.434002
0.383171
0.364996
0.357173
0.317586
0.336732
0.420621
0.395084
0.360521
0.351650
0.363651
0.376278
0.419659
0.293741
0.412802
0.362026
0.421493
0.442600
0.338938
0.348738
0.398199
0.330157
0.415998
0.390254
0.389378
0.391867
0.372798
0.361810
0.399362
0.420799
0.345594
0.352168
0.383546
0.373427
0.354034
0.377017
0.413458
0.421433
0.374043
0.378586
0.299233
0.380701
0.361268
0.326325
0.365359
0.311974
0.415761
0.340678
0.341912
0.428573
0.395532
0.444931
0.368267
0.383212
0.434544
0.330740
0.351253
0.369667
0.372837
0.371031
0.402480
0.426804
0.387313
0.379848
0.395930
0.401503
0.318746
0.336447
0.438984
0.359537
0.443631
0.344208
0.327677
0.402013
0.415973
0.349376
0.282145
0.413736
0.396660
0.363213
0.357108
0.335581
0.433891
0.372670
0.377863
0.359084
0.334384
0.404300
0.335620
0.408549
