12.969483
12.985356
12.679735
12.717473
13.020575
12.616419
12.812245
12.417556
12.954150
12.274582
11.955448
12.368532
11.767817
11.011572
10.095883
9.069281
7.858840
6.090342
4.289539
2.381674
1.095691
0.390679
0.407552
0.970132
1.698106
1.592231
0.213189
0.270375
0.242524
0.393442
0.247583
0.302684
0.224102
0.205577
0.285145
0.271253
0.221947
0.200176
0.204320
0.227099
0.247676
0.205156
0.170771
0.202793
0.234326
0.181730
0.188875
0.192782
0.183048
0.261445
0.232985
0.210938
0.163978
0.247434
0.207583
0.186943
0.224364
0.174483
0.181718
0.240496
0.174627
0.223259
0.173339
0.144171
0.237002
0.210028
0.154489
0.188283
0.184563
0.238727
0.290439
0.207243
0.221698
0.234223
0.260521
0.171689
0.202225
0.205430
0.225569
0.198238
0.164910
0.191840
0.207457
0.220243
0.216959
0.209888
0.194812
0.200890
0.203477
0.217741
0.185506
0.199441
0.209827
0.229861
0.224562
0.238546
0.189830
0.174741
0.215634
0.147726
0.250720
0.212063
0.233463
0.187330
0.266506
0.303234
0.282959
0.257876
0.217024
0.222179
0.186477
0.185529
0.191437
0.187334
0.225952
0.234125
0.234088
0.174717
0.194989
0.271881
0.225731
0.255282
0.184547
0.217556
0.174381
0.226346
0.189986
0.190151
0.199777
0.212926
0.188709
0.170129
0.201552
0.166967
0.173165
0.199760
0.144099
0.181553
0.188300
0.212843
0.197037
0.258190
0.201059
0.170926
0.151216
0.217521
0.234539
0.206271
0.282462
0.170710
0.196867
0.227774
0.188442
0.235397
0.196606
0.191074
0.202181
0.209671
0.298029
0.183465
0.185004
0.207408
0.206066
0.234765
0.210530
0.166365
0.279953
0.175963
0.247626
0.208607
0.241662
0.185277
0.197257
0.241070
0.216616
0.166782
0.199776
0.237129
0.175998
0.194229
0.222242
0.210450
0.207957
0.172584
0.178574
0.212428
0.202190
0.201300
0.291323
0.202750
0.173025
0.237188
0.188666
0.192357
0.184676
0.254417
0.180897
0.232262
0.191396
0.234986
0.226963
0.152419
0.209479
0.149865
0.216268
0.220809
0.248319
0.189254
0.157467
0.217141
0.227472
0.202315
0.211637
0.212234
0.193305
0.258039
0.160641
0.180942
0.186485
0.176380
0.163299
0.292079
0.154220
0.186432
0.175038
0.138208
0.186440
0.224287
0.194497
0.201699
0.177725
0.198497
0.157514
0.193289
0.196499
0.209503
0.259169
0.189303
0.256303
0.217233
0.232247
0.183781
0.185644
0.179978
0.236998
0.184514
0.155176
0.262530
0.218407
0.149765
0.228940
0.195711
0.216532
0.220011
0.192115
0.161659
0.206795
0.205953
0.186750
0.184998
0.214731
0.215337
0.149103
0.197203
0.240736
0.178407
0.219225
0.194595
0.195591
0.201509
0.209241
0.180730
0.155737
0.224555
0.242686
0.246178
0.196170
0.204329
0.188841
0.161314
0.220769
0.177478
0.225662
0.200963
0.180663
0.204466
0.212460
0.165838
0.161019
0.199658
0.195863
0.268534
0.165268
0.162291
0.206855
0.204379
0.193491
0.217300
0.115256
0.187717
0.206577
0.184316
0.204380
0.185343
0.173918
0.195616
0.177189
0.186486
0.195301
0.215528
0.156789
0.200562
0.211302
0.178492
0.162626
0.173577
0.189150
0.188693
0.250044
0.212222
0.245794
0.223446
0.240765
0.183212
0.178158
0.161639
0.210841
0.184095
0.234633
0.161895
0.164829
0.222526
0.221125
0.168338
0.182266
0.171505
0.221321
0.208831
0.182294
0.157363
0.209978
0.192462
0.205466
0.224665
0.164397
0.213516
0.208498
0.196208
0.211896
0.190321
0.198831
0.180312
0.201124
0.214030
0.196529
0.188577
0.207374
0.126032
0.193891
0.185440
0.228115
0.203203
0.181885
0.172374
0.196921
0.179945
0.181018
0.211697
0.230769
0.181226
0.158953
0.203790
0.215828
0.235049
0.211468
0.232621
0.200452
0.273021
0.170937
0.270606
0.182429
0.166832
0.225329
0.211604
0.186864
0.180901
0.187170
0.210524
0.232080
0.194876
0.166312
0.199367
0.232212
0.181949
0.189391
0.190554
0.188462
0.257804
0.217895
0.199579
0.159301
0.243954
0.205082
0.185687
0.220326
0.175694
0.180630
0.236123
0.172843
0.220278
0.172337
0.143944
0.237374
0.211304
0.154066
0.187344
0.184837
0.238577
0.288910
0.207135
0.221582
0.234044
0.260358
0.171404
0.202515
0.204778
0.225869
0.198153
0.164948
0.191699
0.207391
0.220255
0.217161
0.209751
0.194807
0.200850
0.203366
0.217867
0.185330
0.199442
0.209819
0.229844
0.224574
0.238636
0.189948
0.174717
0.215555
0.147732
0.250657
0.212067
0.233450
0.187343
0.266518
0.303211
0.283044
0.261634
0.212606
0.219107
0.186117
0.185430
0.191656
0.187164
0.225337
0.233019
0.233226
0.175616
0.194910
0.271415
0.225001
0.255331
0.184167
0.217376
0.174474
0.225997
0.189810
0.189973
0.199864
0.212802
0.188664
0.170100
0.201433
0.166878
0.173099
0.199740
0.144104
0.181604
0.188346
0.212802
0.197038
0.258209
0.201021
0.170947
0.151154
0.217513
0.234579
0.206269
0.282501
0.170701
0.196866
0.227777
0.188438
0.235436
0.196604
0.191083
0.202191
0.209641
0.298034
0.183462
0.185007
0.207426
0.205211
0.236044
0.210814
0.166262
0.279933
0.176171
0.247758
0.209842
0.243440
0.186283
0.197203
0.240974
0.216412
0.166774
0.199748
0.237308
0.175792
0.194682
0.222238
0.210613
0.208237
0.172611
0.178448
0.212333
0.202190
0.201363
0.291340
0.202762
0.173076
0.237166
0.188598
0.192343
0.184659
0.254384
0.180892
0.232272
0.191352
0.235014
0.227021
0.152366
0.209512
0.149875
0.216280
0.220812
0.248322
0.189254
0.157494
0.217151
0.227467
0.202313
0.211624
0.212218
0.193305
0.258038
0.160634
0.180942
0.186486
0.176379
0.163295
0.292085
0.154214
0.186434
0.175036
0.138208
0.186439
0.224286
0.194495
0.201699
0.177724
0.198497
0.157514
0.193289
0.196499
0.209502
0.259169
0.189300
0.256303
0.217232
0.232247
0.183781
0.185645
0.179979
0.237000
0.184515
0.155176
0.262530
0.218407
0.149764
0.228939
0.195710
0.216532
0.220013
0.192116
0.161656
0.206796
0.205951
0.186752
0.184999
0.214727
0.215335
0.149104
0.197206
0.240735
0.178400
0.219229
0.194598
0.195589
0.201506
0.209239
0.180727
0.155744
0.224551
0.242683
0.246181
0.196166
0.204325
0.188841
0.161315
0.220768
0.177473
0.225663
0.200964
0.180664
0.204468
0.212461
0.165836
0.161019
0.199657
0.195864
0.268529
0.165269
0.162291
0.206854
0.204379
0.193491
0.217303
0.115256
0.187716
0.206577
0.184317
0.204381
0.185347
0.173908
0.195617
0.177189
0.186486
0.195306
0.215534
0.156789
0.200557
0.211301
0.178484
0.162624
0.173577
0.189152
0.188695
0.250051
0.212224
0.245804
0.223447
0.240763
0.183205
0.178158
0.161640
0.210847
0.184094
0.234624
0.161892
0.164826
0.222527
0.221123
0.168338
0.182272
0.171497
0.221319
0.208832
0.182293
0.157362
0.209975
0.192462
0.205463
0.224665
0.164395
0.213516
0.208489
0.196208
0.211898
0.190324
0.198830
0.180311
0.201126
0.214027
0.196529
0.188577
0.207373
0.126033
0.193894
0.185434
0.228113
0.203203
0.181887
0.172375
0.196921
0.179945
0.181018
0.211699
0.230769
0.181224
0.158951
0.203793
0.215826
0.235041
0.211470
0.232623
0.200448
0.273020
0.170939
0.270612
0.182419
0.166828
0.225329
0.211605
0.186863
0.180903
0.187176
0.210526
0.232076
0.194866
0.166312
0.199364
0.232212
0.181950
0.189394
0.190552
0.188462
0.257801
0.217891
0.199575
0.159300
0.243954
0.205083
0.185689
0.220328
0.175701
0.180632
0.236120
0.172844
0.220274
0.172336
0.143944
0.237375
0.211309
0.154068
0.187336
0.184842
0.238576
0.288905
0.207136
0.221583
0.234046
0.260360
0.171412
0.202519
0.204772
0.225872
0.198153
0.164949
0.191699
0.207391
0.220256
0.217168
0.209748
0.194809
0.200850
0.203362
0.217871
0.185325
0.199442
0.209820
0.229843
0.224575
0.238641
0.189954
0.174717
0.215550
0.147733
0.250652
0.212068
0.233450
0.187345
0.266520
0.303212
0.283062
0.261644
0.212587
0.219095
0.186117
0.185431
0.191661
0.187170
0.225332
0.233020
0.233226
0.175618
0.194912
0.271420
0.225642
0.255244
0.185106
0.217638
0.174392
0.226196
0.189860
0.189956
0.199911
0.212641
0.188400
0.170256
0.201677
0.166989
0.173150
0.199753
0.144102
0.181614
0.188379
0.212745
0.196974
0.258146
0.201085
0.170925
0.151200
0.217514
0.234576
0.206270
0.282529
0.170688
0.196858
0.227765
0.188445
0.235395
0.196605
0.191084
0.202188
0.209645
0.298029
0.183458
0.184998
0.207415
0.205205
0.236031
0.210813
0.166262
0.279934
0.176175
0.247758
0.209835
0.243421
0.186261
0.197204
0.240975
0.216419
0.166775
0.199753
0.237313
0.175796
0.194672
0.222239
0.210604
0.208234
0.172613
0.178458
0.212346
0.202190
0.201360
0.291337
0.202764
0.173065
0.237176
0.188605
0.192348
0.184659
0.254386
0.180897
0.232277
0.191363
0.235010
0.227012
0.152377
0.209506
0.149874
0.216277
0.220810
0.248330
0.189254
0.157484
0.217153
0.227470
0.202315
0.211632
0.212227
0.193305
0.258040
0.160642
0.180942
0.186486
0.176380
0.163296
0.292085
0.154216
0.186437
0.175037
0.138208
0.186440
0.224286
0.194495
0.201703
0.177724
0.198498
0.157515
0.193290
0.196499
0.209504
0.259169
0.189303
0.256304
0.217232
0.232248
0.183781
0.185643
0.179978
0.236997
0.184515
0.155176
0.262531
0.218407
0.149767
0.228941
0.195711
0.216532
0.220011
0.192114
0.161661
0.206795
0.205954
0.186749
0.184998
0.214733
0.215339
0.149103
0.197201
0.240737
0.178412
0.219223
0.194593
0.195592
0.201511
0.209243
0.180732
0.155733
0.224562
0.242685
