0.031095
0.023511
0.015985
0.010016
0.005473
0.003451
0.003265
0.001752
0.002406
0.000556
0.000703
0.002267
0.007405
0.001969
0.001240
0.002678
0.003475
0.016005
0.002423
0.003534
0.002129
0.002428
0.004027
0.003214
0.002234
0.001747
0.002930
0.004635
0.003523
0.001513
0.003382
0.002104
0.001596
0.002258
0.002239
0.002584
0.001792
0.001718
0.002254
0.001049
0.001030
0.000997
0.000461
0.000207
0.000184
0.000124
0.000083
0.031086
0.023502
0.015977
0.010010
0.005469
0.003448
0.003262
0.001750
0.002403
0.000555
0.000702
0.002263
0.007394
0.001966
0.001239
0.002674
0.003471
0.015972
0.002418
0.003528
0.002126
0.002424
0.004021
0.003210
0.002231
0.001744
0.002926
0.004629
0.003519
0.001511
0.003378
0.002101
0.001594
0.002255
0.002236
0.002581
0.001789
0.001716
0.002251
0.001047
0.001029
0.000996
0.000461
0.000206
0.000184
0.000124
0.000083
0.031079
0.023495
0.015970
0.010005
0.005466
0.003446
0.003260
0.001748
0.002401
0.000554
0.000701
0.002261
0.007387
0.001964
0.001238
0.002672
0.003468
0.015947
0.002415
0.003524
0.002123
0.002422
0.004018
0.003208
0.002228
0.001742
0.002923
0.004625
0.003516
0.001509
0.003375
0.002099
0.001592
0.002253
0.002234
0.002578
0.001787
0.001714
0.002249
0.001046
0.001028
0.000995
0.000460
0.000206
0.000184
0.000124
0.000083
0.031073
0.023489
0.015965
0.010001
0.005463
0.003444
0.003258
0.001747
0.002400
0.000553
0.000700
0.002259
0.007382
0.001963
0.001237
0.002670
0.003465
0.015930
0.002413
0.003520
0.002121
0.002420
0.004015
0.003206
0.002226
0.001740
0.002921
0.004621
0.003513
0.001508
0.003373
0.002097
0.001591
0.002251
0.002232
0.002576
0.001786
0.001713
0.002248
0.001045
0.001027
0.000995
0.000460
0.000206
0.000183
0.000123
0.000083
0.031069
0.023485
0.015961
0.009998
0.005461
0.003443
0.003257
0.001746
0.002398
0.000553
0.000700
0.002258
0.007379
0.001961
0.001236
0.002669
0.003463
0.015917
0.002411
0.003518
0.002120
0.002419
0.004013
0.003204
0.002225
0.001739
0.002919
0.004619
0.003511
0.001507
0.003371
0.002095
0.001590
0.002250
0.002230
0.002575
0.001784
0.001712
0.002246
0.001045
0.001027
0.000994
0.000460
0.000206
0.000183
0.000123
0.000083
0.031065
0.023481
0.015958
0.009996
0.005459
0.003442
0.003255
0.001745
0.002398
0.000553
0.000699
0.002256
0.007375
0.001960
0.001236
0.002667
0.003462
0.015906
0.002410
0.003516
0.002119
0.002417
0.004011
0.003202
0.002223
0.001738
0.002918
0.004616
0.003509
0.001506
0.003370
0.002094
0.001589
0.002249
0.002229
0.002574
0.001783
0.001711
0.002245
0.001044
0.001026
0.000993
0.000460
0.000206
0.000183
0.000123
0.000083
0.031062
0.023478
0.015956
0.009994
0.005458
0.003441
0.003255
0.001745
0.002397
0.000552
0.000699
0.002256
0.007373
0.001960
0.001235
0.002666
0.003460
0.015896
0.002408
0.003515
0.002118
0.002417
0.004009
0.003201
0.002222
0.001737
0.002917
0.004614
0.003507
0.001505
0.003368
0.002093
0.001588
0.002248
0.002228
0.002573
0.001782
0.001711
0.002244
0.001043
0.001026
0.000993
0.000459
0.000206
0.000183
0.000123
0.000083
0.031059
0.023476
0.015954
0.009993
0.005457
0.003440
0.003254
0.001744
0.002396
0.000552
0.000699
0.002255
0.007370
0.001959
0.001235
0.002666
0.003459
0.015887
0.002407
0.003513
0.002117
0.002416
0.004008
0.003200
0.002221
0.001736
0.002916
0.004613
0.003506
0.001504
0.003367
0.002093
0.001587
0.002247
0.002227
0.002572
0.001782
0.001710
0.002244
0.001043
0.001025
0.000993
0.000459
0.000206
0.000183
0.000123
0.000083
0.031057
0.023473
0.015952
0.009991
0.005456
0.003440
0.003253
0.001744
0.002396
0.000552
0.000698
0.002254
0.007368
0.001958
0.001234
0.002665
0.003458
0.015878
0.002407
0.003512
0.002116
0.002415
0.004006
0.003199
0.002220
0.001735
0.002915
0.004611
0.003505
0.001504
0.003366
0.002092
0.001586
0.002246
0.002226
0.002571
0.001781
0.001709
0.002243
0.001042
0.001025
0.000992
0.000459
0.000206
0.000183
0.000123
0.000083
0.031055
0.023471
0.015950
0.009990
0.005455
0.003439
0.003252
0.001743
0.002395
0.000552
0.000698
0.002253
0.007366
0.001958
0.001234
0.002664
0.003457
0.015869
0.002406
0.003511
0.002116
0.002414
0.004005
0.003198
0.002219
0.001734
0.002914
0.004609
0.003504
0.001503
0.003365
0.002091
0.001586
0.002245
0.002225
0.002570
0.001780
0.001709
0.002242
0.001042
0.001025
0.000992
0.000459
0.000205
0.000183
0.000123
0.000083
0.031053
0.023469
0.015948
0.009989
0.005454
0.003438
0.003252
0.001743
0.002394
0.000551
0.000698
0.002253
0.007364
0.001957
0.001234
0.002663
0.003456
0.015861
0.002405
0.003509
0.002115
0.002414
0.004004
0.003197
0.002218
0.001733
0.002913
0.004608
0.003502
0.001503
0.003364
0.002090
0.001585
0.002244
0.002224
0.002569
0.001780
0.001708
0.002241
0.001041
0.001024
0.000992
0.000459
0.000205
0.000183
0.000123
0.000083
0.031051
0.023468
0.015947
0.009987
0.005453
0.003438
0.003251
0.001743
0.002394
0.000551
0.000697
0.002252
0.007361
0.001956
0.001233
0.002663
0.003455
0.015853
0.002404
0.003508
0.002114
0.002413
0.004002
0.003196
0.002217
0.001732
0.002912
0.004606
0.003501
0.001502
0.003363
0.002090
0.001585
0.002244
0.002224
0.002568
0.001779
0.001708
0.002241
0.001041
0.001024
0.000991
0.000459
0.000205
0.000183
0.000123
0.000083
0.031049
0.023466
0.015945
0.009986
0.005452
0.003437
0.003250
0.001742
0.002393
0.000551
0.000697
0.002251
0.007359
0.001956
0.001233
0.002662
0.003454
0.015845
0.002403
0.003506
0.002114
0.002412
0.004001
0.003195
0.002217
0.001732
0.002911
0.004605
0.003500
0.001502
0.003362
0.002089
0.001584
0.002243
0.002223
0.002568
0.001779
0.001708
0.002240
0.001041
0.001024
0.000991
0.000458
0.000205
0.000183
0.000123
0.000083
0.031048
0.023464
0.015944
0.009985
0.005452
0.003437
0.003250
0.001742
0.002393
0.000551
0.000697
0.002251
0.007356
0.001955
0.001233
0.002662
0.003453
0.015837
0.002402
0.003505
0.002113
0.002412
0.004000
0.003195
0.002216
0.001731
0.002910
0.004603
0.003499
0.001501
0.003361
0.002088
0.001584
0.002242
0.002222
0.002567
0.001778
0.001707
0.002239
0.001041
0.001023
0.000991
0.000458
0.000205
0.000183
0.000123
0.000083
0.031046
0.023463
0.015943
0.009984
0.005451
0.003436
0.003249
0.001741
0.002392
0.000551
0.000697
0.002250
0.007354
0.001955
0.001232
0.002661
0.003452
0.015830
0.002401
0.003504
0.002113
0.002411
0.003999
0.003194
0.002215
0.001730
0.002909
0.004602
0.003498
0.001501
0.003361
0.002088
0.001583
0.002242
0.002222
0.002566
0.001778
0.001707
0.002239
0.001040
0.001023
0.000991
0.000458
0.000205
0.000183
0.000123
0.000083
0.031045
0.023461
0.015941
0.009983
0.005450
0.003436
0.003249
0.001741
0.002392
0.000551
0.000697
0.002250
0.007352
0.001954
0.001232
0.002660
0.003451
0.015823
0.002400
0.003503
0.002112
0.002410
0.003998
0.003193
0.002214
0.001729
0.002909
0.004601
0.003497
0.001500
0.003360
0.002087
0.001582
0.002241
0.002221
0.002565
0.001777
0.001706
0.002238
0.001040
0.001023
0.000990
0.000458
0.000205
0.000183
0.000123
0.000083
0.031043
0.023460
0.015940
0.009982
0.005450
0.003435
0.003248
0.001741
0.002392
0.000550
0.000696
0.002249
0.007350
0.001954
0.001232
0.002660
0.003450
0.015815
0.002400
0.003502
0.002111
0.002410
0.003996
0.003192
0.002214
0.001729
0.002908
0.004599
0.003496
0.001500
0.003359
0.002086
0.001582
0.002241
0.002220
0.002565
0.001776
0.001706
0.002237
0.001039
0.001023
0.000990
0.000458
0.000205
0.000183
0.000123
0.000083
0.031042
0.023459
0.015939
0.009981
0.005449
0.003434
