0.092274
0.088756
0.044387
0.028337
0.033482
0.043423
0.034762
0.026279
0.032223
0.042535
0.034716
0.026311
0.032077
0.042416
0.034648
0.026282
0.031979
0.042325
0.034563
0.026250
0.031912
0.042267
0.034504
0.026220
0.031860
0.042209
0.034447
0.026181
0.031809
0.042160
0.034394
0.026140
0.031757
0.042105
0.034335
0.026096
0.031707
0.042047
0.034276
0.026056
0.031664
0.041987
0.034216
0.026013
0.031612
0.041928
0.034155
0.025970
0.031556
0.041869
0.034096
0.025929
0.031500
0.041804
0.034036
0.025886
0.031444
0.041737
0.033977
0.025845
0.031387
0.041670
0.033914
0.025801
0.031326
0.041600
0.033848
0.025754
0.031264
0.041528
0.033781
0.025706
0.031199
0.041450
0.033708
0.025652
0.031128
0.041369
0.033634
0.025599
0.031058
0.041289
0.033559
0.025544
0.030986
0.041209
0.033485
0.025493
0.030918
0.041129
0.033410
0.025443
0.030845
0.041041
0.033333
0.025392
0.030770
0.040955
0.033255
0.025339
0.030695
0.040865
0.033173
0.025284
0.030619
0.040774
0.033089
0.025231
0.030548
0.040687
0.033010
0.025177
0.030472
0.040598
0.032932
0.025123
0.030394
0.040508
0.032851
0.025066
0.030315
0.040417
0.032768
0.025013
0.030237
0.040328
0.032685
0.024960
0.030160
0.040242
0.032603
0.024905
0.030084
0.040155
0.032523
0.024850
0.030008
0.040067
0.032442
0.024794
0.029933
0.039980
0.032363
0.024742
0.029860
0.039894
0.032286
0.024691
0.029787
0.039808
0.032210
0.024639
0.029715
0.039722
0.032134
0.024588
0.029644
0.039638
0.032061
0.024537
0.029576
0.039556
0.031990
0.024488
0.029508
0.039474
0.031920
0.024440
0.029440
0.039394
0.031851
0.024392
0.029373
0.039316
0.031783
0.024346
0.029308
0.039238
0.031716
0.024300
0.029244
0.039161
0.031650
0.024254
0.029181
0.039086
0.031585
0.024209
0.029119
0.039011
0.031521
0.024164
0.029058
0.038937
0.031457
0.024119
0.028998
0.038863
0.031392
0.024074
