0.046574
0.037267
0.051241
0.026396
0.038055
0.016691
0.017766
0.018001
0.025318
0.043271
0.030874
0.013122
0.020109
0.018510
0.011440
0.023310
0.019782
0.009918
0.021674
0.011902
0.016414
0.021632
0.011560
0.014926
0.012304
0.009207
0.008491
0.010637
0.008459
0.009464
0.007774
0.013685
0.003966
0.008699
0.005029
0.003106
0.005564
0.003494
0.007536
0.006360
0.002398
0.003916
0.006491
0.003290
0.002579
0.002735
0.005274
0.000899
0.002569
0.004923
0.001496
0.003499
0.002687
0.003365
0.003649
0.004002
0.001470
0.002877
0.004454
0.001254
0.001077
0.000949
0.000927
0.000998
0.000881
0.003865
0.001977
0.002558
0.001520
0.002619
0.003837
0.000595
0.000382
0.000549
0.000633
0.000532
0.000645
0.000578
0.000816
0.000659
0.000437
0.000540
0.000636
0.001092
0.000662
0.000656
0.002338
0.002238
0.001808
0.007414
0.008281
0.001038
0.000283
0.001188
0.000309
0.001788
0.000244
0.002816
0.001044
0.001807
0.000966
0.000344
0.000638
0.000449
0.004255
0.000206
0.000262
0.003982
0.000644
0.004267
0.000316
0.009492
0.002004
0.002699
0.004465
0.006665
0.004500
0.000599
0.005187
0.002525
0.000255
0.000615
0.000413
0.031578
0.004294
0.000069
0.000056
0.003063
0.002253
0.002612
0.004433
0.000023
0.001134
0.000078
0.004255
0.000323
0.006401
0.001748
0.000060
0.008942
0.000482
0.000887
0.000355
0.001043
0.000572
0.002227
0.000736
0.002995
0.011673
0.000838
0.002489
0.000042
0.001191
0.000740
0.000690
0.001856
0.008965
0.001833
0.000521
0.005114
0.008693
0.001446
0.000748
0.000043
0.005429
0.000366
0.008452
0.001046
0.000162
0.002438
0.003109
0.000738
0.005371
0.000034
0.002330
0.000084
0.000169
0.000021
0.000927
0.002020
0.002090
0.001515
0.001529
0.002008
0.000267
0.006165
0.002079
0.000330
0.002581
0.002460
0.001236
0.002588
0.002363
0.005593
0.001710
0.009019
0.002335
0.009082
0.004233
0.000544
0.000118
0.002348
0.000890
0.006890
0.000115
0.003519
0.003812
0.003188
0.001621
0.000649
0.000922
0.002411
0.001501
0.000644
0.001443
0.003371
0.000806
0.002633
0.012383
0.003213
0.001698
0.005606
0.001261
0.000865
0.004167
0.001551
0.002766
0.001741
0.000835
0.001982
0.001564
0.001094
0.000897
0.000104
0.001013
0.001165
0.002278
0.002680
0.000143
0.002394
0.002936
0.001228
0.002576
0.004221
0.001569
0.001538
0.000450
0.000046
0.002493
0.001194
0.000967
0.002412
0.000631
0.002689
0.002679
0.003107
0.001823
0.001530
0.002177
0.000148
0.000165
0.005433
0.000192
0.003072
0.002011
0.003123
0.000949
0.000916
0.001637
0.002581
0.001416
0.001862
0.000931
0.000788
0.000987
0.001857
0.002828
0.001062
0.002575
0.001250
0.005541
0.000276
0.000985
0.003548
0.001247
0.000769
0.000767
0.002014
0.000638
0.002001
0.000179
0.000523
0.001288
0.001215
0.001063
0.000294
0.003356
0.000411
0.000822
0.001102
0.000797
0.000403
0.001388
0.000802
0.002087
0.000648
0.000867
0.000340
0.002359
0.000281
0.000335
0.000332
0.000160
0.000557
0.000206
0.000404
0.001304
0.000230
0.000617
0.000154
0.000068
0.000158
0.000121
0.000095
0.000346
0.000172
0.000467
0.000115
0.000044
0.000114
0.000236
0.000392
0.000344
0.000084
0.000169
0.000171
0.000048
0.000097
0.000537
0.000134
0.000092
0.000080
0.000170
0.000148
0.000075
0.000083
0.000075
0.000056
0.043925
0.036463
0.050757
0.026367
0.037980
0.016691
0.017766
0.018006
0.025320
0.043260
0.030879
0.013124
0.020111
0.018512
0.011442
0.023312
0.019780
0.009917
0.021673
0.011901
0.016414
0.021633
0.011556
0.014925
0.012301
0.009203
0.008488
0.010635
0.008457
0.009462
0.007773
0.013682
0.003968
0.008697
0.005027
0.003106
0.005564
0.003494
0.007536
0.006355
0.002397
0.003915
0.006488
0.003289
0.002581
0.002732
0.005271
0.000898
0.002567
0.004919
0.001493
0.003497
0.002685
0.003363
0.003647
0.003998
0.001467
0.002875
0.004448
0.001249
0.001076
0.000948
0.000927
0.000995
0.000882
0.003862
0.001972
0.002555
0.001518
0.002616
0.003833
0.000594
0.000379
0.000545
0.000632
0.000529
0.000642
0.000575
0.000816
0.000655
0.000438
0.000539
0.000634
0.001095
0.000664
0.000654
0.002332
0.002231
0.001797
0.007418
0.008259
0.001030
0.000280
0.001184
0.000306
0.001784
0.000243
0.002805
0.001039
0.001805
0.000964
0.000342
0.000634
0.000445
0.004244
0.000203
0.000263
0.003980
0.000640
0.004251
0.000309
0.009477
0.001994
0.002693
0.004467
0.006649
0.004477
0.000597
0.005167
0.002514
0.000254
0.000622
0.000390
0.031444
0.004237
0.000066
0.000050
0.003037
0.002229
0.002602
0.004350
0.000022
0.001117
0.000075
0.004240
0.000307
0.006410
0.001727
0.000061
0.008947
0.000478
0.000873
0.000349
0.001053
0.000575
0.002210
0.000720
0.002990
0.011618
0.000829
0.002475
0.000046
0.001185
0.000743
0.000679
0.001868
0.008874
0.001815
0.000510
0.005109
0.008651
0.001442
0.000734
0.000047
0.005394
0.000359
0.008385
0.001040
0.000155
0.002379
0.003076
0.000747
0.005307
0.000034
0.002309
0.000095
0.000169
0.000019
0.000922
0.001991
0.002049
0.001495
0.001527
0.001968
0.000268
0.006147
0.002043
0.000321
0.002581
0.002436
0.001208
0.002547
0.002331
0.005530
0.001688
0.008926
0.002311
0.009023
0.004168
0.000546
0.000109
0.002309
0.000859
0.006854
0.000117
0.003495
0.003772
0.003137
0.001591
0.000628
0.000927
0.002371
0.001482
0.000628
0.001416
0.003361
0.000794
0.002614
0.012323
0.003184
0.001675
0.005539
0.001248
0.000832
0.004150
0.001511
0.002739
0.001722
0.000813
0.001948
0.001540
0.001060
0.000883
0.000099
0.000989
0.001141
0.002235
0.002634
0.000143
0.002341
0.002915
0.001172
0.002530
0.004196
0.001522
0.001505
0.000446
0.000050
0.002458
0.001149
0.000937
0.002386
0.000609
0.002665
0.002638
0.003051
0.001797
0.001513
0.002172
0.000148
0.000159
0.005358
0.000197
0.003035
0.002002
0.003077
0.000932
0.000897
0.001621
0.002558
0.001379
0.001834
0.000906
0.000772
0.000962
0.001816
0.002816
0.001062
0.002542
0.001213
0.005497
0.000268
0.000949
0.003492
0.001243
0.000733
0.000733
0.002006
0.000624
0.001965
0.000172
0.000515
0.001265
0.001181
0.001034
0.000287
0.003318
0.000404
0.000797
0.001076
0.000776
0.000387
0.001390
0.000784
0.002048
0.000633
0.000857
0.000335
0.002334
0.000281
0.000331
0.000322
0.000161
0.000544
0.000206
0.000388
0.001262
0.000222
0.000608
0.000156
0.000070
0.000154
0.000126
0.000098
0.000334
0.000172
0.000467
0.000114
0.000044
0.000115
0.000232
0.000400
0.000339
0.000082
0.000163
0.000178
0.000051
0.000095
0.000534
0.000136
0.000087
0.000081
0.000164
0.000145
0.000076
0.000087
0.000073
0.000057
0.044124
0.036501
0.050762
0.026345
0.037966
0.016688
0.017764
0.018003
0.025316
0.043252
0.030878
0.013122
0.020108
0.018510
0.011437
0.023306
0.019775
0.009912
0.021670
0.011900
0.016412
0.021633
0.011558
0.014920
0.012299
0.009204
0.008486
0.010635
0.008455
0.009462
0.007771
0.013675
0.003965
0.008695
0.005024
0.003102
0.005560
0.003490
0.007527
0.006353
0.002391
0.003908
0.006485
0.003285
0.002577
0.002730
0.005268
0.000898
0.002563
0.004912
0.001493
0.003491
0.002681
0.003358
0.003643
0.003990
0.001465
0.002868
0.004443
0.001246
0.001074
0.000946
0.000927
0.000995
0.000880
0.003853
0.001968
0.002551
0.001516
0.002611
0.003824
0.000594
0.000380
0.000545
0.000634
0.000529
0.000641
0.000572
0.000813
0.000657
0.000439
0.000540
0.000641
0.001086
0.000663
0.000653
0.002334
0.002225
0.001788
0.007404
0.008248
0.001028
0.000281
0.001183
0.000304
0.001779
0.000243
0.002800
0.001041
0.001809
0.000960
0.000343
0.000632
0.000445
0.004235
0.000204
0.000265
0.003975
0.000639
0.004231
0.000312
0.009445
0.001995
0.002687
0.004442
0.006607
0.004459
0.000589
0.005147
0.002506
0.000254
0.000621
0.000407
0.031317
0.004168
0.000076
0.000053
0.003010
0.002223
0.002590
0.004405
0.000024
0.001093
0.000078
0.004199
0.000287
0.006372
0.001730
0.000062
0.008912
0.000473
0.000853
0.000338
0.001006
0.000572
0.002188
0.000693
0.002987
0.011573
0.000821
0.002462
0.000045
0.001180
0.000742
0.000676
0.001824
0.008744
0.001816
0.000504
0.005050
0.008621
0.001418
0.000723
0.000045
0.005335
0.000354
0.008353
0.001017
0.000156
0.002290
0.003044
0.000732
0.005232
0.000034
0.002287
0.000091
0.000177
0.000022
0.000900
0.001959
0.002014
0.001490
0.001521
0.001939
0.000279
0.006136
0.002018
0.000319
0.002569
0.002405
0.001193
0.002525
0.002260
0.005456
0.001626
0.008825
0.002276
0.008937
0.004118
0.000531
0.000110
0.002298
0.000869
0.006782
0.000110
0.003467
0.003733
0.003089
0.001566
0.000619
0.000919
0.002351
0.001472
0.000636
0.001421
0.003345
0.000776
0.002581
0.012317
0.003165
0.001640
0.005497
0.001223
0.000816
0.004101
0.001488
0.002709
0.001689
0.000798
0.001920
0.001533
0.001049
0.000866
0.000091
0.000994
0.001105
0.002206
0.002592
0.000146
0.002301
0.002903
0.001147
0.002454
0.004131
0.001472
0.001476
0.000421
0.000044
0.002412
0.001141
0.000888
0.002354
0.000605
0.002612
0.002547
0.003022
0.001741
0.001486
0.002117
0.000152
0.000161
0.005227
0.000191
0.003043
0.001963
0.003037
0.000923
0.000879
0.001614
0.002517
0.001372
0.001791
0.000901
0.000750
0.000950
0.001775
0.002807
0.001050
0.002450
0.001221
0.005428
0.000266
0.000919
0.003442
0.001203
0.000701
0.000730
0.001936
0.000624
0.001939
0.000176
0.000506
0.001220
0.001143
0.001011
0.000273
0.003275
0.000394
0.000762
0.001048
0.000773
0.000368
0.001366
0.000756
0.002041
0.000628
0.000828
0.000352
0.002304
0.000277
0.000329
0.000325
0.000160
0.000533
0.000210
0.000392
0.001263
0.000213
0.000606
0.000160
0.000073
0.000152
0.000123
0.000095
0.000331
0.000170
0.000449
0.000106
0.000047
0.000116
0.000223
0.000386
0.000335
0.000081
0.000166
0.000180
0.000051
0.000090
0.000524
0.000129
0.000086
0.000083
0.000160
0.000152
0.000081
0.000083
0.000074
0.000059
0.044217
0.036533
0.050738
0.026332
0.037954
0.016684
0.017761
0.017993
0.025313
0.043244
0.030873
0.013117
0.020102
0.018499
0.011433
0.023295
0.019769
0.009908
0.021660
0.011890
0.016409
0.021627
0.011552
0.014916
0.012293
0.009195
0.008479
0.010628
0.008452
0.009457
0.007764
0.013671
0.003961
0.008693
0.005019
0.003100
0.005556
0.003487
0.007524
0.006352
0.002394
0.003909
0.006484
0.003284
0.002577
0.002730
0.005269
0.000895
0.002559
0.004912
0.001491
0.003490
0.002681
0.003355
0.003640
0.003992
0.001464
0.002867
0.004443
0.001246
0.001075
0.000943
0.000923
0.000995
0.000877
0.003852
0.001965
0.002550
0.001515
0.002605
0.003820
0.000589
0.000376
0.000543
0.000632
0.000528
0.000636
0.000570
0.000812
0.000652
0.000434
0.000532
0.000630
0.001078
0.000658
0.000653
0.002338
0.002216
0.001768
0.007410
0.008233
0.001026
0.000280
0.001178
0.000301
0.001770
0.000241
0.002791
0.001034
0.001800
0.000958
0.000340
0.000630
0.000444
0.004217
0.000199
0.000260
0.003957
0.000640
0.004236
0.000315
0.009460
0.001985
0.002668
0.004438
0.006625
0.004464
0.000593
0.005131
0.002488
0.000254
0.000590
0.000410
0.031036
0.004106
0.000079
0.000064
0.003033
0.002239
0.002599
0.004383
0.000024
0.001113
0.000080
0.004168
0.000283
0.006371
0.001764
0.000058
0.008826
0.000463
0.000825
0.000344
0.001011
0.000574
0.002186
0.000692
0.003010
0.011495
0.000821
0.002432
0.000045
0.001191
0.000710
0.000639
0.001805
0.008572
0.001803
0.000499
0.004975
0.008628
0.001407
0.000731
0.000043
0.005307
0.000339
0.008354
0.001003
0.000157
0.002310
0.003002
0.000732
0.005150
0.000036
0.002268
0.000087
0.000174
0.000027
0.000924
0.001977
0.002010
0.001472
0.001484
0.001953
0.000250
0.006087
0.002043
0.000330
0.002588
0.002373
0.001165
0.002514
0.002240
0.005479
0.001645
0.008800
0.002273
0.008910
0.004108
0.000525
0.000095
0.002325
0.000882
0.006817
0.000106
0.003372
0.003724
0.003094
0.001551
0.000607
0.000903
0.002352
0.001446
0.000635
0.001408
0.003361
0.000766
0.002561
0.012319
0.003157
0.001610
0.005461
0.001196
0.000816
0.004060
0.001469
0.002690
0.001674
0.000797
0.001887
0.001509
0.001046
0.000858
0.000095
0.000976
0.001120
0.002180
0.002584
0.000144
0.002286
0.002895
0.001171
0.002409
0.004118
0.001485
0.001458
0.000412
0.000045
0.002371
0.001138
0.000862
0.002314
0.000601
0.002595
0.002609
0.002994
0.001762
0.001462
0.002073
0.000148
0.000159
0.005175
0.000171
0.003007
0.001937
0.002995
0.000898
0.000856
0.001595
0.002471
0.001361
0.001784
0.000865
0.000760
0.000947
0.001773
0.002773
0.001034
0.002412
0.001201
0.005461
0.000265
0.000908
0.003428
0.001197
0.000672
0.000729
0.001919
0.000616
0.001918
0.000167
0.000516
0.001204
0.001131
0.001002
0.000278
0.003258
0.000391
0.000771
0.001036
0.000751
0.000372
0.001331
0.000773
0.002032
0.000622
0.000823
0.000335
0.002272
0.000258
0.000326
0.000324
0.000155
0.000526
0.000195
0.000393
0.001241
0.000218
0.000606
0.000158
0.000070
0.000157
0.000124
0.000094
0.000333
0.000171
0.000445
0.000108
0.000047
0.000112
0.000221
0.000380
0.000337
0.000081
0.000166
0.000175
0.000051
0.000089
0.000516
0.000133
0.000085
0.000080
0.000156
0.000140
0.000076
0.000085
0.000075
0.000057
0.044287
0.036545
0.050745
0.026308
0.037937
0.016684
0.017761
0.018003
0.025316
0.043249
0.030870
0.013121
0.020104
0.018505
0.011437
0.023301
0.019771
0.009909
0.021671
0.011891
0.016408
0.021626
0.011552
0.014918
0.012287
0.009195
0.008480
0.010627
0.008449
0.009455
0.007765
0.013664
0.003963
0.008688
0.005021
0.003100
0.005556
0.003484
0.007526
0.006354
0.002391
0.003908
0.006480
0.003282
0.002576
0.002727
0.005268
0.000898
0.002558
0.004910
0.001488
0.003489
0.002682
0.003354
0.003641
0.003992
0.001463
0.002869
0.004433
0.001247
0.001070
0.000943
0.000925
0.000994
0.000875
0.003849
0.001963
0.002551
0.001513
0.002608
0.003824
0.000588
0.000375
0.000543
0.000630
0.000522
0.000638
0.000574
0.000810
0.000652
0.000438
0.000535
0.000635
0.001079
0.000655
0.000653
0.002338
0.002224
0.001785
0.007399
0.008226
0.001025
0.000279
0.001179
0.000307
0.001780
0.000242
0.002795
0.001037
0.001794
0.000961
0.000341
0.000633
0.000445
0.004252
0.000204
0.000257
0.003942
0.000642
0.004234
0.000309
0.009484
0.001985
0.002681
0.004429
0.006626
0.004463
0.000590
0.005131
0.002499
0.000250
0.000584
0.000421
0.030979
0.004142
0.000064
0.000053
0.002940
0.002218
0.002583
0.004236
0.000023
0.001109
0.000081
0.004115
0.000277
0.006323
0.001761
0.000063
0.008835
0.000440
0.000851
0.000348
0.001026
0.000569
0.002160
0.000678
0.003035
0.011489
0.000817
0.002437
0.000048
0.001192
0.000738
0.000661
0.001857
0.008745
0.001783
0.000507
0.004997
0.008526
0.001415
0.000734
0.000045
0.005312
0.000362
0.008350
0.001002
0.000144
0.002235
0.003021
0.000717
0.005132
0.000035
0.002270
0.000095
0.000154
0.000023
0.000906
0.001958
0.002005
0.001459
0.001476
0.001949
0.000267
0.006113
0.002035
0.000339
0.002605
0.002400
0.001180
0.002495
0.002263
0.005411
0.001647
0.008828
0.002269
0.008951
0.004099
0.000528
0.000110
0.002337
0.000867
0.006793
0.000107
0.003389
0.003707
0.003139
0.001546
0.000611
0.000901
0.002320
0.001439
0.000624
0.001400
0.003343
0.000777
0.002571
0.012292
0.003165
0.001609
0.005507
0.001217
0.000791
0.004083
0.001492
0.002689
0.001678
0.000791
0.001882
0.001516
0.001037
0.000855
0.000095
0.000977
0.001116
0.002184
0.002588
0.000146
0.002297
0.002882
0.001182
0.002414
0.004157
0.001468
0.001469
0.000421
0.000046
0.002373
0.001126
0.000892
0.002330
0.000562
0.002581
0.002618
0.002992
0.001721
0.001478
0.002130
0.000166
0.000154
0.005185
0.000176
0.003010
0.001965
0.002988
0.000897
0.000862
0.001598
0.002464
0.001334
0.001781
0.000882
0.000768
0.000952
0.001779
0.002775
0.001029
0.002419
0.001192
0.005388
0.000269
0.000887
0.003391
0.001171
0.000734
0.000730
0.001943
0.000623
0.001919
0.000170
0.000498
0.001198
0.001122
0.000997
0.000280
0.003319
0.000384
0.000772
0.001048
0.000755
0.000366
0.001350
0.000779
0.002026
0.000614
0.000810
0.000345
0.002289
0.000276
0.000325
0.000317
0.000152
0.000529
0.000196
0.000392
0.001237
0.000212
0.000606
0.000153
0.000069
0.000151
0.000128
0.000094
0.000325
0.000169
0.000439
0.000105
0.000046
0.000116
0.000236
0.000379
0.000322
0.000078
0.000161
0.000166
0.000051
0.000087
0.000484
0.000135
0.000087
0.000080
0.000164
0.000142
0.000077
0.000080
0.000077
0.000056
0.044271
0.036541
0.050740
0.026306
0.037938
0.016683
0.017765
0.018005
0.025317
0.043255
0.030879
0.013124
0.020108
0.018508
0.011439
0.023301
0.019768
0.009909
0.021655
0.011890
0.016409
0.021630
0.011556
0.014921
0.012297
0.009196
0.008482
0.010622
0.008447
0.009453
0.007765
0.013666
0.003957
0.008686
0.005018
0.003098
0.005554
0.003487
0.007521
0.006346
0.002391
0.003906
0.006473
0.003276
0.002575
0.002726
0.005262
0.000895
0.002558
0.004903
0.001486
0.003486
0.002676
0.003350
0.003633
0.003982
0.001457
0.002864
0.004428
0.001240
0.001067
0.000940
0.000919
0.000991
0.000875
0.003850
0.001963
0.002546
0.001510
0.002602
0.003819
0.000587
0.000373
0.000538
0.000625
0.000521
0.000635
0.000574
0.000808
0.000647
0.000436
0.000539
0.000634
0.001087
0.000656
0.000648
0.002323
0.002215
0.001777
0.007400
0.008220
0.001024
0.000276
0.001172
0.000306
0.001768
0.000242
0.002788
0.001026
0.001795
0.000951
0.000339
0.000631
0.000438
0.004245
0.000198
0.000256
0.003955
0.000632
0.004247
0.000305
0.009446
0.001972
0.002678
0.004448
0.006596
0.004446
0.000584
0.005117
0.002481
0.000248
0.000598
0.000418
0.031026
0.004202
0.000067
0.000050
0.002999
0.002198
0.002565
0.004423
0.000024
0.001118
0.000079
0.004153
0.000277
0.006289
0.001732
0.000063
0.008866
0.000450
0.000851
0.000325
0.001035
0.000573
0.002210
0.000708
0.002970
0.011519
0.000814
0.002447
0.000048
0.001185
0.000724
0.000648
0.001873
0.008717
0.001772
0.000511
0.004987
0.008588
0.001424
0.000728
0.000048
0.005325
0.000363
0.008292
0.001010
0.000161
0.002257
0.003016
0.000726
0.005261
0.000030
0.002271
0.000099
0.000181
0.000018
0.000935
0.001966
0.001971
0.001467
0.001474
0.001929
0.000279
0.006116
0.002011
0.000327
0.002580
0.002408
0.001169
0.002516
0.002240
0.005472
0.001630
0.008793
0.002259
0.008909
0.004108
0.000535
0.000126
0.002256
0.000875
0.006811
0.000110
0.003440
0.003693
0.003108
0.001542
0.000602
0.000900
0.002313
0.001444
0.000620
0.001414
0.003352
0.000782
0.002549
0.012201
0.003153
0.001613
0.005530
0.001209
0.000812
0.004087
0.001502
0.002688
0.001670
0.000786
0.001898
0.001509
0.001047
0.000860
0.000096
0.000961
0.001115
0.002179
0.002584
0.000133
0.002278
0.002855
0.001146
0.002435
0.004122
0.001463
0.001476
0.000428
0.000054
0.002408
0.001119
0.000883
0.002344
0.000583
0.002551
0.002575
0.002987
0.001754
0.001494
0.002074
0.000160
0.000162
0.005190
0.000174
0.003036
0.001935
0.003028
0.000895
0.000863
0.001575
0.002444
0.001334
0.001794
0.000861
0.000756
0.000933
0.001772
0.002773
0.001020
0.002442
0.001197
0.005412
0.000258
0.000919
0.003407
0.001194
0.000678
0.000734
0.001952
0.000613
0.001954
0.000171
0.000511
0.001219
0.001096
0.001010
0.000279
0.003283
0.000389
0.000772
0.001042
0.000744
0.000368
0.001333
0.000777
0.002031
0.000630
0.000824
0.000332
0.002280
0.000265
0.000321
0.000316
0.000159
0.000526
0.000193
0.000384
0.001230
0.000218
0.000618
0.000156
0.000070
0.000156
0.000127
0.000097
0.000326
0.000174
0.000456
0.000109
0.000048
0.000117
0.000225
0.000385
0.000329
0.000079
0.000155
0.000167
0.000049
0.000088
0.000510
0.000130
0.000083
0.000080
0.000164
0.000145
0.000076
0.000091
0.000070
0.000055
0.044403
0.036564
0.050738
0.026314
0.037943
0.016678
0.017754
0.017997
0.025311
0.043247
0.030869
0.013116
0.020100
0.018502
0.011433
0.023297
0.019767
0.009912
0.021666
0.011895
0.016409
0.021626
0.011553
0.014920
0.012296
0.009199
0.008480
0.010631
0.008451
0.009458
0.007767
0.013668
0.003960
0.008688
0.005020
0.003098
0.005557
0.003487
0.007526
0.006352
0.002392
0.003907
0.006483
0.003280
0.002575
0.002727
0.005267
0.000895
0.002557
0.004910
0.001489
0.003488
0.002678
0.003350
0.003633
0.003986
0.001459
0.002865
0.004434
0.001243
0.001070
0.000940
0.000922
0.000994
0.000875
0.003849
0.001964
0.002551
0.001514
0.002606
0.003822
0.000594
0.000381
0.000549
0.000633
0.000528
0.000640
0.000576
0.000811
0.000654
0.000435
0.000529
0.000643
0.001071
0.000661
0.000649
0.002324
0.002225
0.001793
0.007406
0.008244
0.001033
0.000279
0.001179
0.000312
0.001781
0.000242
0.002790
0.001044
0.001790
0.000956
0.000342
0.000635
0.000441
0.004246
0.000200
0.000260
0.003959
0.000636
0.004254
0.000312
0.009469
0.001977
0.002672
0.004445
0.006628
0.004442
0.000596
0.005145
0.002483
0.000249
0.000585
0.000391
0.031075
0.004133
0.000062
0.000051
0.002937
0.002190
0.002586
0.004417
0.000023
0.001120
0.000084
0.004157
0.000277
0.006292
0.001746
0.000058
0.008873
0.000447
0.000849
0.000347
0.001005
0.000557
0.002199
0.000714
0.002969
0.011520
0.000821
0.002452
0.000045
0.001177
0.000736
0.000633
0.001837
0.008625
0.001804
0.000501
0.004975
0.008539
0.001405
0.000731
0.000039
0.005252
0.000362
0.008308
0.000997
0.000163
0.002270
0.003015
0.000717
0.005157
0.000031
0.002275
0.000092
0.000180
0.000025
0.000885
0.001959
0.001946
0.001435
0.001450
0.001943
0.000284
0.006144
0.001961
0.000339
0.002622
0.002408
0.001167
0.002498
0.002241
0.005465
0.001641
0.008792
0.002272
0.008928
0.004083
0.000533
0.000123
0.002290
0.000865
0.006771
0.000122
0.003369
0.003704
0.003091
0.001529
0.000612
0.000921
0.002321
0.001459
0.000625
0.001408
0.003360
0.000773
0.002577
0.012167
0.003175
0.001624
0.005536
0.001219
0.000805
0.004095
0.001506
0.002701
0.001699
0.000816
0.001912
0.001509
0.001056
0.000872
0.000097
0.000965
0.001134
0.002202
0.002602
0.000145
0.002271
0.002859
0.001150
0.002415
0.004166
0.001535
0.001480
0.000425
0.000048
0.002381
0.001112
0.000867
0.002353
0.000590
0.002603
0.002629
0.003001
0.001743
0.001456
0.002091
0.000167
0.000153
0.005145
0.000173
0.002989
0.001987
0.003035
0.000935
0.000867
0.001601
0.002441
0.001345
0.001802
0.000890
0.000755
0.000956
0.001801
0.002795
0.001045
0.002431
0.001213
0.005423
0.000273
0.000912
0.003462
0.001195
0.000684
0.000721
0.001929
0.000615
0.001909
0.000168
0.000494
0.001223
0.001122
0.001012
0.000281
0.003308
0.000383
0.000764
0.001042
0.000752
0.000370
0.001339
0.000783
0.002037
0.000623
0.000827
0.000330
0.002279
0.000267
0.000327
0.000324
0.000159
0.000536
0.000191
0.000389
0.001218
0.000221
0.000608
0.000151
0.000066
0.000151
0.000123
0.000099
0.000316
0.000180
0.000454
0.000116
0.000048
0.000114
0.000228
0.000376
0.000333
0.000081
0.000165
0.000170
0.000049
0.000091
0.000533
0.000137
0.000086
0.000083
0.000169
0.000154
0.000080
0.000091
0.000073
0.000055
0.044230
0.036509
0.050734
0.026312
0.037936
0.016687
0.017763
0.018007
0.025320
0.043258
0.030882
0.013126
0.020113
0.018517
0.011444
0.023316
0.019787
0.009920
0.021681
0.011905
0.016417
0.021638
0.011561
0.014931
0.012307
0.009212
0.008494
0.010642
0.008461
0.009470
0.007777
0.013688
0.003971
0.008703
0.005034
0.003109
0.005570
0.003496
0.007540
0.006362
0.002400
0.003917
0.006496
0.003293
0.002581
0.002737
0.005276
0.000900
0.002570
0.004923
0.001496
0.003501
0.002691
0.003367
0.003652
0.004005
0.001472
0.002882
0.004456
0.001257
0.001081
0.000951
0.000929
0.001001
0.000883
0.003866
0.001980
0.002561
0.001522
0.002623
0.003840
0.000597
0.000384
0.000551
0.000634
0.000534
0.000647
0.000578
0.000820
0.000660
0.000434
0.000544
0.000641
0.001091
0.000662
0.000654
0.002338
0.002241
0.001807
0.007409
0.008288
0.001040
0.000283
0.001192
0.000313
0.001792
0.000244
0.002815
0.001042
0.001804
0.000968
0.000345
0.000640
0.000450
0.004261
0.000207
0.000261
0.003979
0.000646
0.004275
0.000317
0.009502
0.002008
0.002704
0.004465
0.006670
0.004507
0.000602
0.005200
0.002525
0.000255
0.000609
0.000420
0.031596
0.004313
0.000067
0.000058
0.003060
0.002253
0.002611
0.004482
0.000024
0.001128
0.000078
0.004256
0.000316
0.006417
0.001757
0.000059
0.008885
0.000479
0.000885
0.000364
0.001045
0.000574
0.002227
0.000733
0.003011
0.011693
0.000839
0.002501
0.000043
0.001190
0.000742
0.000692
0.001862
0.008980
0.001821
0.000526
0.005108
0.008668
0.001452
0.000747
0.000043
0.005431
0.000361
0.008458
0.001049
0.000164
0.002431
0.003121
0.000745
0.005350
0.000035
0.002338
0.000086
0.000166
0.000022
0.000932
0.002027
0.002078
0.001517
0.001534
0.002014
0.000265
0.006170
0.002084
0.000329
0.002581
0.002465
0.001237
0.002592
0.002359
0.005601
0.001704
0.009026
0.002339
0.009085
0.004245
0.000544
0.000118
0.002353
0.000892
0.006901
0.000116
0.003522
0.003825
0.003208
0.001626
0.000650
0.000931
0.002415
0.001518
0.000650
0.001451
0.003385
0.000810
0.002649
0.012385
0.003220
0.001711
0.005618
0.001264
0.000867
0.004175
0.001559
0.002790
0.001747
0.000845
0.002005
0.001575
0.001104
0.000900
0.000104
0.001023
0.001176
0.002293
0.002675
0.000148
0.002411
0.002938
0.001231
0.002581
0.004234
0.001572
0.001554
0.000454
0.000046
0.002483
0.001202
0.000974
0.002423
0.000636
0.002705
0.002688
0.003128
0.001828
0.001542
0.002181
0.000142
0.000163
0.005432
0.000192
0.003076
0.002025
0.003134
0.000947
0.000923
0.001646
0.002597
0.001441
0.001887
0.000946
0.000802
0.000997
0.001879
0.002830
0.001076
0.002579
0.001256
0.005619
0.000275
0.000996
0.003572
0.001264
0.000753
0.000767
0.002021
0.000645
0.002002
0.000176
0.000532
0.001302
0.001240
0.001077
0.000301
0.003311
0.000415
0.000820
0.001114
0.000808
0.000410
0.001385
0.000807
0.002084
0.000656
0.000867
0.000349
0.002371
0.000277
0.000339
0.000333
0.000161
0.000560
0.000214
0.000407
0.001296
0.000229
0.000626
0.000155
0.000068
0.000161
0.000121
0.000098
0.000353
0.000176
0.000464
0.000116
0.000044
0.000118
0.000238
0.000390
0.000342
0.000084
0.000171
0.000163
0.000050
0.000100
0.000536
0.000130
0.000092
0.000081
0.000171
0.000146
0.000073
0.000085
0.000075
0.000057
0.043873
0.036462
0.050743
0.026371
0.037974
0.016695
0.017768
0.018007
0.025321
0.043258
0.030882
0.013125
0.020112
0.018516
0.011443
0.023315
0.019785
0.009920
0.021681
0.011905
0.016417
0.021638
0.011561
0.014930
0.012306
0.009212
0.008493
0.010642
0.008461
0.009469
0.007777
0.013687
0.003970
0.008703
0.005033
0.003108
0.005569
0.003496
0.007539
0.006362
0.002399
0.003918
0.006496
0.003293
0.002582
0.002736
0.005276
0.000900
0.002569
0.004923
0.001496
0.003501
0.002691
0.003366
0.003651
0.004005
0.001472
0.002882
0.004456
0.001257
0.001080
0.000950
0.000929
0.001002
0.000883
0.003866
0.001979
0.002560
0.001522
0.002623
0.003840
0.000597
0.000384
0.000551
0.000634
0.000533
0.000647
0.000578
0.000820
0.000659
0.000434
0.000544
0.000642
0.001090
0.000661
0.000654
0.002338
0.002240
0.001806
0.007408
0.008290
0.001039
0.000283
0.001193
0.000313
0.001792
0.000245
0.002815
0.001042
0.001804
0.000967
0.000346
0.000640
0.000450
0.004260
0.000208
0.000261
0.003984
0.000647
0.004276
0.000317
0.009502
0.002009
0.002705
0.004467
0.006664
0.004511
0.000601
0.005194
0.002525
0.000256
0.000608
0.000423
0.031594
0.004309
0.000067
0.000058
0.003057
0.002254
0.002612
0.004480
0.000023
0.001129
0.000078
0.004257
0.000317
0.006417
0.001757
0.000059
0.008885
0.000478
0.000885
0.000363
0.001047
0.000572
0.002224
0.000734
0.003009
0.011696
0.000839
0.002501
0.000043
0.001190
0.000740
0.000691
0.001863
0.008980
0.001821
0.000525
0.005108
0.008667
0.001452
0.000747
0.000043
0.005434
0.000360
0.008453
0.001051
0.000164
0.002423
0.003121
0.000744
0.005336
0.000034
0.002339
0.000086
0.000166
0.000022
0.000935
0.002027
0.002076
0.001517
0.001534
0.002014
0.000263
0.006180
0.002080
0.000329
0.002581
0.002469
0.001240
0.002590
0.002358
0.005601
0.001707
0.009026
0.002339
0.009089
0.004246
0.000544
0.000118
0.002352
0.000889
0.006901
0.000115
0.003521
0.003823
0.003206
0.001627
0.000649
0.000930
0.002417
0.001516
0.000650
0.001451
0.003386
0.000810
0.002651
0.012387
0.003218
0.001707
0.005620
0.001265
0.000868
0.004175
0.001559
0.002787
0.001751
0.000843
0.002000
0.001575
0.001104
0.000898
0.000103
0.001022
0.001174
0.002292
0.002674
0.000147
0.002412
0.002941
0.001235
0.002575
0.004234
0.001565
0.001552
0.000451
0.000044
0.002492
0.001204
0.000975
0.002420
0.000631
0.002700
0.002693
0.003126
0.001828
0.001543
0.002193
0.000144
0.000163
0.005436
0.000193
0.003083
0.002023
0.003138
0.000946
0.000920
0.001653
0.002601
0.001438
0.001885
0.000950
0.000804
0.000999
0.001876
0.002827
0.001076
0.002584
0.001259
0.005619
0.000275
0.000992
0.003578
0.001259
0.000770
0.000769
0.002022
0.000647
0.002008
0.000178
0.000536
0.001310
0.001244
0.001076
0.000304
0.003306
0.000418
0.000824
0.001119
0.000806
0.000412
0.001384
0.000812
0.002088
0.000657
0.000867
0.000350
0.002374
0.000277
0.000339
0.000333
0.000160
0.000559
0.000213
0.000407
0.001302
0.000229
0.000625
0.000155
0.000068
0.000161
0.000122
0.000096
0.000355
0.000175
0.000463
0.000117
0.000044
0.000118
0.000238
0.000391
0.000343
0.000084
0.000171
0.000165
0.000049
0.000100
0.000535
0.000130
0.000092
0.000081
0.000172
0.000147
0.000074
0.000083
0.000076
0.000057
0.043843
0.036450
0.050740
0.026372
0.037973
0.016694
0.017768
0.018006
0.025319
0.043256
0.030880
0.013124
0.020109
0.018515
0.011442
0.023312
0.019783
0.009919
0.021678
0.011904
0.016414
0.021636
0.011559
0.014927
0.012304
0.009209
0.008491
0.010640
0.008458
0.009467
0.007773
0.013682
0.003966
0.008700
0.005029
0.003105
0.005565
0.003494
0.007536
0.006360
0.002397
0.003916
0.006492
0.003291
0.002579
0.002734
0.005274
0.000899
0.002567
0.004920
0.001494
0.003499
0.002690
0.003362
0.003645
0.004002
0.001469
0.002880
0.004455
0.001254
0.001079
0.000948
0.000928
0.001000
0.000881
0.003864
0.001976
0.002559
0.001520
0.002622
0.003838
0.000594
0.000382
0.000550
0.000632
0.000532
0.000645
0.000577
0.000817
0.000657
0.000432
0.000545
0.000640
0.001086
0.000659
0.000651
0.002334
0.002235
0.001797
0.007397
0.008283
0.001036
0.000281
0.001190
0.000312
0.001790
0.000244
0.002808
0.001038
0.001796
0.000964
0.000344
0.000638
0.000448
0.004259
0.000208
0.000262
0.003977
0.000644
0.004274
0.000314
0.009499
0.002003
0.002701
0.004467
0.006643
0.004505
0.000598
0.005190
0.002519
0.000256
0.000604
0.000432
0.031547
0.004294
0.000065
0.000059
0.003062
0.002241
0.002607
0.004472
0.000022
0.001128
0.000078
0.004250
0.000315
0.006401
0.001752
0.000058
0.008882
0.000472
0.000883
0.000357
0.001044
0.000556
0.002209
0.000736
0.002990
0.011685
0.000832
0.002491
0.000043
0.001184
0.000738
0.000680
0.001854
0.008974
0.001813
0.000520
0.005082
0.008642
0.001435
0.000740
0.000040
0.005386
0.000350
0.008412
0.001039
0.000160
0.002387
0.003108
0.000723
0.005249
0.000031
0.002319
0.000087
0.000168
0.000023
0.000942
0.002003
0.002039
0.001489
0.001532
0.002001
0.000268
0.006221
0.002051
0.000334
0.002578
0.002465
0.001225
0.002562
0.002325
0.005548
0.001708
0.008982
0.002308
0.009036
0.004212
0.000542
0.000119
0.002343
0.000885
0.006883
0.000110
0.003473
0.003781
0.003176
0.001588
0.000627
0.000931
0.002380
0.001503
0.000640
0.001435
0.003358
0.000800
0.002627
0.012336
0.003183
0.001665
0.005591
0.001247
0.000841
0.004183
0.001540
0.002762
0.001738
0.000829
0.001944
0.001549
0.001083
0.000881
0.000099
0.001000
0.001142
0.002265
0.002661
0.000140
0.002370
0.002944
0.001236
0.002524
0.004197
0.001509
0.001509
0.000432
0.000041
0.002469
0.001179
0.000938
0.002391
0.000594
0.002650
0.002674
0.003080
0.001817
0.001524
0.002144
0.000152
0.000159
0.005342
0.000190
0.003057
0.001993
0.003090
0.000934
0.000886
0.001651
0.002548
0.001390
0.001836
0.000914
0.000791
0.000979
0.001815
0.002834
0.001058
0.002514
0.001239
0.005604
0.000263
0.000970
0.003503
0.001226
0.000745
0.000742
0.001986
0.000631
0.001998
0.000176
0.000526
0.001271
0.001199
0.001040
0.000293
0.003305
0.000405
0.000808
0.001086
0.000776
0.000399
0.001360
0.000799
0.002062
0.000637
0.000847
0.000342
0.002343
0.000267
0.000331
0.000328
0.000161
0.000545
0.000207
0.000400
0.001270
0.000225
0.000619
0.000152
0.000071
0.000156
0.000123
0.000093
0.000346
0.000168
0.000456
0.000114
0.000044
0.000113
0.000229
0.000387
0.000336
0.000080
0.000170
0.000170
0.000048
0.000096
0.000517
0.000131
0.000090
0.000082
0.000172
0.000141
0.000077
0.000081
0.000074
0.000056
