12.934980
13.025494
12.689807
12.735431
13.054494
12.664735
12.915199
12.553331
13.228118
12.621718
12.473374
13.182279
12.950633
12.720854
12.559924
12.494156
12.620531
12.444334
12.438210
12.136208
12.284664
12.523357
12.661545
12.850557
12.182064
12.027230
12.391008
12.421635
11.823656
11.679886
11.939707
11.692452
12.312211
11.956421
11.761650
11.717285
11.987558
12.246777
12.209228
11.987965
11.790258
11.568757
11.918271
11.493790
11.912697
11.635566
11.543298
11.775537
10.896513
11.614403
11.523350
11.552592
11.297834
11.493511
11.313901
11.455743
11.286345
11.632500
11.501937
11.290691
11.367553
11.172012
11.233246
11.377485
11.076822
10.814473
11.140346
11.202499
10.893122
10.976320
11.446474
10.904573
10.895210
11.219439
11.021886
10.835084
11.267570
10.695582
11.243763
11.025005
11.082840
10.912707
10.997842
10.388967
10.276407
10.939783
10.615137
10.602048
10.676721
10.203576
10.841334
10.363614
10.468950
10.266290
10.494476
10.783631
10.823657
10.418010
10.290005
10.576554
10.244654
10.615050
10.263089
10.177794
10.346707
10.653066
9.771051
9.653522
10.567148
10.560364
10.104137
10.099072
10.269773
10.022801
9.977765
9.828187
9.811719
10.296213
9.960008
9.725553
9.786537
9.615002
10.147996
9.886725
9.639519
9.965426
9.825417
9.907962
9.682590
10.087730
10.201325
9.746727
9.644601
9.720462
9.743630
9.792198
9.739756
9.873994
9.944507
9.513079
9.552424
9.488032
9.833753
9.409419
9.794311
9.629841
9.280184
9.469044
9.091897
9.463882
9.365133
9.416717
9.204008
9.795837
9.303778
9.454350
9.391248
8.962379
9.477692
9.049707
8.980681
8.928583
9.069384
8.793370
8.797144
8.782976
8.804233
8.875402
8.744452
9.030085
9.236236
9.104085
8.887339
8.951682
8.911101
8.998836
8.880743
8.660642
9.189180
8.555563
8.901061
8.716326
8.530744
8.630393
8.802890
8.943352
8.672472
8.921732
8.713557
8.715773
8.781229
8.725068
8.503620
8.668783
8.651269
8.274003
8.522731
8.416562
8.691387
8.296608
8.057062
8.547527
8.011735
8.006413
7.902912
7.897035
8.689177
7.968106
8.398565
8.290462
8.016562
8.109264
7.950355
7.724982
7.979942
8.187978
8.335728
8.005655
7.961414
8.053165
8.148154
7.800252
8.318144
7.612146
8.190864
8.041224
7.761747
7.748983
7.824505
8.170506
7.571773
7.743883
7.819751
7.936548
7.792906
7.452775
7.579186
8.009520
7.456459
7.882736
7.626478
7.582984
7.513331
7.616324
7.447308
7.458797
7.677424
7.390450
7.430186
7.838573
7.414135
7.259976
7.160614
7.701914
7.278102
7.806767
7.564239
7.246662
7.752224
7.496989
7.245733
7.218369
7.184670
7.041207
7.313249
7.481020
6.961056
6.918755
7.112105
7.235593
7.536323
6.765306
7.568806
6.841093
7.130388
7.311147
6.913951
6.869979
7.222677
6.933478
7.122428
7.225597
6.959233
7.059118
6.967064
6.758386
7.125457
7.216903
6.979461
6.777928
7.025993
6.495162
6.831956
7.055071
6.969930
7.047364
6.712437
6.693429
6.733787
6.794972
6.494667
6.468919
6.565341
6.366075
6.957018
6.438901
6.492160
6.921570
6.756938
6.968057
6.619360
6.641378
6.779735
6.442719
6.528287
6.633188
6.557523
6.486002
6.405880
6.698918
6.229384
6.369366
6.454167
6.690947
6.224712
6.374406
6.599375
6.330492
6.506002
6.281210
6.243206
6.337985
6.297174
6.122534
5.901271
6.538084
6.211003
6.132354
6.129832
6.093244
6.405959
6.193274
6.052160
5.966796
6.032516
6.186174
5.806643
6.342456
6.289483
6.335328
6.098016
6.112759
6.332874
6.060789
6.220788
5.965787
6.432906
5.988342
5.904814
6.388642
6.241067
6.076824
5.958683
5.913390
6.008719
5.883397
5.880976
5.686643
5.797895
5.947848
6.037650
6.185511
5.738026
5.641443
5.885366
5.916390
5.502806
5.433403
5.581104
5.450394
5.846557
5.605217
5.496572
5.465878
5.646979
5.825185
5.808229
5.668328
5.546097
5.387618
5.622853
5.348897
5.646801
5.449300
5.393640
5.555112
4.965600
5.480833
5.409775
5.428430
5.248617
5.411129
5.283547
5.377761
5.279062
5.501204
5.422009
5.302037
5.337802
5.225681
5.255902
5.350511
5.181216
5.001773
5.206851
5.266828
5.060427
5.137232
5.477563
5.089157
5.092914
5.318112
5.200726
5.048866
5.357450
4.972672
5.361189
5.206888
5.240192
5.137543
5.207024
4.800671
4.729287
5.181868
4.960683
4.961134
5.015173
4.706544
5.131392
4.818188
4.897775
4.770105
4.929018
5.134185
5.149831
4.875701
4.807513
4.984498
4.798748
5.042070
4.814394
4.746594
4.891815
5.115786
4.513807
4.436097
5.042252
5.043734
4.730853
4.732181
4.854832
4.691122
4.676509
4.584904
4.577530
4.891029
4.674419
4.545191
4.577836
4.475978
4.816777
4.654842
4.479253
4.721981
4.619540
4.679796
4.534789
4.819252
4.893913
4.583855
4.528281
4.572994
4.596480
4.643412
4.595363
4.702959
4.758634
4.474328
4.501893
4.481556
4.703552
4.411839
4.670409
4.583477
4.357606
4.481048
4.252431
4.473618
4.420347
4.467660
4.316377
4.738550
4.395420
4.500697
4.466477
4.179127
4.563287
4.241444
4.198729
4.175333
4.274826
4.101284
4.100222
4.080790
4.134797
4.154997
4.097429
4.278014
4.433084
4.330481
4.190790
4.253044
4.221767
4.271231
4.204194
4.072349
4.415931
3.994010
4.246974
4.118180
3.993746
4.055904
4.178457
4.287957
4.104383
4.278013
4.170024
4.148497
4.187270
4.172209
4.010565
4.129658
4.118386
3.888065
4.038506
3.985661
4.163850
3.912686
3.752203
4.064977
3.724156
3.705973
3.662894
3.663595
4.209124
3.707613
3.990828
3.942946
3.763715
3.822894
3.723490
3.575587
3.746602
3.910746
3.983404
3.768771
3.744943
3.808331
3.872752
3.680996
3.992399
3.526680
3.919731
3.810760
3.639688
3.646264
3.691410
3.933906
3.523601
3.650687
3.692595
3.784509
3.694640
3.472215
3.576597
3.848932
3.500099
3.781359
3.616303
3.571640
3.530769
3.602507
3.511726
3.505489
3.647254
3.490996
3.506022
3.764208
3.505700
3.393276
3.336547
3.706465
3.417832
3.768574
3.621986
3.409492
3.749677
3.580582
3.419130
3.407214
3.367168
3.286526
3.490814
3.588244
3.253208
3.218610
3.354226
3.441794
3.649967
3.124996
3.662197
3.196788
3.400995
3.529532
3.246971
3.222143
3.460176
3.259250
3.408883
3.467376
3.305879
3.369690
3.303879
3.172547
3.428808
3.478538
3.318462
3.197841
3.368268
3.033459
3.233915
3.387605
3.348695
3.401739
3.175489
3.172405
3.169789
3.237571
3.044628
3.021818
3.097959
2.959597
3.359035
3.022044
3.051459
3.347431
3.243078
3.395298
3.143682
3.176771
3.278208
3.038475
3.096206
3.173679
3.129222
3.082846
3.052461
3.241866
2.938993
3.029785
3.094527
3.240598
2.925761
3.027019
3.197362
3.009385
3.146945
2.973504
2.951167
3.038867
3.013157
2.880836
2.736829
3.169544
2.967627
2.909621
2.903646
2.874910
3.106821
2.960524
2.870663
2.822025
2.850147
2.973882
2.717567
3.079153
3.051352
3.079264
2.924399
2.929329
3.090798
2.910589
3.015939
2.842784
3.171979
2.845421
2.811604
3.143883
3.058004
2.941943
2.855742
2.826503
2.902009
2.812836
2.813790
2.693837
2.779702
2.868707
2.925023
3.044160
2.747193
2.689443
2.850272
2.880044
2.591328
2.571003
2.640632
2.587679
2.829448
2.664347
2.612491
2.589110
2.707313
2.828159
2.823098
2.736459
2.663457
2.545666
2.700750
2.527027
2.740180
2.594576
2.561483
2.672396
2.277589
2.649731
2.592621
2.601723
2.470530
2.607540
2.513543
2.572829
2.519750
2.655100
2.608412
2.548066
2.553466
2.495630
2.502350
2.560804
2.478369
2.352841
2.473429
2.529516
2.390664
2.460558
2.710465
2.423923
2.434194
2.589763
2.524418
2.393898
2.615999
2.355853
2.633560
2.520510
2.534677
2.475280
2.531588
2.260056
2.214014
2.520965
2.367377
2.374388
2.411798
2.212120
2.489911
2.285640
2.345111
2.265637
2.374903
2.520450
2.516909
2.329319
2.299037
2.399063
2.309774
2.464270
2.318213
2.259648
2.385896
2.549234
2.136887
2.083619
2.478633
2.483174
2.264889
2.267889
2.355299
2.245441
2.248852
2.193945
2.190122
2.385099
2.247014
2.186440
2.197426
2.140054
2.348156
2.251036
2.121466
2.305242
2.225737
2.268347
2.175308
2.375416
2.421159
2.206603
2.180097
2.201190
2.222394
2.265731
2.218176
2.305230
2.348373
2.161366
2.178463
2.185560
2.321207
2.116985
2.287455
2.250664
2.106290
2.182963
2.052559
2.169165
2.144331
2.186339
2.074321
2.379059
2.134534
2.206710
2.189687
1.995945
2.288666
2.036580
2.009362
2.003082
2.072216
1.965822
1.959148
1.933817
2.007704
1.991032
1.980916
2.087955
2.206074
2.121222
2.031491
2.090038
2.062784
2.084030
2.049343
1.975075
2.190977
1.910352
2.098302
2.005215
1.920000
1.954502
2.040953
2.127229
2.000637
2.120759
2.077892
2.038677
2.057154
2.066981
1.944561
2.030255
2.021023
1.888072
1.969766
1.950880
2.061359
1.905302
1.796132
1.986522
1.775726
1.746726
1.742254
1.745505
2.121684
1.766962
1.948196
1.939044
1.821751
1.856245
1.795077
1.697645
1.809644
1.941886
1.961593
1.823170
1.811118
1.853204
1.894834
1.806453
1.976244
1.671423
1.936529
1.853100
1.753515
1.771162
1.793690
1.963982
1.679440
1.773978
1.790841
1.863853
1.808446
1.663824
1.751059
1.914404
1.701630
1.882944
1.777544
1.730275
1.706905
1.755420
1.715424
1.695426
1.783004
1.712904
1.709686
1.863921
1.715775
1.629867
1.600053
1.851602
1.652796
1.880761
1.797303
1.654147
1.880075
1.767477
1.665027
1.661626
1.615298
1.575354
1.731658
1.779362
1.567976
1.536681
1.631134
1.692361
1.835708
1.475985
1.830302
1.541213
1.685676
1.776785
1.570249
1.556527
1.714714
1.571890
1.692892
1.719124
1.627039
1.664435
1.614585
1.533978
1.713003
1.732489
1.623171
1.555730
1.671478
1.468173
1.574026
1.678631
1.669334
1.703954
1.549820
1.555665
1.522052
1.592503
1.470823
1.448211
1.508728
1.410043
1.677272
1.461825
1.473210
1.676515
1.611431
1.721739
1.534469
1.573305
1.647836
1.472611
1.509615
1.566637
1.541689
1.510692
1.512418
1.629475
1.438453
1.493985
1.543289
1.625824
1.412487
1.478997
1.610365
1.475846
1.585537
1.445687
1.432335
1.513501
1.496368
1.391259
1.298282
1.590045
1.471816
1.426248
1.416249
1.391201
1.565445
1.463679
1.407152
1.381902
1.382747
1.484368
1.310491
1.551489
1.539215
1.553253
1.453054
1.449643
1.569425
1.450321
1.516738
1.397894
1.631218
1.383695
1.382236
1.609334
1.564018
1.479238
1.413327
1.393470
1.453837
1.387790
1.389475
1.318801
1.385733
1.431481
1.463341
1.561263
1.365677
1.332858
1.435381
1.462270
1.257925
1.268945
1.284520
1.282357
1.418404
1.303169
1.288598
1.268723
1.342358
1.422423
1.423989
1.372322
1.331506
1.240076
1.338775
1.232215
1.385825
1.274280
1.255164
1.329962
1.067076
1.342212
1.290664
1.291671
1.192280
1.310776
1.238065
1.271852
1.248613
1.323096
1.297242
1.276341
1.259479
1.237411
1.226603
1.258833
1.234529
1.144557
1.205776
1.257768
1.163842
1.227495
1.414003
1.195990
1.209336
1.315722
1.284669
1.167428
1.328781
1.152778
1.353032
1.266860
1.266566
1.235484
1.281368
1.100997
1.071005
1.276479
1.168092
1.178249
1.202879
1.076683
1.252112
1.121326
1.165627
1.117893
1.191697
1.294911
1.276924
1.147476
1.141871
1.187727
1.163391
1.255531
1.164153
1.110740
1.221897
1.340086
1.153746
1.021836
1.270343
1.275564
1.121038
1.123964
1.185905
1.111823
1.126358
1.095441
1.092811
1.204929
1.119608
1.105179
1.099831
1.072060
1.187338
1.133550
1.034407
1.176338
1.111375
1.140585
1.082086
1.222860
1.247437
1.097429
1.089702
1.093291
1.111694
1.151321
1.102879
1.174555
1.207838
1.086667
1.095345
1.120133
1.195044
1.049925
1.158452
1.155017
1.065659
1.108870
1.045086
1.088300
1.081885
1.119054
1.032930
1.255473
1.077789
1.125956
1.119623
0.989301
1.217815
1.012633
0.994972
0.999324
1.046342
0.985138
0.973439
0.942896
1.029345
0.986082
1.007581
1.062705
1.154169
1.080440
1.024080
1.078932
1.053326
1.053962
1.040495
1.004878
1.131451
0.947334
1.089246
1.019723
0.960496
0.974786
1.035179
1.104300
1.015997
1.098027
1.099579
1.046646
1.049929
1.076433
0.981007
1.040778
1.031890
0.965360
0.998318
1.001897
1.064495
0.973347
0.898857
1.003171
0.881297
0.843668
0.865262
0.868849
1.126741
0.872555
0.982161
0.998771
0.923570
0.939684
0.903984
0.840425
0.910532
1.019722
1.001660
0.914991
0.910072
0.936379
0.961201
0.944318
1.014070
0.819712
0.995144
0.928403
0.877338
0.901679
0.907519
1.026757
0.828394
0.899380
0.897905
0.956858
0.924372
0.832749
0.907501
0.994032
0.875471
0.985818
0.921129
0.870952
0.858763
0.890315
0.885129
0.854259
0.903474
0.893191
0.875522
0.956936
0.884832
0.816134
0.804182
0.973010
0.835508
0.977648
0.937128
0.841216
0.987230
0.912973
0.850586
0.852304
0.800856
0.788302
0.910633
0.923142
0.796562
0.766761
0.831964
0.874198
0.971949
0.725760
0.952836
0.784927
0.887322
0.951835
0.797067
0.790268
0.892518
0.789114
0.889588
0.892777
0.847914
0.866322
0.826764
0.780463
0.905405
0.903275
0.828280
0.796830
0.874103
0.760862
0.800679
0.870685
0.881110
0.902291
0.797209
0.808666
0.752793
0.824369
0.751136
0.727941
0.776978
0.704937
0.880307
0.747958
0.746206
0.884931
0.846216
0.926954
0.783335
0.825466
0.880740
0.749270
0.771303
0.813553
0.801358
0.780268
0.803491
0.869996
0.755319
0.785884
0.823929
0.862001
0.717840
0.759767
0.863654
0.765242
0.855605
0.737694
0.729841
0.805853
0.793994
0.706886
0.648321
0.842539
0.781238
0.743513
0.730085
0.706921
0.842585
0.769008
0.734720
0.724936
0.706333
0.792173
0.674342
0.831858
0.829640
0.833503
0.770204
0.760449
0.850989
0.773247
0.812274
0.730058
0.897009
0.703063
0.723177
0.877529
0.859412
0.795588
0.742849
0.728811
0.778186
0.727388
0.728955
0.691442
0.744794
0.760312
0.774792
0.857583
0.730852
0.714660
0.776502
0.802030
0.653677
0.687005
0.663105
0.696750
0.757222
0.676822
0.687297
0.669162
0.711707
0.763292
0.768810
0.740485
0.721096
0.647102
0.706670
0.645436
0.757767
0.668922
0.658780
0.708322
0.535003
0.746022
0.694983
0.689909
0.611666
0.717349
0.657750
0.673970
0.670574
0.702875
0.690696
0.696165
0.663553
0.665368
0.642007
0.655792
0.670605
0.604332
0.624495
0.673155
0.609309
0.668602
0.810923
0.639167
0.653921
0.726241
0.718063
0.609280
0.728694
0.609502
0.756457
0.688173
0.677374
0.665050
0.703309
0.584563
0.564941
0.701027
0.622590
0.634358
0.649769
0.573060
0.678288
0.596995
0.630456
0.603860
0.653043
0.726991
0.698526
0.608106
0.618850
0.627270
0.646633
0.695826
0.641330
0.590683
0.692943
0.790045
0.586931
0.559052
0.707516
0.712750
0.601043
0.603407
0.647548
0.597257
0.618852
0.603734
0.601429
0.656803
0.606809
0.623235
0.606282
0.598218
0.649883
0.625043
0.546057
0.659130
0.603544
0.623195
0.587637
0.687707
0.697462
0.590727
0.595257
0.586510
0.602544
0.639188
0.589676
0.650467
0.676604
0.599555
0.602076
0.638365
0.671695
0.566123
0.632260
0.650956
0.598378
0.618467
0.599380
0.592393
0.597979
0.631419
0.562355
0.728862
0.595927
0.627410
0.627879
0.539956
0.724821
0.550705
0.538996
0.550119
0.581758
0.550658
0.535114
0.500594
0.595122
0.533427
0.575842
0.595464
0.668501
0.601832
0.567564
0.619496
0.594582
0.580846
0.581271
0.571320
0.637180
0.517754
0.628200
0.574117
0.532008
0.532222
0.574622
0.631758
0.568845
0.624792
0.656553
0.593075
0.585814
0.624061
0.542803
0.587524
0.578455
0.556202
0.555949
0.574227
0.604155
0.556273
0.504671
0.550579
0.488256
0.444438
0.483030
0.486565
0.664460
0.477516
0.538527
0.572070
0.524702
0.528130
0.509149
0.467977
0.509516
0.602786
0.558959
0.506685
0.506165
0.521476
0.534610
0.565070
0.567528
0.446990
0.561796
0.505880
0.487023
0.515463
0.509716
0.594290
0.453401
0.508189
0.494019
0.543141
0.525647
0.469196
0.535062
0.569748
0.513774
0.576296
0.538501
0.485880
0.480905
0.500663
0.518237
0.479839
0.502888
0.531946
0.504540
0.536674
0.515003
0.457560
0.457156
0.570046
0.473288
0.557442
0.545294
0.480640
0.572638
0.523677
0.487748
0.492474
0.437170
0.442572
0.541700
0.530193
0.460073
0.430863
0.476039
0.505127
0.571882
0.401427
0.542760
0.455713
0.529488
0.575746
0.455304
0.452744
0.517073
0.439701
0.526006
0.513342
0.499749
0.505022
0.471969
0.448275
0.536552
0.519531
0.467158
0.459452
0.510529
0.457293
0.452434
0.498846
0.522108
0.533891
0.461314
0.476101
0.404956
0.476903
0.435776
0.411809
0.452766
0.398208
0.511601
0.434591
0.423651
0.518697
0.497287
0.557812
0.443092
0.487049
0.529045
0.426545
0.438168
0.470140
0.466125
0.451311
0.488557
0.520812
0.456960
0.470416
0.500532
0.508451
0.410313
0.435392
0.520483
0.445927
0.522805
0.419391
0.414886
0.487085
0.478395
0.403017
0.367179
0.495626
0.472125
0.439324
0.423246
0.400995
0.509786
0.455444
0.435718
0.435943
0.403975
0.478866
0.398249
0.499447
0.503614
0.500317
0.461422
0.447065
0.517654
0.467288
0.487625
0.429635
0.551732
0.393385
0.427631
0.532857
0.532648
0.482495
0.438303
0.427836
0.469508
0.428601
0.429763
0.414158
0.458076
0.452982
0.455490
0.527806
0.446920
0.441515
0.475761
0.499630
0.388882
0.436305
0.386371
0.443060
0.453566
0.395701
0.422604
0.405347
0.426726
0.458891
0.466745
0.453752
0.448426
0.385811
0.418823
0.387676
0.472012
0.398082
0.393644
0.425944
0.312382
0.478143
0.429082
0.419630
0.355275
0.451785
0.401152
0.405092
0.414687
0.418406
0.415092
0.437944
0.394467
0.411989
0.379921
0.381035
0.421786
0.371108
0.363441
0.409570
0.365604
0.421565
0.534132
0.392835
0.408462
0.457646
0.464500
0.361118
0.452117
0.370733
0.481649
0.425030
0.406946
0.406917
0.439773
0.362044
0.349103
0.438272
0.379757
0.392327
0.401269
0.357470
0.415344
0.366958
0.392871
0.380149
0.412531
0.466559
0.430839
0.366320
0.387726
0.370792
0.419176
0.439308
0.409184
0.360212
0.455373
0.532437
0.451040
0.365881
0.446967
0.451934
0.368672
0.370384
0.402304
0.367699
0.393761
0.388965
0.386602
0.403656
0.377090
0.413895
0.388949
0.393717
0.402585
0.396891
0.331163
0.424614
0.375068
0.388034
0.367610
0.440111
0.439670
0.361714
0.374209
0.356932
0.371121
0.405509
0.355028
0.408261
0.429355
0.381659
0.379786
0.423553
0.428732
0.349449
0.386896
0.420188
0.391996
0.396358
0.406585
0.482624
0.379498
0.410188
0.352320
0.480970
0.377818
0.397856
0.402639
0.342942
0.498159
0.344755
0.336823
0.352237
0.373307
0.362167
0.343808
0.306382
0.406083
0.331788
0.388000
0.383542
0.443996
0.381835
0.362168
0.411906
0.387216
0.363612
0.373131
0.380178
0.405050
0.328823
0.417911
0.373974
0.343125
0.333668
0.363760
0.412625
0.366533
0.404737
0.456138
0.385853
0.371239
0.416605
0.346263
0.379558
0.370138
0.377392
0.354625
0.382556
0.390332
0.371259
0.334783
0.341351
0.318740
0.270549
0.320334
0.323619
0.447601
0.305583
0.333755
0.378456
0.349555
0.344256
0.336287
0.309933
0.332073
0.414462
0.353112
0.323724
0.325948
0.333668
0.338748
0.400781
0.357857
0.286677
0.360573
0.311718
0.314281
0.345265
0.331533
0.392631
0.290126
0.333838
0.310938
0.353260
0.345632
0.312591
0.372297
0.371972
0.357808
0.388028
0.368077
0.313675
0.313302
0.324946
0.357610
0.313954
0.319241
0.374526
0.340378
0.339230
0.351237
0.301149
0.308307
0.383448
0.313846
0.358873
0.365583
0.321731
0.377273
0.345103
0.326744
0.333303
0.275222
0.292490
0.375853
0.348034
0.315634
0.286635
0.318175
0.338252
0.384012
0.264219
0.347801
0.314856
0.369234
0.403057
0.305474
0.305579
0.344267
0.284190
0.360805
0.337313
0.344530
0.340807
0.311941
0.303252
0.366733
0.339528
0.302165
0.310227
0.343537
0.330417
0.295380
0.325776
0.357482
0.362785
0.311854
0.328711
0.247126
0.319151
0.299410
0.274748
0.310113
0.267117
0.338719
0.298704
0.281421
0.346968
0.337007
0.383796
0.288307
0.333325
0.366234
0.283015
0.287479
0.312385
0.313697
0.302930
0.349429
0.358522
0.328628
0.330437
0.355070
0.342558
0.275163
0.288764
0.361080
0.302375
0.370037
0.276201
0.273775
0.343255
0.336535
0.268867
0.248124
0.332253
0.333976
0.304322
0.286306
0.264507
0.355115
0.313509
0.303412
0.310200
0.269089
0.336483
0.280694
0.343924
0.352229
0.343967
0.321299
0.303699
0.360740
0.328603
0.336234
0.294361
0.386193
0.251589
0.295168
0.367267
0.378928
0.337813
0.299201
0.290981
0.327331
0.292916
0.293656
0.292611
0.330050
0.310977
0.305289
0.370424
0.320180
0.321882
0.337447
0.360085
0.274382
0.331142
0.263588
0.335593
0.312419
0.269537
0.307325
0.290513
0.297541
0.316528
0.325807
0.322967
0.326934
0.271821
0.286861
0.275776
0.341176
0.277118
0.276377
0.296955
0.223374
0.358761
0.310741
0.298211
0.243043
0.333245
0.288512
0.284068
0.302242
0.286645
0.289147
0.323532
0.272621
0.300555
0.262506
0.254982
0.313006
0.272669
0.246188
0.290480
0.259729
0.313269
0.405736
0.284889
0.300883
0.334400
0.351215
0.251331
0.323121
0.266993
0.353583
0.304663
0.281566
0.289658
0.318761
0.268440
0.259856
0.317399
0.272134
0.285111
0.289588
0.267756
0.293709
0.267290
0.288010
0.284476
0.305456
0.345981
0.305270
0.258015
0.286454
0.252378
0.320120
0.320618
0.306741
0.258766
0.349141
0.413927
0.306242
0.289000
0.324749
0.329431
0.265146
0.266304
0.289908
0.265720
0.294662
0.296678
0.294161
0.285384
0.274428
0.324801
0.294364
0.307660
0.287669
0.294703
0.237754
0.317927
0.272314
0.280688
0.270301
0.324195
0.316797
0.258032
0.275758
0.252643
0.265480
0.298244
0.247000
0.295053
0.312649
0.284531
0.279613
0.328275
0.314456
0.252697
0.270787
0.313764
0.301881
0.295546
0.325963
0.262266
0.280790
0.309532
0.259079
0.362248
0.278968
0.291234
0.298802
0.257923
0.393172
0.253542
0.248039
0.266226
0.280112
0.282247
0.261894
0.222419
0.325485
0.242645
0.308016
0.287335
0.339218
0.279975
0.269987
0.318149
0.293509
0.263194
0.278703
0.297031
0.294347
0.246954
0.321627
0.284392
0.260980
0.244946
0.266693
0.309916
0.274990
0.301211
0.365629
0.290725
0.271089
0.321080
0.258000
0.283529
0.273781
0.300694
0.262750
0.297047
0.289887
0.290012
0.263568
0.243692
0.247580
0.196367
0.253547
0.256576
0.344342
0.232326
0.238403
0.290478
0.273850
0.262615
0.261928
0.245407
0.254461
0.329453
0.256286
0.242130
0.246098
0.248636
0.248230
0.331294
0.257901
0.219691
0.266091
0.221873
0.238692
0.271291
0.252117
0.297399
0.220515
0.256714
0.227877
0.265549
0.264441
0.246993
0.302467
0.278612
0.292335
0.300870
0.292760
0.237095
0.239715
0.245833
0.288505
0.241249
0.234548
0.307298
0.268562
0.245035
0.279502
0.234261
0.246397
0.296166
0.244670
0.263403
0.282663
0.252651
0.283687
0.262682
0.256008
0.263712
0.203684
0.228815
0.301530
0.262703
0.255483
0.226542
0.248868
0.262824
0.294440
0.208496
0.253311
0.256527
0.297828
0.323232
0.240883
0.242693
0.264122
0.215549
0.285585
0.254764
0.275840
0.266011
0.239870
0.241147
0.287937
0.253834
0.226449
0.244988
0.266320
0.279991
0.224662
0.244252
0.281531
0.282411
0.245905
0.264057
0.175418
0.247414
0.241919
0.216717
0.248253
0.212929
0.256465
0.241148
0.219542
0.265251
0.262884
0.300395
0.217712
0.263362
0.290109
0.219731
0.219327
0.239423
0.244227
0.236099
0.288716
0.282222
0.274999
0.268932
0.289814
0.263554
0.216673
0.222514
0.286194
0.238039
0.299439
0.211958
0.210857
0.278438
0.272965
0.210392
0.199691
0.254061
0.272608
0.244989
0.225604
0.204039
0.282363
0.249250
0.245530
0.256642
0.209344
0.271641
0.232411
0.270140
0.281146
0.269490
0.257622
0.237781
0.285678
0.265681
0.264738
0.233587
0.305078
0.186312
0.236079
0.285914
0.305459
0.270323
0.235388
0.228603
0.261326
0.231189
0.231581
0.240225
0.273254
0.244746
0.233509
0.293770
0.263979
0.270357
0.273365
0.295056
0.226149
0.289062
0.209647
0.291845
0.246051
0.213137
0.258152
0.241574
0.238924
0.249019
0.259190
0.263086
0.273219
0.223066
0.226007
0.228293
0.280945
0.223439
0.225110
0.237776
0.190912
0.305692
0.258507
0.243853
0.194778
0.280689
0.239849
0.229729
0.253591
0.224989
0.231325
0.273374
0.217428
0.252272
0.210160
0.196785
0.266326
0.232850
0.193704
0.236708
0.214750
0.266601
0.345555
0.238345
0.254526
0.277491
0.300920
0.203320
0.262187
0.222913
0.293152
0.249335
0.222816
0.236293
0.262822
0.230803
0.225080
0.261380
0.224933
0.238130
0.239555
0.232382
0.236896
0.225140
0.242323
0.244885
0.258169
0.289593
0.245487
0.209740
0.242832
0.197219
0.277870
0.265164
0.262112
0.214753
0.301798
0.357477
0.275692
0.261189
0.266333
0.324394
0.261107
0.262281
0.285520
0.261873
0.290986
0.293353
0.290849
0.280886
0.270680
0.321702
0.291028
0.304726
0.283432
0.291063
0.234524
0.314111
0.268685
0.276864
0.266934
0.320011
0.312315
0.254407
0.272372
0.249008
0.261792
0.294494
0.243222
0.291056
0.308507
0.281244
0.276198
0.325075
0.310444
0.249441
0.266707
0.310106
0.298923
0.292136
0.323399
0.258733
0.277480
0.306143
0.256006
0.358102
0.275665
0.287607
0.295296
0.255208
0.389624
0.250575
0.245175
0.263480
0.277070
0.279759
0.259325
0.219768
0.322977
0.239783
0.305531
0.284187
0.335721
0.276602
0.267013
0.315114
0.290477
0.259891
0.275649
0.294437
0.290637
0.244416
0.318511
0.281547
0.258440
0.242142
0.263557
0.306555
0.272082
0.297825
0.362766
0.287680
0.267849
0.318026
0.255239
0.280463
0.270704
0.298398
0.259858
0.294407
0.286664
0.287545
0.261497
0.240590
0.245515
0.194187
0.251654
0.254675
0.341038
0.230188
0.235413
0.287776
0.271622
0.260161
0.259755
0.243613
0.252168
0.326880
0.253264
0.239691
0.243728
0.246074
0.245461
0.329326
0.254780
0.217818
0.263185
0.219145
0.236500
0.269162
0.249786
0.294480
0.218554
0.254477
0.225422
0.262923
0.262059
0.245191
0.300512
0.275792
0.290542
0.298280
0.290609
0.234900
0.237632
0.243551
0.286592
0.239204
0.232070
0.305458
0.266554
0.242221
0.277503
0.232437
0.244755
0.293616
0.242769
0.260564
0.280275
0.250761
0.280926
0.260322
0.254065
0.261811
0.201716
0.227128
0.299470
0.260256
0.253924
0.224987
0.246993
0.260735
0.291861
0.207098
0.250569
0.255042
0.295891
0.321007
0.239186
0.241054
0.261894
0.213718
0.283533
0.252463
0.274017
0.263979
0.237934
0.239551
0.285778
0.251445
0.224400
0.243295
0.264225
0.278796
0.222792
0.242021
0.279492
0.280226
0.244203
0.262399
0.173529
0.245526
0.240504
0.215285
0.246698
0.211627
0.254246
0.239739
0.217992
0.263058
0.260942
0.298153
0.215888
0.261561
0.288114
0.218151
0.217593
0.237538
0.242456
0.234414
0.287228
0.280242
0.273740
0.267425
0.288189
0.261500
0.215268
0.220867
0.284280
0.236456
0.297663
0.210383
0.209325
0.276850
0.271416
0.209005
0.198614
0.252071
0.271137
0.243583
0.224158
0.202602
0.280554
0.247702
0.244176
0.255422
0.207940
0.270083
0.231354
0.268320
0.279408
0.267654
0.256112
0.236206
0.283836
0.264200
0.263006
0.232174
0.303070
0.184773
0.234724
0.283913
0.303690
0.268728
0.233906
0.227166
0.259786
0.229775
0.230159
0.239083
0.271988
0.243214
0.231823
0.291948
0.262738
0.269251
0.271909
0.293572
0.225141
0.288227
0.208484
0.290967
0.244546
0.211912
0.257128
0.240559
0.237644
0.247496
0.257694
0.261777
0.272081
0.222065
0.224679
0.227330
0.279640
0.222312
0.224048
0.236503
0.190358
0.304572
0.257428
0.242718
0.193807
0.279605
0.238869
0.228602
0.252615
0.223674
0.230112
0.272364
0.216289
0.251314
0.209098
0.195575
0.265413
0.232116
0.192646
0.235620
0.213888
0.265696
0.344310
0.237446
0.253635
0.276333
0.299932
0.202390
0.260934
0.222087
0.291919
0.248229
0.221627
0.235241
0.261710
0.230143
0.224493
0.260271
0.224043
0.237246
0.238599
0.231784
0.235780
0.224377
0.241475
0.244188
0.257288
0.288497
0.244312
0.208841
0.242046
0.196160
0.277119
0.264103
0.261306
0.213964
0.300936
0.356429
0.275228
0.260811
0.265428
0.269853
0.218520
0.219242
0.237086
0.219977
0.250820
0.257352
0.254772
0.228264
0.227845
0.323045
0.253313
0.272376
0.232567
0.248273
0.197287
0.268305
0.225332
0.230504
0.226944
0.268033
0.255815
0.210149
0.231409
0.204243
0.216104
0.247702
0.195883
0.240336
0.255488
0.240731
0.233669
0.285638
0.258759
0.208951
0.213734
0.263295
0.262508
0.248813
0.292741
0.213361
0.235351
0.262709
0.217275
0.302945
0.233220
0.240112
0.249537
0.221490
0.343009
0.212770
0.208879
0.228916
0.237835
0.249006
0.227241
0.186317
0.291638
0.202899
0.274476
0.242648
0.288633
0.231340
0.227927
0.274966
0.250311
0.215357
0.234921
0.260918
0.239340
0.211623
0.276397
0.243694
0.225326
0.204748
0.220745
0.260063
0.232729
0.250711
0.323976
0.245877
0.222765
0.275865
0.217714
0.237892
0.227874
0.268179
0.219822
0.258422
0.241018
0.254213
0.234574
0.196598
0.218541
0.165221
0.227400
0.230215
0.293212
0.201638
0.192589
0.249657
0.241355
0.226032
0.230271
0.220419
0.220501
0.290399
0.209130
0.205324
0.210441
0.209405
0.205212
0.302128
0.263448
0.223138
0.271409
0.226936
0.242835
0.275361
0.256596
0.303011
0.224374
0.261129
0.232737
0.270769
0.269222
0.250682
0.306479
0.284343
0.296065
0.306192
0.297240
0.241683
0.244100
0.250642
0.292590
0.245612
0.239816
0.311283
0.272900
0.251060
0.283859
0.238264
0.250038
0.301732
0.248878
0.269617
0.287939
0.256887
0.289803
0.267959
0.260402
0.268028
0.208161
0.232699
0.306244
0.268276
0.259121
0.230186
0.253237
0.267678
0.300408
0.211833
0.259688
0.260085
0.302421
0.328496
0.244960
0.246641
0.269446
0.219973
0.290541
0.260312
0.280302
0.270963
0.244617
0.245110
0.293243
0.259705
0.231532
0.249239
0.271545
0.283064
0.229384
0.249857
0.286698
0.287948
0.250279
0.268336
0.180283
0.252291
0.245640
0.220489
0.252349
0.216403
0.262260
0.244916
0.223676
0.271035
0.268051
0.306343
0.222606
0.268213
0.295487
0.224045
0.224059
0.244568
0.249090
0.240749
0.292860
0.287694
0.278562
0.273172
0.294379
0.269298
0.220683
0.227194
0.291623
0.242575
0.304521
0.216505
0.215298
0.283055
0.277481
0.214480
0.202916
0.259874
0.276971
0.249184
0.229928
0.208350
0.287757
0.253912
0.249641
0.260383
0.213638
0.276389
0.235713
0.275698
0.286473
0.275130
0.262316
0.242684
0.291404
0.270336
0.270168
0.238070
0.311391
0.191219
0.240440
0.292289
0.311135
0.275469
0.240215
0.233311
0.266372
0.235855
0.236288
0.244061
0.277500
0.249863
0.239146
0.299867
0.268207
0.274165
0.278338
0.300125
0.229677
0.292027
0.213718
0.294977
0.251295
0.217463
0.261811
0.245221
0.243481
0.254416
0.264513
0.267787
0.277350
0.226739
0.230829
0.231861
0.285727
0.227609
0.229056
0.242481
0.193087
0.309944
0.262579
0.248133
0.198484
0.284813
0.243606
0.234040
0.257362
0.230020
0.235994
0.277312
0.221860
0.256043
0.214334
0.201534
0.269961
0.235826
0.197921
0.241058
0.218250
0.270277
0.350558
0.242019
0.258188
0.282196
0.304982
0.207163
0.267313
0.226385
0.298248
0.253933
0.227761
0.240713
0.267507
0.233673
0.227672
0.266098
0.228776
0.241960
0.243697
0.235061
0.241734
0.228508
0.246055
0.248010
0.262076
0.294431
0.250674
0.213769
0.246398
0.201963
0.281307
0.269955
0.265803
0.218391
0.305799
0.362719
0.277977
0.263216
0.271669
0.276132
0.223207
0.223990
0.242558
0.224581
0.255211
0.261277
0.258621
0.234296
0.232664
0.291139
0.257370
0.275723
0.238385
0.253020
0.201298
0.273464
0.230169
0.235748
0.231341
0.274038
0.262433
0.215132
0.235955
0.209305
0.221294
0.253046
0.201305
0.246219
0.261686
0.245251
0.238464
0.290021
0.264800
0.213486
0.219959
0.268694
0.266506
0.253751
0.295967
0.218587
0.240140
0.267681
0.221614
0.309519
0.238071
0.245655
0.254850
0.225169
0.348450
0.217014
0.212921
0.232726
0.242287
0.252304
0.230724
0.189992
0.295026
0.207051
0.277836
0.247445
0.294195
0.236657
0.232401
0.279590
0.254941
0.220592
0.239638
0.264648
0.245519
0.215261
0.281321
0.248038
0.229020
0.209036
0.225784
0.265615
0.237300
0.256361
0.328488
0.250801
0.228148
0.280855
0.222060
0.242941
0.232962
0.271523
0.224531
0.262575
0.246519
0.258007
0.237481
0.201883
0.221461
0.168420
0.229950
0.232793
0.299054
0.204793
0.197742
0.254155
0.244765
0.229983
0.233575
0.222845
0.224116
0.294697
0.214501
0.209333
0.214302
0.213745
0.210058
0.305540
0.214087
0.195344
0.225456
0.183949
0.209163
0.242685
0.220265
0.256173
0.194394
0.226125
0.193751
0.228650
0.231359
0.223088
0.276035
0.238263
0.268412
0.264117
0.262965
0.206525
0.210879
0.213709
0.262257
0.212845
0.199049
0.282066
0.240594
0.203852
0.251523
0.209106
0.224145
0.258944
0.218079
0.221307
0.247924
0.226031
0.242622
0.228156
0.228325
0.236673
0.175475
0.205199
0.271630
0.226301
0.233852
0.204917
0.221800
0.232133
0.255416
0.189321
0.211347
0.235762
0.269360
0.289800
0.216362
0.219141
0.230421
0.188568
0.254725
0.219578
0.248755
0.235315
0.210745
0.217837
0.254821
0.216654
0.195087
0.219736
0.234027
0.263355
0.196124
0.209360
0.249881
0.248148
0.220054
0.238937
0.146147
0.218102
0.220909
0.195362
0.224638
0.193770
0.220883
0.219968
0.195812
0.229910
0.231955
0.264024
0.188792
0.234788
0.257919
0.195005
0.191738
0.209005
0.215821
0.209205
0.265366
0.249765
0.255729
0.245048
0.263717
0.229429
0.194473
0.195772
0.254404
0.212362
0.270093
0.186292
0.185934
0.252390
0.247615
0.187985
0.183095
0.220144
0.248446
0.221988
0.201784
0.180331
0.251498
0.223295
0.223254
0.236854
0.185943
0.245256
0.215614
0.238524
0.251073
0.237428
0.231803
0.210640
0.253216
0.240233
0.234299
0.209342
0.269026
0.159416
0.212745
0.249670
0.273760
0.242060
0.209237
0.203264
0.233863
0.206183
0.206351
0.220576
0.251033
0.217054
0.202590
0.260016
0.242019
0.251077
0.246816
0.267937
0.208706
0.275148
0.188868
0.276924
0.218060
0.190877
0.240039
0.223576
0.215325
0.220273
0.230937
0.238697
0.252362
0.205048
0.200998
0.210966
0.256258
0.202504
0.205541
0.213632
0.182125
0.285167
0.238300
0.222405
0.176814
0.260238
0.221615
0.208214
0.235323
0.199231
0.207749
0.254183
0.195323
0.234117
0.189652
0.172901
0.249028
0.219474
0.173042
0.215288
0.198355
0.249222
0.320404
0.220993
0.237262
0.254157
0.281359
0.185048
0.236490
0.206859
0.267711
0.226797
0.198302
0.214844
0.239883
0.218321
0.214217
0.238342
0.206923
0.220227
0.219888
0.221080
0.213317
0.209921
0.225065
0.231095
0.239963
0.266171
0.220106
0.190914
0.226649
0.174430
0.262434
0.242172
0.245278
0.198255
0.283409
0.334321
0.266834
0.253907
0.241856
0.246123
0.201696
0.202168
0.216922
0.203581
0.235449
0.244528
0.241742
0.205702
0.211052
0.275586
0.239284
0.261416
0.211003
0.231324
0.183508
0.249618
0.208040
0.211487
0.211555
0.245790
0.230984
0.192293
0.215419
0.186076
0.197397
0.228355
0.176213
0.218728
0.232557
0.224912
0.216687
0.270403
0.236540
0.193090
0.190758
0.243811
0.248923
0.231287
0.282403
0.194643
0.218461
0.245062
0.202290
0.278609
0.216094
0.220103
0.230502
0.209283
0.323461
0.198213
0.195165
0.216171
0.222422
0.238397
0.215861
0.174146
0.280651
0.188751
0.263623
0.225828
0.268651
0.212381
0.212457
0.258880
0.234202
0.196757
0.218466
0.248538
0.216864
0.199628
0.259102
0.228802
0.213107
0.190090
0.203000
0.240220
0.216919
0.230490
0.308470
0.228639
0.203657
0.258412
0.202862
0.220168
0.209989
0.257423
0.203494
0.244377
0.221489
0.241644
0.225624
0.177968
0.209531
0.155069
0.219908
0.222587
0.272349
0.191668
0.174533
0.234249
0.230383
0.212856
0.219710
0.213400
0.208679
0.275852
0.190233
0.191943
0.197656
0.194699
0.188471
0.293463
0.188112
0.184314
0.201877
0.162433
0.194082
0.228291
0.203350
0.232017
0.181846
0.210115
0.174993
0.207733
0.213361
0.212139
0.263113
0.214589
0.257382
0.243175
0.247369
0.190309
0.195979
0.196250
0.249310
0.198214
0.178917
0.269842
0.226233
0.179258
0.237114
0.196861
0.214122
0.237321
0.204661
0.195866
0.228153
0.212528
0.217909
0.208485
0.213936
0.222763
0.160635
0.193901
0.255436
0.205046
0.224035
0.195084
0.207724
0.215221
0.232012
0.181315
0.185619
0.226485
0.254076
0.270634
0.204104
0.207619
0.210985
0.174337
0.237452
0.198918
0.234381
0.218113
0.194745
0.206344
0.235671
0.194315
0.177259
0.206655
0.215434
0.256954
0.180419
0.188680
0.231706
0.227913
0.206367
0.225799
0.129750
0.201654
0.210929
0.185098
0.212584
0.185184
0.199432
0.209765
0.183594
0.208588
0.214063
0.241852
0.172436
0.218680
0.238959
0.181877
0.176345
0.191374
0.199751
0.194301
0.253223
0.230455
0.246751
0.232431
0.249346
0.208730
0.183125
0.180836
0.235479
0.198227
0.253051
0.172128
0.172338
0.237889
0.233647
0.176312
0.175986
0.199373
0.235340
0.209778
0.188913
0.167530
0.233024
0.208687
0.211530
0.227075
0.173296
0.230237
0.208149
0.219337
0.233087
0.217853
0.217142
0.194918
0.233265
0.225813
0.215913
0.195837
0.246159
0.143777
0.199907
0.226589
0.254258
0.225265
0.194095
0.188747
0.217647
0.191898
0.191872
0.210507
0.238907
0.200563
0.183520
0.238676
0.230030
0.241193
0.231145
0.251718
0.200237
0.269172
0.205518
0.288761
0.240754
0.208858
0.254604
0.238074
0.234515
0.243789
0.254071
0.258627
0.269358
0.219685
0.221518
0.225055
0.276546
0.219656
0.221555
0.233513
0.189080
0.302138
0.254905
0.240067
0.191548
0.277081
0.236593
0.225978
0.250348
0.220607
0.227287
0.270017
0.213636
0.249089
0.206630
0.192752
0.263295
0.230421
0.190185
0.233083
0.211886
0.263600
0.341399
0.235359
0.251560
0.273631
0.297627
0.200225
0.258005
0.220160
0.289027
0.245644
0.218845
0.232778
0.259100
0.228608
0.223126
0.257668
0.221956
0.235175
0.236354
0.230388
0.233150
0.222594
0.239492
0.242556
0.255217
0.285911
0.241535
0.206722
0.240194
0.193658
0.275349
0.261591
0.259406
0.212103
0.298904
0.354229
0.274127
0.259863
0.262789
0.267203
0.216575
0.217277
0.234821
0.218098
0.249063
0.255945
0.253257
0.225785
0.226035
0.286139
0.251695
0.271066
0.230222
0.246387
0.195716
0.266261
0.223432
0.228442
0.225239
0.265671
0.253213
0.208224
0.229667
0.202299
0.214115
0.245658
0.193815
0.238091
0.253125
0.239041
0.231876
0.284013
0.256492
0.207278
0.211408
0.261297
0.261059
0.247006
0.291594
0.211457
0.233617
0.260912
0.215724
0.300554
0.231484
0.238124
0.247641
0.220209
0.341079
0.211288
0.207477
0.227604
0.236291
0.247887
0.226059
0.185069
0.290495
0.201484
0.273353
0.241010
0.286725
0.229527
0.226419
0.273409
0.248756
0.213594
0.233345
0.259693
0.237264
0.210439
0.274768
0.242271
0.224132
0.203353
0.219099
0.258246
0.231252
0.248875
0.322542
0.244295
0.221037
0.274286
0.216344
0.236292
0.226264
0.267150
0.218349
0.257137
0.239298
0.253055
0.233710
0.194967
0.217676
0.164270
0.226662
0.229466
0.291429
0.200710
0.191036
0.248314
0.240363
0.224868
0.229313
0.219736
0.219452
0.289150
0.207547
0.204168
0.209334
0.208157
0.203815
0.301766
0.206713
0.191849
0.218711
0.177742
0.204625
0.238329
0.215259
0.249296
0.190523
0.221362
0.188280
0.222625
0.226092
0.219643
0.272080
0.231539
0.264953
0.258105
0.258334
0.201738
0.206433
0.208606
0.258319
0.208477
0.193269
0.278322
0.236303
0.196935
0.247225
0.205367
0.220979
0.252806
0.214046
0.214195
0.242268
0.221984
0.235708
0.222536
0.224061
0.232533
0.171098
0.201732
0.266912
0.220296
0.230771
0.201833
0.217636
0.227247
0.248878
0.186711
0.204226
0.232833
0.264903
0.284358
0.212680
0.215650
0.224920
0.184394
0.249777
0.213775
0.244551
0.230396
0.206134
0.214371
0.249417
0.210445
0.190024
0.215878
0.228777
0.261192
0.191610
0.203591
0.244747
0.242497
0.216061
0.235085
0.141476
0.213420
0.217862
0.192246
0.221073
0.191081
0.214954
0.216875
0.192214
0.224024
0.226934
0.257929
0.184163
0.230224
0.252642
0.191196
0.187362
0.204071
0.211282
0.204961
0.261815
0.244420
0.252975
0.241386
0.259619
0.223750
0.191135
0.191540
0.249178
0.208335
0.265344
0.182264
0.182050
0.248283
0.243643
0.184587
0.180838
0.214486
0.244698
0.218465
0.198100
0.176666
0.246429
0.219186
0.219864
0.233948
0.182328
0.241054
0.213290
0.233295
0.246145
0.232109
0.227705
0.206280
0.247811
0.236202
0.229289
0.205542
0.262913
0.155093
0.209116
0.243516
0.268494
0.237464
0.205051
0.199233
0.229418
0.202217
0.202340
0.217650
0.247605
0.212555
0.197461
0.254333
0.238632
0.248214
0.242532
0.263541
0.206193
0.273319
0.185701
0.274897
0.213488
0.187418
0.237383
0.220943
0.211599
0.215546
0.226305
0.234812
0.249162
0.202398
0.196989
0.208447
0.252308
0.199280
0.202581
0.209783
0.181254
0.282017
0.235210
0.219071
0.174157
0.257095
0.218900
0.204862
0.232598
0.195051
0.203992
0.251273
0.191848
0.231406
0.186483
0.169076
0.246478
0.217681
0.169837
0.211934
0.195972
0.246646
0.316321
0.218419
0.234704
0.250423
0.278353
0.182292
0.232295
0.204526
0.263562
0.223208
0.194330
0.211463
0.236211
0.216669
0.212875
0.234647
0.204198
0.217521
0.216841
0.219644
0.209513
0.207729
0.222476
0.229174
0.237188
0.262391
0.215945
0.188017
0.224257
0.170764
0.260184
0.238465
0.242755
0.195797
0.280579
0.330554
0.265838
0.253208
0.237813
0.242050
0.199008
0.199426
0.213558
0.200973
0.233041
0.242608
0.239799
0.201855
0.208339
0.273856
0.237142
0.259884
0.207350
0.228593
0.181408
0.246537
0.205238
0.208338
0.209130
0.241993
0.226670
0.189372
0.212870
0.183090
0.194303
0.225134
0.172926
0.215053
0.228618
0.222390
0.213933
0.267996
0.232742
0.190557
0.186807
0.240554
0.246840
0.228417
0.280961
0.191537
0.215716
0.242168
0.199924
0.274385
0.213301
0.216738
0.227329
0.207462
0.320185
0.195926
0.193044
0.214241
0.219964
0.236886
0.214199
0.172325
0.279062
0.186537
0.262061
0.223085
0.265281
0.209215
0.209981
0.256280
0.231597
0.193659
0.215790
0.246666
0.213000
0.197829
0.256257
0.226431
0.211262
0.187762
0.200067
0.236873
0.214365
0.227067
0.305974
0.225801
0.200452
0.255533
0.200493
0.217234
0.207023
0.255853
0.200833
0.242160
0.218199
0.239715
0.224404
0.174854
0.208297
0.153613
0.218967
0.221619
0.268796
0.190243
0.171527
0.231760
0.228758
0.210801
0.218165
0.212546
0.206886
0.273525
0.187061
0.189842
0.195672
0.192339
0.185713
0.292192
0.184673
0.183202
0.198810
0.159686
0.192336
0.226653
0.201319
0.228861
0.180493
0.208222
0.172674
0.205077
0.211159
0.211029
0.261697
0.211507
0.256260
0.240514
0.245535
0.188379
0.194252
0.194125
0.247882
0.196526
0.176380
0.268524
0.224586
0.176031
0.235457
0.195536
0.213140
0.234553
0.203154
0.192511
0.225671
0.211005
0.214666
0.206017
0.212278
0.221177
0.158906
0.192715
0.253496
0.202332
0.223073
0.194118
0.206107
0.213172
0.228968
0.180625
0.182222
0.225597
0.252270
0.268236
0.202760
0.206388
0.208544
0.172693
0.235343
0.196296
0.232713
0.216014
0.192828
0.205111
0.233274
0.191433
0.175066
0.205177
0.213123
0.256489
0.178545
0.186052
0.229457
0.225352
0.204796
0.224314
0.127772
0.199664
0.209917
0.184042
0.211258
0.184379
0.196687
0.208716
0.182241
0.205863
0.211855
0.238999
0.170458
0.216740
0.236588
0.180385
0.174512
0.189205
0.197815
0.192540
0.251874
0.228034
0.245876
0.231010
0.247664
0.206102
0.181893
0.179067
0.233115
0.196578
0.250970
0.170474
0.170768
0.236184
0.232019
0.175030
0.175382
0.196735
0.233842
0.208413
0.187448
0.166077
0.230740
0.206964
0.210234
0.226067
0.171862
0.228452
0.207481
0.216936
0.230864
0.215394
0.215410
0.193027
0.230751
0.224114
0.213630
0.194273
0.243216
0.141899
0.198441
0.223615
0.251814
0.223221
0.192292
0.187036
0.215686
0.190219
0.190166
0.209446
0.237544
0.198563
0.181142
0.235964
0.228686
0.240168
0.229263
0.249846
0.199413
0.269050
0.176498
0.269875
0.199077
0.177101
0.230023
0.213648
0.200270
0.200506
0.211599
0.222864
0.239734
0.194992
0.184542
0.201506
0.240058
0.189713
0.193981
0.197873
0.180384
0.272593
0.226087
0.209037
0.166618
0.247748
0.211135
0.194716
0.224778
0.181811
0.192311
0.242739
0.181196
0.223591
0.176953
0.157089
0.239238
0.213260
0.160132
0.201663
0.189322
0.239266
0.303300
0.211032
0.227365
0.238672
0.269320
0.174180
0.218787
0.197990
0.250204
0.211941
0.181614
0.200955
0.224606
0.212642
0.210009
0.222919
0.196112
0.209496
0.207520
0.216392
0.197315
0.201601
0.214851
0.224056
0.228842
0.250230
0.202343
0.179177
0.217327
0.159005
0.253771
0.226527
0.235295
0.188568
0.271942
0.318179
0.264141
0.252632
0.224534
0.228637
0.190845
0.191058
0.202817
0.193091
0.225913
0.237334
0.234433
0.189225
0.200021
0.269275
0.230985
0.256054
0.195412
0.220163
0.175389
0.236756
0.196509
0.198274
0.201827
0.229438
0.212120
0.180145
0.205060
0.173600
0.184388
0.214717
0.162247
0.202878
0.215416
0.214624
0.205265
0.260654
0.220034
0.182712
0.173492
0.229905
0.240705
0.219245
0.277294
0.181428
0.207001
0.232857
0.192644
0.259912
0.204356
0.205567
0.216894
0.202261
0.309329
0.188896
0.186653
0.208584
0.212244
0.232849
0.209558
0.167067
0.274701
0.179733
0.257782
0.214206
0.253955
0.198666
0.202108
0.247922
0.223208
0.183344
0.207115
0.241120
0.199662
0.192557
0.246890
0.218906
0.205788
0.180397
0.190311
0.225485
0.206081
0.215365
0.297893
0.216381
0.189576
0.245916
0.192882
0.207393
0.197049
0.251377
0.192039
0.235119
0.206909
0.233795
0.221269
0.164227
0.205101
0.149526
0.216924
0.219465
0.256389
0.186258
0.161272
0.223543
0.223965
0.204295
0.213673
0.210790
0.201399
0.265911
0.176073
0.183114
0.189399
0.184564
0.176350
0.288727
0.172568
0.180371
0.188173
0.150321
0.186960
0.221694
0.194786
0.217819
0.176656
0.202225
0.164961
0.196013
0.203900
0.208141
0.257574
0.200694
0.253295
0.231379
0.239713
0.182165
0.188848
0.187121
0.243673
0.191263
0.167687
0.264736
0.219466
0.164540
0.230287
0.191705
0.210681
0.224872
0.198566
0.180438
0.217117
0.206339
0.203021
0.197499
0.207037
0.216223
0.153368
0.189369
0.247097
0.192778
0.220624
0.191651
0.200993
0.206287
0.218036
0.179262
0.169827
0.223424
0.246354
0.259898
0.198712
0.202789
0.200014
0.167393
0.228140
0.186977
0.227298
0.208832
0.186387
0.201469
0.224855
0.181021
0.167453
0.200510
0.205020
0.255967
0.172223
0.176624
0.221579
0.216186
0.199701
0.219552
0.120973
0.192825
0.207097
0.181038
0.207132
0.182405
0.186693
0.205719
0.177982
0.195927
0.204047
0.228517
0.163593
0.210022
0.228086
0.175508
0.168215
0.181509
0.191081
0.186527
0.247574
0.219257
0.243533
0.226391
0.241944
0.196433
0.178043
0.172975
0.224528
0.190969
0.243543
0.164832
0.165473
0.230317
0.226479
0.170912
0.174100
0.186931
0.228808
0.203933
0.182546
0.161213
0.222337
0.200957
0.206020
0.223058
0.167058
0.222162
0.205894
0.208034
0.222704
0.206233
0.209308
0.186257
0.221337
0.218143
0.205177
0.188858
0.231950
0.135140
0.193419
0.212198
0.242621
0.215712
0.185810
0.180936
0.208516
0.184249
0.184065
0.206091
0.232899
0.191189
0.172152
0.225550
0.224102
0.236895
0.222367
0.242648
0.197004
0.268371
0.172399
0.268665
0.191363
0.172216
0.227182
0.210849
0.194671
0.192329
0.203650
0.216819
0.235432
0.192088
0.178138
0.198915
0.233782
0.185290
0.190225
0.191820
0.181975
0.268179
0.221950
0.204265
0.163569
0.243438
0.207921
0.189846
0.221515
0.174790
0.186365
0.238969
0.175955
0.220307
0.172478
0.150909
0.236340
0.212316
0.155518
0.196656
0.186818
0.236229
0.296371
0.208001
0.224365
0.232612
0.265134
0.170631
0.211494
0.195524
0.243004
0.206166
0.174848
0.195695
0.218111
0.222312
0.217612
0.246428
0.213109
0.226395
0.226766
0.224724
0.221767
0.215124
0.231082
0.235767
0.246384
0.274666
0.229391
0.197625
0.232323
0.182738
0.267832
0.250588
0.251251
0.204109
0.290026
0.343020
0.269654
0.256110
0.251032
0.255374
0.208069
0.208651
0.224709
0.209797
0.241248
0.249302
0.246564
0.214536
0.217507
0.279967
0.244542
0.265379
0.219456
0.237833
0.188683
0.256875
0.214716
0.218899
0.217435
0.254583
0.240886
0.199240
0.221577
0.193168
0.204724
0.235963
0.183965
0.227313
0.241714
0.231040
0.223316
0.276292
0.245424
0.199260
0.199982
0.251544
0.254131
0.238192
0.286222
0.202075
0.225113
0.252043
0.208133
0.288486
0.222871
0.228130
0.238113
0.213951
0.331303
0.203908
0.200502
0.221093
0.228504
0.242398
0.220203
0.178836
0.284826
0.194306
0.267749
0.232553
0.276757
0.220052
0.218612
0.265309
0.240644
0.204296
0.225071
0.253368
0.226112
0.204299
0.266096
0.234750
0.217889
0.195947
0.210215
0.248360
0.223296
0.238809
0.314725
0.235659
0.211508
0.265542
0.208851
0.227427
0.217325
0.261615
0.210157
0.250033
0.229577
0.246655
0.229037
0.185679
0.212979
0.159031
0.222689
0.225430
0.281078
0.195561
0.182028
0.240569
0.234733
0.218192
0.223884
0.215999
0.213424
0.281818
0.198148
0.197398
0.202847
0.200756
0.195442
0.297024
0.196669
0.187511
0.209585
0.169404
0.198744
0.232710
0.208682
0.239957
0.185613
0.215132
0.181005
0.214526
0.219107
0.215344
0.267031
0.222398
0.260625
0.250004
0.252269
0.195440
0.200638
0.201839
0.253265
0.202785
0.185489
0.273543
0.230716
0.187463
0.241621
0.200587
0.217043
0.244466
0.208823
0.204409
0.234636
0.216732
0.226203
0.214946
0.218475
0.227130
0.165345
0.197323
0.260646
0.212112
0.226923
0.197982
0.212177
0.220716
0.239888
0.183555
0.194359
0.229194
0.258992
0.276977
0.207917
0.211165
0.217442
0.178887
0.243121
0.205841
0.238992
0.223771
0.199964
0.209903
0.242056
0.201883
0.183168
0.210816
0.221635
0.258650
0.185559
0.195666
0.237767
0.234742
0.210775
0.230007
0.135172
0.207097
0.213975
0.188255
0.216407
0.187722
0.206754
0.212909
0.187491
0.215877
0.220078
0.249466
0.177890
0.224042
0.245389
0.186138
0.181454
0.197322
0.205120
0.199239
0.257129
0.237046
0.249479
0.236526
0.254100
0.215863
0.186755
0.185815
0.241958
0.202913
0.258831
0.176832
0.176832
0.242726
0.238287
0.180092
0.178051
0.206588
0.239669
0.213773
0.193161
0.171755
0.239399
0.213600
0.215356
0.230168
0.177478
0.235318
0.210374
0.226007
0.239304
0.224677
0.222108
0.200289
0.240244
0.230698
0.222308
0.200383
0.254265
0.149142
0.204209
0.234792
0.261105
0.231087
0.199291
0.193708
0.223261
0.196779
0.196831
0.213783
0.242972
0.206303
0.190252
0.246281
0.234055
0.244420
0.236590
0.257423
0.202930
0.271086
0.181444
0.272359
0.207090
0.182707
0.233889
0.217477
0.206479
0.208903
0.219800
0.229441
0.244828
0.198898
0.191421
0.205140
0.246824
0.194900
0.198599
0.204445
0.180445
0.277707
0.231019
0.214509
0.170620
0.252816
0.215273
0.200263
0.228949
0.189189
0.198770
0.247338
0.187052
0.227768
0.182147
0.163739
0.243081
0.215438
0.165437
0.207304
0.192823
0.243197
0.310572
0.214972
0.231278
0.245199
0.274239
0.178557
0.226362
0.201437
0.257692
0.218193
0.188729
0.206763
0.231064
0.214609
0.211289
0.229455
0.200491
0.213840
0.212635
0.217906
0.204140
0.204825
0.218965
0.226683
0.233387
0.257042
0.210014
0.184022
0.221035
0.165588
0.257175
0.233217
0.239324
0.192464
0.276673
0.325145
0.264748
0.252573
0.232036
0.236221
0.195308
0.195644
0.208816
0.197391
0.229764
0.240080
0.237235
0.196360
0.204588
0.271614
0.234265
0.257947
0.202143
0.224803
0.178594
0.242204
0.201333
0.203897
0.205802
0.236548
0.220424
0.185275
0.209344
0.178890
0.189932
0.220563
0.168252
0.209777
0.222931
0.218893
0.210073
0.264672
0.227261
0.187035
0.181088
0.235907
0.244007
0.224368
0.279118
0.187116
0.211856
0.238068
0.196642
0.268221
0.209355
0.211901
0.222788
0.205020
0.315472
0.192755
0.190131
0.211623
0.216521
0.234916
0.211990
0.169871
0.276963
0.183468
0.259997
0.219187
0.260408
0.204654
0.206490
0.252596
0.227902
0.189201
0.211985
0.244109
0.207338
0.195386
0.252181
0.223093
0.208742
0.184492
0.195845
0.232000
0.210730
0.222073
0.302419
0.221720
0.195794
0.251373
0.197136
0.212992
0.202731
0.253742
0.197014
0.239036
0.213391
0.237036
0.222831
0.170317
0.206703
0.151670
0.217830
0.220441
0.263558
0.188344
0.167148
0.228187
0.226538
0.207908
0.216068
0.211534
0.204399
0.270195
0.182404
0.186869
0.192878
0.188954
0.181703
0.290506
0.179583
0.181774
0.194303
0.155683
0.189907
0.224387
0.198435
0.224200
0.178676
0.205552
0.169332
0.201202
0.207996
0.209588
0.259768
0.206952
0.254789
0.236620
0.242942
0.185637
0.191830
0.191077
0.245927
0.194162
0.172673
0.266736
0.222279
0.171230
0.233133
0.193741
0.211881
0.230465
0.201065
0.187489
0.222029
0.208888
0.209815
0.202393
0.209937
0.218951
0.156454
0.191122
0.250707
0.198312
0.221831
0.192872
0.203826
0.210200
0.224420
0.179811
0.177105
0.224468
0.249682
0.264702
0.200904
0.204706
0.204942
0.170351
0.232259
0.192389
0.230329
0.212943
0.190048
0.203419
0.229723
0.187111
0.171834
0.203093
0.209703
0.256016
0.175820
0.182122
0.226127
0.221525
0.202552
0.222199
0.124870
0.196747
0.208557
0.182614
0.209393
0.183352
0.192553
0.207292
0.180330
0.201756
0.208572
0.234683
0.167544
0.213882
0.233042
0.178242
0.171822
0.185975
0.194958
0.189962
0.249959
0.224389
0.244717
0.228975
0.245203
0.202122
0.180158
0.176469
0.229554
0.194169
0.247856
0.168053
0.168483
0.233676
0.229640
0.173199
0.174643
0.192720
0.231660
0.206445
0.185323
0.163966
0.227268
0.204415
0.208374
0.224670
0.169779
0.225797
0.206631
0.213283
0.227495
0.211644
0.212833
0.190196
0.226908
0.221590
0.210157
0.191967
0.238668
0.139081
0.196288
0.219014
0.248066
0.220119
0.189584
0.184476
0.212719
0.187712
0.187609
0.207938
0.235543
0.195524
0.177489
0.231770
0.226713
0.238693
0.226412
0.246879
0.198271
0.268561
0.174716
0.269188
0.195926
0.175024
0.228721
0.212362
0.197925
0.197183
0.208364
0.220351
0.237882
0.193673
0.181897
0.200308
0.237462
0.187822
0.192343
0.195367
0.180771
0.270740
0.224303
0.207018
0.165251
0.245903
0.209707
0.192664
0.223330
0.178948
0.189854
0.241103
0.179010
0.222141
0.175057
0.154551
0.237936
0.212697
0.158186
0.199568
0.188171
0.237919
0.300480
0.209683
0.226029
0.236186
0.267537
0.172642
0.215840
0.196861
0.247293
0.209574
0.178872
0.198787
0.222150
0.212158
0.209826
0.220429
0.194568
0.207968
0.205654
0.216099
0.194704
0.200562
0.213421
0.223276
0.227224
0.247622
0.199359
0.177431
0.216071
0.156500
0.252648
0.223972
0.233899
0.187234
0.270235
0.315525
0.264227
0.253009
0.221632
0.225699
0.189263
0.189422
0.200564
0.191580
0.224596
0.236492
0.233567
0.186485
0.198392
0.268606
0.229909
0.255573
0.192848
0.218501
0.174348
0.234742
0.194767
0.196191
0.200450
0.226708
0.208876
0.178274
0.203551
0.171659
0.182335
0.212534
0.159998
0.200242
0.212515
0.213122
0.203527
0.259254
0.217258
0.181187
0.170564
0.227658
0.239611
0.217376
0.276827
0.179320
0.205246
0.230949
0.191257
0.256684
0.202543
0.203183
0.214696
0.201404
0.307018
0.187568
0.185489
0.207606
0.210738
0.232279
0.208837
0.166188
0.274043
0.178462
0.257145
0.212400
0.251523
0.196433
0.200557
0.246245
0.221524
0.181169
0.205356
0.240157
0.196714
0.191666
0.244951
0.217437
0.204841
0.178970
0.188276
0.223031
0.204414
0.212832
0.296272
0.214426
0.187252
0.243907
0.191385
0.205332
0.194953
0.250669
0.190244
0.233763
0.204481
0.232719
0.220895
0.161971
0.204711
0.148915
0.216823
0.219331
0.253680
0.185668
0.159102
0.221885
0.223167
0.203067
0.212950
0.210759
0.200424
0.264393
0.173716
0.181829
0.188223
0.183014
0.174400
0.288250
0.169926
0.180057
0.185898
0.148368
0.186007
0.220844
0.193541
0.215441
0.176088
0.201111
0.163420
0.194128
0.202465
0.207803
0.256921
0.198373
0.252933
0.229474
0.238635
0.180992
0.187878
0.185750
0.242994
0.190325
0.165895
0.264159
0.218558
0.162049
0.229366
0.191121
0.210437
0.222827
0.197792
0.177798
0.215352
0.205543
0.200481
0.195741
0.206096
0.215353
0.152352
0.188900
0.245864
0.190762
0.220369
0.191394
0.200079
0.204933
0.215678
0.179281
0.167102
0.223240
0.245237
0.258174
0.198057
0.202245
0.198246
0.166429
0.226700
0.185016
0.226301
0.207395
0.185136
0.200907
0.223109
0.178787
0.165915
0.199699
0.203354
0.256172
0.171001
0.174632
0.219969
0.214255
0.198775
0.218706
0.119630
0.191468
0.206728
0.180624
0.206439
0.182244
0.184567
0.205305
0.177258
0.193804
0.202447
0.226257
0.162225
0.208690
0.226311
0.174630
0.166989
0.179935
0.189744
0.185368
0.246831
0.217416
0.243265
0.225568
0.240849
0.194378
0.177411
0.171791
0.222732
0.189906
0.242025
0.163759
0.164486
0.229186
0.225426
0.170211
0.174088
0.184843
0.227876
0.203135
0.181650
0.160326
0.220584
0.199790
0.205289
0.222621
0.166185
0.220922
0.205796
0.206161
0.221007
0.204297
0.208113
0.184899
0.219331
0.216978
0.203406
0.187831
0.229499
0.133787
0.192488
0.209707
0.240675
0.214174
0.184519
0.179739
0.207059
0.183081
0.182871
0.205558
0.232050
0.189685
0.170257
0.223308
0.223268
0.236376
0.220974
0.241181
0.196694
0.268470
0.171679
0.268635
0.189783
0.171308
0.226764
0.210438
0.193589
0.190629
0.202000
0.215629
0.234657
0.191655
0.176865
0.198554
0.232532
0.184490
0.189583
0.190626
0.182611
0.267454
0.221208
0.203377
0.163092
0.242660
0.207404
0.188934
0.220983
0.173363
0.185191
0.238315
0.174954
0.219770
0.171660
0.149683
0.235895
0.212332
0.154668
0.195702
0.186461
0.235769
0.294956
0.207518
0.223890
0.231409
0.264376
0.170029
0.209996
0.195176
0.241528
0.205055
0.173484
0.194711
0.217412
0.211943
0.210301
0.215607
0.191916
0.205347
0.202253
0.216316
0.189583
0.199056
0.211015
0.222363
0.224374
0.242490
0.193362
0.174276
0.214052
0.151590
0.250928
0.218944
0.231544
0.185011
0.267162
0.310185
0.265293
0.254738
0.215785
0.219752
0.186452
0.186486
0.196201
0.188927
0.222389
0.235388
0.232399
0.180970
0.195452
0.267892
0.228249
0.255299
0.187733
0.215474
0.172757
0.230893
0.191545
0.192168
0.198076
0.221183
0.202153
0.174731
0.200851
0.167953
0.178370
0.208263
0.155569
0.194908
0.206562
0.210419
0.200280
0.256793
0.211586
0.178422
0.164523
0.223200
0.237856
0.213799
0.276537
0.175173
0.201928
0.227268
0.188789
0.249908
0.199070
0.198376
0.210321
0.200162
0.302378
0.185226
0.183521
0.206073
0.207966
0.231703
0.207899
0.164877
0.273264
0.176222
0.256408
0.208904
0.246556
0.191929
0.197654
0.243046
0.218304
0.176790
0.201955
0.238625
0.190512
0.190294
0.241116
0.214703
0.203332
0.176326
0.184198
0.217970
0.201206
0.207573
0.293171
0.210526
0.182476
0.239875
0.188561
0.201164
0.190703
0.249705
0.186694
0.231258
0.199431
0.230877
0.220719
0.157308
0.204492
0.148159
0.217283
0.219720
0.247945
0.184964
0.154629
0.218634
0.221967
0.200837
0.211929
0.211378
0.198794
0.261479
0.168773
0.179440
0.186101
0.179988
0.170419
0.287784
0.164301
0.179985
0.181138
0.144369
0.184397
0.219480
0.191226
0.210418
0.175387
0.199106
0.160389
0.190279
0.199692
0.207649
0.256006
0.193462
0.252673
0.225555
0.236632
0.178347
0.203969
0.205768
0.256179
0.206113
0.190105
0.276341
0.234031
0.193184
0.244972
0.203444
0.219384
0.249557
0.211982
0.210434
0.239323
0.219932
0.232091
0.219636
0.221905
0.230451
0.168896
0.200025
0.264530
0.217227
0.229274
0.200338
0.215566
0.224796
0.245550
0.185480
0.200598
0.231429
0.262692
0.281626
0.210886
0.213958
0.222167
0.182344
0.247321
0.210874
0.242490
0.227963
0.203865
0.212701
0.246732
0.207346
0.187528
0.214011
0.226185
0.260209
0.189407
0.200737
0.242224
0.239707
0.214131
0.233228
0.139204
0.211141
0.216422
0.190778
0.219371
0.189833
0.212046
0.215421
0.190502
0.221143
0.224498
0.254946
0.181933
0.228024
0.250081
0.189387
0.185266
0.201694
0.209104
0.202937
0.260140
0.241840
0.251705
0.239660
0.257671
0.221015
0.189579
0.189536
0.246674
0.206438
0.263075
0.180368
0.180230
0.246347
0.241776
0.183012
0.179829
0.211790
0.242948
0.216831
0.196389
0.174969
0.244025
0.217268
0.218301
0.232626
0.180660
0.239095
0.212253
0.230835
0.243835
0.229610
0.225802
0.204254
0.245278
0.234337
0.226950
0.203798
0.260043
0.153100
0.207461
0.240633
0.266046
0.235343
0.203133
0.197394
0.227379
0.200410
0.200514
0.216348
0.246060
0.210501
0.195108
0.251718
0.237114
0.246939
0.240591
0.261541
0.205097
0.272530
0.184300
0.274018
0.211428
0.185883
0.236219
0.219792
0.209943
0.213422
0.224223
0.233081
0.247752
0.201250
0.195208
0.207362
0.250556
0.197871
0.201297
0.208084
0.180936
0.280614
0.233863
0.217617
0.173014
0.255724
0.217733
0.203406
0.231424
0.193222
0.202352
0.250020
0.190344
0.230244
0.185120
0.167417
0.245394
0.216945
0.168463
0.210488
0.194969
0.245549
0.314544
0.217329
0.233624
0.248814
0.277066
0.181130
0.230487
0.203553
0.261772
0.221673
0.192632
0.210028
0.234648
0.216003
0.212348
0.233072
0.203060
0.216391
0.215561
0.219076
0.207906
0.206829
0.221405
0.228391
0.236030
0.260794
0.214186
0.186816
0.223273
0.169232
0.259263
0.236913
0.241717
0.194793
0.279405
0.328937
0.265459
0.252957
0.236132
0.240356
0.197911
0.198310
0.212168
0.199915
0.232068
0.241840
0.239022
0.200274
0.207241
0.273169
0.236286
0.259280
0.205858
0.227492
0.180579
0.245290
0.204111
0.207068
0.208162
0.240450
0.224912
0.188202
0.211855
0.181897
0.193064
0.223841
0.171610
0.213577
0.227032
0.221397
0.212841
0.267046
0.231225
0.189567
0.185235
0.239263
0.246029
0.227292
0.280411
0.190320
0.214648
0.241033
0.199007
0.272719
0.212219
0.215426
0.226093
0.206774
0.318897
0.195054
0.192239
0.213513
0.219025
0.236322
0.213579
0.171645
0.278462
0.185705
0.261475
0.222043
0.263991
0.208007
0.209044
0.255294
0.230610
0.192486
0.214783
0.245971
0.211529
0.197169
0.255184
0.225548
0.210583
0.186903
0.198974
0.235615
0.213417
0.225786
0.305033
0.224749
0.199264
0.254458
0.199626
0.216151
0.205932
0.255286
0.199861
0.241354
0.216996
0.239016
0.223968
0.173727
0.207863
0.153103
0.218639
0.221282
0.267510
0.189747
0.170452
0.230869
0.228185
0.210074
0.217625
0.212263
0.206256
0.272690
0.185934
0.189107
0.194977
0.191510
0.184741
0.291743
0.183458
0.182826
0.197729
0.158726
0.191737
0.226087
0.200615
0.227754
0.180038
0.207569
0.171878
0.204158
0.210398
0.210656
0.261206
0.210445
0.255876
0.239597
0.244906
0.187730
0.193676
0.193410
0.247397
0.195963
0.175528
0.268074
0.224033
0.174947
0.234900
0.195102
0.212819
0.233624
0.202658
0.191385
0.224843
0.210506
0.213581
0.205197
0.211733
0.220659
0.158343
0.192337
0.252859
0.201443
0.222766
0.193810
0.205584
0.212509
0.227980
0.180418
0.181120
0.225320
0.251692
0.267460
0.202336
0.206002
0.207763
0.172174
0.234669
0.195458
0.232186
0.215348
0.192226
0.204728
0.232513
0.190525
0.174380
0.204720
0.212400
0.256355
0.177968
0.185235
0.228757
0.224555
0.204314
0.223854
0.127170
0.199056
0.209603
0.183727
0.210855
0.184141
0.195861
0.208402
0.181833
0.205037
0.211189
0.238135
0.169868
0.216158
0.235877
0.179946
0.173970
0.188564
0.197242
0.192024
0.251477
0.227316
0.245618
0.230595
0.247164
0.205342
0.181536
0.178558
0.232428
0.196105
0.250357
0.170002
0.170324
0.235695
0.231553
0.174669
0.175212
0.195992
0.233416
0.208026
0.187041
0.165676
0.230088
0.206483
0.209875
0.225788
0.171468
0.227954
0.207297
0.216276
0.230251
0.214720
0.214934
0.192511
0.230063
0.223651
0.213009
0.193854
0.242417
0.141400
0.198051
0.222812
0.251160
0.222677
0.191816
0.186588
0.215169
0.189779
0.189723
0.209171
0.237188
0.198047
0.180530
0.235268
0.228340
0.239895
0.228784
0.249342
0.199204
0.268919
0.176193
0.269718
0.198579
0.176755
0.229787
0.213419
0.199886
0.199976
0.211081
0.222453
0.239421
0.194765
0.184122
0.201299
0.239640
0.189406
0.193714
0.197478
0.180407
0.272249
0.225792
0.208719
0.166391
0.247448
0.210901
0.194395
0.224538
0.181382
0.191932
0.242476
0.180865
0.223357
0.176663
0.156715
0.239024
0.213152
0.159843
0.201344
0.189129
0.239043
0.302879
0.210812
0.227153
0.238309
0.269040
0.173949
0.218366
0.197810
0.249785
0.211598
0.181231
0.200645
0.224259
0.212547
0.209953
0.222568
0.195884
0.209273
0.207254
0.216316
0.196973
0.201441
0.214644
0.223927
0.228603
0.249876
0.201942
0.178937
0.217142
0.158674
0.253601
0.226189
0.235092
0.188380
0.271698
0.317731
0.264105
0.252627
0.224183
0.228263
0.190633
0.190845
0.202521
0.192893
0.225737
0.237210
0.234303
0.188890
0.199812
0.269149
0.230830
0.255914
0.195106
0.219946
0.175226
0.236120
0.227757
0.233183
0.229219
0.271196
0.259357
0.212845
0.233892
0.207045
0.219007
0.250720
0.198975
0.243721
0.259085
0.243369
0.236487
0.288227
0.262363
0.211670
0.217497
0.266571
0.264941
0.251842
0.294716
0.216603
0.238333
0.265817
0.219998
0.307102
0.236295
0.243645
0.252934
0.223844
0.346508
0.215514
0.211503
0.231398
0.240749
0.251163
0.229529
0.188742
0.293871
0.205659
0.276707
0.245859
0.292373
0.234927
0.230950
0.278099
0.253458
0.218939
0.238151
0.263473
0.243606
0.214135
0.279809
0.246714
0.227898
0.207751
0.224289
0.263978
0.235960
0.254721
0.327168
0.249394
0.226627
0.279446
0.220847
0.241544
0.231569
0.270600
0.223262
0.261458
0.245068
0.256998
0.236705
0.200523
0.220699
0.167602
0.229288
0.232131
0.297607
0.204011
0.196494
0.253065
0.243936
0.229039
0.232787
0.222267
0.223273
0.293697
0.213282
0.208425
0.213432
0.212781
0.208993
0.304875
0.212858
0.194747
0.224346
0.182938
0.208421
0.241975
0.219462
0.255092
0.193783
0.225382
0.192914
0.227737
0.230563
0.222561
0.275429
0.237288
0.267889
0.263256
0.262298
0.205855
0.210264
0.213010
0.261705
0.212256
0.198289
0.281553
0.240028
0.202976
0.250965
0.208631
0.223739
0.258194
0.217584
0.220466
0.247258
0.225552
0.241836
0.227519
0.227842
0.236210
0.174997
0.204824
0.271125
0.225679
0.233527
0.204594
0.221380
0.231652
0.254791
0.189067
0.210694
0.235481
0.268952
0.289310
0.216033
0.218838
0.229957
0.188221
0.254319
0.219118
0.248422
0.234938
0.210400
0.217576
0.254429
0.216221
0.194742
0.219474
0.233685
0.263206
0.195845
0.209015
0.249576
0.247825
0.219830
0.238720
0.145906
0.217866
0.220745
0.195213
0.224469
0.193647
0.220634
0.219837
0.195663
0.229689
0.231772
0.263813
0.188639
0.234639
0.257761
0.194898
0.191623
0.208886
0.215715
0.209115
0.265290
0.249667
0.255677
0.244992
0.263657
0.229369
0.194438
0.195740
0.254371
0.212345
0.270066
0.186289
0.185940
0.252397
0.247626
0.188004
0.183109
0.220200
0.248483
0.222029
0.201839
0.180394
0.251577
0.223373
0.223323
0.236917
0.186031
0.245361
0.215675
0.238676
0.251222
0.237602
0.231940
0.210795
0.253418
0.240390
0.234504
0.209508
0.269296
0.159623
0.212921
0.249975
0.274036
0.242311
0.209475
0.203504
0.234132
0.206434
0.206615
0.220775
0.251267
0.217369
0.202960
0.260437
0.242275
0.251293
0.247160
0.268288
0.208921
0.275284
0.189151
0.277092
0.218486
0.191205
0.240286
0.223830
0.215695
0.220749
0.231407
0.239096
0.252695
0.205335
0.201437
0.211249
0.256699
0.202875
0.205890
0.214086
0.182237
0.285558
0.238674
0.222822
0.177153
0.260634
0.221970
0.208657
0.235682
0.199795
0.208258
0.254582
0.195812
0.234501
0.190109
0.173457
0.249401
0.219746
0.173528
0.215792
0.198718
0.249613
0.321027
0.221394
0.237672
0.254754
0.281837
0.185508
0.237184
0.207252
0.268405
0.227407
0.198991
0.215437
0.240532
0.218621
0.214465
0.239007
0.207427
0.220731
0.220460
0.221356
0.214047
0.210350
0.225572
0.231475
0.240503
0.266916
0.220931
0.191508
0.227137
0.175186
0.262903
0.242944
0.245807
0.198785
0.284006
0.335164
0.267049
0.254059
0.242746
0.247028
0.202307
0.202796
0.217678
0.204189
0.236013
0.244980
0.242201
0.206613
0.211707
0.276002
0.239807
0.261787
0.211895
0.232004
0.184041
0.250390
0.208751
0.212292
0.212181
0.246762
0.232094
0.193062
0.216093
0.186872
0.198222
0.229222
0.177105
0.219727
0.233632
0.225619
0.217457
0.271078
0.237615
0.193825
0.191892
0.244749
0.249536
0.232132
0.282830
0.195573
0.219291
0.245934
0.203014
0.279893
0.216961
0.221150
0.231492
0.209865
0.324481
0.198952
0.195856
0.216808
0.223229
0.238900
0.216420
0.174760
0.281178
0.189504
0.264152
0.226757
0.269790
0.213461
0.213312
0.259779
0.235107
0.197842
0.219408
0.249208
0.218221
0.200285
0.260115
0.229659
0.213787
0.190948
0.204080
0.241446
0.217870
0.231759
0.309392
0.229710
0.204874
0.259504
0.203781
0.221298
0.211143
0.258042
0.204545
0.245255
0.222799
0.242416
0.226119
0.179233
0.210044
0.155683
0.220303
0.222993
0.273814
0.192279
0.175797
0.235295
0.231078
0.213737
0.220383
0.213794
0.209459
0.276844
0.191607
0.192866
0.198530
0.195739
0.189684
0.294031
0.189637
0.184829
0.203247
0.163673
0.194885
0.229046
0.204283
0.233455
0.182490
0.210997
0.176083
0.208971
0.214393
0.212675
0.263781
0.216049
0.257927
0.244440
0.248251
0.191255
0.196839
0.197293
0.250010
0.199057
0.180176
0.270495
0.227058
0.180868
0.237947
0.197545
0.214636
0.238721
0.205441
0.197569
0.229428
0.213322
0.219577
0.209764
0.214808
0.223604
0.161556
0.194553
0.256464
0.206488
0.224571
0.195619
0.208603
0.216336
0.233655
0.181725
0.187465
0.226994
0.255076
0.271950
0.204864
0.208328
0.212344
0.175276
0.238640
0.200397
0.235338
0.219311
0.195852
0.207071
0.237043
0.195971
0.178539
0.207529
0.216789
0.257258
0.181540
0.190232
0.233038
0.229433
0.207321
0.226703
0.130957
0.202864
0.211547
0.185768
0.213409
0.185705
0.201125
0.210438
0.184446
0.210275
0.215444
0.243626
0.173688
0.219908
0.240456
0.182847
0.177528
0.192770
0.201000
0.195450
0.254110
0.232022
0.247341
0.233377
0.250450
0.210469
0.183955
0.182023
0.237049
0.199343
0.254435
0.173256
0.173418
0.239054
0.234760
0.177209
0.176429
0.201188
0.236386
0.210738
0.189952
0.168568
0.234629
0.209905
0.212462
0.227810
0.174330
0.231508
0.208653
0.221055
0.234681
0.219622
0.218400
0.196290
0.235083
0.227060
0.217579
0.197002
0.248306
0.145180
0.201009
0.228774
0.256080
0.226807
0.195463
0.190059
0.219140
0.193187
0.193195
0.211350
0.239972
0.202117
0.185362
0.240776
0.231096
0.242029
0.232634
0.253332
0.200934
0.269818
0.178722
0.270874
0.202819
0.179654
0.231717
0.215332
0.203126
0.204434
0.215430
0.225900
0.242041
0.196724
0.187743
0.203110
0.243195
0.192083
0.196076
0.200930
0.180226
0.274918
0.228328
0.211566
0.168412
0.250067
0.213004
0.197283
0.226660
0.185296
0.195332
0.244837
0.183932
0.225486
0.179361
0.160228
0.240967
0.214167
0.162610
0.204295
0.190879
0.241043
0.306746
0.212811
0.229144
0.241766
0.271594
0.176200
0.222410
0.199540
0.253782
0.214904
0.185023
0.203705
0.227688
0.213453
0.210474
0.226045
0.198146
0.211518
0.209931
0.216972
0.200618
0.203058
0.216764
0.225215
0.230963
0.253514
0.206059
0.181473
0.219038
0.162187
0.255327
0.229765
0.237169
0.190386
0.274178
0.321558
0.264257
0.252405
0.228220
0.232348
0.192962
0.193247
0.205712
0.195136
0.227725
0.238578
0.235704
0.192734
0.202210
0.270302
0.232502
0.256850
0.198720
0.222396
0.176885
0.239405
0.198838
0.201025
0.203723
0.232957
0.216256
0.182646
0.207114
0.176189
0.187100
0.217595
0.165211
0.206306
0.219162
0.216690
0.207605
0.262576
0.223658
0.184819
0.177313
0.232882
0.242271
0.221773
0.278078
0.184261
0.209395
0.235432
0.194580
0.264132
0.206834
0.208753
0.219845
0.203561
0.312402
0.190783
0.188332
0.210040
0.214355
0.233780
0.210685
0.168397
0.275731
0.181571
0.258796
0.216698
0.257234
0.201699
0.204285
0.250258
0.225554
0.186321
0.209558
0.242555
0.203608
0.193919
0.249559
0.220982
0.207219
0.182443
0.193131
0.228828
0.208423
0.218820
0.300158
0.219103
0.192779
0.248699
0.195028
0.210261
0.199974
0.252493
0.194583
0.237083
0.210287
0.235397
0.221951
0.167397
0.205815
0.150541
0.217255
0.219824
0.260170
0.187250
0.164335
0.225931
0.225229
0.206130
0.214844
0.211065
0.202899
0.268101
0.179399
0.185032
0.191159
0.186827
0.179145
0.289541
0.176293
0.180988
0.191400
0.153134
0.188440
0.223027
0.196647
0.221192
0.177625
0.203911
0.167247
0.198738
0.206010
0.208785
0.258624
0.204019
0.253968
0.234134
0.241353
0.183956
0.190376
0.189181
0.244769
0.192735
0.170340
0.265692
0.220881
0.168157
0.231726
0.192704
0.211207
0.227865
0.199823
0.184246
0.219729
0.207625
0.206696
0.200103
0.208516
0.217612
0.154959
0.190221
0.248985
0.195762
0.221165
0.192192
0.202445
0.208361
0.221503
0.179450
0.173807
0.223883
0.248103
0.262475
0.199815
0.203745
0.202673
0.168941
0.230343
0.189917
0.228883
0.211032
0.188342
0.202453
0.227486
0.184358
0.169823
0.201851
0.207565
0.255861
0.174173
0.179639
0.224043
0.219110
0.201204
0.220930
0.123081
0.194942
0.207769
0.181812
0.208297
0.182813
0.189962
0.206500
0.179200
0.199151
0.206527
0.231940
0.165747
0.212122
0.230818
0.176969
0.170179
0.183972
0.193193
0.188388
0.248822
0.222106
0.244075
0.227763
0.243689
0.199635
0.179139
0.174884
0.227323
0.192709
0.245907
0.166585
0.167111
0.232158
0.228193
0.172122
0.174276
0.190228
0.230354
0.205279
0.184058
0.162716
0.225102
0.202865
0.207285
0.223882
0.168538
0.224170
0.206197
0.211023
0.225405
0.209311
0.211265
0.188460
0.224506
0.220063
0.208000
0.190587
0.235808
0.137365
0.194996
0.216109
0.245736
0.218213
0.187927
0.182929
0.210892
0.186185
0.186070
0.207078
0.234354
0.193664
0.175222
0.229156
0.225542
0.237840
0.224676
0.245064
0.197648
0.268320
0.173681
0.268834
0.194023
0.173794
0.227992
0.211651
0.196524
0.195145
0.206378
0.218833
0.236785
0.192926
0.180313
0.199645
0.235882
0.186705
0.191398
0.193857
0.181126
0.269626
0.223249
0.205835
0.164475
0.244821
0.208899
0.191448
0.222504
0.177223
0.188369
0.240151
0.177714
0.221316
0.173945
0.153034
0.237195
0.212435
0.157066
0.198317
0.187511
0.237153
0.298765
0.208896
0.225273
0.234698
0.266482
0.171760
0.214046
0.196227
0.245520
0.208156
0.177226
0.197501
0.220687
0.211936
0.209787
0.218957
0.193675
0.207093
0.204559
0.215991
0.193172
0.199995
0.212609
0.222879
0.226267
0.246059
0.197539
0.176420
0.215361
0.155001
0.252016
0.222446
0.233089
0.186477
0.269242
0.313901
0.264346
0.253303
0.219920
0.223919
0.188355
0.188490
0.199222
0.190728
0.223866
0.236066
0.233119
0.184848
0.197466
0.268281
0.229320
0.255367
0.191326
0.217555
0.173793
0.233567
0.193764
0.194972
0.199681
0.225080
0.206920
0.177186
0.202680
0.170534
0.181124
0.211253
0.158677
0.198672
0.210776
0.212267
0.202522
0.258451
0.215623
0.180328
0.168823
0.226332
0.239016
0.216299
0.276615
0.178093
0.204238
0.229838
0.190460
0.254759
0.201500
0.201786
0.213414
0.200953
0.305662
0.186831
0.184838
0.207081
0.209887
0.232000
0.208458
0.165714
0.273707
0.177758
0.256826
0.211354
0.250099
0.195128
0.199671
0.245286
0.220557
0.179910
0.204339
0.239622
0.194978
0.191192
0.243826
0.216593
0.204330
0.178161
0.187094
0.221594
0.203459
0.211352
0.295341
0.213295
0.185901
0.242745
0.190538
0.204132
0.193747
0.250293
0.189214
0.232997
0.203084
0.232131
0.220721
0.160669
0.204531
0.148593
0.216802
0.219277
0.252151
0.185385
0.157854
0.220954
0.222771
0.202406
0.212602
0.210834
0.199920
0.263563
0.172357
0.181129
0.187594
0.182150
0.173288
0.288052
0.168406
0.179952
0.184596
0.147259
0.185510
0.220406
0.192856
0.214070
0.175807
0.200510
0.162564
0.193062
0.201663
0.207663
0.256590
0.197041
0.252784
0.228387
0.238048
0.180355
0.187370
0.184990
0.242646
0.189821
0.164897
0.263871
0.218066
0.160638
0.228876
0.190836
0.210352
0.221678
0.197391
0.176280
0.214357
0.205126
0.199042
0.194753
0.205580
0.214891
0.151796
0.188677
0.245194
0.189624
0.220286
0.191291
0.199583
0.204192
0.214331
0.179359
0.165549
0.223190
0.244636
0.257214
0.197720
0.201982
0.197270
0.165915
0.225913
0.183911
0.225767
0.206605
0.184462
0.200645
0.222132
0.177523
0.165062
0.199272
0.202440
0.256346
0.170372
0.173518
0.219069
0.213181
0.198289
0.218262
0.118893
0.190724
0.206529
0.180431
0.206085
0.182193
0.183397
0.205128
0.176885
0.192618
0.201572
0.224996
0.161487
0.207970
0.225334
0.174175
0.166330
0.179079
0.189011
0.184738
0.246447
0.216406
0.243150
0.225144
0.240245
0.193254
0.177082
0.171156
0.221744
0.189336
0.241185
0.163181
0.163968
0.228588
0.224861
0.169841
0.174101
0.183730
0.227397
0.202732
0.181193
0.159876
0.219629
0.199173
0.204928
0.222422
0.165734
0.220262
0.205790
0.205153
0.220091
0.203244
0.207479
0.184169
0.218242
0.216363
0.202452
0.187298
0.228164
0.133069
0.191992
0.208334
0.239622
0.213351
0.183819
0.179109
0.206274
0.182454
0.182242
0.205303
0.231615
0.188880
0.169226
0.222100
0.222836
0.236113
0.220241
0.240406
0.196557
0.268526
0.171319
0.268646
0.188955
0.170846
0.226574
0.210261
0.193035
0.189723
0.201129
0.215004
0.234253
0.191432
0.176215
0.198390
0.231868
0.184072
0.189261
0.190005
0.182995
0.267039
0.220824
0.202935
0.162863
0.242269
0.207161
0.188460
0.220727
0.172624
0.184574
0.237986
0.174440
0.219518
0.171241
0.149052
0.235669
0.212371
0.154261
0.195205
0.186275
0.235537
0.294208
0.207261
0.223663
0.230793
0.263987
0.169734
0.209205
0.195004
0.240751
0.204464
0.172773
0.194193
0.216809
0.211988
0.210439
0.215018
0.191606
0.205052
0.201840
0.216430
0.188933
0.198919
0.210748
0.222321
0.224021
0.241823
0.192543
0.173905
0.213836
0.150947
0.250748
0.218296
0.231271
0.184768
0.266806
0.309471
0.265512
0.255049
0.215047
0.218966
0.186136
0.186159
0.195657
0.188642
0.222174
0.235341
0.232343
0.180260
0.195128
0.267910
0.228119
0.255379
0.187074
0.215138
0.172632
0.230438
0.191179
0.191681
0.197831
0.220479
0.201273
0.174315
0.200554
0.167514
0.177888
0.207743
0.155022
0.194233
0.205799
0.210128
0.199910
0.256537
0.210871
0.178122
0.163747
0.222660
0.237704
0.213382
0.276596
0.174675
0.201550
0.226842
0.188531
0.249040
0.198674
0.197786
0.209796
0.200082
0.301822
0.184986
0.183328
0.205941
0.207668
0.231706
0.207847
0.164776
0.273241
0.175992
0.256392
0.208498
0.245947
0.191387
0.197332
0.242685
0.217936
0.176269
0.201562
0.238492
0.189742
0.190188
0.240673
0.214406
0.203207
0.176038
0.183713
0.217354
0.200844
0.206934
0.292830
0.210069
0.181905
0.239410
0.188252
0.200673
0.190204
0.249650
0.186291
0.230994
0.198827
0.230707
0.220767
0.156752
0.204528
0.148112
0.217401
0.219823
0.247266
0.184947
0.154106
0.218282
0.221893
0.200622
0.211876
0.211546
0.198664
0.261189
0.168191
0.179208
0.185911
0.179671
0.169969
0.287848
0.163618
0.180072
0.180586
0.143916
0.184272
0.219394
0.191012
0.209836
0.175385
0.198935
0.160065
0.189855
0.199418
0.207730
0.256010
0.192892
0.252800
0.225132
0.236549
0.178627
0.186058
0.182838
0.241992
0.188593
0.161819
0.263436
0.216917
0.156055
0.227683
0.190342
0.210590
0.218059
0.196486
0.171395
0.211342
0.204173
0.194361
0.191741
0.204319
0.213772
0.150364
0.188401
0.243288
0.186035
0.220463
0.191463
0.198353
0.202002
0.209994
0.180090
0.160420
0.223492
0.242944
0.254234
0.197011
0.201504
0.194178
0.164532
0.223517
0.180391
0.224316
0.204211
0.182453
0.200116
0.219075
0.173400
0.162422
0.198193
0.199528
0.257461
0.168393
0.169895
0.216273
0.209693
0.196958
0.217106
0.116652
0.188457
0.206408
0.180194
0.205252
0.182502
0.179423
0.204885
0.175972
0.188677
0.198761
0.220759
0.159167
0.205727
0.222140
0.172902
0.164300
0.176300
0.186743
0.182852
0.245466
0.213045
0.243207
0.223981
0.238505
0.189397
0.176327
0.169200
0.218457
0.187631
0.238514
0.161453
0.162422
0.226735
0.223179
0.168917
0.174685
0.179768
0.225974
0.201602
0.179836
0.158532
0.216390
0.197222
0.203927
0.222066
0.164415
0.218147
0.206179
0.201632
0.216965
0.199580
0.205453
0.181782
0.214438
0.214395
0.199150
0.185618
0.223358
0.130663
0.190519
0.203442
0.235910
0.210530
0.181551
0.177034
0.203630
0.180448
0.180163
0.204685
0.230306
0.186108
0.165590
0.217699
0.221551
0.235517
0.217710
0.237607
0.196389
0.266673
0.189032
0.277013
0.218310
0.191101
0.240234
0.223790
0.215644
0.220700
0.231383
0.239097
0.252712
0.205357
0.201469
0.211284
0.256756
0.202929
0.205945
0.214162
0.182273
0.285607
0.238758
0.222913
0.177231
0.260733
0.222057
0.208761
0.235779
0.199923
0.208382
0.254689
0.195933
0.234607
0.190225
0.173596
0.249507
0.219828
0.173654
0.215929
0.198821
0.249733
0.321200
0.221509
0.237791
0.254916
0.281981
0.185632
0.237366
0.207367
0.268592
0.227574
0.199173
0.215597
0.240709
0.218711
0.214541
0.239194
0.207566
0.220875
0.220618
0.221443
0.214244
0.210473
0.225714
0.231592
0.240657
0.267121
0.221149
0.191668
0.227277
0.175386
0.263035
0.243155
0.245959
0.198933
0.284180
0.335323
0.267127
0.254121
0.242977
0.247263
0.202470
0.202969
0.217879
0.204357
0.236167
0.245110
0.242336
0.206855
0.211887
0.276126
0.239952
0.261902
0.212130
0.232192
0.184189
0.250600
0.208943
0.212505
0.212353
0.247022
0.232386
0.193268
0.216275
0.187088
0.198438
0.229458
0.177342
0.219994
0.233917
0.225810
0.217665
0.271263
0.237904
0.194027
0.192190
0.245002
0.249707
0.232360
0.282960
0.195821
0.219513
0.246170
0.203209
0.280232
0.217195
0.221430
0.231760
0.210029
0.324765
0.199155
0.196043
0.216984
0.223447
0.239047
0.216577
0.174928
0.281337
0.189713
0.264308
0.227003
0.270094
0.213747
0.213542
0.260023
0.235353
0.198129
0.219657
0.249392
0.218577
0.200466
0.260392
0.229886
0.213979
0.191177
0.204364
0.241773
0.218124
0.232098
0.309645
0.229995
0.205195
0.259794
0.204028
0.221600
0.211453
0.258220
0.204827
0.245494
0.223147
0.242637
0.226264
0.179563
0.210193
0.155850
0.220424
0.223113
0.274203
0.192447
0.176126
0.235575
0.231275
0.213976
0.220574
0.213910
0.209673
0.277117
0.191970
0.193115
0.198766
0.196015
0.190006
0.294179
0.190037
0.184973
0.203610
0.164000
0.195104
0.229251
0.204533
0.233834
0.182664
0.211236
0.176376
0.209298
0.214665
0.212820
0.263861
0.216535
0.258093
0.244778
0.248498
0.191510
0.197075
0.197573
0.250210
0.199287
0.180511
0.270687
0.227283
0.181297
0.238180
0.197736
0.214786
0.239094
0.205658
0.198013
0.229770
0.213542
0.220017
0.210104
0.215045
0.223835
0.161802
0.194734
0.256748
0.206871
0.224728
0.195772
0.208841
0.216637
0.234084
0.181848
0.187945
0.227146
0.255352
0.272306
0.205075
0.208526
0.212708
0.175532
0.238966
0.200788
0.235597
0.219633
0.196152
0.207279
0.237412
0.196403
0.178881
0.207771
0.217152
0.257358
0.181852
0.190643
0.233395
0.229840
0.207583
0.226955
0.131276
0.203189
0.211717
0.185956
0.213639
0.185855
0.201573
0.210630
0.184680
0.210720
0.215812
0.244096
0.174025
0.220242
0.240856
0.183114
0.177848
0.193144
0.201336
0.195758
0.254359
0.232444
0.247512
0.233637
0.250750
0.210932
0.184184
0.182341
0.237468
0.199645
0.254811
0.173557
0.173712
0.239378
0.235066
0.177454
0.176558
0.201670
0.236676
0.211004
0.190235
0.168851
0.235059
0.210234
0.212723
0.228021
0.174611
0.231852
0.208800
0.221513
0.235108
0.220095
0.218742
0.196659
0.235570
0.227402
0.218027
0.197320
0.248878
0.145557
0.201309
0.229354
0.256569
0.227223
0.195828
0.190414
0.219540
0.193531
0.193555
0.211590
0.240266
0.202536
0.185850
0.241336
0.231391
0.242266
0.233037
0.253754
0.201132
0.269932
0.178999
0.271027
0.203263
0.179967
0.231943
0.215555
0.203477
0.204904
0.215893
0.226275
0.242332
0.196946
0.188139
0.203322
0.243581
0.192380
0.196344
0.201308
0.180241
0.275208
0.228617
0.211891
0.168648
0.250371
0.213254
0.197610
0.226914
0.185729
0.195710
0.245112
0.184280
0.225744
0.179671
0.160625
0.241200
0.214305
0.162936
0.204635
0.191084
0.241291
0.307189
0.213046
0.229390
0.242164
0.271900
0.176470
0.222866
0.199752
0.254234
0.215282
0.185466
0.204060
0.228098
0.213562
0.210540
0.226466
0.198413
0.211794
0.210251
0.217061
0.201059
0.203260
0.217025
0.225391
0.231236
0.253951
0.206527
0.181784
0.219269
0.162601
0.255535
0.230198
0.237421
0.190637
0.274492
0.321978
0.264288
0.252395
0.228700
0.232830
0.193249
0.193554
0.206093
0.195424
0.227981
0.238764
0.235892
0.193211
0.202520
0.270458
0.232715
0.256982
0.199160
0.222715
0.177104
0.239774
0.199163
0.201409
0.203995
0.233438
0.216810
0.182995
0.207392
0.176557
0.187464
0.217998
0.165621
0.206776
0.219670
0.216985
0.207933
0.262846
0.224175
0.185129
0.177841
0.233297
0.242511
0.222138
0.278211
0.184663
0.209737
0.235799
0.194847
0.264726
0.207193
0.209209
0.220274
0.203759
0.312855
0.191068
0.188577
0.210267
0.214668
0.233936
0.210856
0.168595
0.275904
0.181850
0.258965
0.217056
0.257713
0.202137
0.204600
0.250605
0.225901
0.186760
0.209906
0.242765
0.204180
0.194133
0.249953
0.221283
0.207447
0.182745
0.193535
0.229316
0.208769
0.219329
0.300502
0.219503
0.193250
0.249114
0.195348
0.210679
0.200415
0.252673
0.194966
0.237382
0.210798
0.235657
0.222069
0.167870
0.205938
0.150695
0.217319
0.219884
0.260734
0.187412
0.164801
0.226301
0.225442
0.206422
0.215044
0.211135
0.203143
0.268448
0.179905
0.185338
0.191443
0.187173
0.179569
0.289686
0.176863
0.181088
0.191892
0.153567
0.188670
0.223226
0.196927
0.221706
0.177774
0.204173
0.167609
0.199158
0.206323
0.208887
0.258783
0.204523
0.254086
0.234553
0.241611
0.184241
0.190634
0.189507
0.244941
0.192967
0.170771
0.265843
0.221090
0.168743
0.231947
0.192866
0.211296
0.228357
0.200026
0.184835
0.220140
0.207831
0.207283
0.200514
0.208737
0.217829
0.155202
0.190367
0.249288
0.196236
0.221267
0.192272
0.202666
0.208699
0.222044
0.179501
0.174440
0.223969
0.248390
0.262887
0.199985
0.203910
0.203106
0.169196
0.230708
0.190384
0.229138
0.211387
0.188670
0.202635
0.227907
0.184886
0.170207
0.202071
0.207992
0.255851
0.174554
0.180130
0.224430
0.219589
0.201458
0.221157
0.123422
0.195286
0.207836
0.181943
0.208487
0.182881
0.190515
0.206648
0.179398
0.199679
0.206939
0.232503
0.166110
0.212472
0.231273
0.177225
0.170512
0.184388
0.193535
0.188691
0.249034
0.222583
0.244165
0.228000
0.243961
0.200181
0.179312
0.175201
0.227784
0.193000
0.246277
0.166871
0.167397
0.232483
0.228478
0.172316
0.174288
0.190817
0.230629
0.205515
0.184329
0.162987
0.225569
0.203195
0.207519
0.224040
0.168796
0.224507
0.206253
0.211541
0.225864
0.209849
0.211597
0.188832
0.225051
0.220398
0.208483
0.190895
0.236474
0.137758
0.195252
0.216761
0.246274
0.218647
0.188277
0.183278
0.211292
0.186505
0.186425
0.207263
0.234605
0.194091
0.175737
0.229786
0.225792
0.237994
0.225085
0.245485
0.197763
0.268270
0.173912
0.268862
0.194501
0.174079
0.228148
0.211816
0.196864
0.195644
0.206865
0.219196
0.237021
0.193072
0.180712
0.199786
0.236239
0.186948
0.191607
0.194217
0.180993
0.269657
0.223468
0.206132
0.164639
0.245006
0.209056
0.192548
0.222688
0.177662
0.188714
0.240361
0.178035
0.221512
0.174207
0.153422
0.237337
0.212466
0.157380
0.198603
0.187612
0.237318
0.299179
0.209031
0.225442
0.235087
0.266723
0.171971
0.214492
0.196350
0.245954
0.208502
0.177658
0.197821
0.221078
0.211937
0.209727
0.219372
0.193881
0.207308
0.204830
0.215953
0.193623
0.200118
0.212810
0.222969
0.226471
0.246475
0.197990
0.176682
0.215511
0.155391
0.252136
0.222858
0.233266
0.186657
0.269497
0.314354
0.264230
0.253130
0.220441
0.224402
0.188602
0.188755
0.199590
0.190971
0.224080
0.236199
0.233260
0.185314
0.197735
0.268399
0.229510
0.255454
0.191761
0.217834
0.173960
0.233916
0.194063
0.195329
0.199914
0.225560
0.207496
0.177511
0.202955
0.170868
0.181497
0.211639
0.159071
0.199146
0.211305
0.212534
0.202840
0.258720
0.216110
0.180591
0.169347
0.226748
0.239215
0.216635
0.276717
0.178471
0.204557
0.230197
0.190731
0.255353
0.201830
0.202222
0.213820
0.201109
0.306108
0.187070
0.185059
0.207259
0.210165
0.232116
0.208604
0.165883
0.273851
0.177989
0.256958
0.211701
0.250561
0.195554
0.199971
0.245608
0.220884
0.180317
0.204684
0.239825
0.195542
0.191359
0.244210
0.216893
0.204515
0.178440
0.187492
0.222078
0.203790
0.211848
0.295681
0.213683
0.186356
0.243152
0.190835
0.204550
0.194157
0.250454
0.189572
0.233279
0.203554
0.232356
0.220815
0.161109
0.204625
0.148729
0.216857
0.219353
0.252640
0.185493
0.158284
0.221278
0.222912
0.202634
0.212716
0.210794
0.200081
0.263846
0.172827
0.181369
0.187804
0.182443
0.173674
0.288122
0.168937
0.179971
0.185053
0.147647
0.185675
0.220550
0.193092
0.214557
0.175901
0.200719
0.162870
0.193442
0.201943
0.207709
0.256710
0.197515
0.252844
0.228782
0.238265
0.180586
0.187554
0.185265
0.242782
0.190005
0.165261
0.263983
0.218244
0.161158
0.229059
0.190944
0.210389
0.222112
0.197542
0.176842
0.214727
0.205282
0.199585
0.195124
0.205769
0.215066
0.152001
0.188764
0.245444
0.190052
0.220315
0.191316
0.199764
0.204468
0.214836
0.179325
0.166145
0.223189
0.244863
0.257574
0.197816
0.202069
0.197642
0.166097
0.226215
0.184328
0.225950
0.206896
0.184721
0.200743
0.222499
0.178003
0.165384
0.199412
0.202807
0.256235
0.170680
0.173955
0.219397
0.213606
0.198467
0.218411
0.119171
0.191001
0.206519
0.180476
0.206196
0.182171
0.183905
0.205195
0.177015
0.193101
0.201930
0.225515
0.161789
0.208267
0.225739
0.174364
0.166604
0.179440
0.189313
0.184997
0.246603
0.216830
0.243182
0.225315
0.240477
0.193738
0.177203
0.171418
0.222154
0.189569
0.241522
0.163413
0.164185
0.228846
0.225092
0.169979
0.174061
0.184237
0.227605
0.202907
0.181394
0.160074
0.220049
0.199447
0.205092
0.222515
0.165937
0.220556
0.205795
0.205603
0.220502
0.203717
0.207761
0.184493
0.218734
0.216641
0.202882
0.187537
0.228776
0.133394
0.192203
0.208951
0.240106
0.213727
0.184124
0.179394
0.206624
0.182727
0.182530
0.205416
0.231804
0.189249
0.169696
0.222674
0.223031
0.236219
0.220586
0.240774
0.196607
0.268449
0.171484
0.268619
0.189354
0.171064
0.226659
0.210346
0.193303
0.190163
0.201552
0.215307
0.234440
0.191530
0.176536
0.198462
0.232176
0.184261
0.189407
0.190304
0.182789
0.267276
0.220986
0.203156
0.162953
0.242451
0.207273
0.188670
0.220829
0.173009
0.184850
0.238123
0.174686
0.219634
0.171425
0.149367
0.235739
0.212315
0.154497
0.195418
0.186299
0.235620
0.294555
0.207325
0.223752
0.231116
0.264162
0.169870
0.209588
0.195053
0.241116
0.204742
0.173135
0.194441
0.217127
0.211905
0.210297
0.215373
0.191747
0.205197
0.202045
0.216336
0.189287
0.198968
0.210872
0.222328
0.224154
0.242174
0.192931
0.174093
0.213914
0.151264
0.250793
0.218641
0.231380
0.184876
0.266984
0.309909
0.265314
0.254800
0.215475
0.219383
0.186305
0.186345
0.195943
0.188804
0.222300
0.235378
0.232388
0.180655
0.195316
0.267923
0.228206
0.255361
0.187438
0.215336
0.172710
0.230703
0.191393
0.191960
0.197980
0.220882
0.201774
0.174557
0.200737
0.167769
0.178174
0.208048
0.155339
0.194626
0.206245
0.210307
0.200138
0.256706
0.211289
0.178304
0.164200
0.222988
0.237811
0.213637
0.276594
0.174974
0.201784
0.227109
0.188701
0.249559
0.198920
0.198145
0.210122
0.200144
0.302182
0.185142
0.183460
0.206039
0.207862
0.231736
0.207905
0.164856
0.273292
0.176144
0.256434
0.208761
0.246332
0.191731
0.197546
0.242925
0.218181
0.176596
0.201821
0.238600
0.190224
0.190271
0.240968
0.214613
0.203306
0.176233
0.184027
0.217755
0.201089
0.207350
0.293086
0.210375
0.182277
0.239736
0.188464
0.201004
0.190535
0.249719
0.186564
0.231189
0.199224
0.230845
0.220775
0.157117
0.204538
0.148168
0.217371
0.219805
0.247691
0.184975
0.154457
0.218525
0.221957
0.200773
0.211921
0.211442
0.198760
0.261399
0.168585
0.179372
0.186051
0.179893
0.170278
0.287845
0.164077
0.180029
0.180967
0.144229
0.184369
0.219468
0.191173
0.210244
0.175400
0.199069
0.160293
0.190156
0.199622
0.207694
0.256045
0.193292
0.252775
0.225443
0.236679
0.178778
0.186165
0.183033
0.242035
0.188693
0.162110
0.263458
0.217012
0.156503
0.227783
0.190364
0.210538
0.218412
0.196554
0.171878
0.211631
0.204248
0.194824
0.192033
0.204431
0.213867
0.150492
0.188407
0.243469
0.186389
0.220428
0.191438
0.198466
0.202211
0.210430
0.179990
0.160936
0.223444
0.243108
0.254538
0.197083
0.201545
0.194473
0.164663
0.223755
0.180748
0.224459
0.204451
0.182646
0.200155
0.219390
0.173821
0.162685
0.198300
0.199816
0.257343
0.168559
0.170264
0.216566
0.210051
0.197089
0.217230
0.116876
0.188691
0.206444
0.180218
0.205340
0.182470
0.179812
0.204893
0.176060
0.189086
0.199047
0.221203
0.159399
0.205959
0.222472
0.173026
0.164505
0.176586
0.186988
0.183052
0.245576
0.213397
0.243216
0.224108
0.238712
0.189790
0.176413
0.169407
0.218812
0.187813
0.238826
0.161642
0.162579
0.226932
0.223367
0.169023
0.174645
0.180143
0.226122
0.201716
0.179965
0.158660
0.216749
0.197422
0.204020
0.222092
0.164544
0.218372
0.206132
0.201994
0.217299
0.199970
0.205666
0.182036
0.214849
0.214602
0.199507
0.185789
0.223877
0.130913
0.190679
0.203986
0.236317
0.210841
0.181809
0.177260
0.203930
0.180680
0.180387
0.204752
0.230457
0.186417
0.166000
0.218186
0.221701
0.235610
0.217995
0.238021
0.196439
0.269285
0.170391
0.269123
0.186276
0.169534
0.226237
0.209934
0.191373
0.186839
0.198354
0.213138
0.233227
0.191064
0.174145
0.198152
0.229894
0.182968
0.188465
0.188114
0.184738
0.266053
0.219858
0.201633
0.162391
0.241198
0.206599
0.187120
0.220150
0.170232
0.182720
0.237163
0.172900
0.218909
0.170065
0.147053
0.235262
0.212876
0.152979
0.193783
0.186055
0.235057
0.291876
0.206791
0.223177
0.228838
0.262948
0.168969
0.206672
0.194772
0.238263
0.202658
0.170470
0.192620
0.214857
0.212560
0.211398
0.212990
0.190810
0.204264
0.200623
0.217209
0.186769
0.198750
0.210081
0.222479
0.223137
0.239648
0.189910
0.172809
0.213385
0.148894
0.250468
0.216170
0.230637
0.184193
0.265767
0.307327
0.266787
0.256698
0.212401
0.216328
0.185209
0.185152
0.193882
0.187786
0.221564
0.235333
0.232305
0.177834
0.194112
0.268120
0.227809
0.255834
0.184857
0.214069
0.172347
0.228916
0.190001
0.190064
0.197116
0.218036
0.198172
0.172958
0.199664
0.166061
0.176297
0.205981
0.153169
0.191890
0.203115
0.209222
0.198707
0.255774
0.208327
0.177174
0.161000
0.220789
0.237313
0.211989
0.277017
0.172962
0.200294
0.225392
0.187747
0.245881
0.197325
0.195705
0.207956
0.199953
0.299853
0.184253
0.182807
0.205659
0.206698
0.231961
0.207897
0.164613
0.273384
0.175309
0.256552
0.207132
0.243774
0.189460
0.196285
0.241476
0.216719
0.174399
0.200241
0.238201
0.186870
0.189969
0.239111
0.213449
0.202919
0.175123
0.182005
0.215110
0.199619
0.204579
0.291685
0.208462
0.179808
0.237739
0.187225
0.198915
0.188393
0.249660
0.184863
0.230148
0.196564
0.230223
0.221208
0.154695
0.204940
0.148226
0.218203
0.220593
0.244577
0.185061
0.152152
0.216991
0.221722
0.199884
0.211794
0.212354
0.198249
0.260077
0.165973
0.178379
0.185227
0.178494
0.168271
0.288081
0.161015
0.180496
0.178457
0.142201
0.183858
0.219113
0.190214
0.207561
0.175460
0.198302
0.158870
0.188213
0.198366
0.208104
0.255979
0.190668
0.253146
0.223451
0.235949
0.177895
0.185590
0.181843
0.241908
0.188160
0.160264
0.263485
0.216525
0.153575
0.227269
0.190360
0.211055
0.216161
0.196252
0.168708
0.209802
0.203905
0.191806
0.190209
0.203856
0.213399
0.149800
0.188550
0.242441
0.184148
0.220908
0.191907
0.197917
0.200980
0.207642
0.180872
0.157581
0.224010
0.242232
0.252730
0.196918
0.201550
0.192582
0.164009
0.222371
0.178544
0.223751
0.203061
0.181537
0.200119
0.217518
0.171179
0.161116
0.197857
0.198049
0.258489
0.167472
0.167980
0.214878
0.207858
0.196460
0.216728
0.115585
0.187382
0.206680
0.180379
0.205066
0.183024
0.177273
0.205048
0.175724
0.186561
0.197340
0.218464
0.158049
0.204659
0.220483
0.172430
0.163359
0.174896
0.185663
0.182001
0.245176
0.211286
0.243572
0.223585
0.237755
0.187315
0.176171
0.168300
0.216742
0.186888
0.237190
0.160700
0.161765
0.225897
0.222449
0.168653
0.175361
0.177605
0.225399
0.201208
0.179291
0.157998
0.214717
0.196315
0.203601
0.222137
0.163889
0.217139
0.206723
0.199746
0.215335
0.197617
0.204493
0.180601
0.212391
0.213471
0.197414
0.184870
0.220689
0.129466
0.189906
0.200730
0.233919
0.209093
0.180455
0.176053
0.202306
0.179518
0.179169
0.204599
0.229800
0.184700
0.163651
0.215281
0.221055
0.235472
0.216445
0.236355
0.196628
0.270148
0.169921
0.269775
0.184393
0.168749
0.226245
0.209956
0.190301
0.184766
0.196365
0.211890
0.232654
0.191030
0.172746
0.198233
0.228540
0.182332
0.188087
0.186837
0.186438
0.265444
0.219323
0.200846
0.162275
0.240589
0.206413
0.186287
0.219940
0.168556
0.181460
0.236750
0.171908
0.218685
0.169371
0.145689
0.235174
0.213551
0.152218
0.192867
0.186114
0.234918
0.290202
0.206638
0.223034
0.227495
0.262339
0.168605
0.204840
0.194828
0.236465
0.201423
0.168837
0.191585
0.213521
0.213270
0.212423
0.211610
0.190414
0.203884
0.199887
0.218132
0.185202
0.198865
0.209781
0.222860
0.222633
0.238106
0.187974
0.172161
0.213253
0.147444
0.250468
0.214664
0.230348
0.183958
0.265145
0.305692
0.268047
0.258263
0.210508
0.214391
0.184695
0.184580
0.192657
0.187337
0.221319
0.235589
0.232533
0.176081
0.193526
0.268550
0.227803
0.256460
0.183269
0.213433
0.172366
0.227908
0.189273
0.188970
0.196773
0.216257
0.195844
0.172079
0.199169
0.165100
0.175217
0.204759
0.151871
0.190181
0.201123
0.208711
0.197947
0.255372
0.206455
0.176626
0.158956
0.219470
0.237219
0.211066
0.277594
0.171775
0.199483
0.224414
0.187325
0.243486
0.196441
0.194206
0.206655
0.200074
0.298428
0.183873
0.182590
0.205648
0.206114
0.232375
0.208129
0.164661
0.273694
0.174947
0.256870
0.206191
0.242173
0.188062
0.195606
0.240670
0.215892
0.173060
0.199325
0.238127
0.184692
0.189996
0.238005
0.212836
0.202880
0.174556
0.180767
0.213432
0.198776
0.202824
0.290903
0.207309
0.178251
0.236525
0.186552
0.197623
0.187080
0.249832
0.183856
0.229620
0.194883
0.230001
0.221735
0.153191
0.205442
0.148477
0.219011
0.221356
0.242558
0.185354
0.150722
0.216122
0.221796
0.199482
0.211944
0.213253
0.198116
0.259355
0.164318
0.177897
0.184868
0.177718
0.167051
0.288491
0.159033
0.181070
0.176875
0.140967
0.183723
0.219087
0.189752
0.205853
0.175739
0.197978
0.158071
0.187035
0.197684
0.208628
0.256163
0.188994
0.253642
0.222240
0.235649
0.177482
0.185401
0.181208
0.242043
0.188001
0.159153
0.263726
0.216394
0.151678
0.227123
0.190581
0.211655
0.214758
0.196254
0.166634
0.208701
0.203877
0.189841
0.189110
0.203659
0.213282
0.149514
0.188873
0.241913
0.182743
0.221470
0.192462
0.197734
0.200309
0.205841
0.181722
0.155368
0.224632
0.241812
0.251634
0.197011
0.201767
0.191424
0.163746
0.221577
0.177158
0.223450
0.202265
0.180946
0.200302
0.216369
0.169473
0.160186
0.197746
0.196980
0.259528
0.166891
0.166531
0.213855
0.206478
0.196211
0.216569
0.114855
0.186638
0.207054
0.180698
0.205072
0.183626
0.175638
0.205361
0.175684
0.184932
0.196303
0.216679
0.157267
0.203919
0.219242
0.172199
0.162730
0.173873
0.184911
0.181447
0.245105
0.209945
0.244036
0.223410
0.237276
0.185720
0.176211
0.167706
0.215443
0.186425
0.236222
0.160221
0.161384
0.225347
0.221997
0.168596
0.176108
0.175916
0.225070
0.201030
0.178990
0.157708
0.213430
0.195697
0.203484
0.222357
0.163605
0.216436
0.207333
0.198306
