10.473405
9.867663
10.470445
9.192582
10.085811
9.647922
9.440815
12.684250
11.458454
13.974265
10.754046
9.462010
9.221985
8.569382
9.103550
10.084786
10.158326
9.589640
9.449034
8.337770
9.489016
9.473372
10.110877
9.994477
10.769073
9.255745
9.491325
9.735475
9.111881
9.442707
8.696313
9.218571
8.842083
9.577907
9.597119
8.031048
8.657385
9.238542
9.049397
9.648063
8.528378
8.060632
8.794095
7.681908
7.275651
8.080750
8.650105
8.190152
8.782693
8.867990
8.824266
8.277391
8.785072
8.438696
9.292658
10.262400
7.903005
8.245915
8.555712
9.624114
8.953659
9.303970
9.202171
9.043075
9.209722
8.390084
8.664618
7.844577
7.240084
6.911013
7.346854
9.490001
9.268339
9.300871
8.762477
9.041599
8.094432
8.517778
7.570353
7.415725
6.934352
7.299675
8.642626
8.734664
7.374259
7.426354
7.887917
8.749313
8.659890
8.713814
9.025282
6.436755
5.467743
6.812059
7.727764
6.674429
5.452386
6.408334
6.623796
7.847416
4.846325
6.196030
5.893920
7.140766
6.258298
6.501945
8.123092
4.854304
5.487358
6.369297
6.540448
7.540020
6.923515
6.280145
6.779021
5.327445
6.095002
4.826948
5.909462
6.157690
4.220335
3.279125
7.565256
8.209789
5.883835
7.749642
5.414740
8.220409
3.788550
5.310119
8.643466
0.060614
8.116934
4.230707
5.029542
8.341269
7.503834
4.861639
3.756849
7.838067
5.474751
5.715611
4.734937
6.138809
4.709844
4.908662
5.075416
5.718251
7.328620
3.796724
4.293147
0.611009
3.506976
6.115319
6.741433
5.435624
6.696156
6.413164
2.074003
5.900141
5.374889
5.495092
3.926834
5.591962
7.207893
4.007341
5.026105
5.436834
5.722261
7.460308
4.647137
6.236742
5.456688
3.724542
4.445408
2.148575
3.829060
1.332135
5.896007
5.363636
3.366168
3.560877
2.870436
3.085995
3.468882
4.718870
3.248961
2.193629
6.028109
4.153916
3.399982
3.779095
3.968272
4.144604
3.580317
4.027777
3.723878
3.508450
4.841198
1.503572
2.492490
3.524445
3.701437
4.048413
5.465433
4.944988
4.336408
3.288853
4.295407
3.315033
4.040093
3.328351
4.347018
2.440839
3.825826
4.228335
2.178993
4.334074
4.699767
2.807082
4.617218
4.430507
2.739711
2.627090
3.868623
3.516804
3.329591
2.195310
4.869828
4.037290
4.550108
2.811846
2.982624
2.283929
2.778018
3.308896
1.665453
4.201109
2.223310
3.244561
3.031633
3.171103
3.009882
3.975707
3.351677
3.239949
2.825406
0.117505
2.868877
2.890660
2.789390
2.236050
4.224577
3.863807
2.685298
3.294271
2.441722
2.420619
4.094892
2.442532
3.117399
3.179051
1.822776
2.474342
2.464382
2.998825
2.713215
1.984845
3.136848
2.612288
3.663472
3.004756
2.271480
2.295265
2.153705
3.646868
3.516665
1.793903
2.344684
2.543353
4.549632
2.669314
2.714772
2.990642
3.117237
2.857271
2.480742
2.510112
1.242260
2.935117
2.565197
1.460210
2.163671
1.886957
2.649741
2.330214
2.235111
2.346899
2.296778
1.773667
2.313499
1.684152
2.185387
2.083911
2.182978
1.322320
1.532541
2.417667
2.165442
0.866313
1.995561
1.301174
0.752996
2.053914
1.177457
1.764210
1.717974
1.371058
1.389708
0.841487
0.785719
1.371574
0.516201
1.240477
1.749392
1.243465
1.673846
0.983237
0.759848
0.931826
1.030821
2.791104
1.308759
0.555669
0.878385
0.955739
0.904709
0.880953
2.804674
0.540386
0.625623
0.800489
0.288175
1.760552
0.993355
2.773370
0.977119
0.659104
2.576222
2.210183
2.589265
1.891278
2.353311
2.027849
1.903936
3.435260
2.860900
4.286906
2.629702
1.867009
1.837163
1.665836
1.747851
2.329745
2.193531
2.018043
1.941702
1.471898
1.926252
1.944667
2.196795
2.237278
2.493680
1.865476
1.961577
2.102371
1.730547
1.908887
1.606333
1.841544
1.595855
1.903416
1.919730
1.262557
1.481167
1.770218
1.728609
1.937547
1.499282
1.391994
1.607877
1.230592
1.224809
1.427245
1.599954
1.396207
1.638974
1.710046
1.639699
1.493023
1.693095
1.580328
1.896921
2.303027
1.411230
1.487512
1.695143
2.005871
1.843125
1.886117
1.904286
1.899735
1.929740
1.702781
1.762076
1.434151
1.311994
1.161042
1.278286
2.137361
2.010993
2.176566
1.773261
1.899284
1.534810
1.766736
1.427791
1.405678
1.153581
1.233474
1.733129
1.822607
1.361140
1.360964
1.737515
1.932637
1.914309
1.973924
2.104350
1.087019
0.866560
1.271513
1.481155
1.356250
0.876821
1.247168
1.161076
1.788083
0.655471
1.132663
0.928564
1.430772
1.160450
1.238565
1.835663
0.672590
1.000226
1.297792
1.222581
1.703915
1.440270
1.253978
1.406523
0.997231
1.267358
0.792889
1.058896
1.206835
0.503132
0.126990
1.684536
2.237193
0.997489
1.802517
0.792338
2.080296
0.516360
1.080856
2.349904
1.380006
2.194360
0.424918
0.810339
2.216379
1.893056
0.931448
0.924736
2.146522
0.925863
1.236502
1.327082
1.237373
0.652713
0.989512
0.831657
1.096227
1.975128
0.656593
0.812079
0.310991
0.394327
1.383974
1.617128
1.030185
1.704882
1.564898
0.305541
1.352973
1.273329
1.173610
0.647819
1.153070
2.001122
0.517760
1.170043
1.179991
1.255334
2.162107
1.041052
1.592199
1.189060
0.503105
0.986671
0.048638
0.956228
0.008824
1.638180
1.338131
0.510080
0.772918
0.300972
0.535512
0.422409
1.290121
0.480303
0.262193
1.667258
1.110025
0.609639
0.743561
0.707151
0.850795
0.593472
0.796456
0.642812
0.782537
1.323318
0.178897
0.176226
0.711246
0.765268
1.242202
1.432912
1.227650
1.079013
0.652067
0.927499
0.561350
0.941612
0.691341
1.016074
0.737845
0.791549
1.132162
0.326703
0.995103
1.301961
0.512603
1.569403
1.180548
0.578914
0.658933
0.908335
0.769367
0.875572
0.391639
1.329219
0.979364
1.243667
0.656751
0.690552
0.210826
0.686348
0.899151
0.294334
1.210560
0.714581
0.657307
1.270705
0.574143
0.821224
1.014204
0.664208
0.722812
0.829626
0.453010
0.681399
0.590415
0.567315
0.356937
1.243533
1.228156
0.643344
0.844875
0.600923
0.575104
1.117826
0.424692
0.824148
0.809727
0.404213
0.881498
0.911273
0.716092
0.521381
0.405186
0.725143
0.660428
1.015760
0.756472
1.040883
0.671344
0.528899
0.995284
1.038202
0.376782
0.601291
0.793499
1.547490
0.629825
0.724810
0.838746
0.788818
0.618647
0.972178
0.701802
0.264600
0.809061
0.611366
0.246350
0.450054
0.542188
0.742484
0.437345
1.277330
0.523008
0.437526
0.311365
0.679944
0.390745
0.766655
0.417786
0.570299
0.438004
0.608948
0.529513
0.564713
0.779933
0.527990
0.368798
0.192817
0.500274
0.244506
0.638415
0.406852
0.375670
0.704330
0.455555
1.059517
0.822147
0.523656
0.887482
0.398467
0.605851
0.468519
0.834376
0.834482
0.400134
0.579626
1.023524
0.591012
0.592543
0.534506
1.042043
0.167830
0.813036
0.948000
0.660920
0.388079
0.690151
0.118959
0.725368
0.802929
1.280599
0.798002
0.803534
1.118583
0.861988
1.153192
0.706930
0.993662
0.721831
0.638675
1.464472
1.168423
2.152530
1.146964
0.607624
0.669156
0.698420
0.601634
1.026993
0.811616
0.798871
0.752549
0.542111
0.723327
0.759052
0.863125
0.969102
1.026348
0.747416
0.791995
0.895364
0.623266
0.744520
0.614286
0.740491
0.545685
0.690533
0.706432
0.394286
0.457773
0.635762
0.648833
0.709866
0.525805
0.551171
0.570713
0.464627
0.604257
0.578181
0.599321
0.486199
0.594549
0.655387
0.569931
0.565516
0.646022
0.613324
0.725542
0.917695
0.559458
0.530683
0.693681
0.718794
0.735359
0.658133
0.712951
0.757625
0.729901
0.712674
0.685385
0.530240
0.577158
0.483774
0.476541
0.857448
0.758384
0.965091
0.603684
0.666080
0.507440
0.661758
0.538063
0.556976
0.381332
0.349332
0.533025
0.614235
0.474340
0.447740
0.785922
0.730123
0.730617
0.785158
0.842258
0.392339
0.438468
0.492908
0.437394
0.644897
0.429958
0.579287
0.376073
0.778143
0.321582
0.473076
0.298006
0.521345
0.468012
0.478955
0.695205
0.294968
0.504413
0.581917
0.410182
0.695692
0.554540
0.528834
0.548490
0.513660
0.595741
0.404941
0.366426
0.471529
0.212336
0.036429
0.591157
1.104192
0.255286
0.666776
0.134604
0.862221
0.340018
0.549044
1.058213
2.863160
1.026639
0.024684
0.253397
0.957683
0.816523
0.463164
0.851903
1.023793
0.214996
0.545642
1.022012
0.381410
0.099750
0.481584
0.199856
0.320976
0.927454
0.412077
0.437831
1.093331
0.144346
0.537686
0.622162
0.292797
0.748506
0.655754
0.516201
0.543897
0.622086
0.437166
0.287243
0.364066
0.926872
0.065897
0.579582
0.438445
0.432373
1.030884
0.523181
0.690459
0.420400
0.111974
0.504336
0.058060
0.678887
0.292938
0.846146
0.626550
0.221207
0.504559
0.108099
0.345249
0.046690
0.770570
0.197605
0.281048
0.794693
0.714266
0.302353
0.342624
0.219749
0.347395
0.198141
0.307831
0.205063
0.470524
0.718133
0.370746
0.002063
0.351720
0.356979
0.877509
0.616593
0.522651
0.538218
0.334178
0.338878
0.193347
0.444005
0.358607
0.426281
0.738890
0.302889
0.617314
0.262561
0.384509
0.666369
0.276444
1.054586
0.588520
0.381209
0.528151
0.411864
0.347249
0.557249
0.307478
0.607442
0.430562
0.600831
0.431107
0.411647
0.008679
0.474193
0.567657
0.338960
0.660665
0.702630
0.248460
1.160376
0.155589
0.548688
0.456430
0.203484
0.321275
0.615441
1.087088
0.391322
0.256241
0.258768
0.170716
0.652054
0.759894
0.389041
0.438965
0.414408
0.384059
0.510815
0.165192
0.461303
0.416376
0.355308
0.766219
0.807794
0.343563
0.179387
0.284082
0.297581
0.398164
0.496793
0.380781
1.034087
0.518512
0.373206
0.462130
0.565750
0.289393
0.392251
0.579637
0.873907
0.305335
0.415976
0.468369
0.351584
0.211821
0.829543
0.447368
0.311154
0.433937
0.296820
0.199712
0.218638
0.443162
0.435804
0.133685
1.312811
0.240074
0.139471
0.156062
0.459892
0.292743
0.620700
0.179388
0.349269
0.480770
0.635231
0.201593
0.339637
1.105520
0.347393
0.381486
0.339275
0.282328
0.250867
0.572430
0.271294
0.353289
0.793029
0.651542
1.493901
0.954528
0.855729
1.086340
0.233537
0.697170
0.352542
1.098900
1.177848
0.522271
0.728861
0.695402
0.640261
0.912465
0.714902
1.375537
0.202876
1.087366
0.576077
0.999623
0.596033
0.942042
0.347821
0.640947
1.020524
1.028553
1.016095
1.135493
0.874870
0.655794
0.913930
0.556210
0.778604
0.524410
0.454290
1.025918
0.827974
1.652295
0.878514
0.417634
0.510391
0.609994
0.447672
0.815464
0.570249
0.614324
0.577299
0.458337
0.540242
0.580729
0.630304
0.758307
0.742747
0.587603
0.612318
0.700863
0.463157
0.562554
0.492744
0.578482
0.400604
0.485748
0.500147
0.310453
0.316974
0.453786
0.485173
0.491837
0.397695
0.469371
0.417209
0.407173
0.597641
0.488550
0.453897
0.372052
0.430911
0.486848
0.394750
0.440200
0.476571
0.471418
0.509069
0.623165
0.455392
0.387728
0.533507
0.454868
0.534678
0.413116
0.479939
0.541159
0.491557
0.548612
0.489046
0.394920
0.501502
0.427705
0.374679
0.582534
0.492201
0.712557
0.365220
0.403650
0.318002
0.443332
0.396061
0.428697
0.279554
0.206253
0.275169
0.352373
0.327255
0.290138
0.613480
0.466327
0.472601
0.524321
0.554011
0.307569
0.448781
0.375962
0.223951
0.550285
0.429749
0.498454
0.252162
0.572176
0.358402
0.391589
0.226089
0.347997
0.371994
0.357824
0.435863
0.309822
0.475712
0.473035
0.265652
0.479660
0.381815
0.413158
0.384060
0.483424
0.496842
0.407493
0.258559
0.347205
0.247586
0.143065
0.335633
0.833497
0.124607
0.393463
0.032778
0.557631
0.410143
0.490261
0.724714
3.529127
0.736309
0.010298
0.181759
0.632342
0.556053
0.421242
0.951689
0.744875
0.083425
0.420554
1.035335
0.195343
0.022259
0.419623
0.092515
0.161182
0.668663
0.442384
0.420640
1.492793
0.170616
0.348289
0.378454
0.141288
0.517351
0.440957
0.704687
0.363877
0.498349
0.282046
0.267084
0.188699
0.647947
0.010905
0.473951
0.277663
0.241580
0.728199
0.441271
0.469352
0.246720
0.074001
0.432834
0.163556
0.680235
0.496486
0.660422
0.469301
0.216062
0.506249
0.136489
0.374003
0.007905
0.679299
0.191299
0.383104
0.574254
0.665463
0.284974
0.290873
0.136226
0.257554
0.146813
0.222269
0.137351
0.447725
0.588869
0.528998
0.027527
0.309688
0.296818
0.832612
0.407984
0.353759
0.428162
0.304194
0.210540
0.144267
0.347590
0.321312
0.295567
0.821363
0.207782
0.512269
0.320022
0.243897
0.516248
0.270311
0.947259
0.452764
0.387626
0.558333
0.309311
0.271146
0.518248
0.352748
0.421615
0.306864
0.442671
0.423466
0.384306
0.008682
0.470164
0.520019
0.427020
0.533151
0.769400
0.171166
1.190753
0.073972
0.519497
0.323624
0.105388
0.244194
0.605802
1.384167
0.353407
0.201985
0.213393
0.169232
0.503552
0.655564
0.361792
0.356448
0.410961
0.378604
0.354384
0.134208
0.392544
0.336204
0.399507
0.786029
0.831520
0.269505
0.116038
0.300354
0.202560
0.362637
0.367969
0.303488
1.090171
0.521255
0.374577
0.326460
0.451726
0.314513
0.372977
0.558294
0.685708
0.243264
0.359254
0.389029
0.247702
0.118636
0.831784
0.408779
0.381330
0.350989
0.235517
0.235195
0.186853
0.459045
0.376146
0.074833
1.376515
0.188152
0.081780
0.149782
0.429865
0.306643
0.616940
0.141866
0.317748
0.544552
0.692744
0.130611
0.305537
1.270747
0.328883
0.432707
0.438574
0.249427
0.298719
0.593968
0.267386
0.389909
0.869504
0.766343
1.694713
1.046688
1.020757
1.202817
0.216135
0.774201
0.352728
1.239230
1.347089
0.609605
0.826176
0.615633
0.700125
1.072447
0.823222
1.540902
0.256695
1.230119
0.477835
1.165837
0.713249
1.075472
0.472402
0.648500
1.140473
0.972923
1.136114
1.298373
0.821041
0.615957
0.861474
0.536843
0.734822
0.487061
0.421630
0.897649
0.736316
1.500453
0.813489
0.381857
0.486143
0.611952
0.424824
0.770812
0.514210
0.579412
0.545675
0.460865
0.505296
0.547381
0.576309
0.712383
0.669358
0.560478
0.577540
0.660347
0.435356
0.526370
0.479076
0.549472
0.377721
0.440261
0.453924
0.310054
0.294989
0.416177
0.454266
0.440322
0.379808
0.468728
0.389437
0.415350
0.624897
0.484133
0.428486
0.358247
0.398342
0.452277
0.357522
0.421546
0.441170
0.446216
0.455679
0.540302
0.443946
0.361480
0.500665
0.382851
0.486294
0.347897
0.419096
0.486381
0.428395
0.513311
0.441380
0.370031
0.498989
0.432362
0.361946
0.504558
0.417362
0.642797
0.300498
0.329769
0.271451
0.385735
0.367076
0.404750
0.265429
0.176439
0.202006
0.277566
0.295532
0.254315
0.571972
0.390239
0.398553
0.449072
0.468300
0.298401
0.475371
0.354437
0.165887
0.536937
0.451863
0.490070
0.227322
0.516328
0.394031
0.382430
0.220406
0.303910
0.356969
0.333207
0.358992
0.336283
0.485713
0.452586
0.231594
0.418519
0.336919
0.389708
0.342052
0.492024
0.479394
0.428315
0.237206
0.319779
0.280272
0.202641
0.257759
0.749874
0.093995
0.308659
0.012902
0.460764
0.455296
0.486411
0.616581
3.800316
0.644899
0.022740
0.172534
0.527357
0.475475
0.422954
1.006976
0.656443
0.051030
0.390501
1.057358
0.142333
0.009835
0.412985
0.068657
0.117467
0.587571
0.470151
0.430434
1.659641
0.196593
0.292665
0.302247
0.099844
0.445749
0.375458
0.791424
0.311331
0.466973
0.238728
0.274646
0.137563
0.557627
0.005046
0.448898
0.231695
0.184196
0.628484
0.424845
0.400268
0.195461
0.073915
0.420014
0.217506
0.694777
0.587325
0.604137
0.423689
0.227828
0.520549
0.160767
0.398368
0.006635
0.658113
0.202169
0.434866
0.504019
0.660072
0.291359
0.284197
0.117468
0.236343
0.140071
0.202523
0.124279
0.451549
0.552439
0.601026
0.049341
0.305966
0.286184
0.827708
0.341179
0.301882
0.398433
0.304602
0.173778
0.137336
0.322744
0.318699
0.257650
0.863853
0.183167
0.483849
0.352830
0.201928
0.470632
0.278938
0.917731
0.412381
0.400807
0.580428
0.281265
0.253019
0.514063
0.380290
0.361912
0.270543
0.393299
0.430810
0.384162
0.018780
0.478707
0.512057
0.470190
0.494937
0.804484
0.151762
1.212093
0.052811
0.518120
0.283040
0.077857
0.224559
0.611593
1.505648
0.348394
0.190729
0.205445
0.177802
0.456534
0.625280
0.360489
0.334253
0.418531
0.385374
0.304173
0.131225
0.375292
0.314589
0.424730
0.802046
0.848996
0.249992
0.100503
0.314817
0.174983
0.357468
0.327585
0.282486
1.119594
0.530334
0.383089
0.283273
0.416661
0.331833
0.373532
0.558048
0.622521
0.227547
0.345515
0.366725
0.216103
0.091022
0.840110
0.401667
0.415142
0.327068
0.219703
0.255804
0.182075
0.472213
0.360828
0.059713
1.407730
0.175549
0.066951
0.154342
0.425458
0.318763
0.622386
0.134469
0.312604
0.575375
0.721199
0.110348
0.299278
1.339615
0.328384
0.458526
0.482706
0.243191
0.323551
0.608575
0.272235
0.410400
0.905308
0.816991
1.778494
1.088180
1.090272
1.253679
0.215701
0.809894
0.358955
1.299228
1.418259
0.649242
0.869394
0.591140
0.728918
1.139442
0.870373
1.609711
0.283003
1.290330
0.446050
1.234976
0.763697
1.132172
0.525850
0.657046
1.192365
0.957092
1.187939
1.366706
0.805863
0.606116
0.846705
0.534824
0.723354
0.478029
0.414371
0.853361
0.706168
1.447039
0.793610
0.373238
0.481946
0.617850
0.421129
0.758684
0.497645
0.570999
0.538488
0.466804
0.496778
0.539456
0.560434
0.699618
0.645962
0.554852
0.568956
0.649562
0.429392
0.517185
0.478487
0.542981
0.373551
0.427424
0.440795
0.314383
0.291058
0.406275
0.446898
0.425077
0.377348
0.472821
0.383140
0.422710
0.639451
0.486697
0.423017
0.357166
0.390124
0.443277
0.347486
0.418540
0.431790
0.440686
0.439425
0.512877
0.443545
0.355457
0.492126
0.359486
0.471849
0.327078
0.399919
0.469487
0.408325
0.503697
0.427131
0.364349
0.501710
0.437798
0.360758
0.478851
0.392823
0.620149
0.279743
0.305572
0.257484
0.367619
0.359661
0.399201
0.263539
0.168670
0.178031
0.252969
0.287004
0.244245
0.559760
0.365137
0.374206
0.424273
0.439604
0.298165
0.488401
0.349571
0.147441
0.535077
0.463151
0.490028
0.221158
0.498629
0.410247
0.382027
0.221276
0.290535
0.354349
0.327016
0.333415
0.348954
0.492258
0.447864
0.221834
0.398730
0.323117
0.383809
0.329295
0.497923
0.475664
0.438674
0.232083
0.312335
0.294992
0.227247
0.231823
0.721784
0.085368
0.280108
0.008190
0.427765
0.474430
0.487543
0.579416
3.902494
0.613075
0.029942
0.171576
0.490420
0.447685
0.426049
1.030084
0.625877
0.041272
0.381633
1.068064
0.124516
0.007545
0.412840
0.062054
0.103414
0.559505
0.482826
0.436356
1.724256
0.208552
0.274146
0.276027
0.086588
0.421219
0.353193
0.825924
0.293888
0.457410
0.224710
0.279573
0.120631
0.526060
0.004952
0.441636
0.216640
0.164884
0.593414
0.420756
0.376595
0.178414
0.075874
0.417228
0.239498
0.702123
0.622968
0.585182
0.408688
0.234098
0.527735
0.171652
0.409265
0.008031
0.652117
0.208035
0.455864
0.479825
0.659874
0.295519
0.283509
0.112296
0.230251
0.139329
0.196956
0.121173
0.454686
0.540658
0.629394
0.059114
0.306270
0.283919
0.827533
0.318100
0.284321
0.389060
0.306378
0.161788
0.136378
0.315145
0.319317
0.245204
0.881072
0.175624
0.474883
0.366465
0.188065
0.455297
0.283638
0.908291
0.398960
0.407160
0.590056
0.272381
0.247787
0.513966
0.391892
0.341320
0.258571
0.376506
0.434924
0.385507
0.023897
0.483233
0.510493
0.487455
0.482215
0.818730
0.145962
1.221223
0.046353
0.518920
0.269418
0.069031
0.218626
0.614995
1.551593
0.347818
0.187856
0.203779
0.182201
0.440494
0.615354
0.361231
0.327303
0.422523
0.389061
0.286897
0.131321
0.370125
0.307816
0.435168
0.809078
0.856544
0.243970
0.095941
0.321260
0.165985
0.356687
0.313864
0.275877
1.131394
0.534757
0.387299
0.268493
0.404855
0.339257
0.374789
0.558991
0.600375
0.222820
0.341503
0.359571
0.205543
0.081918
0.844154
0.400053
0.428514
0.319376
0.214898
0.264355
0.181306
0.478034
0.356136
0.055139
1.420089
0.171895
0.062480
0.156952
0.424777
0.324125
0.625303
0.132681
0.311632
0.587566
0.732538
0.103780
0.297846
1.365949
0.329092
0.468961
0.499850
0.241831
0.333487
0.614799
0.274879
0.418716
0.919196
0.836251
1.809792
1.104046
1.116356
1.272964
0.216391
0.823622
0.362041
1.321732
1.444778
0.664415
0.886095
0.582940
0.740361
1.164982
0.888600
1.635935
0.293541
1.313394
0.435109
1.261365
0.783179
1.153952
0.546394
0.660990
1.212276
0.952034
1.207787
1.392691
0.801040
0.603265
0.842021
0.534845
0.719859
0.475433
0.412435
0.837682
0.695751
1.427960
0.786968
0.370775
0.481118
0.620752
0.420466
0.754897
0.492213
0.568564
0.536516
0.469689
0.494302
0.537196
0.555222
0.695533
0.637943
0.553409
0.566416
0.646181
0.427821
0.514403
0.478874
0.541190
0.372623
0.423291
0.436542
0.316592
0.290212
0.403198
0.444756
0.420027
0.377017
0.474885
0.381399
0.425972
0.645235
0.488181
0.421724
0.357314
0.387906
0.440791
0.344657
0.418028
0.429170
0.439331
0.434536
0.504286
0.443882
0.353936
0.489764
0.352221
0.467528
0.320642
0.394021
0.464336
0.402116
0.500975
0.422843
0.362901
0.503050
0.440026
0.360798
0.470726
0.385081
0.613026
0.273248
0.297921
0.253242
0.361985
0.357598
0.397759
0.263319
0.166478
0.170403
0.245125
0.284545
0.241265
0.556056
0.357096
0.366411
0.416318
0.430328
0.298473
0.493181
0.348311
0.141595
0.534825
0.467339
0.490382
0.219446
0.493016
0.416097
0.382254
0.221932
0.286370
0.353819
0.325275
0.325113
0.353600
0.494825
0.446613
0.218873
0.392366
0.318779
0.382149
0.325305
0.500263
0.474733
0.442526
0.230675
0.310136
0.300320
0.235932
0.223336
0.712563
0.082756
0.270722
0.006904
0.416855
0.481252
0.488238
0.567074
3.937559
0.602742
0.032659
0.171563
0.478370
0.438690
0.427391
1.038181
0.615892
0.038305
0.378956
1.071936
0.118912
0.007065
0.413080
0.060125
0.098981
0.550365
0.487368
0.438635
1.746279
0.212850
0.268197
0.267484
0.082402
0.413242
0.345978
0.837832
0.288284
0.454464
0.220253
0.281512
0.115162
0.515687
0.005176
0.439446
0.211816
0.158621
0.581827
0.419626
0.368842
0.172895
0.076781
0.416529
0.247190
0.704853
0.635289
0.578996
0.403839
0.236459
0.530408
0.175576
0.413192
0.008733
0.650313
0.210251
0.463210
0.471847
0.660029
0.297151
0.283495
0.110761
0.228403
0.139293
0.195283
0.120333
0.455963
0.536873
0.639228
0.062636
0.306580
0.283357
0.827688
0.310481
0.278570
0.386084
0.307181
0.157919
0.136250
0.312764
0.319724
0.241172
0.887166
0.173255
0.472036
0.371328
0.183387
0.450273
0.285423
0.905281
0.394581
0.409503
0.593515
0.269539
0.246187
0.514112
0.396019
0.334487
0.254670
0.370961
0.436500
0.386138
0.025813
0.484947
0.510129
0.493512
0.478045
0.823757
0.144151
1.224512
0.044315
0.519356
0.264935
0.066182
0.216763
0.616316
1.567429
0.347779
0.187033
0.203366
0.183855
0.435182
0.612125
0.361637
0.325086
0.424035
0.390469
0.281156
0.131501
0.368511
0.305652
0.438878
0.811628
0.859273
0.242058
0.094525
0.323603
0.163053
0.356562
0.309315
0.273759
1.135623
0.536407
0.388875
0.263582
0.400960
0.341930
0.375359
0.559462
0.592937
0.221339
0.340270
0.357255
0.202050
0.078925
0.845689
0.399642
0.433262
0.316756
0.213376
0.267407
0.181165
0.480145
0.354661
0.053692
1.424448
0.170760
0.061063
0.157965
0.424659
0.326079
0.626415
0.132183
0.311412
0.591853
0.736524
0.101661
0.297474
1.375007
0.329442
0.472610
0.505781
0.241475
0.336974
0.617019
0.275884
0.421647
0.924014
0.842891
1.820492
1.109614
1.125271
1.279567
0.216724
0.828337
0.363176
1.329364
1.453731
0.669556
0.891675
0.580361
0.744188
1.173382
0.894604
1.644506
0.297029
1.320894
0.431701
1.269879
0.789461
1.160937
0.552961
0.662315
1.218589
0.950547
1.214066
1.400792
0.799640
0.602475
0.840671
0.534930
0.718893
0.474729
0.411930
0.833063
0.692695
1.422307
0.785045
0.370115
0.480950
0.621706
0.420344
0.753823
0.490650
0.567907
0.536003
0.470641
0.493631
0.536586
0.553707
0.694360
0.635592
0.553043
0.565713
0.645215
0.427403
0.513628
0.479069
0.540696
0.372399
0.422110
0.435313
0.317359
0.290031
0.402336
0.444188
0.418544
0.377004
0.475642
0.380939
0.427116
0.647336
0.488759
0.421186
0.357453
0.386940
0.439705
0.343410
0.417869
0.428022
0.438777
0.432321
0.500336
0.444111
0.353297
0.488722
0.348902
0.465568
0.317717
0.391335
0.462001
0.399296
0.499726
0.420911
0.362283
0.503667
0.441047
0.360896
0.467062
0.381576
0.609803
0.270328
0.294474
0.251365
0.359473
0.356723
0.397169
0.263287
0.165547
0.166999
0.241628
0.283496
0.239981
0.554445
0.353527
0.362959
0.412799
0.426221
0.298675
0.495385
0.347810
0.139043
0.534775
0.469268
0.490601
0.218745
0.490577
0.418756
0.382414
0.222282
0.284578
0.353641
0.324560
0.321489
0.355716
0.496018
0.446115
0.217618
0.389605
0.316917
0.381470
0.323598
0.501349
0.474376
0.444277
0.230108
0.309220
0.302720
0.239810
0.219649
0.708554
0.081658
0.266644
0.006390
0.412114
0.484295
0.488591
0.561715
3.952928
0.598262
0.033898
0.171605
0.473138
0.434799
0.428023
1.041743
0.611589
0.037055
0.377833
1.073668
0.116512
0.006902
0.413229
0.059329
0.097095
0.546431
0.489386
0.439666
1.755881
0.214761
0.265653
0.263812
0.080625
0.409817
0.342884
0.843030
0.285893
0.453224
0.218361
0.282387
0.112841
0.511235
0.005312
0.438538
0.209772
0.155956
0.576870
0.419177
0.365546
0.170562
0.077208
0.416266
0.250520
0.706058
0.640595
0.576386
0.401801
0.237504
0.531585
0.177288
0.414905
0.009069
0.649577
0.211233
0.466385
0.468469
0.660130
0.297882
0.283523
0.110139
0.227646
0.139312
0.194601
0.120007
0.456541
0.535287
0.643463
0.064175
0.306745
0.283148
0.827783
0.307250
0.276140
0.384841
0.307555
0.156296
0.136226
0.311777
0.319928
0.239481
0.889776
0.172273
0.470849
0.373417
0.181472
0.448162
0.286212
0.904018
0.392745
0.410528
0.595013
0.268359
0.245535
0.514202
0.397799
0.331613
0.253041
0.368636
0.437195
0.386432
0.026651
0.485699
0.510001
0.496101
0.476305
0.825909
0.143409
1.225919
0.043478
0.519566
0.263062
0.065001
0.215999
0.616899
1.574150
0.347786
0.186708
0.203215
0.184580
0.432954
0.610779
0.361832
0.324169
0.424698
0.391087
0.278746
0.131600
0.367849
0.304758
0.440468
0.812726
0.860445
0.241270
0.093947
0.324615
0.161834
0.356530
0.307413
0.272883
1.137371
0.537124
0.389560
0.261526
0.399333
0.343078
0.375617
0.559674
0.589816
0.220732
0.339766
0.356297
0.200601
0.077686
0.846345
0.399483
0.435261
0.315708
0.212755
0.268704
0.181124
0.481046
0.354060
0.053104
1.426286
0.170302
0.060487
0.158407
0.424625
0.326914
0.626895
0.131992
0.311336
0.593659
0.738196
0.100790
0.297333
1.378744
0.329577
0.473967
0.507584
0.241380
0.338032
0.617695
0.276195
0.422533
0.925460
0.844874
1.823684
1.111327
1.127908
1.281515
0.216831
0.829720
0.363515
1.331582
1.456315
0.671036
0.893270
0.579640
0.745274
1.175745
0.896283
1.646884
0.297994
1.322944
0.430789
1.272171
0.791139
1.162783
0.554677
0.662663
1.220206
0.950179
1.215666
1.402791
0.799319
0.602294
0.840360
0.534965
0.718675
0.474576
0.411821
0.832006
0.692006
1.421022
0.784620
0.369969
0.480915
0.621934
0.420323
0.753586
0.490293
0.567766
0.535888
0.470871
0.493483
0.536457
0.553365
0.694112
0.635045
0.552985
0.565577
0.645032
0.427336
0.513469
0.479153
0.540625
0.372380
0.421819
0.435025
0.317549
0.289990
0.402128
0.444050
0.418184
0.377003
0.475823
0.380828
0.427389
0.647812
0.488909
0.421095
0.357488
0.386776
0.439515
0.343189
0.417847
0.427816
0.438681
0.431920
0.499614
0.444168
0.353189
0.488551
0.348274
0.465219
0.317158
0.390833
0.461567
0.398758
0.499532
0.420554
0.362190
0.503876
0.441351
0.360915
0.466300
0.380868
0.609155
0.269730
0.293761
0.250975
0.358946
0.356542
0.397046
0.263285
0.165349
0.166260
0.240863
0.283268
0.239699
0.554087
0.352725
0.362177
0.411996
0.425275
0.298727
0.495906
0.347696
0.138443
0.534766
0.469734
0.490655
0.218581
0.489992
0.419402
0.382456
0.222370
0.284148
0.353601
0.324390
0.320609
0.356239
0.496312
0.445995
0.217313
0.388927
0.316459
0.381304
0.323176
0.501624
0.474290
0.444719
0.229970
0.308993
0.303327
0.240788
0.218731
0.707547
0.081386
0.265615
0.006264
0.410907
0.485078
0.488685
0.560337
3.956882
0.597112
0.034221
0.171619
0.471804
0.433799
0.428189
1.042662
0.610475
0.036734
0.377543
1.074119
0.115889
0.006863
0.413271
0.059124
0.096602
0.545395
0.489923
0.439941
1.758425
0.215266
0.264994
0.262856
0.080159
0.408913
0.342064
0.844419
0.285258
0.452895
0.217857
0.282626
0.112220
0.510037
0.005354
0.438295
0.209218
0.155231
0.575511
0.419057
0.364635
0.169914
0.077332
0.416196
0.251467
0.706404
0.642105
0.575650
0.401227
0.237805
0.531924
0.177780
0.415396
0.009168
0.649371
0.211516
0.467290
0.467515
0.660162
0.298093
0.283535
0.109966
0.227435
0.139320
0.194411
0.119918
0.456709
0.534841
0.644668
0.064614
0.306795
0.283092
0.827811
0.306342
0.275457
0.384493
0.307664
0.155839
0.136223
0.311499
0.319988
0.239002
0.890521
0.171996
0.470512
0.374017
0.180926
0.447559
0.286440
0.903655
0.392219
0.410824
0.595442
0.268021
0.245348
0.514225
0.398306
0.330805
0.252572
0.367960
0.437399
0.386520
0.026900
0.485921
0.509965
0.496865
0.475796
0.826543
0.143194
1.226334
0.043234
0.519629
0.262514
0.064657
0.215777
0.617070
1.576126
0.347789
0.186615
0.203173
0.184792
0.432308
0.610386
0.361888
0.323904
0.424888
0.391263
0.278051
0.131630
0.367656
0.304498
0.440931
0.813041
0.860779
0.241042
0.093782
0.324905
0.161488
0.356518
0.306862
0.272628
1.137912
0.537333
0.389761
0.260926
0.398856
0.343416
0.375692
0.559735
0.588898
0.220553
0.339617
0.356014
0.200171
0.077318
0.846539
0.399434
0.435860
0.315394
0.212570
0.269092
0.181113
0.481310
0.353884
0.052932
1.426826
0.170168
0.060318
0.158539
0.424614
0.327164
0.627036
0.131936
0.311314
0.594199
0.738698
0.100546
0.297300
1.379916
0.329656
0.474583
0.508958
0.241310
0.338844
0.618220
0.276438
0.423220
0.926588
0.846425
1.826190
1.112550
1.130008
1.283082
0.216921
0.830851
0.363796
1.333423
1.458484
0.672294
0.894642
0.579015
0.746228
1.177837
0.897790
1.649037
0.298877
1.324837
0.429947
1.274332
0.792746
1.164582
0.556382
0.663018
1.221877
0.949794
1.217335
1.404992
0.798943
0.602086
0.840004
0.535000
0.718407
0.474391
0.411689
0.830700
0.691148
1.419423
0.784089
0.369788
0.480875
0.622212
0.420300
0.753294
0.489861
0.567593
0.535749
0.471145
0.493303
0.536289
0.552952
0.693796
0.634399
0.552895
0.565390
0.644777
0.427233
0.513266
0.479217
0.540508
0.372330
0.421499
0.434696
0.317766
0.289945
0.401901
0.443898
0.417790
0.377004
0.476026
0.380710
0.427692
0.648341
0.489059
0.420999
0.357529
0.386594
0.439308
0.342950
0.417826
0.427600
0.438581
0.431488
0.498838
0.444226
0.353071
0.488358
0.347627
0.464845
0.316590
0.390316
0.461119
0.398215
0.499296
0.420189
0.362081
0.504012
0.441575
0.360941
0.465592
0.380197
0.608541
0.269172
0.293103
0.250621
0.358470
0.356383
0.396941
0.263287
0.165178
0.165615
0.240201
0.283076
0.239462
0.553789
0.352054
0.361529
0.411337
0.424506
0.298772
0.496330
0.347609
0.137970
0.534765
0.470103
0.490705
0.218456
0.489543
0.419910
0.382494
0.222444
0.283818
0.353576
0.324263
0.319935
0.356643
0.496546
0.445911
0.217085
0.388418
0.316118
0.381185
0.322865
0.501834
0.474231
0.445052
0.229871
0.308829
0.303780
0.241517
0.218047
0.706808
0.081187
0.264865
0.006174
0.410038
0.485646
0.488758
0.559357
3.959754
0.596292
0.034456
0.171633
0.470835
0.433086
0.428313
1.043332
0.609689
0.036509
0.377342
1.074448
0.115452
0.006838
0.413304
0.058982
0.096261
0.544679
0.490299
0.440138
1.760201
0.215626
0.264522
0.262177
0.079837
0.408290
0.341504
0.845375
0.284826
0.452674
0.217517
0.282789
0.111802
0.509232
0.005382
0.438134
0.208851
0.154753
0.574619
0.418980
0.364044
0.169498
0.077412
0.416153
0.252067
0.706623
0.643059
0.575186
0.400865
0.237996
0.532139
0.178090
0.415706
0.009231
0.649243
0.211695
0.467863
0.466913
0.660183
0.298228
0.283543
0.109857
0.227303
0.139327
0.194292
0.119863
0.456816
0.534560
0.645431
0.064893
0.306827
0.283058
0.827833
0.305765
0.275024
0.384273
0.307734
0.155551
0.136221
0.311325
0.320028
0.238702
0.890997
0.171823
0.470303
0.374395
0.180587
0.447184
0.286585
0.903441
0.391895
0.411013
0.595719
0.267812
0.245235
0.514249
0.398638
0.330272
0.252283
0.367549
0.437527
0.386576
0.027051
0.486059
0.509946
0.497328
0.475491
0.826931
0.143064
1.226596
0.043088
0.519670
0.262185
0.064449
0.215644
0.617179
1.577328
0.347794
0.186560
0.203149
0.184925
0.431912
0.610152
0.361928
0.323743
0.425014
0.391383
0.277618
0.131651
0.367542
0.304342
0.441222
0.813249
0.861003
0.240904
0.093680
0.325096
0.161265
0.356519
0.306522
0.272475
1.138244
0.537466
0.389888
0.260561
0.398570
0.343624
0.375743
0.559780
0.588346
0.220449
0.339532
0.355847
0.199917
0.077101
0.846662
0.399411
0.436220
0.315212
0.212463
0.269329
0.181108
0.481482
0.353776
0.052826
1.427175
0.170087
0.060216
0.158622
0.424614
0.327319
0.627131
0.131904
0.311305
0.594536
0.739018
0.100379
0.297272
1.380643
0.329687
0.474896
0.509475
0.241284
0.339155
0.618418
0.276532
0.423484
0.927018
0.847020
1.827149
1.112983
1.130820
1.283689
0.216956
0.831293
0.363907
1.334143
1.459337
0.672790
0.895186
0.578770
0.746609
1.178676
0.898400
1.649924
0.299251
1.325653
0.429568
1.275297
0.793475
1.165404
0.557169
0.663184
1.222657
0.949613
1.218111
1.406043
0.798762
0.601987
0.839821
0.535013
0.718279
0.474299
0.411624
0.830052
0.690722
1.418633
0.783819
0.369700
0.480856
0.622351
0.420286
0.753151
0.489645
0.567505
0.535680
0.471281
0.493216
0.536209
0.552750
0.693638
0.634081
0.552849
0.565301
0.644651
0.427183
0.513166
0.479248
0.540447
0.372307
0.421346
0.434540
0.317868
0.289925
0.401791
0.443825
0.417604
0.377004
0.476121
0.380655
0.427836
0.648588
0.489123
0.420953
0.357547
0.386509
0.439212
0.342838
0.417817
0.427497
0.438535
0.431286
0.498475
0.444253
0.353017
0.488267
0.347325
0.464671
0.316327
0.390076
0.460913
0.397965
0.499181
0.420022
0.362031
0.504074
0.441677
0.360954
0.465274
0.379896
0.608267
0.268925
0.292812
0.250465
0.358262
0.356312
0.396896
0.263287
0.165105
0.165340
0.239920
0.282995
0.239362
0.553664
0.351775
0.361261
0.411065
0.424190
0.298790
0.496500
0.347574
0.137780
0.534763
0.470250
0.490724
0.218406
0.489365
0.420108
0.382508
0.222472
0.283689
0.353565
0.324213
0.319674
0.356799
0.496635
0.445877
0.216997
0.388222
0.315987
0.381139
0.322746
0.501913
0.474208
0.445178
0.229833
0.308767
0.303951
0.241792
0.217789
0.706529
0.081112
0.264582
0.006140
0.409711
0.485858
0.488784
0.558991
3.960798
0.595986
0.034543
0.171638
0.470478
0.432822
0.428358
1.043575
0.609399
0.036426
0.377268
1.074565
0.115292
0.006828
0.413316
0.058931
0.096137
0.544420
0.490434
0.440206
1.760832
0.215753
0.264355
0.261936
0.079721
0.408066
0.341302
0.845715
0.284671
0.452594
0.217395
0.282847
0.111653
0.508946
0.005393
0.438077
0.208723
0.154586
0.574308
0.418953
0.363841
0.169356
0.077440
0.416138
0.252269
0.706696
0.643378
0.575030
0.400744
0.238059
0.532209
0.178193
0.415809
0.009253
0.649199
0.211755
0.468052
0.466713
0.660190
0.298272
0.283546
0.109821
0.227259
0.139328
0.194253
0.119844
0.456851
0.534466
0.645683
0.064986
0.306838
0.283046
0.827839
0.305573
0.274879
0.384199
0.307757
0.155455
0.136221
0.311267
0.320041
0.238603
0.891150
0.171766
0.470233
0.374519
0.180474
0.447060
0.286632
0.903365
0.391788
0.411073
0.595806
0.267745
0.245198
0.514255
0.398741
0.330106
0.252190
0.367417
0.437566
0.386593
0.027099
0.486101
0.509939
0.497473
0.475393
0.827050
0.143024
1.226671
0.043042
0.519682
0.262080
0.064384
0.215602
0.617210
1.577698
0.347795
0.186542
0.203142
0.184966
0.431790
0.610076
0.361939
0.323691
0.425052
0.391417
0.277481
0.131657
0.367505
0.304292
0.441312
0.813310
0.861068
0.240860
0.093648
0.325153
0.161196
0.356517
0.306414
0.272426
1.138324
0.537506
0.389926
0.260445
0.398478
0.343689
0.375757
0.559791
0.588172
0.220415
0.339504
0.355795
0.199837
0.077034
0.846697
0.399402
0.436328
0.315156
0.212430
0.269398
0.181106
0.481529
0.353744
0.052795
1.427269
0.170063
0.060186
0.158645
0.424612
0.327362
0.627156
0.131894
0.311301
0.594630
0.739105
0.100334
0.297264
1.380839
0.329696
0.474974
0.509601
0.241280
0.339226
0.618464
0.276553
0.423542
0.927113
0.847152
1.827358
1.113035
1.130995
1.283813
0.216963
0.831373
0.363926
1.334255
1.459460
0.672857
0.895258
0.578738
0.746661
1.178790
0.898483
1.650044
0.299301
1.325761
0.429519
1.275422
0.793569
1.165511
0.557271
0.663205
1.222757
0.949590
1.218193
1.406175
0.798739
0.601974
0.839799
0.535015
0.718262
0.474287
0.411616
0.829969
0.690668
1.418534
0.783785
0.369689
0.480853
0.622368
0.420285
0.753133
0.489619
0.567494
0.535672
0.471299
0.493205
0.536199
0.552724
0.693618
0.634038
0.552842
0.565289
0.644631
0.427177
0.513153
0.479252
0.540431
0.372304
0.421326
0.434518
0.317880
0.289922
0.401773
0.443812
0.417578
0.376998
0.476120
0.380640
0.427815
0.648422
0.489068
0.421016
0.357523
0.386627
0.439347
0.342994
0.417831
0.427640
0.438600
0.431567
0.498981
0.444216
0.353093
0.488393
0.347744
0.464913
0.316691
0.390407
0.461197
0.398308
0.499334
0.420250
0.362099
0.503989
0.441540
0.360937
0.465704
0.380301
0.608636
0.269256
0.293200
0.250672
0.358537
0.356404
0.396955
0.263286
0.165201
0.165698
0.240284
0.283099
0.239490
0.553824
0.352131
0.361602
0.411408
0.424587
0.298767
0.496289
0.347618
0.138014
0.534765
0.470071
0.490701
0.218467
0.489581
0.419868
0.382491
0.222438
0.283844
0.353578
0.324273
0.319987
0.356613
0.496529
0.445917
0.217102
0.388456
0.316143
0.381194
0.322886
0.501820
0.474235
0.445031
0.229877
0.308840
0.303751
0.241471
0.218091
0.706856
0.081200
0.264911
0.006179
0.410089
0.485615
0.488754
0.559410
3.959608
0.596337
0.034443
0.171632
0.470888
0.433124
0.428307
1.043299
0.609730
0.036520
0.377352
1.074432
0.115472
0.006839
0.413303
0.058988
0.096276
0.544709
0.490285
0.440130
1.760134
0.215611
0.264541
0.262205
0.079850
0.408316
0.341526
0.845340
0.284843
0.452682
0.217529
0.282783
0.111816
0.509258
0.005381
0.438139
0.208861
0.154765
0.574639
0.418981
0.364054
0.169504
0.077412
0.416153
0.252063
0.706622
0.643055
0.575188
0.400867
0.237995
0.532138
0.178089
0.415705
0.009231
0.649244
0.211695
0.467860
0.466917
0.660183
0.298227
0.283543
0.109858
0.227304
0.139327
0.194293
0.119863
0.456815
0.534562
0.645427
0.064891
0.306827
0.283058
0.827833
0.305771
0.275028
0.384275
0.307733
0.155553
0.136221
0.311326
0.320028
0.238703
0.890997
0.171824
0.470303
0.374395
0.180586
0.447184
0.286585
0.903441
0.391893
0.411014
0.595720
0.267811
0.245234
0.514249
0.398641
0.330267
0.252280
0.367545
0.437529
0.386577
0.027053
0.486061
0.509946
0.497335
0.475486
0.826936
0.143063
1.226600
0.043086
0.519670
0.262180
0.064446
0.215642
0.617181
1.577347
0.347795
0.186559
0.203149
0.184927
0.431908
0.610149
0.361929
0.323741
0.425016
0.391384
0.277614
0.131651
0.367541
0.304340
0.441226
0.813252
0.861006
0.240902
0.093679
0.325098
0.161262
0.356519
0.306518
0.272473
1.138247
0.537468
0.389890
0.260556
0.398566
0.343628
0.375744
0.559781
0.588337
0.220447
0.339530
0.355844
0.199911
0.077096
0.846665
0.399410
0.436231
0.315207
0.212460
0.269336
0.181108
0.481487
0.353773
0.052823
1.427186
0.170084
0.060212
0.158624
0.424614
0.327323
0.627134
0.131903
0.311304
0.594546
0.739027
0.100374
0.297272
1.380661
0.329687
0.474902
0.509484
0.241284
0.339158
0.618420
0.276532
0.423485
0.927019
0.847019
1.827144
1.112963
1.130807
1.283675
0.216955
0.831278
0.363903
1.334110
1.459292
0.672760
0.895149
0.578789
0.746578
1.178602
0.898341
1.649833
0.299210
1.325557
0.429615
1.275172
0.793375
1.165283
0.557046
0.663156
1.222521
0.949647
1.217957
1.405833
0.798801
0.602009
0.839861
0.535009
0.718309
0.474320
0.411641
0.830212
0.690828
1.418824
0.783884
0.369722
0.480860
0.622317
0.420290
0.753186
0.489697
0.567527
0.535696
0.471249
0.493236
0.536227
0.552796
0.693676
0.634155
0.552860
0.565321
0.644679
0.427194
0.513189
0.479241
0.540459
0.372312
0.421379
0.434572
0.317846
0.289929
0.401814
0.443840
0.417642
0.377003
0.476103
0.380666
0.427807
0.648539
0.489109
0.420962
0.357544
0.386527
0.439231
0.342860
0.417819
0.427517
0.438544
0.431326
0.498545
0.444248
0.353028
0.488284
0.347381
0.464703
0.316374
0.390119
0.460949
0.398007
0.499197
0.420050
0.362039
0.504064
0.441662
0.360952
0.465320
0.379938
0.608304
0.268957
0.292849
0.250484
0.358286
0.356320
0.396900
0.263287
0.165112
0.165365
0.239944
0.283001
0.239369
0.553673
0.351793
0.361277
0.411079
0.424205
0.298790
0.496495
0.347575
0.137785
0.534764
0.470248
0.490724
0.218407
0.489366
0.420109
0.382508
0.222472
0.283689
0.353565
0.324213
0.319671
0.356801
0.496637
0.445876
0.216995
0.388218
0.315984
0.381138
0.322742
0.501916
0.474207
0.445183
0.229831
0.308765
0.303959
0.241804
0.217779
0.706517
0.081109
0.264568
0.006138
0.409693
0.485871
0.488785
0.558967
3.960880
0.595967
0.034548
0.171638
0.470455
0.432804
0.428361
1.043594
0.609377
0.036420
0.377262
1.074576
0.115279
0.006828
0.413317
0.058926
0.096125
0.544394
0.490448
0.440214
1.760902
0.215767
0.264339
0.261912
0.079710
0.408043
0.341280
0.845756
0.284654
0.452586
0.217381
0.282854
0.111635
0.508910
0.005394
0.438070
0.208705
0.154561
0.574261
0.418949
0.363807
0.169331
0.077445
0.416135
0.252309
0.706712
0.643444
0.574999
0.400720
0.238073
0.532225
0.178215
0.415832
0.009257
0.649191
0.211768
0.468094
0.466671
0.660192
0.298282
0.283547
0.109814
0.227250
0.139329
0.194244
0.119841
0.456859
0.534447
0.645738
0.065005
0.306841
0.283044
0.827841
0.305533
0.274850
0.384185
0.307762
0.155435
0.136221
0.311256
0.320044
0.238582
0.891187
0.171754
0.470219
0.374547
0.180450
0.447033
0.286643
0.903352
0.391763
0.411088
0.595828
0.267729
0.245189
0.514257
0.398768
0.330066
0.252167
0.367383
0.437578
0.386598
0.027112
0.486114
0.509938
0.497515
0.475367
0.827086
0.143012
1.226699
0.043029
0.519686
0.262051
0.064366
0.215590
0.617222
1.577811
0.347796
0.186537
0.203139
0.184979
0.431752
0.610056
0.361943
0.323677
0.425063
0.391428
0.277446
0.131659
0.367496
0.304279
0.441337
0.813328
0.861088
0.240848
0.093639
0.325169
0.161178
0.356517
0.306386
0.272413
1.138363
0.537519
0.389938
0.260414
0.398454
0.343708
0.375762
0.559796
0.588123
0.220406
0.339496
0.355780
0.199814
0.077013
0.846710
0.399400
0.436365
0.315138
0.212419
0.269423
0.181106
0.481547
0.353734
0.052784
1.427307
0.170055
0.060175
0.158654
0.424613
0.327379
0.627167
0.131891
0.311300
0.594667
0.739140
0.100317
0.297263
1.380917
0.329699
0.475007
0.509655
0.241275
0.339262
0.618487
0.276564
0.423575
0.927166
0.847224
1.827478
1.113088
1.131097
1.283896
0.216969
0.831442
0.363944
1.334385
1.459622
0.672956
0.895367
0.578689
0.746735
1.178952
0.898599
1.650210
0.299369
1.325907
0.429454
1.275589
0.793693
1.165649
0.557401
0.663233
1.222885
0.949561
1.218323
1.406343
0.798710
0.601957
0.839772
0.535018
0.718244
0.474274
0.411606
0.829873
0.690603
1.418418
0.783746
0.369677
0.480851
0.622388
0.420284
0.753112
0.489588
0.567482
0.535663
0.471319
0.493192
0.536188
0.552694
0.693596
0.633992
0.552836
0.565276
0.644616
0.427170
0.513138
0.479258
0.540429
0.372301
0.421303
0.434495
0.317898
0.289920
0.401759
0.443805
0.417550
0.377005
0.476149
0.380640
0.427877
0.648660
0.489139
0.420940
0.357553
0.386485
0.439184
0.342805
0.417814
0.427467
0.438521
0.431229
0.498369
0.444261
0.353002
0.488241
0.347236
0.464621
0.316249
0.390006
0.460852
0.397891
0.499140
0.419973
0.362017
0.504089
0.441707
0.360957
0.465178
0.379804
0.608183
0.268849
0.292723
0.250417
0.358197
0.356291
0.396882
0.263288
0.165082
0.165253
0.239831
0.282969
0.239330
0.553624
0.351684
0.361174
0.410976
0.424087
0.298797
0.496558
0.347562
0.137717
0.534764
0.470300
0.490731
0.218390
0.489305
0.420176
0.382513
0.222482
0.283645
0.353562
0.324197
0.319585
0.356852
0.496665
0.445865
0.216967
0.388154
0.315942
0.381124
0.322704
0.501941
0.474200
0.445222
0.229820
0.308746
0.304011
0.241888
0.217699
0.706431
0.081086
0.264482
0.006128
0.409595
0.485933
0.488793
0.558861
3.961179
0.595877
0.034574
0.171639
0.470351
0.432728
0.428374
1.043664
0.609294
0.036397
0.377242
1.074609
0.115235
0.006825
0.413320
0.058912
0.096092
0.544325
0.490484
0.440233
1.761066
0.215800
0.264294
0.261847
0.079679
0.407984
0.341228
0.845844
0.284614
0.452565
0.217350
0.282869
0.111598
0.508839
0.005396
0.438057
0.208674
0.154522
0.574191
0.418943
0.363764
0.169302
0.077451
0.416133
0.252348
0.706726
0.643503
0.574970
0.400697
0.238084
0.532238
0.178234
0.415850
0.009261
0.649183
0.211779
0.468129
0.466633
0.660194
0.298291
0.283547
0.109807
0.227241
0.139330
0.194237
0.119837
0.456866
0.534429
0.645785
0.065023
0.306843
0.283042
0.827843
0.305495
0.274822
0.384170
0.307767
0.155417
0.136221
0.311245
0.320047
0.238564
0.891215
0.171744
0.470207
0.374569
0.180430
0.447012
0.286651
0.903339
0.391746
0.411098
0.595842
0.267718
0.245183
0.514258
0.398783
0.330040
0.252153
0.367363
0.437584
0.386601
0.027119
0.486120
0.509937
0.497535
0.475354
0.827102
0.143007
1.226709
0.043022
0.519688
0.262036
0.064357
0.215584
0.617226
1.577862
0.347796
0.186535
0.203138
0.184985
0.431734
0.610045
0.361945
0.323670
0.425069
0.391433
0.277426
0.131660
0.367490
0.304272
0.441350
0.813338
0.861098
0.240842
0.093635
0.325178
0.161168
0.356517
0.306371
0.272407
1.138367
0.537524
0.389943
0.260398
0.398441
0.343716
0.375764
0.559798
0.588100
0.220402
0.339493
0.355773
0.199805
0.077006
0.846714
0.399400
0.436375
0.315132
0.212416
0.269429
0.181106
0.481552
0.353731
0.052782
1.427317
0.170053
0.060172
0.158656
0.424613
0.327383
0.627169
0.131890
0.311300
0.594676
0.739149
0.100312
0.297262
1.380939
0.329700
0.475017
0.509673
0.241275
0.339273
0.618495
0.276568
0.423587
0.927186
0.847254
1.827530
1.113067
1.131149
1.283938
0.216971
0.831478
0.363954
1.334450
1.459706
0.673009
0.895428
0.578659
0.746782
1.179062
0.898683
1.650337
0.299426
1.326033
0.429393
1.275750
0.793819
1.165799
0.557551
0.663266
1.223046
0.949523
1.218483
1.406583
0.798667
0.601931
0.839728
0.535023
0.718212
0.474250
0.411589
0.829698
0.690489
1.418206
0.783675
0.369653
0.480846
0.622425
0.420281
0.753074
0.489533
0.567460
0.535647
0.471355
0.493169
0.536167
0.552641
0.693556
0.633912
0.552825
0.565253
0.644584
0.427156
0.513114
0.479265
0.540413
0.372295
0.421266
0.434458
0.317923
0.289915
0.401732
0.443787
0.417507
0.377003
0.476171
0.380627
0.427910
0.648717
0.489150
0.420930
0.357557
0.386464
0.439162
0.342780
0.417812
0.427443
0.438510
0.431181
0.498287
0.444266
0.352990
0.488221
0.347171
0.464583
0.316193
0.389955
0.460808
0.397840
0.499108
0.419940
0.362007
0.504096
0.441726
0.360959
0.465120
0.379750
0.608134
0.268808
0.292675
0.250392
0.358165
0.356281
0.396875
0.263288
0.165072
0.165216
0.239794
0.282958
0.239318
0.553608
0.351652
0.361145
0.410949
0.424058
0.298798
0.496572
0.347560
0.137702
0.534763
0.470309
0.490732
0.218387
0.489295
0.420186
0.382514
0.222483
0.283639
0.353562
0.324195
0.319573
0.356858
0.496668
0.445864
0.216964
0.388148
0.315937
0.381122
0.322701
0.501943
0.474200
0.445225
0.229819
0.308744
0.304014
0.241893
0.217694
0.706426
0.081085
0.264479
0.006128
0.409594
0.485933
0.488793
0.558863
3.961156
0.595879
0.034573
0.171639
0.470352
0.432730
0.428374
1.043658
0.609298
0.036398
0.377243
1.074606
0.115239
0.006825
0.413320
0.058914
0.096096
0.544335
0.490478
0.440229
1.761037
0.215795
0.264300
0.261856
0.079683
0.407993
0.341236
0.845826
0.284621
0.452569
0.217356
0.282866
0.111606
0.508857
0.005396
0.438060
0.208684
0.154535
0.574217
0.418945
0.363784
0.169317
0.077447
0.416134
0.252322
0.706716
0.643460
0.574990
0.400714
0.238076
0.532227
0.178219
0.415836
0.009258
0.649189
0.211771
0.468103
0.466660
0.660192
0.298285
0.283547
0.109812
0.227247
0.139330
0.194242
0.119840
0.456860
0.534442
0.645751
0.065011
0.306841
0.283043
0.827837
0.305519
0.274840
0.384179
0.307763
0.155430
0.136221
0.311252
0.320044
0.238578
0.891168
0.171752
0.470215
0.374544
0.180448
0.447032
0.286637
0.903283
0.391774
0.411060
0.595721
0.267934
0.245308
0.514240
0.398445
0.330582
0.252458
0.367800
0.437449
0.386542
0.026958
0.485975
0.509959
0.497042
0.475681
0.826692
0.143145
1.226438
0.043179
0.519645
0.262391
0.064579
0.215727
0.617113
1.576581
0.347792
0.186595
0.203164
0.184843
0.432160
0.610301
0.361905
0.323844
0.424939
0.391312
0.277887
0.131638
0.367615
0.304441
0.441043
0.813125
0.860871
0.240991
0.093743
0.324981
0.161400
0.356521
0.306734
0.272572
1.138031
0.537385
0.389810
0.260790
0.398750
0.343495
0.375713
0.559755
0.588693
0.220515
0.339586
0.355952
0.200076
0.077236
0.846589
0.399427
0.436000
0.315326
0.212530
0.269186
0.181112
0.481383
0.353841
0.052889
1.426973
0.170136
0.060277
0.158573
0.424617
0.327226
0.627078
0.131924
0.311312
0.594337
0.738833
0.100473
0.297287
1.380224
0.329668
0.474723
0.509196
0.241298
0.338988
0.618310
0.276481
0.423341
0.926784
0.846696
1.826623
1.112651
1.130371
1.283351
0.216936
0.831045
0.363844
1.333731
1.458847
0.672504
0.894869
0.578915
0.746385
1.178179
0.898038
1.649399
0.299031
1.325175
0.429786
1.274733
0.793050
1.164922
0.556703
0.663085
1.222188
0.949722
1.217609
1.405401
0.798874
0.602047
0.839934
0.535005
0.718359
0.474357
0.411664
0.830460
0.690992
1.419127
0.783988
0.369756
0.480867
0.622263
0.420294
0.753240
0.489780
0.567560
0.535723
0.471196
0.493271
0.536259
0.552876
0.693737
0.634281
0.552877
0.565357
0.644726
0.427214
0.513228
0.479229
0.540482
0.372322
0.421441
0.434636
0.317805
0.289936
0.401858
0.443871
0.417719
0.377003
0.476063
0.380689
0.427746
0.648435
0.489074
0.420981
0.357535
0.386561
0.439271
0.342907
0.417823
0.427561
0.438564
0.431410
0.498698
0.444236
0.353051
0.488323
0.347509
0.464777
0.316487
0.390222
0.461037
0.398116
0.499235
0.420122
0.362062
0.504028
0.441616
0.360946
0.465463
0.380074
0.608428
0.269070
0.292983
0.250556
0.358383
0.356353
0.396922
0.263287
0.165147
0.165498
0.240081
0.283041
0.239419
0.553734
0.351933
0.361412
0.411217
0.424367
0.298780
0.496406
0.347594
0.137884
0.534764
0.470170
0.490713
0.218433
0.489461
0.420001
0.382501
0.222457
0.283758
0.353571
0.324240
0.319814
0.356715
0.496587
0.445895
0.217044
0.388327
0.316056
0.381164
0.322809
0.501872
0.474220
0.445112
0.229853
0.308800
0.303862
0.241648
0.217924
0.706675
0.081151
0.264729
0.006158
0.409880
0.485749
0.488770
0.559179
3.960261
0.596144
0.034498
0.171635
0.470662
0.432958
0.428335
1.043451
0.609547
0.036468
0.377306
1.074506
0.115373
0.006833
0.413310
0.058957
0.096199
0.544549
0.490367
0.440172
1.760519
0.215690
0.264439
0.262057
0.079779
0.408178
0.341403
0.845547
0.284748
0.452634
0.217455
0.282819
0.111727
0.509086
0.005388
0.438105
0.208785
0.154666
0.574457
0.418966
0.363938
0.169423
0.077427
0.416145
0.252176
0.706663
0.643232
0.575102
0.400800
0.238030
0.532177
0.178146
0.415763
0.009243
0.649220
0.211728
0.467966
0.466804
0.660187
0.298252
0.283545
0.109838
0.227279
0.139328
0.194270
0.119853
0.456835
0.534509
0.645568
0.064943
0.306833
0.283052
0.827836
0.305661
0.274946
0.384233
0.307746
0.155499
0.136221
0.311294
0.320035
0.238648
0.891081
0.171792
0.470265
0.374463
0.180525
0.447116
0.286611
0.903397
0.391836
0.411047
0.595768
0.267775
0.245214
0.514253
0.398696
0.330179
0.252231
0.367475
0.437550
0.386586
0.027078
0.486083
0.509943
0.497411
0.475435
0.826999
0.143041
1.226637
0.043062
0.519677
0.262125
0.064412
0.215620
0.617198
1.577543
0.347795
0.186550
0.203145
0.184949
0.431841
0.610109
0.361935
0.323713
0.425036
0.391403
0.277541
0.131654
0.367521
0.304314
0.441273
0.813284
0.861040
0.240879
0.093662
0.325128
0.161226
0.356518
0.306461
0.272448
1.138272
0.537490
0.389910
0.260496
0.398518
0.343661
0.375752
0.559787
0.588247
0.220430
0.339516
0.355817
0.199871
0.077062
0.846683
0.399406
0.436284
0.315179
0.212443
0.269370
0.181107
0.481511
0.353758
0.052807
1.427232
0.170073
0.060198
0.158636
0.424613
0.327345
0.627147
0.131898
0.311302
0.594593
0.739070
0.100351
0.297268
1.380759
0.329692
0.474943
0.509553
0.241280
0.339200
0.618442
0.276544
0.423518
0.927059
0.847062
1.827139
1.112875
1.130754
1.283636
0.216953
0.831250
0.363896
1.334068
1.459245
0.672734
0.895122
0.578800
0.746561
1.178566
0.898317
1.649800
0.299198
1.325533
0.429624
1.275147
0.793358
1.165267
0.557033
0.663154
1.222512
0.949648
1.217929
1.405829
0.798801
0.602009
0.839861
0.535010
0.718308
0.474319
0.411640
0.830205
0.690824
1.418816
0.783881
0.369721
0.480860
0.622318
0.420290
0.753185
0.489695
0.567526
0.535696
0.471250
0.493235
0.536226
0.552795
0.693675
0.634153
0.552859
0.565320
0.644678
0.427194
0.513189
0.479241
0.540457
0.372312
0.421378
0.434572
0.317846
0.289929
0.401814
0.443840
0.417643
0.377003
0.476102
0.380667
0.427807
0.648538
0.489102
0.420962
0.357543
0.386527
0.439231
0.342861
0.417819
0.427517
0.438544
0.431327
0.498547
0.444247
0.353028
0.488285
0.347383
0.464704
0.316376
0.390121
0.460951
0.398011
0.499186
0.420052
0.362040
0.504056
0.441660
0.360951
0.465326
0.379945
0.608310
0.268963
0.292856
0.250488
0.358292
0.356322
0.396902
0.263287
0.165115
0.165375
0.239955
0.283004
0.239373
0.553677
0.351805
0.361289
0.411092
0.424221
0.298789
0.496486
0.347577
0.137795
0.534764
0.470239
0.490722
0.218410
0.489377
0.420096
0.382508
0.222470
0.283697
0.353566
0.324216
0.319689
0.356790
0.496630
0.445879
0.217001
0.388232
0.315993
0.381141
0.322751
0.501910
0.474209
0.445174
0.229834
0.308769
0.303945
0.241783
0.217798
0.706538
0.081115
0.264591
0.006141
0.409719
0.485854
0.488783
0.558998
3.960782
0.595992
0.034541
0.171638
0.470485
0.432826
0.428357
1.043572
0.609402
0.036427
0.377269
1.074565
0.115293
0.006828
0.413316
0.058931
0.096137
0.544419
0.490435
0.440207
1.760840
0.215754
0.264354
0.261935
0.079721
0.408064
0.341300
0.845721
0.284669
0.452593
0.217393
0.282848
0.111650
0.508940
0.005393
0.438076
0.208719
0.154579
0.574295
0.418952
0.363831
0.169348
0.077442
0.416137
0.252284
0.706702
0.643403
0.575019
0.400735
0.238064
0.532216
0.178201
0.415818
0.009254
0.649196
0.211760
0.468069
0.466696
0.660191
0.298276
0.283546
0.109818
0.227255
0.139329
0.194249
0.119843
0.456854
0.534459
0.645705
0.064994
0.306839
0.283046
0.827839
0.305557
0.274868
0.384194
0.307759
0.155448
0.136221
0.311263
0.320042
0.238595
0.891163
0.171761
0.470228
0.374530
0.180465
0.447050
0.286637
0.903357
0.391778
0.411079
0.595815
0.267738
0.245194
0.514256
0.398752
0.330089
0.252180
0.367402
0.437571
0.386595
0.027105
0.486106
0.509938
0.497491
0.475381
0.827063
0.143019
1.226677
0.043036
0.519682
0.262069
0.064376
0.215596
0.617213
1.577738
0.347795
0.186540
0.203142
0.184968
0.431781
0.610071
0.361941
0.323685
0.425056
0.391421
0.277466
0.131658
0.367500
0.304286
0.441323
0.813318
0.861076
0.240855
0.093644
0.325161
0.161188
0.356517
0.306402
0.272420
1.138326
0.537512
0.389932
0.260431
0.398467
0.343697
0.375759
0.559793
0.588149
0.220411
0.339500
0.355787
0.199826
0.077024
0.846703
0.399401
0.436346
0.315147
0.212424
0.269410
0.181106
0.481537
0.353739
0.052790
1.427284
0.170059
0.060181
0.158648
0.424611
0.327368
0.627158
0.131893
0.311300
0.594639
0.739112
0.100335
0.297268
1.380852
0.329698
0.474974
0.509592
0.241280
0.339219
0.618461
0.276551
0.423538
0.927107
0.847143
1.827346
1.112965
1.130986
1.283813
0.216964
0.831383
0.363930
1.334288
1.459509
0.672891
0.895297
0.578720
0.746686
1.178846
0.898524
1.650101
0.299326
1.325812
0.429494
1.275482
0.793615
1.165560
0.557321
0.663215
1.222799
0.949575
1.218217
1.406211
0.798743
0.601978
0.839806
0.535015
0.718267
0.474291
0.411619
0.829990
0.690681
1.418558
0.783794
0.369692
0.480854
0.622364
0.420285
0.753138
0.489625
0.567498
0.535674
0.471295
0.493208
0.536202
0.552731
0.693624
0.634050
0.552845
0.565293
0.644639
0.427179
0.513157
0.479252
0.540440
0.372305
0.421332
0.434524
0.317878
0.289923
0.401780
0.443818
0.417587
0.377004
0.476131
0.380650
0.427850
0.648611
0.489121
0.420949
0.357549
0.386502
0.439203
0.342827
0.417817
0.427487
0.438530
0.431268
0.498442
0.444256
0.353012
0.488259
0.347297
0.464655
0.316302
0.390055
0.460894
0.397942
0.499154
0.420008
0.362027
0.504072
0.441686
0.360954
0.465246
0.379869
0.608243
0.268903
0.292787
0.250452
0.358244
0.356306
0.396892
0.263287
0.165099
0.165317
0.239897
0.282988
0.239354
0.553653
0.351752
0.361239
0.411043
0.424166
0.298792
0.496515
0.347571
0.137765
0.534763
0.470262
0.490726
0.218403
0.489351
0.420124
0.382509
0.222474
0.283679
0.353565
0.324210
0.319654
0.356810
0.496642
0.445874
0.216990
0.388207
0.315977
0.381136
0.322737
0.501919
0.474206
0.445188
0.229830
0.308762
0.303964
0.241813
0.217770
0.706508
0.081107
0.264561
0.006138
0.409687
0.485874
0.488786
0.558964
3.960883
0.595964
0.034549
0.171638
0.470452
0.432803
0.428361
1.043594
0.609377
0.036420
0.377263
1.074575
0.115281
0.006828
0.413317
0.058927
0.096128
0.544401
0.490444
0.440212
1.760879
0.215763
0.264343
0.261918
0.079713
0.408050
0.341287
0.845742
0.284660
0.452589
0.217386
0.282852
0.111642
0.508925
0.005393
0.438074
0.208714
0.154573
0.574286
0.418951
0.363827
0.169347
0.077442
0.416137
0.252283
0.706702
0.643400
0.575020
0.400736
0.238064
0.532215
0.178200
0.415817
0.009254
0.649197
0.211760
0.468067
0.466698
0.660192
0.298276
0.283546
0.109819
0.227255
0.139329
0.194249
0.119843
0.456854
0.534460
0.645703
0.064993
0.306839
0.283046
0.827841
0.305557
0.274868
0.384194
0.307759
0.155448
0.136221
0.311263
0.320042
0.238596
0.891164
0.171762
0.470229
0.374528
0.180467
0.447052
0.286635
0.903363
0.391781
0.411078
0.595813
0.267740
0.245196
0.514256
0.398749
0.330096
0.252184
0.367408
0.437570
0.386595
0.027103
0.486105
0.509939
0.497485
0.475387
0.827061
0.143021
1.226682
0.043038
0.519683
0.262072
0.064379
0.215599
0.617215
1.577732
0.347796
0.186541
0.203141
0.184970
0.431776
0.610071
0.361941
0.323687
0.425055
0.391421
0.277472
0.131658
0.367503
0.304289
0.441319
0.813316
0.861075
0.240857
0.093646
0.325158
0.161192
0.356518
0.306407
0.272423
1.138332
0.537510
0.389930
0.260437
0.398473
0.343694
0.375759
0.559794
0.588160
0.220413
0.339502
0.355791
0.199832
0.077029
0.846701
0.399402
0.436337
0.315152
0.212428
0.269404
0.181107
0.481534
0.353743
0.052793
1.427281
0.170061
0.060183
0.158648
0.424613
0.327367
0.627160
0.131893
0.311301
0.594641
0.739116
0.100329
0.297265
1.380866
0.329697
0.474988
0.509624
0.241277
0.339245
0.618477
0.276559
0.423562
0.927146
0.847200
1.827442
1.112985
1.131075
1.283884
0.216968
0.831438
0.363944
1.334386
1.459629
0.672964
0.895379
0.578681
0.746748
1.178987
0.898629
1.650261
0.299394
1.325966
0.429424
1.275673
0.793761
1.165734
0.557490
0.663253
1.222988
0.949536
1.218415
1.406506
0.798679
0.601938
0.839741
0.535021
0.718220
0.474256
0.411594
0.829742
0.690518
1.418260
0.783692
0.369659
0.480847
0.622416
0.420282
0.753084
0.489547
0.567465
0.535651
0.471345
0.493175
0.536173
0.552656
0.693567
0.633934
0.552828
0.565260
0.644593
0.427160
0.513121
0.479263
0.540417
0.372297
0.421277
0.434469
0.317915
0.289916
0.401741
0.443792
0.417520
0.377004
0.476164
0.380631
0.427899
0.648698
0.489141
0.420934
0.357556
0.386471
0.439169
0.342788
0.417813
0.427451
0.438514
0.431197
0.498315
0.444264
0.352994
0.488228
0.347194
0.464597
0.316214
0.389975
0.460825
0.397861
0.499110
0.419954
0.362012
0.504088
0.441718
0.360959
0.465147
0.379776
0.608158
0.268828
0.292700
0.250406
0.358183
0.356286
0.396879
0.263288
0.165078
0.165240
0.239819
0.282966
0.239327
0.553620
0.351678
0.361170
0.410974
0.424087
0.298796
0.496556
0.347563
0.137721
0.534764
0.470295
0.490730
0.218392
0.489312
0.420167
0.382513
0.222480
0.283652
0.353562
0.324199
0.319599
0.356843
0.496660
0.445867
0.216972
0.388168
0.315951
0.381127
0.322713
0.501935
0.474202
0.445212
0.229823
0.308751
0.303997
0.241865
0.217721
0.706455
0.081093
0.264508
0.006131
0.409628
0.485911
0.488790
0.558901
3.961056
0.595911
0.034564
0.171639
0.470390
0.432758
0.428369
1.043634
0.609329
0.036407
0.377251
1.074594
0.115256
0.006826
0.413319
0.058919
0.096110
0.544363
0.490463
0.440222
1.760970
0.215782
0.264318
0.261882
0.079696
0.408017
0.341258
0.845790
0.284638
0.452578
0.217370
0.282860
0.111622
0.508888
0.005395
0.438067
0.208698
0.154554
0.574251
0.418948
0.363807
0.169333
0.077444
0.416136
0.252299
0.706708
0.643424
0.575008
0.400728
0.238068
0.532220
0.178207
0.415824
0.009256
0.649194
0.211764
0.468081
0.466682
0.660192
0.298280
0.283547
0.109816
0.227252
0.139329
0.194246
0.119842
0.456857
0.534452
0.645722
0.065000
0.306840
0.283045
0.827841
0.305541
0.274856
0.384188
0.307761
0.155441
0.136221
0.311259
0.320043
0.238589
0.891174
0.171758
0.470225
0.374536
0.180460
0.447045
0.286638
0.903357
0.391775
0.411081
0.595817
0.267737
0.245194
0.514256
0.398753
0.330088
0.252180
0.367403
0.437571
0.386595
0.027104
0.486106
0.509939
0.497488
0.475384
0.827064
0.143020
1.226682
0.043037
0.519684
0.262069
0.064377
0.215597
0.617215
1.577742
0.347796
0.186540
0.203140
0.184972
0.431771
0.610068
0.361941
0.323686
0.425057
0.391423
0.277467
0.131658
0.367501
0.304287
0.441322
0.813318
0.861077
0.240856
0.093645
0.325160
0.161189
0.356517
0.306404
0.272422
1.138317
0.537511
0.389931
0.260434
0.398470
0.343696
0.375759
0.559794
0.588156
0.220413
0.339502
0.355791
0.199832
0.077029
0.846701
0.399402
0.436336
0.315153
0.212428
0.269403
0.181107
0.481533
0.353743
0.052793
1.427279
0.170062
0.060184
0.158647
0.424613
0.327366
0.627160
0.131894
0.311301
0.594640
0.739115
0.100329
0.297265
1.380865
0.329697
0.474988
0.509627
0.241277
0.339247
0.618478
0.276561
0.423566
0.927153
0.847211
1.827460
1.112935
1.131099
1.283905
0.216970
0.831458
0.363950
1.334418
1.459678
0.672997
0.895419
0.578662
0.746778
1.179059
0.898686
1.650345
0.299433
1.326052
0.429381
1.275783
0.793851
1.165840
0.557600
0.663277
1.223096
0.949507
1.218495
1.406665
0.798645
0.601918
0.839707
0.535022
0.718193
0.474231
0.411564
0.829738
0.690430
1.418100
0.783638
0.369641
0.480843
0.622444
0.420280
0.753055
0.489505
0.567448
0.535637
0.471373
0.493157
0.536158
0.552615
0.693536
0.633872
0.552819
0.565242
0.644568
0.427151
0.513102
0.479269
0.540406
0.372293
0.421249
0.434440
0.317934
0.289912
0.401721
0.443780
0.417487
0.377003
0.476181
0.380622
0.427925
0.648742
0.489153
0.420926
0.357559
0.386456
0.439152
0.342769
0.417811
0.427433
0.438505
0.431162
0.498253
0.444269
0.352985
0.488214
0.347144
0.464569
0.316171
0.389937
0.460793
0.397822
0.499092
0.419929
0.362004
0.504095
0.441732
0.360960
0.465104
0.379736
0.608121
0.268797
0.292664
0.250387
0.358159
0.356279
0.396874
0.263288
0.165071
0.165214
0.239793
0.282959
0.239318
0.553610
0.351656
0.361150
0.410956
0.424067
0.298797
0.496564
0.347561
0.137712
0.534764
0.470301
0.490731
0.218390
0.489307
0.420172
0.382513
0.222481
0.283649
0.353562
0.324198
0.319594
0.356845
0.496661
0.445867
0.216971
0.388165
0.315949
0.381126
0.322713
0.501935
0.474202
0.445212
0.229823
0.308751
0.303996
0.241863
0.217721
0.706457
0.081093
0.264511
0.006132
0.409633
0.485907
0.488790
0.558910
3.961019
0.595918
0.034562
0.171639
0.470398
0.432764
0.428367
1.043626
0.609338
0.036409
0.377254
1.074589
0.115262
0.006827
0.413318
0.058922
0.096115
0.544375
0.490456
0.440218
1.760933
0.215775
0.264326
0.261894
0.079702
0.408029
0.341269
0.845770
0.284647
0.452582
0.217377
0.282856
0.111632
0.508908
0.005394
0.438071
0.208709
0.154568
0.574280
0.418951
0.363828
0.169349
0.077441
0.416138
0.252272
0.706698
0.643381
0.575029
0.400744
0.238059
0.532210
0.178193
0.415810
0.009253
0.649200
0.211756
0.468055
0.466709
0.660191
0.298274
0.283546
0.109821
0.227258
0.139329
0.194252
0.119844
0.456852
0.534465
0.645688
0.064988
0.306839
0.283046
0.827839
0.305565
0.274875
0.384198
0.307758
0.155454
0.136221
0.311267
0.320041
0.238603
0.891144
0.171767
0.470235
0.374517
0.180476
0.447063
0.286631
0.903354
0.391792
0.411071
0.595802
0.267748
0.245200
0.514255
0.398735
0.330116
0.252196
0.367426
0.437563
0.386591
0.027095
0.486095
0.509938
0.497456
0.475402
0.827014
0.143027
1.226541
0.043138
0.519655
0.262107
0.064391
0.215605
0.617198
1.577647
0.347793
0.186542
0.203140
0.184958
0.431795
0.610058
0.361917
0.323722
0.425041
0.391408
0.277491
0.131657
0.367507
0.304296
0.441304
0.813304
0.861060
0.240864
0.093650
0.325149
0.161202
0.356518
0.306423
0.272431
1.138253
0.537503
0.389923
0.260456
0.398487
0.343682
0.375754
0.559787
0.588190
0.220419
0.339506
0.355800
0.199849
0.077045
0.846667
0.399372
0.436123
0.315437
0.212596
0.269044
0.181115
0.481282
0.353907
0.052953
1.426767
0.170186
0.060341
0.158522
0.424620
0.327130
0.627022
0.131945
0.311319
0.594128
0.738638
0.100572
0.297302
1.379782
0.329648
0.474543
0.508904
0.241312
0.338814
0.618198
0.276429
0.423194
0.926544
0.846363
1.826087
1.112320
1.129921
1.283015
0.216917
0.830801
0.363784
1.333334
1.458380
0.672232
0.894573
0.579049
0.746178
1.177727
0.897711
1.648930
0.298837
1.324758
0.429974
1.274252
0.792690
1.164518
0.556321
0.663005
1.221813
0.949809
1.217216
1.404905
0.798958
0.602095
0.840018
0.534999
0.718418
0.474399
0.411694
0.830754
0.691183
1.419492
0.784113
0.369795
0.480877
0.622199
0.420300
0.753307
0.489880
0.567600
0.535755
0.471133
0.493310
0.536296
0.552971
0.693810
0.634427
0.552900
0.565398
0.644786
0.427237
0.513275
0.479214
0.540509
0.372332
0.421513
0.434711
0.317756
0.289947
0.401911
0.443905
0.417807
0.377003
0.476017
0.380715
0.427679
0.648318
0.489037
0.421003
0.357526
0.386602
0.439317
0.342960
0.417827
0.427609
0.438585
0.431506
0.498871
0.444224
0.353076
0.488367
0.347655
0.464862
0.316615
0.390338
0.461139
0.398238
0.499278
0.420205
0.362087
0.503992
0.441565
0.360940
0.465623
0.380225
0.608566
0.269195
0.293131
0.250636
0.358490
0.356389
0.396946
0.263287
0.165185
0.165642
0.240228
0.283084
0.239471
0.553801
0.352081
0.361555
0.411363
0.424536
0.298770
0.496313
0.347613
0.137988
0.534765
0.470089
0.490703
0.218461
0.489560
0.419891
0.382493
0.222441
0.283830
0.353577
0.324268
0.319960
0.356628
0.496537
0.445914
0.217094
0.388437
0.316131
0.381190
0.322876
0.501826
0.474233
0.445040
0.229874
0.308836
0.303764
0.241491
0.218072
0.706835
0.081194
0.264892
0.006177
0.410069
0.485626
0.488755
0.559392
3.959651
0.596322
0.034447
0.171632
0.470870
0.433112
0.428309
1.043309
0.609717
0.036517
0.377350
1.074436
0.115467
0.006838
0.413303
0.058987
0.096273
0.544704
0.490287
0.440131
1.760141
0.215613
0.264538
0.262201
0.079848
0.408312
0.341523
0.845343
0.284841
0.452682
0.217529
0.282783
0.111816
0.509260
0.005381
0.438140
0.208864
0.154769
0.574648
0.418982
0.364064
0.169512
0.077410
0.416154
0.252048
0.706616
0.643030
0.575200
0.400877
0.237990
0.532132
0.178080
0.415697
0.009229
0.649247
0.211690
0.467845
0.466932
0.660183
0.298224
0.283543
0.109861
0.227307
0.139326
0.194296
0.119865
0.456812
0.534569
0.645407
0.064884
0.306826
0.283059
0.827833
0.305784
0.275038
0.384280
0.307732
0.155560
0.136221
0.311331
0.320027
0.238712
0.890982
0.171829
0.470310
0.374384
0.180597
0.447196
0.286581
0.903447
0.391904
0.411008
0.595711
0.267819
0.245238
0.514249
0.398629
0.330287
0.252291
0.367561
0.437523
0.386574
0.027047
0.486055
0.509947
0.497315
0.475499
0.826919
0.143068
1.226587
0.043092
0.519669
0.262194
0.064455
0.215648
0.617176
1.577293
0.347794
0.186561
0.203150
0.184922
0.431923
0.610159
0.361927
0.323747
0.425011
0.391379
0.277631
0.131650
0.367546
0.304347
0.441214
0.813243
0.860997
0.240908
0.093683
0.325090
0.161271
0.356519
0.306532
0.272480
1.138208
0.537462
0.389884
0.260572
0.398578
0.343618
0.375742
0.559779
0.588362
0.220452
0.339534
0.355852
0.199924
0.077107
0.846659
0.399412
0.436211
0.315217
0.212466
0.269323
0.181108
0.481478
0.353779
0.052829
1.427166
0.170089
0.060218
0.158620
0.424614
0.327314
0.627129
0.131905
0.311305
0.594527
0.739010
0.100383
0.297273
1.380624
0.329686
0.474888
0.509462
0.241285
0.339147
0.618413
0.276529
0.423477
0.927006
0.847004
1.827120
1.112816
1.130796
1.283670
0.216955
0.831279
0.363904
1.334116
1.459307
0.672772
0.895166
0.578780
0.746595
1.178643
0.898375
1.649888
0.299236
1.325619
0.429583
1.275256
0.793444
1.165369
0.557135
0.663177
1.222622
0.949621
1.218031
1.405994
0.798770
0.601992
0.839830
0.535012
0.718286
0.474303
0.411627
0.830085
0.690744
1.418671
0.783832
0.369705
0.480856
0.622344
0.420287
0.753158
0.489657
0.567510
0.535684
0.471274
0.493220
0.536213
0.552760
0.693646
0.634098
0.552851
0.565306
0.644656
0.427185
0.513171
0.479246
0.540446
0.372308
0.421354
0.434547
0.317863
0.289925
0.401797
0.443828
0.417613
0.377004
0.476117
0.380658
0.427829
0.648575
0.489107
0.420955
0.357547
0.386514
0.439217
0.342844
0.417817
0.427502
0.438537
0.431296
0.498493
0.444251
0.353020
0.488271
0.347340
0.464680
0.316339
0.390088
0.460922
0.397978
0.499162
0.420031
0.362034
0.504059
0.441672
0.360953
0.465289
0.379910
0.608279
0.268936
0.292825
0.250473
0.358271
0.356315
0.396898
0.263287
0.165108
0.165352
0.239933
0.282998
0.239366
0.553669
0.351787
0.361272
0.411076
0.424204
0.298790
0.496494
0.347575
0.137788
0.534764
0.470245
0.490723
0.218408
0.489372
0.420101
0.382508
0.222471
0.283694
0.353566
0.324215
0.319683
0.356793
0.496632
0.445878
0.217000
0.388229
0.315992
0.381141
0.322750
0.501910
0.474209
0.445174
0.229834
0.308769
0.303946
0.241783
0.217798
0.706538
0.081115
0.264591
0.006141
0.409721
0.485852
0.488783
0.559002
3.960768
0.595996
0.034540
0.171637
0.470489
0.432830
0.428357
1.043568
0.609407
0.036429
0.377270
1.074562
0.115297
0.006829
0.413316
0.058932
0.096141
0.544427
0.490431
0.440205
1.760817
0.215750
0.264360
0.261942
0.079724
0.408072
0.341307
0.845709
0.284675
0.452596
0.217398
0.282846
0.111657
0.508953
0.005392
0.438079
0.208725
0.154589
0.574314
0.418954
0.363845
0.169359
0.077439
0.416139
0.252266
0.706696
0.643374
0.575032
0.400746
0.238059
0.532209
0.178192
0.415809
0.009252
0.649201
0.211755
0.468052
0.466714
0.660191
0.298273
0.283546
0.109822
0.227259
0.139329
0.194253
0.119845
0.456851
0.534467
0.645682
0.064985
0.306838
0.283047
0.827840
0.305574
0.274881
0.384200
0.307757
0.155456
0.136221
0.311268
0.320041
0.238604
0.891150
0.171767
0.470235
0.374518
0.180476
0.447062
0.286632
0.903365
0.391789
0.411073
0.595806
0.267745
0.245198
0.514255
0.398741
0.330108
0.252191
0.367418
0.437567
0.386593
0.027099
0.486102
0.509940
0.497474
0.475394
0.827052
0.143024
1.226672
0.043042
0.519682
0.262080
0.064384
0.215602
0.617212
1.577705
0.347796
0.186542
0.203141
0.184967
0.431786
0.610076
0.361940
0.323691
0.425053
0.391418
0.277482
0.131657
0.367505
0.304292
0.441313
0.813311
0.861070
0.240860
0.093648
0.325153
0.161197
0.356518
0.306415
0.272427
1.138305
0.537507
0.389927
0.260446
0.398479
0.343689
0.375758
0.559793
0.588172
0.220416
0.339504
0.355795
0.199838
0.077034
0.846699
0.399403
0.436330
0.315156
0.212430
0.269400
0.181107
0.481531
0.353745
0.052795
1.427274
0.170063
0.060185
0.158646
0.424613
0.327364
0.627158
0.131894
0.311301
0.594634
0.739110
0.100332
0.297265
1.380851
0.329696
0.474981
0.509615
0.241277
0.339238
0.618471
0.276557
0.423556
0.927134
0.847183
1.827410
1.112924
1.131049
1.283861
0.216967
0.831423
0.363940
1.334347
1.459586
0.672941
0.895351
0.578690
0.746717
1.178901
0.898524
1.650081
0.299311
1.325787
0.429506
1.275460
0.793602
1.165552
0.557316
0.663216
1.222810
0.949577
1.218221
1.406266
0.798722
0.601964
0.839781
0.535017
0.718249
0.474277
0.411609
0.829894
0.690617
1.418443
0.783755
0.369680
0.480851
0.622383
0.420284
0.753117
0.489596
0.567485
0.535665
0.471314
0.493195
0.536191
0.552702
0.693602
0.634006
0.552838
0.565280
0.644619
0.427172
0.513143
0.479255
0.540427
0.372302
0.421312
0.434504
0.317890
0.289920
0.401765
0.443808
0.417563
0.377003
0.476140
0.380643
0.427864
0.648634
0.489118
0.420942
0.357548
0.386490
0.439191
0.342813
0.417812
0.427473
0.438522
0.431244
0.498399
0.444256
0.353005
0.488247
0.347263
0.464635
0.316273
0.390028
0.460871
0.397916
0.499128
0.419989
0.362021
0.504067
0.441692
0.360954
0.465217
0.379842
0.608215
0.268883
0.292763
0.250439
0.358227
0.356300
0.396887
0.263286
0.165094
0.165299
0.239880
0.282982
0.239348
0.553644
0.351737
0.361226
0.411031
0.424152
0.298791
0.496517
0.347569
0.137759
0.534761
0.470263
0.490723
0.218401
0.489346
0.420121
0.382507
0.222472
0.283679
0.353562
0.324208
0.319657
0.356807
0.496636
0.445872
0.216990
0.388207
0.315976
0.381134
0.322736
0.501915
0.474204
0.445183
0.229830
0.308761
0.303959
0.241804
0.217781
0.706516
0.081107
0.264562
0.006138
0.409689
0.485870
0.488785
0.558968
3.960829
0.595967
0.034548
0.171638
0.470455
0.432806
0.428359
1.043579
0.609382
0.036422
0.377264
1.074564
0.115286
0.006828
0.413314
0.058929
0.096135
0.544411
0.490434
0.440203
1.760827
0.215747
0.264386
0.261968
0.079720
0.408059
0.341293
0.845726
0.284665
0.452591
0.217390
0.282849
0.111648
0.508936
0.005393
0.438076
0.208719
0.154581
0.574302
0.418952
0.363839
0.169355
0.077440
0.416138
0.252268
0.706697
0.643376
0.575031
0.400745
0.238059
0.532209
0.178192
0.415809
0.009253
0.649200
0.211755
0.468053
0.466713
0.660191
0.298273
0.283546
0.109821
0.227259
0.139329
0.194252
0.119845
0.456851
0.534467
0.645683
0.064986
0.306838
0.283047
0.827837
0.305571
0.274879
0.384199
0.307757
0.155455
0.136221
0.311268
0.320041
0.238604
0.891134
0.171767
0.470234
0.374516
0.180476
0.447063
0.286631
0.903331
0.391791
0.411068
0.595788
0.267751
0.245190
0.514217
0.398556
0.330802
0.252582
0.367978
0.437395
0.386519
0.026893
0.485916
0.509968
0.496843
0.475813
0.826525
0.143201
1.226326
0.043243
0.519628
0.262536
0.064670
0.215785
0.617067
1.576059
0.347791
0.186619
0.203176
0.184785
0.432336
0.610407
0.361889
0.323916
0.424885
0.391262
0.278078
0.131630
0.367666
0.304510
0.440917
0.813037
0.860777
0.241052
0.093788
0.324901
0.161496
0.356523
0.306883
0.272640
1.137874
0.537328
0.389755
0.260950
0.398877
0.343405
0.375692
0.559738
0.588935
0.220561
0.339624
0.356025
0.200186
0.077330
0.846539
0.399439
0.435850
0.315403
0.212575
0.269090
0.181114
0.481316
0.353885
0.052932
1.426838
0.170169
0.060319
0.158540
0.424618
0.327164
0.627041
0.131937
0.311317
0.594202
0.738707
0.100538
0.297297
1.379935
0.329655
0.474604
0.509002
0.241308
0.338871
0.618233
0.276445
0.423239
0.926614
0.846459
1.826234
1.112377
1.130033
1.283091
0.216921
0.830850
0.363795
1.333397
1.458448
0.672267
0.894606
0.579036
0.746191
1.177747
0.897717
1.648912
0.298823
1.324678
0.430045
1.274076
0.792540
1.164339
0.556139
0.662964
1.221615
0.949857
1.216996
1.404602
0.799013
0.602129
0.840076
0.534993
0.718464
0.474430
0.411717
0.830976
0.691331
1.419773
0.784204
0.369827
0.480884
0.622152
0.420303
0.753358
0.489952
0.567628
0.535778
0.471087
0.493340
0.536324
0.553038
0.693862
0.634530
0.552914
0.565428
0.644826
0.427253
0.513305
0.479204
0.540526
0.372340
0.421561
0.434758
0.317725
0.289953
0.401943
0.443927
0.417863
0.377003
0.475989
0.380731
0.427638
0.648248
0.489017
0.421015
0.357521
0.386626
0.439346
0.342993
0.417831
0.427638
0.438599
0.431564
0.498974
0.444216
0.353092
0.488391
0.347736
0.464908
0.316683
0.390399
0.461191
0.398299
0.499304
0.420243
0.362097
0.503978
0.441544
0.360937
0.465689
0.380287
0.608622
0.269243
0.293185
0.250663
0.358525
0.356400
0.396953
0.263286
0.165196
0.165680
0.240266
0.283094
0.239483
0.553815
0.352110
0.361581
0.411386
0.424560
0.298769
0.496304
0.347615
0.137997
0.534765
0.470085
0.490703
0.218462
0.489563
0.419889
0.382493
0.222441
0.283830
0.353577
0.324268
0.319958
0.356630
0.496539
0.445913
0.217092
0.388433
0.316127
0.381189
0.322872
0.501829
0.474232
0.445046
0.229872
0.308832
0.303773
0.241505
0.218059
0.706820
0.081190
0.264875
0.006175
0.410046
0.485643
0.488757
0.559360
3.959753
0.596295
0.034455
0.171633
0.470839
0.433087
0.428313
1.043333
0.609688
0.036508
0.377341
1.074450
0.115449
0.006837
0.413305
0.058980
0.096256
0.544668
0.490306
0.440141
1.760237
0.215632
0.264515
0.262167
0.079832
0.408280
0.341493
0.845396
0.284817
0.452669
0.217509
0.282793
0.111791
0.509209
0.005383
0.438129
0.208838
0.154734
0.574580
0.418976
0.364014
0.169475
0.077417
0.416150
0.252107
0.706638
0.643125
0.575154
0.400840
0.238009
0.532154
0.178112
0.415729
0.009236
0.649234
0.211708
0.467903
0.466873
0.660185
0.298237
0.283544
0.109850
0.227294
0.139327
0.194284
0.119859
0.456823
0.534541
0.645483
0.064912
0.306830
0.283056
0.827834
0.305729
0.274997
0.384259
0.307738
0.155532
0.136221
0.311313
0.320031
0.238680
0.891032
0.171810
0.470287
0.374424
0.180560
0.447155
0.286597
0.903422
0.391868
0.411029
0.595742
0.267795
0.245225
0.514251
0.398667
0.330226
0.252257
0.367511
0.437539
0.386581
0.027066
0.486072
0.509944
0.497374
0.475460
0.826969
0.143052
1.226620
0.043074
0.519674
0.262152
0.064429
0.215631
0.617190
1.577449
0.347795
0.186554
0.203147
0.184938
0.431876
0.610130
0.361932
0.323728
0.425025
0.391393
0.277579
0.131653
0.367531
0.304327
0.441250
0.813268
0.861023
0.240891
0.093670
0.325113
0.161245
0.356518
0.306490
0.272461
1.138249
0.537479
0.389900
0.260526
0.398541
0.343645
0.375748
0.559784
0.588291
0.220438
0.339523
0.355829
0.199889
0.077076
0.846676
0.399408
0.436263
0.315190
0.212450
0.269357
0.181108
0.481502
0.353764
0.052813
1.427216
0.170077
0.060203
0.158632
0.424614
0.327337
0.627143
0.131900
0.311303
0.594576
0.739055
0.100361
0.297270
1.380722
0.329690
0.474925
0.509521
0.241282
0.339180
0.618433
0.276539
0.423502
0.927046
0.847056
1.827200
1.112857
1.130850
1.283705
0.216957
0.831297
0.363907
1.334134
1.459320
0.672774
0.895163
0.578784
0.746586
1.178615
0.898348
1.649840
0.299211
1.325557
0.429616
1.275165
0.793368
1.165273
0.557033
0.663153
1.222503
0.949651
1.217892
1.405800
0.798808
0.602013
0.839868
0.535009
0.718315
0.474324
0.411643
0.830239
0.690847
1.418859
0.783896
0.369726
0.480861
0.622311
0.420290
0.753193
0.489707
0.567530
0.535699
0.471243
0.493240
0.536231
0.552806
0.693683
0.634170
0.552862
0.565324
0.644683
0.427196
0.513194
0.479239
0.540458
0.372313
0.421385
0.434579
0.317842
0.289930
0.401819
0.443843
0.417650
0.377003
0.476099
0.380669
0.427802
0.648530
0.489094
0.420963
0.357543
0.386530
0.439235
0.342865
0.417819
0.427521
0.438546
0.431333
0.498559
0.444247
0.353030
0.488288
0.347392
0.464709
0.316383
0.390127
0.460955
0.398015
0.499177
0.420054
0.362040
0.504050
0.441659
0.360951
0.465328
0.379945
0.608309
0.268962
0.292854
0.250487
0.358289
0.356321
0.396901
0.263287
0.165113
0.165367
0.239946
0.283001
0.239370
0.553672
0.351793
0.361276
0.411077
0.424202
0.298790
0.496498
0.347574
0.137781
0.534764
0.470252
0.490724
0.218406
0.489361
0.420114
0.382509
0.222473
0.283685
0.353565
0.324211
0.319662
0.356806
0.496640
0.445875
0.216992
0.388211
0.315979
0.381136
0.322737
0.501920
0.474206
0.445189
0.229830
0.308762
0.303967
0.241817
0.217767
0.706503
0.081105
0.264554
0.006137
0.409675
0.485884
0.488787
0.558945
3.960942
0.595949
0.034553
0.171638
0.470434
0.432788
0.428364
1.043610
0.609358
0.036414
0.377257
1.074584
0.115268
0.006827
0.413318
0.058922
0.096116
0.544374
0.490459
0.440220
1.760954
0.215777
0.264326
0.261893
0.079701
0.408025
0.341264
0.845784
0.284641
0.452579
0.217371
0.282860
0.111622
0.508884
0.005395
0.438064
0.208692
0.154544
0.574228
0.418946
0.363784
0.169314
0.077448
0.416133
0.252336
0.706722
0.643488
0.574978
0.400703
0.238082
0.532235
0.178229
0.415846
0.009260
0.649185
0.211776
0.468120
0.466644
0.660193
0.298289
0.283547
0.109809
0.227244
0.139330
0.194239
0.119838
0.456864
0.534434
0.645772
0.065018
0.306842
0.283043
0.827842
0.305508
0.274831
0.384175
0.307765
0.155422
0.136221
0.311247
0.320046
0.238568
0.891209
0.171746
0.470209
0.374565
0.180433
0.447015
0.286650
0.903339
0.391747
0.411098
0.595842
0.267718
0.245183
0.514258
0.398784
0.330039
0.252151
0.367361
0.437585
0.386601
0.027121
0.486121
0.509937
0.497541
0.475350
0.827107
0.143005
1.226710
0.043021
0.519688
0.262033
0.064354
0.215582
0.617228
1.577880
0.347796
0.186534
0.203138
0.184986
0.431731
0.610043
0.361945
0.323669
0.425069
0.391434
0.277423
0.131660
0.367489
0.304270
0.441353
0.813340
0.861100
0.240841
0.093634
0.325179
0.161167
0.356517
0.306367
0.272405
1.138353
0.537526
0.389945
0.260394
0.398438
0.343719
0.375765
0.559799
0.588092
0.220400
0.339491
0.355770
0.199799
0.077000
0.846718
0.399399
0.436387
0.315126
0.212412
0.269438
0.181106
0.481558
0.353728
0.052778
1.427329
0.170050
0.060169
0.158659
0.424613
0.327388
0.627173
0.131889
0.311299
0.594687
0.739159
0.100308
0.297262
1.380958
0.329701
0.475023
0.509681
0.241274
0.339276
0.618495
0.276568
0.423586
0.927183
0.847246
1.827509
1.112973
1.131119
1.283910
0.216970
0.831450
0.363946
1.334388
1.459628
0.672958
0.895367
0.578689
0.746732
1.178943
0.898591
1.650193
0.299362
1.325886
0.429464
1.275558
0.793668
1.165618
0.557370
0.663225
1.222846
0.949570
1.218230
1.406281
0.798721
0.601964
0.839783
0.535017
0.718252
0.474280
0.411611
0.829918
0.690633
1.418473
0.783764
0.369683
0.480852
0.622379
0.420284
0.753122
0.489603
0.567487
0.535667
0.471310
0.493198
0.536193
0.552708
0.693606
0.634013
0.552839
0.565282
0.644619
0.427173
0.513144
0.479255
0.540423
0.372302
0.421313
0.434505
0.317890
0.289921
0.401765
0.443808
0.417562
0.377003
0.476140
0.380643
0.427866
0.648639
0.489117
0.420942
0.357548
0.386486
0.439185
0.342808
0.417811
0.427470
0.438518
0.431239
0.498392
0.444249
0.353000
0.488236
0.347256
0.464620
0.316265
0.390009
0.460843
0.397900
0.499090
0.419959
0.361990
0.503976
0.441588
0.360948
0.465195
0.379815
0.608174
0.268860
0.292736
0.250423
0.358204
0.356292
0.396881
0.263286
0.165084
0.165262
0.239839
0.282970
0.239331
0.553623
0.351689
0.361178
0.410980
0.424091
0.298795
0.496553
0.347561
0.137717
0.534760
0.470297
0.490726
0.218389
0.489303
0.420168
0.382509
0.222478
0.283651
0.353559
0.324195
0.319584
0.356850
0.496660
0.445862
0.216965
0.388153
0.315938
0.381120
0.322701
0.501939
0.474196
0.445220
0.229818
0.308742
0.304010
0.241883
0.217727
0.706426
0.081084
0.264473
0.006127
0.409582
0.485941
0.488794
0.558844
3.961202
0.595863
0.034578
0.171639
0.470334
0.432715
0.428375
1.043668
0.609280
0.036392
0.377237
1.074609
0.115226
0.006825
0.413319
0.058909
0.096087
0.544310
0.490486
0.440230
1.761066
0.215784
0.264343
0.261920
0.079714
0.408052
0.341289
0.845742
0.284661
0.452589
0.217387
0.282852
0.111642
0.508924
0.005393
0.438073
0.208712
0.154570
0.574279
0.418950
0.363820
0.169341
0.077443
0.416137
0.252295
0.706707
0.643420
0.575010
0.400729
0.238068
0.532220
0.178207
0.415824
0.009256
0.649195
0.211763
0.468079
0.466686
0.660192
0.298279
0.283546
0.109817
0.227253
0.139329
0.194247
0.119842
0.456856
0.534454
0.645718
0.064998
0.306840
0.283045
0.827841
0.305547
0.274861
0.384190
0.307760
0.155443
0.136221
0.311260
0.320043
0.238590
0.891174
0.171758
0.470224
0.374537
0.180459
0.447043
0.286639
0.903355
0.391772
0.411083
0.595820
0.267734
0.245192
0.514256
0.398758
0.330080
0.252175
0.367395
0.437574
0.386597
0.027108
0.486110
0.509939
0.497501
0.475376
0.827075
0.143016
1.226688
0.043033
0.519685
0.262061
0.064372
0.215594
0.617218
1.577776
0.347796
0.186539
0.203140
0.184975
0.431764
0.610063
0.361942
0.323682
0.425059
0.391425
0.277458
0.131658
0.367499
0.304284
0.441329
0.813323
0.861082
0.240853
0.093642
0.325164
0.161185
0.356517
0.306396
0.272418
1.138315
0.537515
0.389934
0.260425
0.398462
0.343701
0.375761
0.559795
0.588140
0.220409
0.339499
0.355785
0.199822
0.077020
0.846706
0.399401
0.436353
0.315144
0.212423
0.269415
0.181106
0.481542
0.353738
0.052788
1.427296
0.170057
0.060179
0.158652
0.424613
0.327374
0.627164
0.131892
0.311300
0.594656
0.739129
0.100322
0.297264
1.380893
0.329698
0.474998
0.509641
0.241276
0.339253
0.618479
0.276562
0.423568
0.927151
0.847204
1.827435
1.112893
1.131065
1.283857
0.216967
0.831404
0.363886
1.333455
1.458127
0.672076
0.894397
0.579132
0.746048
1.177432
0.897489
1.648598
0.298693
1.324433
0.430126
1.273852
0.792377
1.164152
0.555957
0.662925
1.221426
0.949902
1.216798
1.404337
