23.438938
22.759899
23.294636
21.970242
23.200111
22.408688
22.454052
25.288700
24.717621
26.670862
23.309925
22.840958
22.262985
21.362873
21.919834
22.908886
23.021568
22.343273
22.195364
20.753057
22.004391
22.367863
23.191807
23.318100
23.452942
21.765591
22.423162
22.903181
21.505018
21.917372
21.192493
21.615696
22.075989
22.352921
22.050758
20.595299
21.599806
22.348572
22.196793
22.668808
21.252281
20.732346
21.784618
20.398966
20.365742
20.859871
21.391460
21.305538
21.086447
21.968655
21.841797
21.273674
21.620605
21.497646
22.145081
23.541069
20.963646
21.518265
22.172596
22.693331
22.201208
22.457050
22.632748
22.457211
22.243725
21.291452
22.228794
21.301138
20.321301
20.074539
20.979752
22.953285
22.766727
23.055969
22.320282
22.490879
21.979443
21.931459
21.515627
21.146114
20.616804
20.519802
23.234465
21.839537
20.704269
21.191845
21.528082
22.423706
22.476997
22.256319
22.944492
19.522755
18.989779
19.982981
21.682423
20.577187
19.038033
20.017738
19.843224
21.966633
17.965752
20.325691
19.322811
20.851463
19.803709
20.267895
21.856422
18.535971
19.362995
20.690493
20.581976
21.460222
21.089548
20.116528
20.786337
18.798458
19.699326
18.652643
19.762325
19.658508
17.814171
16.604082
20.449661
22.495373
19.325287
23.493145
19.941774
22.735870
17.395271
19.656967
23.249966
13.031618
22.391758
17.724552
19.180185
22.540543
22.025028
19.230509
16.572357
21.733541
19.483006
20.123995
24.145864
20.128162
19.766260
19.766678
19.182339
20.066727
21.287638
17.590115
17.984283
12.685743
16.804943
20.916294
19.983795
19.654680
21.367725
20.430569
16.565460
20.306246
19.216579
19.366547
17.510122
19.848492
19.697250
17.443329
18.653496
19.990063
19.977070
22.369852
18.714571
21.324408
20.024960
17.459780
18.205772
15.353355
18.009268
12.379986
20.505795
19.171482
17.000307
17.431458
15.929193
16.150578
17.941982
18.696293
16.633602
15.364033
20.657555
17.858269
17.055326
17.453886
17.605421
18.267714
17.244762
17.736412
16.985043
17.705542
19.183403
13.737122
16.140347
17.010267
16.600822
17.288589
18.234909
19.089344
18.531380
16.053261
18.360443
17.004045
17.504774
16.648232
17.783192
14.624172
17.413929
18.740494
15.802872
17.542004
18.676544
15.797407
18.440577
18.202156
16.157940
16.288832
18.055439
17.309652
16.395674
14.830795
19.408260
18.304504
18.251701
15.765087
16.015617
14.314529
15.404488
16.848436
13.725908
18.421345
14.831874
16.928961
15.808824
16.527233
16.036919
17.749966
17.251991
16.358519
16.299185
11.333347
16.084908
16.647255
16.044147
14.867915
17.373447
17.612354
15.742892
17.363062
15.815413
15.442391
18.518915
14.371660
17.044056
16.261724
13.925552
14.874228
14.790058
15.833475
15.575340
14.278756
16.607100
15.788484
17.714298
15.819574
14.855595
14.937257
14.888703
17.858173
17.038013
13.582079
15.040914
15.246546
18.806068
15.654821
15.532280
16.191116
17.001637
15.734508
14.718523
16.182766
13.163721
16.647181
15.617353
13.420392
14.688149
14.612202
15.911448
15.584219
14.477545
14.585205
15.426979
13.660110
14.754932
13.507626
14.102831
14.432945
14.970165
12.795587
14.087936
15.984346
14.945067
11.959282
14.247747
13.078079
12.072694
14.629991
12.806833
14.211708
13.718128
13.134759
12.554842
11.530117
10.953257
12.846410
10.738453
12.808773
13.529463
12.780670
14.055994
11.072426
11.116850
12.371487
12.158773
16.154581
12.426748
10.782423
10.951269
11.151055
11.081572
10.861534
15.358686
10.691682
11.384904
11.404666
11.555203
12.994023
11.705347
14.462339
11.089769
11.219603
15.128628
14.529313
14.987183
13.848597
14.847398
14.160465
14.160978
16.484880
15.978092
17.655724
14.862827
14.378054
13.940787
13.248784
13.625921
14.463714
14.490011
13.951661
13.822577
12.666185
13.655580
13.919050
14.553057
14.674730
14.763628
13.419272
13.916721
14.296530
13.154577
13.494255
12.889618
13.251230
13.529077
13.756644
13.534807
12.351599
13.108812
13.705784
13.585449
13.952293
12.829763
12.438639
13.224466
12.150126
12.171507
12.519106
12.905474
12.815523
12.648045
13.342897
13.219860
12.788130
13.058554
12.965405
13.455952
14.547758
12.541061
12.925132
13.453046
13.852793
13.485113
13.657831
13.794029
13.663115
13.516370
12.793771
13.483978
12.756409
12.029770
11.846719
12.540411
14.070814
13.921263
14.196578
13.557158
13.667801
13.265133
13.275568
12.949767
12.672763
12.241476
12.136801
14.275319
13.208237
12.355424
12.705381
13.046572
13.704885
13.741615
13.621240
14.120929
11.492489
11.070721
11.823363
13.128437
12.356812
11.145985
11.912148
11.745483
13.419416
10.392192
12.141071
11.358460
12.555674
11.779234
12.137295
13.403190
10.794486
11.449758
12.501942
12.372775
13.092400
12.804863
12.070345
12.585043
11.110754
11.799625
10.924740
11.786740
11.754121
10.303808
9.363621
12.288731
14.051079
11.449568
14.783623
11.924846
14.175180
10.000824
11.806389
14.605036
6.984795
13.975756
10.247044
11.412401
14.069530
13.665997
11.485859
9.621744
13.520880
11.649071
12.244675
15.410465
12.177869
11.874889
11.949081
11.470903
12.157307
13.231043
10.313123
10.593068
6.839131
9.672999
12.873592
12.124334
11.864442
13.276920
12.546998
9.536091
12.447963
11.628550
11.715574
10.295997
12.095873
12.017704
10.192007
11.267033
12.253493
12.238826
14.163812
11.289236
13.318013
12.280296
10.265114
10.917755
8.667727
10.786138
6.632609
12.766830
11.687710
9.978437
10.320818
9.156688
9.371292
10.674963
11.409050
9.724943
8.821301
12.952772
10.790066
10.068163
10.422548
10.481003
11.021352
10.207936
10.635925
10.017519
10.630566
11.829998
7.627009
9.377036
10.087552
9.806616
10.450216
11.044198
11.756214
11.330179
9.419388
11.141793
10.110219
10.543794
9.887180
10.753145
8.406790
10.456223
11.530280
9.215417
10.628397
11.516815
9.252485
11.430807
11.172449
9.549114
9.646996
11.015362
10.427805
9.815239
8.548360
12.118752
11.233068
11.226561
9.330461
9.514915
8.218216
9.059227
10.155228
7.799747
11.389812
8.734070
10.192062
9.518888
9.865260
9.600113
10.876518
10.469454
9.795215
9.887197
6.107524
9.629787
10.002647
9.577471
8.660285
10.686758
10.891634
9.412302
10.615824
9.482624
9.138641
11.533482
8.314613
10.407398
9.819988
8.027269
8.867276
8.820772
9.570755
9.258453
8.314934
10.081198
9.508664
10.974995
9.513901
8.949549
8.881805
8.848351
11.120061
10.496624
7.841616
8.944387
9.162523
11.939191
9.445530
9.376309
9.930820
10.468517
9.458145
8.890867
9.834362
7.549505
10.230074
9.457038
7.759469
8.712339
8.698930
9.702671
9.381802
8.755551
8.642599
9.252942
7.997100
8.839672
7.857936
8.396839
8.544008
8.982532
7.378794
8.313399
9.747483
8.980891
6.936532
8.465122
7.584287
6.855488
8.745876
7.365144
8.462701
8.076406
7.678562
7.359314
6.441512
6.189215
7.574783
6.039366
7.566517
7.967546
7.499247
8.374626
6.325771
6.396390
7.154305
7.040736
10.068804
7.282548
6.056345
6.186919
6.390059
6.237110
6.130324
9.461412
6.014113
6.495430
6.551133
6.522440
7.749745
6.834521
8.872944
6.373966
6.460494
9.408257
8.903639
9.316269
8.364297
9.182791
8.607124
8.590828
10.487198
10.060770
11.517490
9.236631
8.761866
8.463247
7.967092
8.208078
8.934340
8.904902
8.502836
8.407095
7.507817
8.291694
8.489957
8.981281
9.116649
9.179767
8.137039
8.518486
8.830853
7.914017
8.207493
7.717721
8.041447
8.187534
8.386047
8.242044
7.295750
7.865447
8.352702
8.270828
8.563465
7.690031
7.414204
7.998044
7.184333
7.262048
7.500707
7.779775
7.697988
7.576491
8.135084
8.023602
7.709679
7.926172
7.865116
8.238153
9.097351
7.549139
7.806405
8.240837
8.549332
8.286114
8.397854
8.508868
8.418099
8.325376
7.786915
8.289314
7.721034
7.192769
7.062403
7.595134
8.778871
8.659086
8.926334
8.362201
8.426778
8.111730
8.164443
7.912063
7.704456
7.349932
7.236712
8.927568
8.109816
7.474727
7.720222
8.060308
8.532705
8.555680
8.508152
8.863077
6.845659
6.507963
7.070917
8.069617
7.555383
6.597566
7.193893
7.029802
8.354695
6.077988
7.353532
6.736835
7.674610
7.106389
7.381486
8.390223
6.330592
6.854552
7.691319
7.541592
8.136312
7.911286
7.358069
7.750111
6.670894
7.192938
6.451607
7.117530
7.136300
5.989635
5.255571
7.468272
9.006672
6.842231
9.529606
7.205209
9.032150
5.758407
7.210125
9.391248
3.780224
8.932563
5.929912
6.868045
8.977385
8.659079
6.952956
5.702852
8.619370
7.038811
7.596625
10.099078
7.470550
7.213068
7.340987
6.941370
7.473183
8.428073
6.115305
6.304031
3.744753
5.579456
8.074865
7.463478
7.255966
8.432739
7.859190
5.510465
7.776264
7.163399
7.199749
6.117043
7.495883
7.472189
5.976953
6.944809
7.658485
7.639221
9.201309
6.930765
8.506465
7.668579
6.077386
6.655795
4.871772
6.570425
3.556507
8.148534
7.261788
5.910334
6.180829
5.275706
5.483477
6.408123
7.125140
5.731319
5.110195
8.337513
6.666419
6.006432
6.323846
6.306868
6.752094
6.099235
6.473522
5.957521
6.484167
7.466984
4.223979
5.464898
6.052767
5.866908
6.474028
6.792065
7.391921
7.069970
5.593617
6.863074
6.080499
6.458338
5.955680
6.609917
4.890761
6.365869
7.242805
5.410216
6.566691
7.261942
5.472427
7.289234
7.010973
5.715626
5.782320
6.842966
6.375338
5.993134
4.954846
7.743270
7.026604
7.051290
5.611882
5.743876
4.759005
5.404747
6.227026
4.464658
7.198656
5.261698
6.224490
5.895021
5.950641
5.857899
6.794707
6.454838
5.949418
6.158078
3.293704
5.861970
6.088202
5.796516
5.077456
6.730447
6.909275
5.729286
6.610719
5.795635
5.470539
7.337913
4.835795
6.475806
6.037298
4.664462
5.417589
5.399646
5.921459
5.563097
4.891581
6.220778
5.837751
6.947193
5.816760
5.564544
5.375570
5.353399
7.083097
6.608591
4.572875
5.399650
5.624083
7.792777
5.808126
5.776436
6.249367
6.573711
5.759466
5.539664
6.078977
4.359883
6.415103
5.840706
4.525336
5.235118
5.269464
6.041657
5.724558
5.467346
5.181058
5.611237
4.749903
5.393874
4.616231
5.110191
5.112657
5.476402
4.310240
4.966305
6.043085
5.484689
4.169727
5.106234
4.446911
3.931753
5.301749
4.263178
5.121346
4.815876
4.560166
4.440448
3.605806
3.600954
4.591837
3.498735
4.604983
4.753622
4.502259
5.067541
3.740029
3.830349
4.200530
4.161684
6.438306
4.380772
3.476430
3.573249
3.781412
3.560484
3.539483
5.964494
3.461374
3.778299
3.859184
3.689116
4.750371
4.123535
5.603715
3.778729
3.832853
6.033446
5.600509
5.976137
5.167170
5.845435
5.352724
5.323063
6.884729
6.521337
7.803445
5.917037
5.451479
5.257445
4.910391
5.044452
5.682711
5.608528
5.310054
5.238703
4.535836
5.158763
5.306828
5.686513
5.831630
5.870716
5.059410
5.350853
5.609799
4.863893
5.119617
4.717958
5.010072
5.055468
5.228323
5.141940
4.378180
4.802144
5.203583
5.150037
5.382806
4.699877
4.511520
4.938608
4.324340
4.445402
4.597343
4.791298
4.715281
4.624962
5.079027
4.974656
4.750809
4.923252
4.885810
5.165914
5.844131
4.649488
4.807915
5.168451
5.403601
5.220259
5.282728
5.373264
5.312356
5.258396
4.861301
5.218244
4.771928
4.394527
4.303959
4.711989
5.624039
5.525453
5.785973
5.278328
5.305735
5.058828
5.140719
4.946159
4.789511
4.493872
4.371486
5.714771
5.086019
4.618104
4.783879
5.120365
5.447250
5.458795
5.464178
5.708543
4.161852
3.887948
4.301784
5.062760
4.747467
3.985006
4.446837
4.282508
5.336713
3.639147
4.548385
4.057119
4.792275
4.384381
4.595109
5.399874
3.764447
4.188456
4.857127
4.688435
5.185286
5.007721
4.592816
4.888365
4.113625
4.504855
3.867842
4.379046
4.435197
3.523075
2.946915
4.608513
5.970425
4.142500
6.328618
4.417120
5.914752
3.337153
4.514739
6.216110
2.159801
5.885308
3.444966
4.205643
5.888604
5.635605
4.295728
3.520955
5.672600
4.316495
4.843431
6.832168
4.668972
4.447052
4.614395
4.273238
4.684743
5.544265
3.701744
3.818101
2.183495
3.241720
5.191381
4.684105
4.516634
5.508977
5.053800
3.218948
4.981515
4.526940
4.522954
3.700505
4.750517
4.767797
3.528052
4.411381
4.912865
4.887909
6.168798
4.366140
5.588882
4.903991
3.640144
4.159957
2.736947
4.108231
1.975034
5.373055
4.631687
3.557844
3.770646
3.064340
3.265992
3.896448
4.599540
3.428734
3.026143
5.550315
4.259326
3.647027
3.934075
3.856492
4.227885
3.698450
4.028157
3.591423
4.049087
4.863748
2.362482
3.206951
3.700815
3.585587
4.163076
4.265399
4.777329
4.537822
3.394574
4.313511
3.722217
4.054406
3.670691
4.158694
2.924058
3.953928
4.677359
3.218660
4.173830
4.717872
3.295485
4.831480
4.534757
3.495368
3.533978
4.357159
3.980792
3.775042
2.912493
5.094028
4.508732
4.554384
3.468589
3.559311
2.815297
3.308262
3.915633
2.612312
4.683569
3.300402
3.879775
3.815015
3.643782
3.683416
4.356434
4.066507
3.691457
3.990450
1.832824
3.661021
3.774118
3.582891
3.015736
4.377893
4.537118
3.587208
4.219951
3.649426
3.336557
4.796062
2.847744
4.134426
3.810027
2.761985
3.446086
3.450130
3.794845
3.398015
2.936436
3.926139
3.689478
4.522042
3.644114
3.635988
3.349246
3.335839
4.644820
4.283392
2.726902
3.340053
3.567109
5.263959
3.673669
3.668513
4.077988
4.235836
3.571748
3.621371
3.847283
2.564550
4.133060
3.712646
2.690153
3.212569
3.283697
3.874830
3.560093
3.586715
3.164603
3.454851
2.898427
3.386429
2.765974
3.224417
3.112825
3.420221
2.589846
3.029364
3.830280
3.431173
2.681685
3.157193
2.668090
2.318282
3.282565
2.508948
3.180965
2.936681
2.790189
2.823526
2.053860
2.238017
2.922288
2.171238
2.951607
2.901403
2.818140
3.143278
2.372816
2.478251
2.546116
2.563880
4.257284
2.764085
2.107847
2.175695
2.389882
2.114066
2.158338
3.879586
2.107722
2.297403
2.396080
2.114932
3.046214
2.642373
3.689193
2.384520
2.414691
4.034877
3.656489
4.002257
3.303174
3.872669
3.442058
3.402065
4.702077
4.388398
5.532882
3.950655
3.493609
3.378736
3.145488
3.195893
3.765042
3.655300
3.435829
3.382592
2.830045
3.327257
3.436949
3.729589
3.881898
3.899567
3.266093
3.487991
3.704899
3.089103
3.314376
2.980621
3.246767
3.215478
3.366349
3.322853
2.700002
3.010997
3.345610
3.313155
3.498020
2.961071
2.839349
3.145058
2.683709
2.838382
2.921667
3.048438
2.976735
2.907475
3.281610
3.181633
3.026912
3.163787
3.143983
3.350880
3.888594
2.966884
3.048541
3.350969
3.527550
3.405556
3.428571
3.502759
3.464328
3.438322
3.150036
3.394536
3.041923
2.779493
2.719263
3.030938
3.730406
3.647085
3.902292
3.437266
3.435014
3.241347
3.343407
3.194591
3.075550
2.825345
2.694182
3.767879
3.282650
2.943364
3.048542
3.380401
3.593698
3.596036
3.640022
3.800175
2.616416
2.391168
2.688072
3.264870
3.103576
2.492219
2.847890
2.681927
3.526467
2.276075
2.902073
2.505883
3.083076
2.798891
2.959948
3.603313
2.295882
2.644043
3.181812
2.996375
3.416808
3.275513
2.966388
3.186304
2.646487
2.935422
2.380110
2.769560
2.853070
2.122360
1.667419
2.902917
4.126075
2.557524
4.355334
2.763118
4.004886
1.965640
2.931082
4.260001
1.406989
4.025499
2.020883
2.643238
3.994600
3.791881
2.735233
2.328682
3.885270
2.702398
3.204412
4.795544
2.991082
2.797174
2.993619
2.696170
3.014280
3.797637
2.320767
2.379982
1.461325
1.916394
3.443912
3.015473
2.878839
3.727144
3.361815
1.925946
3.296808
2.963788
2.927963
2.306812
3.100292
3.148613
2.106632
2.923544
3.260220
3.229469
4.292692
2.852661
3.800710
3.233193
2.222312
2.696127
1.553010
2.669244
1.216951
3.690742
3.059450
2.201204
2.368009
1.814553
2.011054
2.413389
3.105392
2.106142
1.872817
3.850421
2.853549
2.278201
2.540630
2.414669
2.728965
2.294642
2.587790
2.212600
2.615485
3.299825
1.371927
1.907933
2.329930
2.267334
2.821043
2.754999
3.198227
3.024167
2.136577
2.784454
2.340327
2.635491
2.343879
2.701633
1.841534
2.526443
3.130544
1.961918
2.759378
3.185299
2.046998
3.365079
3.051956
2.212476
2.226562
2.866676
2.559967
2.489598
1.762379
3.473119
2.990123
3.049806
2.238006
2.296489
1.738716
2.112384
2.551300
1.603474
3.161843
2.205591
2.488290
2.627618
2.279616
2.421104
2.889426
2.636798
2.362616
2.731744
1.120074
2.374361
2.400349
2.284905
1.834428
2.970338
3.115006
2.342152
2.783044
2.400756
2.095740
3.240021
1.719822
2.731022
2.494276
1.697693
2.327192
2.348367
2.555802
2.127253
1.827913
2.554116
2.430694
3.048646
2.363770
2.546641
2.181441
2.175014
3.157632
2.882258
1.696797
2.144783
2.372355
3.703211
2.418636
2.432298
2.792601
2.820739
2.271810
2.530519
2.513607
1.567646
2.757572
2.456709
1.658860
2.037024
2.136670
2.586442
2.273290
2.518426
1.990106
2.171857
1.851288
2.217039
1.717836
2.148412
1.947163
2.212279
1.639799
1.911153
2.499243
2.222199
1.911279
2.028089
1.669971
1.448317
2.096534
1.528262
2.055710
1.857918
1.795536
1.946473
1.227751
1.556444
2.002730
1.516383
2.044611
1.838027
1.885190
2.024524
1.684450
1.801651
1.634011
1.694834
2.935777
1.879799
1.414988
1.458431
1.679067
1.359212
1.453330
2.628151
1.422818
1.514174
1.625505
1.257294
2.087036
1.855803
2.566387
1.663592
1.676246
2.845751
2.509053
2.830948
2.216480
2.701775
2.317800
2.269982
3.365679
3.091329
4.127580
2.780128
2.330863
2.276075
2.129867
2.115007
2.630106
2.492268
2.333244
2.293572
1.856272
2.255463
2.335983
2.560927
2.718677
2.717788
2.221195
2.389480
2.573497
2.056913
2.257843
1.976545
2.221653
2.132101
2.264507
2.253054
1.739163
1.962740
2.245472
2.228879
2.375629
1.950718
1.879922
2.091794
1.747865
1.928751
1.957883
2.031824
1.963504
1.908368
2.221533
2.124251
2.022741
2.131122
2.124630
2.274072
2.702834
1.991997
2.014196
2.271110
2.401154
2.326431
2.318071
2.379379
2.357999
2.352236
2.147851
2.305586
2.025096
1.850466
1.813510
2.050885
2.584214
2.511998
2.763155
2.330440
2.304698
2.152764
2.268742
2.156244
2.065068
1.850067
1.710989
2.575728
2.199648
1.959491
2.018749
2.345780
2.470570
2.465670
2.537879
2.634031
1.730265
1.542279
1.747679
2.181917
2.139992
1.645656
1.917736
1.749552
2.431832
1.526891
1.934006
1.610027
2.064235
1.875652
1.998499
2.514433
1.460762
1.751501
2.187487
1.987664
2.348582
2.235168
2.007073
2.167874
1.809471
2.018585
1.527364
1.821199
1.924834
1.334582
0.972849
1.879015
2.993279
1.624793
3.121930
1.776762
2.819875
1.197130
1.998520
3.038432
1.116907
2.876710
1.209873
1.724564
2.818192
2.654321
1.816853
1.695689
2.789517
1.740486
2.222589
3.506093
1.978340
1.806618
2.024665
1.760001
2.005759
2.728503
1.536042
1.550320
1.186152
1.172867
2.373952
2.005350
1.892601
2.628567
2.331553
1.205591
2.271731
2.032198
1.971385
1.506074
2.099602
2.171558
1.282784
2.047677
2.256474
2.220307
3.115160
1.956318
2.690736
2.213407
1.398158
1.836005
0.910014
1.827700
0.901986
2.660462
2.112646
1.421945
1.552264
1.116463
1.308784
1.534361
2.217654
1.350528
1.248438
2.801340
2.032186
1.485589
1.728242
1.563846
1.834122
1.473210
1.736608
1.409344
1.768902
2.352360
0.867822
1.163965
1.531148
1.507869
2.042654
1.845339
2.235031
2.112986
1.421760
1.860134
1.529373
1.794711
1.574542
1.830405
1.259955
1.677710
2.189179
1.245709
1.919783
2.253571
1.335221
2.484322
2.157027
1.473758
1.466867
1.965966
1.712543
1.746172
1.123293
2.468937
2.065709
2.134699
1.535328
1.568742
1.155114
1.435763
1.742810
1.070409
2.231952
1.604956
1.658198
1.955013
1.469405
1.689387
1.998983
1.774302
1.578295
2.001983
0.812213
1.621556
1.580576
1.522414
1.161679
2.121712
2.255690
1.619215
1.912223
1.674941
1.374880
2.275647
1.086536
1.883103
1.713801
1.112005
1.698474
1.733094
1.834236
1.379772
1.205931
1.727727
1.692030
2.143736
1.606586
1.938981
1.511048
1.510287
2.239843
2.030070
1.131998
1.452382
1.679310
2.726379
1.678922
1.705956
2.028260
1.955459
1.494977
1.916047
1.711098
1.025179
1.920760
1.712811
1.087410
1.354606
1.476465
1.816000
1.503994
1.917486
1.306245
1.403975
1.265960
1.536030
1.130476
1.539304
1.267708
1.501214
1.126940
1.267813
1.691797
1.508422
1.537734
1.375559
1.118363
0.996138
1.398258
0.989237
1.404520
1.242165
1.244666
1.486073
0.807367
1.246722
1.508389
1.227000
1.560230
1.230825
1.379288
1.374951
1.367528
1.493990
1.143018
1.236696
2.126719
1.409579
1.092588
1.115739
1.342823
0.987803
1.120085
1.870759
1.104438
1.119907
1.240287
0.803951
1.554493
1.456972
1.906783
1.314510
1.314470
2.134151
1.829388
2.132338
1.583128
2.003337
1.654469
1.600829
2.537110
2.293935
3.245223
2.079069
1.636840
1.627759
1.548229
1.482554
1.955447
1.795558
1.682872
1.653475
1.304623
1.627497
1.685934
1.858320
2.020298
2.003642
1.612476
1.739569
1.897932
1.457098
1.638663
1.398022
1.626218
1.492488
1.609592
1.622170
1.192628
1.348647
1.591197
1.586609
1.703167
1.364352
1.332570
1.471987
1.218318
1.419749
1.406276
1.438804
1.373207
1.327450
1.594185
1.498550
1.438123
1.523798
1.527428
1.631888
1.976260
1.428444
1.404666
1.626027
1.719230
1.681022
1.647825
1.699079
1.690733
1.699673
1.560073
1.650944
1.426083
1.318593
1.299563
1.479729
1.883331
1.819265
2.067414
1.659280
1.615041
1.495902
1.621454
1.537840
1.467385
1.279748
1.133762
1.836632
1.543653
1.379982
1.404525
1.726967
1.782885
1.772374
1.865267
1.912855
1.225205
1.065840
1.199742
1.523712
1.574389
1.170773
1.377154
1.206617
1.763397
1.125426
1.363468
1.094416
1.452969
1.338357
1.431888
1.847363
0.990112
1.237457
1.594388
1.382434
1.697090
1.605175
1.439260
1.553949
1.335725
1.482640
1.041767
1.260627
1.379120
0.897708
0.607740
1.259423
2.288347
1.074277
2.338674
1.184745
2.073705
0.773275
1.447884
2.263623
1.063275
2.157060
0.752156
1.183130
2.076530
1.942760
1.274984
1.375088
2.109149
1.163614
1.629904
2.675460
1.361254
1.207163
1.441293
1.201308
1.391076
2.065741
1.094554
1.073590
1.138945
0.762065
1.710799
1.387688
1.293509
1.941954
1.696975
0.811792
1.640971
1.473424
1.393088
1.048498
1.486263
1.576304
0.806304
1.530533
1.640186
1.599197
2.363879
1.423147
1.991510
1.583563
0.919690
1.329494
0.572012
1.335219
0.816843
2.021746
1.537315
0.976884
1.078358
0.733204
0.922227
1.010900
1.687438
0.922156
0.921874
2.144867
1.552100
1.027944
1.254816
1.059989
1.296376
0.992218
1.231567
0.941689
1.267075
1.772511
0.630895
0.740614
1.066038
1.072194
1.592004
1.292431
1.640477
1.559795
1.019483
1.295990
1.052635
1.294078
1.129396
1.305637
0.959276
1.170201
1.609834
0.841200
1.418827
1.680836
0.932859
1.950995
1.611674
1.050512
1.025947
1.416465
1.203883
1.317484
0.775130
1.837720
1.496746
1.571829
1.137229
1.151215
0.849217
1.057416
1.261330
0.802394
1.656961
1.284000
1.159834
1.578249
0.985602
1.266145
1.452730
1.249053
1.113692
1.579891
0.716236
1.180687
1.088283
1.073479
0.781846
1.605237
1.731445
1.200097
1.379148
1.253654
0.956656
1.669343
0.736363
1.365796
1.248461
0.797622
1.350262
1.395499
1.414403
0.938908
0.862208
1.225507
1.257841
1.580839
1.156796
1.606272
1.128324
1.132211
1.665615
1.505916
0.830511
1.052370
1.278075
2.105168
1.241675
1.278217
1.571215
1.419942
1.027456
1.574663
1.224162
0.739115
1.405923
1.270259
0.777304
0.959188
1.098412
1.352055
1.040940
1.584218
0.908306
0.941031
0.944382
1.139649
0.806491
1.198412
0.871712
1.081654
0.859789
0.899481
1.196970
1.085533
1.378856
0.999782
0.820409
0.775386
0.985970
0.700520
1.028833
0.893548
0.946166
1.257238
0.610011
1.134166
1.252674
1.130044
1.312519
0.886758
1.113951
0.998578
1.248335
1.382137
0.888527
1.007334
1.625256
1.170766
0.967989
0.974425
1.207656
0.824657
0.986226
1.407731
0.981671
0.938627
1.065497
0.575944
1.264769
1.270882
1.518505
1.166238
1.157086
1.705277
1.425079
1.713047
1.214226
1.584174
1.261794
1.203867
2.015839
1.797447
2.682095
1.656013
1.220058
1.245798
1.217405
1.112228
1.552251
1.375097
1.297995
1.276431
0.995538
1.259053
1.300811
1.432462
1.597765
1.567917
1.258016
1.353472
1.491911
1.108970
1.275247
1.066135
1.280809
1.113642
1.218187
1.248835
0.884640
0.988497
1.199991
1.204543
1.297259
1.024661
1.022827
1.106349
0.922128
1.139695
1.092787
1.092895
1.029561
0.989932
1.221353
1.126715
1.098039
1.165711
1.177101
1.246401
1.525479
1.103734
1.044468
1.238117
1.302216
1.292273
1.239481
1.282945
1.284609
1.304246
1.214731
1.254115
1.072198
1.016119
1.010969
1.147110
1.449506
1.391445
1.637429
1.248038
1.189301
1.095957
1.228073
1.167450
1.112437
0.946114
0.794260
1.371771
1.142117
1.037519
1.035868
1.354153
1.356537
1.341729
1.449799
1.460584
0.939808
0.802484
0.880577
1.119302
1.241871
0.908625
1.063450
0.890652
1.350410
0.918823
1.026298
0.799086
1.083293
1.025963
1.097049
1.433430
0.728269
0.942871
1.238452
1.016401
1.295142
1.219862
1.101708
1.180482
1.070637
1.169140
0.767843
0.927981
1.057483
0.660454
0.425788
0.880863
1.842977
0.748147
1.832422
0.826588
1.595976
0.545031
1.121704
1.763604
1.121674
1.698941
0.497195
0.863125
1.601024
1.490623
0.954284
1.225984
1.680411
0.814956
1.268750
2.130295
0.980945
0.840895
1.087052
0.865672
1.012159
1.648764
0.849768
0.801209
1.199346
0.540248
1.293931
1.005452
0.925768
1.506080
1.300777
0.602693
1.247669
1.135602
1.040061
0.789031
1.105523
1.209441
0.531561
1.224062
1.256889
1.211735
1.875814
1.104314
1.543650
1.189135
0.642432
1.030423
0.403751
1.046838
0.843599
1.620129
1.183868
0.724767
0.803499
0.528234
0.714691
0.697381
1.368716
0.681982
0.760732
1.727499
1.271397
0.764803
0.979138
0.760285
0.970641
0.710388
0.930388
0.669702
0.968203
1.413333
0.537014
0.501882
0.795542
0.823765
1.331778
0.952601
1.268293
1.220505
0.796235
0.947711
0.771796
0.994167
0.872615
0.986699
0.813751
0.864581
1.248544
0.615706
1.118012
1.324149
0.708180
1.624850
1.275466
0.809767
0.770467
1.077413
0.896177
1.071328
0.591158
1.434333
1.141979
1.220981
0.914213
0.913187
0.697682
0.849504
0.972819
0.679361
1.296491
1.119580
0.858281
1.370635
0.694771
1.022082
1.113373
0.925518
0.837244
1.336593
0.725076
0.922222
0.790365
0.808423
0.570047
1.287314
1.407922
0.957665
1.048933
1.009662
0.714482
1.281939
0.547149
1.046481
0.969234
0.635423
1.161521
1.215168
1.170479
0.678006
0.676543
0.916984
1.002102
1.225478
0.888106
1.429258
0.911529
0.919254
1.300641
1.179219
0.676374
0.822189
1.046436
1.703049
0.982312
1.025620
1.296051
1.083806
0.743642
1.388874
0.925737
0.595905
1.084954
1.005541
0.614371
0.730691
0.883523
1.070291
0.759905
1.403276
0.676979
0.659442
0.772300
0.909139
0.631986
1.010792
0.640978
0.833398
0.728783
0.690054
0.890062
0.833921
1.332135
0.784478
0.665159
0.680109
0.741677
0.552132
0.813054
0.698485
0.789850
1.154611
0.532171
1.121345
1.128877
1.129258
1.195211
0.693919
0.982332
0.781176
1.229813
1.369462
0.764913
0.902979
1.309946
1.059093
0.944599
0.937369
1.176267
0.771067
0.955146
1.121236
0.958936
0.870798
1.002339
0.471248
1.112026
1.198496
1.289379
1.122663
1.107037
1.444585
1.183282
1.459457
0.999588
1.330755
1.028381
0.967355
1.682445
1.483719
2.316182
1.398361
0.967921
1.020226
1.031097
0.895244
1.309692
1.119065
1.069316
1.053758
0.825111
1.042500
1.071710
1.171809
1.339754
1.298965
1.051757
1.122954
1.245935
0.907282
1.061505
0.876896
1.080816
0.888367
0.982687
1.026951
0.713416
0.777028
0.964529
0.976079
1.050014
0.828384
0.849571
0.889995
0.759249
0.989517
0.916406
0.891185
0.829732
0.794032
0.998630
0.904586
0.900487
0.953911
0.971285
1.013136
1.241699
0.917510
0.830865
1.002952
1.044120
1.056084
0.987872
1.025328
1.034718
1.062140
1.011381
1.011144
0.862421
0.845732
0.851352
0.953654
1.177125
1.123524
1.367973
0.992918
0.922834
0.849808
0.986389
0.944072
0.900587
0.750899
0.594127
1.074586
0.893225
0.834288
0.812898
1.127544
1.088340
1.070268
1.189484
1.172407
0.780524
0.660197
0.694771
0.867621
1.046025
0.767393
0.881802
0.706956
1.091733
0.819724
0.826394
0.631085
0.857538
0.844596
0.898520
1.172696
0.585330
0.775258
1.023257
0.792875
1.043771
0.981384
0.899957
0.950784
0.924765
0.985611
0.615438
0.729630
0.867306
0.535723
0.343710
0.646904
1.556760
0.554041
1.498941
0.607818
1.284488
0.426695
0.927719
1.434849
1.225341
1.402073
0.357920
0.673350
1.290517
1.198277
0.763768
1.168573
1.405695
0.602231
1.046180
1.765444
0.743405
0.614545
0.869706
0.662384
0.775441
1.381971
0.716978
0.646850
1.302840
0.424728
1.027664
0.765585
0.697225
1.224524
1.049514
0.496840
0.998653
0.929378
0.822016
0.643530
0.865635
0.980232
0.373823
1.041592
1.014918
0.966239
1.552590
0.912404
1.251528
0.938180
0.482212
0.853251
0.328160
0.877855
0.918475
1.363523
0.963908
0.583630
0.644474
0.423124
0.607610
0.508271
1.175626
0.549505
0.689627
1.457432
1.107251
0.614410
0.818829
0.581043
0.771410
0.545159
0.749650
0.511784
0.789162
1.187705
0.516655
0.369017
0.638532
0.683313
1.182061
0.740948
1.031532
1.009886
0.674889
0.729801
0.605948
0.813142
0.725138
0.790733
0.752012
0.678945
1.019789
0.492435
0.935961
1.098629
0.584975
1.423056
1.065331
0.674264
0.622785
0.865423
0.708272
0.930818
0.498703
1.171822
0.917450
0.998899
0.791333
0.778728
0.630258
0.738233
0.798605
0.633450
1.066941
1.041369
0.674082
1.259029
0.518501
0.881961
0.899450
0.723528
0.671833
1.197055
0.780507
0.770511
0.608398
0.651383
0.454074
1.088955
1.205567
0.817879
0.841542
0.868810
0.574640
1.029962
0.448560
0.846657
0.800359
0.557293
1.062595
1.122920
1.029073
0.522957
0.579782
0.725008
0.851109
0.997402
0.726461
1.339396
0.790092
0.800984
1.064589
0.972443
0.603346
0.690483
0.913233
1.437748
0.827817
0.875922
1.129001
0.869412
0.569529
1.290954
0.740669
0.530802
0.881763
0.846143
0.533226
0.599176
0.762680
0.897409
0.587633
1.308231
0.542704
0.486324
0.684028
0.775263
0.541455
0.910115
0.506601
0.686022
0.671637
0.572145
0.697046
0.683433
1.340669
0.662014
0.589060
0.650619
0.596284
0.481195
0.689910
0.591223
0.712564
1.118721
0.515804
1.154855
1.076384
1.172090
1.147998
0.587567
0.923582
0.656169
1.258605
1.402921
0.712139
0.864985
1.108481
1.015459
0.969226
0.950890
1.194874
0.772110
0.973497
0.941489
0.983602
0.860734
0.995643
0.432169
1.035580
1.184352
1.153796
1.130517
1.110323
1.284496
1.037762
1.304674
0.874922
1.176189
0.888952
0.825686
1.465321
1.282222
2.073838
1.239713
0.814042
0.886643
0.927675
0.768026
1.162596
0.961480
0.932799
0.921847
0.733389
0.914955
0.934738
1.010423
1.180488
1.130698
0.931867
0.984481
1.095491
0.790741
0.935492
0.769935
0.965333
0.753780
0.839822
0.894355
0.620113
0.652692
0.821688
0.838604
0.897778
0.715396
0.754300
0.761518
0.671957
0.912239
0.818622
0.773620
0.713759
0.680497
0.864718
0.771024
0.785959
0.828155
0.850155
0.870614
1.060121
0.811416
0.703673
0.859001
0.882131
0.911088
0.830781
0.863617
0.878979
0.912077
0.891318
0.860604
0.737552
0.751067
0.765058
0.841372
1.003327
0.953053
1.196439
0.832356
0.753431
0.696405
0.835989
0.808243
0.773379
0.636682
0.475834
0.881187
0.736673
0.713036
0.676795
0.988315
0.916836
0.896302
1.023706
0.985546
0.693235
0.586036
0.586699
0.708654
0.930437
0.694201
0.776966
0.600321
0.927163
0.778556
0.707420
0.536448
0.718062
0.739531
0.780359
1.005651
0.509528
0.680877
0.891992
0.654795
0.884115
0.831742
0.778566
0.807674
0.846493
0.878085
0.532377
0.610655
0.754404
0.473604
0.314494
0.500383
1.369392
0.437843
1.274920
0.472656
1.077456
0.369195
0.811817
1.214486
1.339825
1.206007
0.284107
0.560339
1.083802
1.005694
0.650081
1.158129
1.226436
0.470971
0.907189
1.516455
0.592742
0.472805
0.734725
0.538041
0.625286
1.208095
0.647371
0.560416
1.416184
0.368150
0.854600
0.612658
0.553159
1.039245
0.887368
0.447694
0.838283
0.802023
0.685492
0.563256
0.711939
0.834765
0.283814
0.932328
0.859586
0.807960
1.334276
0.795995
1.057300
0.775693
0.389988
0.747883
0.301663
0.778789
1.008107
1.196681
0.824952
0.506001
0.552790
0.373050
0.556037
0.393228
1.057553
0.478218
0.666000
1.279348
1.011265
0.529205
0.725799
0.473122
0.648160
0.448249
0.640352
0.420327
0.681136
1.043700
0.531484
0.296484
0.547655
0.604876
1.096371
0.607091
0.878207
0.877331
0.611015
0.591367
0.507720
0.702871
0.640972
0.668764
0.733941
0.565006
0.872472
0.427064
0.824735
0.953616
0.519260
1.296491
0.931914
0.599177
0.537702
0.730864
0.592238
0.851292
0.456323
0.997663
0.772964
0.855888
0.725301
0.703779
0.607281
0.681171
0.692416
0.626738
0.918220
1.009486
0.560300
1.201360
0.410604
0.802008
0.762360
0.595457
0.572186
1.117600
0.851822
0.681337
0.496036
0.557943
0.392314
0.963255
1.077042
0.737648
0.709261
0.787881
0.494208
0.862967
0.400276
0.719633
0.697234
0.524541
1.013570
1.079208
0.947370
0.430326
0.532320
0.603779
0.761700
0.848361
0.628367
1.297490
0.723168
0.736677
0.909040
0.839303
0.573874
0.615750
0.837074
1.259253
0.735322
0.786826
1.026564
0.730228
0.461378
1.242026
0.624335
0.507192
0.750911
0.749393
0.496647
0.523907
0.695794
0.790048
0.480794
1.260988
0.464930
0.378549
0.642003
0.697664
0.497416
0.858234
0.428399
0.598196
0.653261
0.506706
0.573750
0.592860
1.373506
0.593095
0.555948
0.653728
0.509282
0.451993
0.620286
0.533781
0.678320
1.116409
0.528862
1.206181
1.061115
1.230642
1.137020
0.530341
0.903344
0.584813
1.306079
1.454103
0.696372
0.860557
0.977527
1.006719
1.013180
0.985897
1.234325
0.797707
1.012422
0.826981
1.027317
0.877734
1.015086
0.426417
1.000814
1.197854
1.073323
1.160821
1.137415
1.185074
0.949567
1.209245
0.802748
1.081006
0.805219
0.740358
1.321376
1.150625
1.910382
1.140850
0.719238
0.807329
0.871513
0.693451
1.072629
0.863354
0.850866
0.843478
0.685901
0.839717
0.852415
0.909251
1.081017
1.023902
0.862354
0.900745
1.002519
0.723705
0.861044
0.710273
0.898959
0.672977
0.752374
0.814679
0.570845
0.579528
0.734276
0.755324
0.802941
0.650749
0.703274
0.684944
0.627077
0.875221
0.765616
0.705237
0.646683
0.614888
0.783667
0.690155
0.719808
0.753198
0.778769
0.782594
0.941973
0.751590
0.627616
0.769951
0.778949
0.821070
0.731300
0.760598
0.780576
0.817830
0.820256
0.766136
0.662910
0.699572
0.720060
0.776435
0.890575
0.842787
1.085449
0.729768
0.643965
0.599504
0.741104
0.724899
0.696494
0.569923
0.405748
0.753078
0.636669
0.640288
0.592873
0.901773
0.805298
0.782912
0.916347
0.862247
0.646736
0.549667
0.523975
0.606686
0.862099
0.658716
0.716781
0.538605
0.820764
0.767439
0.636329
0.483928
0.630807
0.678906
0.709735
0.896768
0.471194
0.628554
0.811139
0.568428
0.781067
0.736457
0.705002
0.717267
0.806171
0.815078
0.488551
0.538831
0.687118
0.445628
0.311878
0.407305
1.244491
0.367849
1.121658
0.388106
0.937306
0.344617
0.742226
1.064080
1.448267
1.074118
0.246877
0.492759
0.943641
0.876510
0.581928
1.169922
1.107345
0.388983
0.819156
1.343529
0.495644
0.382786
0.649788
0.461155
0.528513
1.092684
0.612924
0.512870
1.523176
0.343549
0.740128
0.513545
0.460971
0.915084
0.780877
0.428834
0.733200
0.722380
0.598764
0.520069
0.611758
0.740927
0.232931
0.866500
0.758153
0.704106
1.184122
0.724773
0.925781
0.668616
0.337237
0.684963
0.299869
0.720725
1.095826
1.086291
0.735780
0.464442
0.500237
0.352566
0.534419
0.322588
0.984610
0.441343
0.666073
1.159752
0.955193
0.481569
0.672018
0.407672
0.570965
0.391430
0.573688
0.367585
0.615445
0.950272
0.560762
0.258063
0.495311
0.561886
1.047726
0.521065
0.777121
0.792671
0.579148
0.502015
0.449376
0.635022
0.593391
0.591788
0.737268
0.494276
0.775954
0.394079
0.756080
0.858749
0.485748
1.215959
0.845799
0.558549
0.488954
0.644099
0.519707
0.806858
0.440562
0.879976
0.678404
0.762170
0.691216
0.662839
0.606561
0.654019
0.627021
0.638346
0.820179
1.001535
0.489153
1.173535
0.343834
0.756820
0.673011
0.512928
0.511710
1.072861
0.923500
0.628871
0.425818
0.502092
0.360878
0.882293
0.994095
0.691931
0.623510
0.741725
0.448239
0.750265
0.379315
0.637554
0.633598
0.515383
0.991724
1.061566
0.900426
0.374672
0.511619
0.526022
0.708617
0.749220
0.568265
1.281277
0.687201
0.702850
0.804654
0.752062
0.566859
0.573867
0.793912
1.136949
0.679646
0.733559
0.963065
0.638262
0.393285
1.219890
0.550140
0.504573
0.665165
0.690146
0.483637
0.481207
0.659666
0.722503
0.413690
1.239821
0.420062
0.310536
0.624864
0.652845
0.478540
0.833317
0.382975
0.545647
0.654120
0.471173
0.493702
0.537968
1.414245
0.554922
0.545397
0.671287
0.456908
0.444429
0.581469
0.504306
0.666789
1.129492
0.554018
1.260723
1.064102
1.290838
1.143497
0.500621
0.902439
0.544396
1.357696
1.508725
0.698912
0.871837
0.890531
1.014700
1.062024
1.027479
1.279765
0.832133
1.057096
0.752641
1.075631
0.905486
1.044599
0.436311
0.988161
1.222625
1.025295
1.198462
1.172840
1.122391
0.895550
1.149563
0.761081
1.021583
0.754486
0.688503
1.223864
1.062930
1.797783
1.078221
0.660052
0.759999
0.841995
0.649651
1.016885
0.801274
0.801272
0.796630
0.662835
0.795111
0.802506
0.844766
1.017907
0.954833
0.822076
0.849586
0.944217
0.685277
0.816820
0.677551
0.860919
0.624069
0.698131
0.766306
0.546076
0.536352
0.680111
0.704349
0.742892
0.613977
0.677005
0.638992
0.605562
0.859900
0.737807
0.665445
0.607991
0.577001
0.734065
0.640640
0.681716
0.708173
0.736531
0.727403
0.863492
0.718261
0.581787
0.714040
0.711942
0.764292
0.667114
0.693700
0.717268
0.757541
0.777943
0.705822
0.617946
0.672374
0.697933
0.738986
0.815888
0.769963
1.012145
0.662925
0.571765
0.537208
0.680120
0.673099
0.649534
0.530882
0.363993
0.666412
0.571472
0.596188
0.540381
0.847087
0.731220
0.707448
0.845313
0.779166
0.623017
0.533794
0.487577
0.539970
0.821526
0.643663
0.682402
0.502937
0.750573
0.770960
0.593560
0.455345
0.575262
0.644024
0.667231
0.824227
0.453334
0.600172
0.760653
0.513474
0.713199
0.674633
0.659900
0.659087
0.786752
0.778051
0.466607
0.495020
0.646677
0.435713
0.321556
0.347097
1.159422
0.325233
1.014613
0.334321
0.840418
0.337251
0.700100
0.959310
1.543999
0.983491
0.229709
0.452046
0.846590
0.788015
0.540745
1.190759
1.026510
0.336905
0.762342
1.221070
0.431790
0.324578
0.595404
0.412875
0.464887
1.014377
0.597637
0.487373
1.617450
0.335726
0.662847
0.447999
0.400852
0.830108
0.709418
0.425512
0.662873
0.671713
0.542598
0.497690
0.545052
0.679122
0.204481
0.826415
0.690508
0.634478
1.078725
0.680654
0.834843
0.596546
0.307264
0.647106
0.309502
0.686631
1.174593
1.011732
0.677390
0.443112
0.470289
0.347388
0.528388
0.278622
0.938899
0.423500
0.676941
1.077707
0.922411
0.455409
0.641022
0.367517
0.521812
0.358080
0.532506
0.337292
0.575015
0.888416
0.593895
0.238637
0.465314
0.538923
1.020334
0.464626
0.709004
0.737594
0.564723
0.443197
0.414526
0.592646
0.566801
0.542290
0.749956
0.449663
0.711374
0.378878
0.713065
0.795365
0.469948
1.163724
0.789046
0.537351
0.461153
0.587047
0.473616
0.782429
0.438323
0.798734
0.615246
0.699426
0.674769
0.641119
0.616033
0.642954
0.586134
0.657161
0.754238
1.005122
0.443930
1.161795
0.301883
0.731559
0.613566
0.458645
0.474568
1.047999
0.988715
0.597894
0.381241
0.468433
0.346071
0.829051
0.939478
0.666071
0.566829
0.715616
0.422126
0.672629
0.372711
0.583416
0.593719
0.517773
0.984185
1.057370
0.873585
0.340917
0.504947
0.475175
0.676912
0.681893
0.530894
1.278226
0.668563
0.685971
0.733112
0.693663
0.570665
0.550778
0.769684
1.051403
0.645834
0.701445
0.923089
0.576202
0.349640
1.211964
0.501947
0.511737
0.607770
0.653396
0.482466
0.457229
0.640852
0.679266
0.370838
1.232431
0.394247
0.266847
0.620604
0.627009
0.472808
0.822912
0.356587
0.514002
0.663587
0.452478
0.440731
0.504350
1.454809
0.534241
0.546057
0.693780
0.425104
0.447364
0.560241
0.490246
0.666605
1.148266
0.582221
1.311293
1.075059
1.345623
1.157064
0.486213
0.910200
0.521889
1.405777
1.559133
0.709264
0.888861
0.832162
1.029225
1.107863
1.067634
1.323141
0.867058
1.099926
0.703626
1.121248
0.935329
1.075719
0.452234
0.986655
1.250022
0.996545
1.235702
1.208526
1.082345
0.862185
1.111785
0.737191
0.984074
0.723549
0.656772
1.156810
1.003582
1.719095
1.038001
0.622677
0.731674
0.827320
0.623970
0.981970
0.761473
0.771058
0.768536
0.652989
0.768634
0.772046
0.803091
0.977332
0.909486
0.798881
0.818077
0.907206
0.663457
0.790486
0.660128
0.839356
0.594292
0.664117
0.736736
0.534734
0.510870
0.646197
0.672880
0.704365
0.593326
0.664421
0.611299
0.596642
0.855832
0.724042
0.642389
0.585837
0.555265
0.703451
0.610060
0.659950
0.681002
0.711513
0.692360
0.810518
0.700087
0.554029
0.678495
0.667754
0.728010
0.625068
0.649594
0.675931
0.718418
0.752686
0.666764
0.590722
0.658752
0.688236
0.717563
0.765624
0.721097
0.962961
0.618682
0.523390
0.496567
0.640340
0.640550
0.620617
0.508120
0.339052
0.606868
0.528288
0.569265
0.507147
0.812067
0.681224
0.656418
0.797548
0.722296
0.611849
0.528666
0.466558
0.495627
0.797400
0.639264
0.662984
0.482455
0.703525
0.780700
0.567702
0.440308
0.539402
0.624121
0.641521
0.775117
0.446406
0.585327
0.728757
0.478008
0.667776
0.633889
0.631998
0.621078
0.778624
0.756309
0.456636
0.468076
0.622257
0.434873
0.335792
0.307549
1.100583
0.299081
0.938810
0.299619
0.772452
0.338329
0.674436
0.885304
1.624660
0.920267
0.223236
0.427381
0.778405
0.726462
0.515713
1.213642
0.970776
0.303355
0.725110
1.133272
0.389114
0.286363
0.560062
0.382165
0.422373
0.960396
0.592454
0.474275
1.696792
0.336201
0.609841
0.403939
0.361023
0.771061
0.660680
0.429479
0.615037
0.639005
0.505656
0.486846
0.499896
0.637745
0.188885
0.801814
0.644654
0.587024
1.003741
0.653028
0.771031
0.547247
0.290452
0.624208
0.323332
0.666645
1.241602
0.960597
0.638532
0.432955
0.453420
0.349588
0.529950
0.250939
0.909898
0.415955
0.691610
1.020553
0.903295
0.441462
0.623300
0.342652
0.490061
0.338533
0.506787
0.320051
0.549872
0.846796
0.625538
0.229632
0.448294
0.527198
1.005175
0.426983
0.662359
0.701198
0.559537
0.403846
0.393635
0.565851
0.552239
0.509965
0.765613
0.421138
0.667457
0.373164
0.685773
0.752316
0.463652
1.129338
0.751015
0.526968
0.445470
0.548923
0.443906
0.769382
0.442379
0.741798
0.572363
0.656714
0.667857
0.630169
0.629195
0.640226
0.560228
0.677419
0.709112
1.013582
0.414775
1.158466
0.275164
0.717717
0.573351
0.422339
0.451544
1.034525
1.044688
0.579594
0.352540
0.448026
0.340177
0.793450
0.902925
0.651660
0.528745
0.701074
0.407483
0.618325
0.373217
0.547112
0.568403
0.525127
0.983829
1.059659
0.858439
0.320274
0.505246
0.441333
0.657923
0.635434
0.507374
1.281456
0.659531
0.678365
0.683315
0.653913
0.578976
0.538404
0.756336
0.990719
0.625163
0.681970
0.897587
0.533633
0.321226
1.211215
0.470157
0.522610
0.568725
0.630341
0.486726
0.444012
0.631673
0.651177
0.343068
1.231957
0.379510
0.238352
0.622569
0.612229
0.473543
0.820060
0.341319
0.494842
0.676027
0.443171
0.405075
0.483575
1.491445
0.523449
0.551713
0.716366
0.405596
0.454771
0.548986
0.484504
0.671575
1.167852
0.609213
1.355614
1.088612
1.393419
1.172884
0.480001
0.921358
0.509563
1.448341
1.603571
0.722401
0.907149
0.791769
1.045612
1.148576
1.103730
1.361996
0.899167
1.138120
0.670511
1.161580
0.963505
1.104815
0.469492
0.990353
1.276168
0.979159
1.269401
1.241174
1.056241
0.841238
1.087406
0.723553
0.959931
0.704407
0.637082
1.109621
0.962502
1.662909
1.011593
0.598653
0.714578
0.820736
0.608856
0.959701
0.735397
0.752385
0.751502
0.650009
0.752759
0.753200
0.775571
0.950691
0.878992
0.785492
0.798330
0.883213
0.651120
0.774623
0.651193
0.827174
0.575918
0.642360
0.718345
0.530489
0.495735
0.624558
0.653136
0.679097
0.581841
0.659151
0.594406
0.594209
0.857169
0.717932
0.629010
0.573213
0.542773
0.684226
0.590834
0.647585
0.664388
0.696576
0.669619
0.773914
0.690465
0.537012
0.655433
0.637908
0.704313
0.596867
0.619809
0.648307
0.692401
0.737438
0.640896
0.574027
0.652519
0.685076
0.705392
0.730957
0.687487
0.929168
0.588682
0.490167
0.469455
0.613757
0.619718
0.602507
0.494835
0.324000
0.565004
0.498946
0.552519
0.485674
0.789110
0.646639
0.621065
0.764586
0.682456
0.607395
0.528900
0.454400
0.465426
0.782947
0.640167
0.652127
0.470708
0.671225
0.792443
0.551897
0.432782
0.515694
0.612813
0.625782
0.740987
0.445034
0.578019
0.708211
0.454574
0.636624
0.606390
0.614413
0.595635
0.776367
0.743451
0.453068
0.451216
0.607282
0.438246
0.350834
0.280966
1.058893
0.282727
0.883975
0.276704
0.723712
0.343174
0.658603
0.831929
1.691349
0.875139
0.222244
0.412257
0.729436
0.682674
0.500298
1.235531
0.931426
0.281235
0.700105
1.069097
0.359881
0.260684
0.536559
0.362171
0.393264
0.922229
0.592384
0.468016
1.762400
0.340429
0.572645
0.373595
0.334003
0.729058
0.626600
0.436487
0.581691
0.617372
0.480746
0.482247
0.468537
0.609312
0.180526
0.786446
0.612797
0.553856
0.949254
0.635419
0.725245
0.512698
0.281144
0.610181
0.337919
0.654888
1.297444
0.924647
0.611998
0.428834
0.444023
0.354954
0.534850
0.233158
0.891125
0.413795
0.706772
0.979792
0.892131
0.434369
0.613232
0.326959
0.469090
0.327057
0.490386
0.310306
0.533932
0.818101
0.653722
0.226162
0.438745
0.521634
0.996942
0.401185
0.629568
0.676589
0.559028
0.376881
0.380983
0.548514
0.544465
0.488312
0.781239
0.402469
0.636844
0.372340
0.668084
0.722338
0.462265
1.106166
0.724853
0.522503
0.436686
0.522832
0.424321
0.762681
0.448948
0.700965
0.542562
0.626894
0.665932
0.625132
0.642917
0.641567
0.543436
0.696567
0.677502
1.023532
0.395540
1.159302
0.257748
0.710316
0.545463
0.397417
0.436993
1.027490
1.091537
0.568699
0.333658
0.435460
0.338862
0.769001
0.877853
0.643750
0.502552
0.693142
0.399360
0.579494
0.376964
0.522131
0.551957
0.534118
0.986780
1.064737
0.849998
0.307425
0.508702
0.418249
0.646429
0.602619
0.492214
1.287369
0.655667
0.675688
0.647837
0.626157
0.588625
0.532041
0.749146
0.946722
0.612353
0.669979
0.880974
0.503718
0.302256
1.213864
0.448699
0.534274
0.541443
0.615607
0.493064
0.436900
0.627761
0.632501
0.324661
1.234740
0.371120
0.219299
0.627244
0.603799
0.477187
0.820951
0.332435
0.483131
0.688770
0.438977
0.380487
0.470512
1.523197
0.518162
0.559205
0.737104
0.393401
0.463647
0.543320
0.483095
0.678560
1.186232
0.633595
1.393478
1.102222
1.434101
1.188539
0.478111
0.933228
0.503064
1.484945
1.641772
0.735867
0.924651
0.762950
1.061675
1.183812
1.135124
1.395893
0.927613
1.171342
0.647339
1.196439
0.988855
1.130483
0.485653
0.996028
1.299196
0.968582
1.298226
1.269278
1.038945
0.827918
1.071417
0.715868
0.944187
0.692442
0.624741
1.075973
0.933666
1.622333
0.993964
0.582986
0.704207
0.818427
0.599975
0.945283
0.718052
0.740736
0.741128
0.650448
0.743210
0.741427
0.757124
0.932951
0.858167
0.777860
0.785844
0.867460
0.644287
0.765039
0.647006
0.820415
0.564496
0.628252
0.706785
0.529887
0.486750
0.610584
0.640628
0.662271
0.575631
0.657743
0.584040
0.595021
0.861058
0.715816
0.621302
0.566116
0.535655
0.672006
0.578607
0.640649
0.654141
0.687635
0.654625
0.748253
0.685612
0.526487
0.640236
0.617427
0.688595
0.577636
0.599385
0.629553
0.674821
0.728172
0.623486
0.563698
0.650207
0.685145
0.698562
0.706701
0.664022
0.905594
0.568022
0.467018
0.451085
0.595704
0.606205
0.591035
0.487119
0.314870
0.535197
0.478690
0.541989
0.471587
0.773828
0.622366
0.596219
0.741502
0.654181
0.606393
0.531510
0.447412
0.444547
0.774265
0.643368
0.646179
0.464039
0.648722
0.803901
0.542164
0.429375
0.499767
0.606488
0.616099
0.716936
0.446288
0.574813
0.694782
0.438849
0.614942
0.587545
0.603194
0.578331
0.776959
0.735851
0.452716
0.440547
0.598022
0.443175
0.364759
0.262828
1.029023
0.272387
0.843951
0.261339
0.688399
0.349240
0.648746
0.793065
1.745201
0.842576
0.223816
0.402907
0.693913
0.651171
0.490728
1.254789
0.903298
0.266422
0.683049
1.021837
0.339556
0.243176
0.520692
0.348970
0.373038
0.894923
0.594614
0.465449
1.815351
0.345927
0.546217
0.352392
0.315407
0.698865
0.602454
0.444158
0.558136
0.602844
0.463685
0.480897
0.446457
0.589498
0.176240
0.776735
0.590350
0.530359
0.909342
0.624032
0.692071
0.488165
0.276125
0.601515
0.351420
0.647985
1.342708
0.899110
0.593620
0.427836
0.438911
0.361230
0.540774
0.221574
0.878793
0.414282
0.720671
0.950416
0.885637
0.431061
0.607600
0.316939
0.455030
0.320344
0.479790
0.304898
0.523697
0.798039
0.677579
0.225524
0.433497
0.519382
0.992604
0.383270
0.606248
0.659712
0.560665
0.358140
0.373283
0.537143
0.540508
0.473585
0.795305
0.390074
0.615228
0.373800
0.656442
0.701192
0.463225
1.090287
0.706599
0.521136
0.431871
0.504725
0.411218
0.759494
0.456003
0.671389
0.521566
0.605803
0.666430
0.623237
0.655535
0.644604
0.532388
0.713299
0.655111
1.033134
0.382672
1.161893
0.246239
0.706536
0.525869
0.380075
0.427681
1.024014
1.129654
0.562207
0.321057
0.427655
0.339724
0.751977
0.860415
0.639530
0.484292
0.688942
0.394966
0.551447
0.381801
0.504709
0.541121
0.542951
0.990922
1.070548
0.845393
0.299359
0.513234
0.402287
0.639436
0.579177
0.482309
1.293840
0.654507
0.675478
0.622299
0.606534
0.597913
0.529014
0.745417
0.914562
0.604333
0.662535
0.869977
0.482443
0.289411
1.217763
0.434006
0.545129
0.522165
0.606053
0.499709
0.433231
0.626590
0.619898
0.312287
1.238675
0.366422
0.206386
0.632663
0.599044
0.481763
0.823398
0.327317
0.475928
0.700339
0.437490
0.363342
0.462211
1.549530
0.515868
0.566747
0.754893
0.385744
0.472247
0.540729
0.483763
0.685674
1.202078
0.654060
1.424160
1.114421
1.466872
1.202219
0.478350
0.943980
0.499816
1.514560
1.672594
0.747811
0.939651
0.742691
1.075587
1.212296
1.160658
1.423373
0.950913
1.198271
0.631356
1.224613
1.009770
1.151484
0.499812
1.002061
1.318659
0.962075
1.322121
1.292698
1.027258
0.819323
1.060740
0.711597
0.933713
0.684839
0.616894
1.051604
0.913073
1.592632
0.981963
0.572580
0.697862
0.818283
0.594747
0.935784
0.706287
0.733340
0.734721
0.652351
0.737399
0.733965
0.744509
0.920897
0.843664
0.773512
0.777788
0.856893
0.640544
0.759161
0.645311
0.816717
0.557283
0.618918
0.699386
0.530952
0.481381
0.601378
0.632545
0.650835
0.572358
0.658166
0.577589
0.597142
0.865536
0.715726
0.616861
0.562181
0.531613
0.664098
0.570678
0.636817
0.647732
0.682234
0.644536
0.729940
0.683378
0.519889
0.630033
0.603096
0.677955
0.564274
0.585103
0.616571
0.662700
0.722479
0.611538
0.557225
0.649882
0.686671
0.694807
0.689415
0.647333
0.888857
0.553519
0.450586
0.438393
0.583194
0.597268
0.583637
0.482652
0.309269
0.513629
0.464417
0.535233
0.462163
0.763434
0.605024
0.578454
0.725027
0.633782
0.607038
0.534961
0.443408
0.429825
0.769004
0.647322
0.643010
0.460281
0.632756
0.814171
0.536097
0.428137
0.488840
0.602993
0.610035
0.699668
0.448604
0.573774
0.685841
0.428071
0.599570
0.574372
0.595888
0.566321
0.778779
0.731331
0.453880
0.433672
0.592197
0.448354
0.376877
0.250203
1.007269
0.265719
0.814350
0.250823
0.662443
0.355293
0.642521
0.764393
1.788261
0.818725
0.226419
0.397053
0.667771
0.628161
0.484700
1.271107
0.882874
0.256296
0.671172
0.986637
0.325153
0.231009
0.509755
0.340055
0.358722
0.875054
0.597696
0.464804
1.857698
0.351507
0.527130
0.337306
0.302353
0.676814
0.585032
0.451452
0.541195
0.592879
0.451764
0.481153
0.430614
0.575402
0.174203
0.770475
0.574247
0.513419
0.879716
0.616547
0.667669
0.470449
0.273522
0.596089
0.363202
0.643926
1.379023
0.880654
0.580612
0.428349
0.436215
0.367329
0.546613
0.213882
0.870543
0.415918
0.732730
0.928908
0.881864
0.429789
0.604507
0.310414
0.445414
0.316419
0.472797
0.301959
0.516991
0.783753
0.697272
0.226225
0.430697
0.518840
0.990437
0.370557
0.589349
0.647897
0.563124
0.344872
0.368543
0.529501
0.538654
0.463350
0.807359
0.381658
0.599690
0.376174
0.648621
0.685992
0.465168
1.079196
0.693605
0.521322
0.429281
0.491915
0.402264
0.758188
0.462626
0.649636
0.506510
0.590604
0.667980
0.622959
0.666514
0.648139
0.524952
0.727415
0.638967
1.041710
0.373874
1.165070
0.238468
0.704749
0.511842
0.367748
0.421606
1.022490
1.160313
0.558301
0.312479
0.422734
0.341498
0.739877
0.848039
0.637373
0.471322
0.686843
0.392668
0.530884
0.386698
0.492310
0.533806
0.550909
0.995206
1.076162
0.842968
0.294185
0.517835
0.391016
0.635129
0.562161
0.475678
1.300025
0.654671
0.676419
0.603618
0.592390
0.606189
0.527792
0.743605
0.890739
0.599239
0.657834
0.862557
0.467046
0.280522
1.221886
0.423751
0.554636
0.508287
0.599751
0.505869
0.431467
0.626790
0.611212
0.303798
1.242785
0.363818
0.197445
0.637935
0.596394
0.486346
0.826332
0.324366
0.471437
0.710323
0.437370
0.351159
0.456841
1.571037
0.515149
0.573637
0.769758
0.380836
0.479960
0.539771
0.485321
0.692237
1.215385
0.670994
1.448950
1.124922
1.493286
1.213890
0.479522
0.953332
0.498361
1.538527
1.697518
0.758075
0.952271
0.728007
1.087392
1.235378
1.181380
1.445712
0.969968
1.220135
0.619966
1.247479
1.027183
1.169951
0.512456
1.008045
1.335648
0.957893
1.342571
1.313075
1.018921
0.813474
1.053159
0.709272
0.926419
0.679749
0.611703
1.032767
0.897530
1.569462
0.973200
0.565401
0.693882
0.819276
0.591600
0.929140
0.697801
0.728402
0.730594
0.654899
0.733640
0.729015
0.735391
0.912306
0.832857
0.770947
0.772305
0.849394
0.638456
0.755294
0.644906
0.814629
0.552573
0.612338
0.694295
0.532809
0.478074
0.594999
0.627098
0.642581
0.570681
0.659462
0.573396
0.599854
0.870264
0.716666
0.614222
0.560028
0.529128
0.658679
0.565215
0.634712
0.643462
0.678811
0.637269
0.716030
0.682531
0.515580
0.622787
0.592405
0.670298
0.554359
0.574484
0.607027
0.653719
0.718723
0.602837
0.552978
0.650525
0.688851
0.692797
0.676306
0.634679
0.876234
0.542682
0.438181
0.429165
0.573944
0.591103
0.578613
0.480066
0.305681
0.497156
0.453648
0.530547
0.455524
0.755900
0.591870
0.565003
0.712464
0.618270
0.608463
0.538655
0.441020
0.418854
0.765745
0.651568
0.641381
0.458112
0.620808
0.823343
0.532214
0.428033
0.480890
0.601067
0.606141
0.686482
0.451228
0.573924
0.679625
0.420252
0.588059
0.564671
0.590864
0.557487
0.781096
0.728509
0.455797
0.429006
0.588307
0.453374
0.387466
0.240998
0.990581
0.261144
0.791367
0.243238
0.642422
0.361047
0.638473
0.742270
1.823853
0.800370
0.229434
0.393254
0.647596
0.610556
0.480785
1.285241
0.867268
0.249008
0.662447
0.959246
0.314411
0.222164
0.501841
0.333699
0.348071
0.859811
0.601082
0.465156
1.892614
0.356806
0.512750
0.326041
0.292780
0.659973
0.571814
0.458205
0.528399
0.585661
0.442985
0.482191
0.418637
0.564840
0.173352
0.766221
0.562131
0.500555
0.856779
0.611427
0.648956
0.457057
0.272244
0.592568
0.373530
0.641517
1.408892
0.866778
0.570950
0.429622
0.434867
0.372978
0.552077
0.208544
0.864787
0.418060
0.743267
0.912460
0.879652
0.429632
0.602864
0.305961
0.438554
0.314131
0.467946
0.300427
0.512382
0.773131
0.713806
0.227488
0.429299
0.519138
0.989424
0.361054
0.576508
0.639316
0.565816
0.335072
0.365544
0.524115
0.537927
0.455855
0.817684
0.375664
0.588011
0.378929
0.643131
0.674562
0.467473
1.071113
0.683884
0.522322
0.427901
0.482481
0.395881
0.757865
0.468632
0.632962
0.495291
0.579136
0.669960
0.623502
0.676072
0.651739
0.519689
0.739385
0.626873
1.049235
0.367610
1.168333
0.232964
0.704017
0.501365
0.358573
0.417465
1.022051
1.185493
0.555889
0.306422
0.419481
0.343562
0.730837
0.838886
0.636340
0.461771
0.685916
0.391505
0.515255
0.391366
0.483085
0.528636
0.557949
0.999289
1.081356
0.841793
0.290719
0.522182
0.382702
0.632417
0.549333
0.470991
1.305737
0.655431
0.677861
0.589430
0.581743
0.613456
0.527556
0.742829
0.872411
0.595920
0.654730
0.857331
0.455456
0.274069
1.225896
0.416337
0.562924
0.497852
0.595418
0.511366
0.430755
0.627692
0.604995
0.297761
1.246720
0.362389
0.190992
0.642829
0.594908
0.490621
0.829335
0.322607
0.468612
0.718900
0.437906
0.342195
0.453250
1.588950
0.515262
0.579802
0.782312
0.377544
0.486781
0.539704
0.487229
0.698137
1.226631
0.685221
1.469337
1.133827
1.515019
1.223922
0.481055
0.961443
0.497912
1.558323
1.718135
0.766930
0.962996
0.716919
1.097499
1.254483
1.198494
1.464299
0.985863
1.238261
0.611446
1.266384
1.041713
1.184713
0.522724
1.013209
1.349236
0.955282
1.358813
1.329271
1.013156
0.809597
1.047977
0.708081
0.921425
0.676434
0.608328
1.018919
0.886241
1.552320
0.967082
0.560513
0.691418
0.820618
0.589773
0.924658
0.691886
0.725190
0.728013
0.657420
0.731331
0.725816
0.728997
0.906323
0.825144
0.769526
0.768682
0.844213
0.637406
0.752882
0.645155
0.813578
0.549541
0.607865
0.690936
0.534776
0.476108
0.590695
0.623496
0.636825
0.569940
0.661005
0.570734
0.602487
0.874450
0.717920
0.612741
0.558928
0.527751
0.655085
0.561563
0.633644
0.640725
0.676723
0.632223
0.705918
0.682422
0.512823
0.617776
0.584745
0.664968
0.547291
0.566875
0.600247
0.647353
0.716361
0.596707
0.550254
0.651530
0.691053
0.691811
0.666767
0.625485
0.867071
0.534894
0.429189
0.422622
0.567355
0.586920
0.575283
0.478615
0.303447
0.485042
0.445885
0.527434
0.450944
0.750636
0.582266
0.555195
0.703314
0.606889
0.610058
0.541999
0.439677
0.410935
0.763765
0.655353
0.640639
0.456947
0.612143
0.830887
0.529748
0.428458
0.475281
0.600096
0.603666
0.676833
0.453712
0.574547
0.675366
0.414743
0.579717
0.557720
0.587494
0.551198
0.783355
0.726818
0.457778
0.425914
0.585783
0.457714
0.396069
0.234434
0.978250
0.258101
0.774201
0.237906
0.627526
0.365945
0.635862
0.725764
1.851697
0.786734
0.232241
0.390820
0.632578
0.597515
0.478265
1.296605
0.855749
0.243866
0.656212
0.938687
0.306615
0.215861
0.496243
0.329279
0.340350
0.848524
0.604157
0.465914
1.919937
0.361349
0.502180
0.317852
0.285895
0.647494
0.562096
0.463883
0.519029
0.580555
0.436687
0.483436
0.409865
0.557148
0.173146
0.763401
0.553263
0.491117
0.839591
0.607960
0.635023
0.447206
0.271706
0.590312
0.381952
0.640115
1.432302
0.856578
0.563959
0.431051
0.434269
0.377769
0.556725
0.204900
0.860822
0.420147
0.751825
0.900272
0.878398
0.429973
0.602054
0.302978
0.433730
0.312827
0.464632
0.299681
0.509268
0.765403
0.726950
0.228888
0.428679
0.519784
0.989058
0.354152
0.567046
0.633164
0.568304
0.327972
0.363665
0.520367
0.537799
0.450503
0.826035
0.371471
0.579460
0.381484
0.639320
0.666198
0.469674
1.065314
0.676796
0.523531
0.427237
0.475653
0.391399
0.758029
0.473663
0.620539
0.487088
0.570715
0.671892
0.624342
0.683856
0.654918
0.516009
0.749011
0.617985
1.055424
0.363206
1.171260
0.229130
0.703851
0.493706
0.351893
0.414671
1.022116
1.205264
0.554429
0.302180
0.417363
0.345530
0.724260
0.832237
0.635932
0.454827
0.685607
0.390991
0.503634
0.395365
0.476368
0.525031
0.563762
1.002808
1.085750
0.841284
0.288420
0.525898
0.376681
0.630711
0.539857
0.467741
1.310542
0.656391
0.679356
0.578882
0.573915
0.619430
0.527772
0.742610
0.858683
0.593766
0.652719
0.853695
0.446917
0.269474
1.229356
0.411031
0.569691
0.490196
0.592468
0.515938
0.430583
0.628773
0.600584
0.293497
1.250122
0.361639
0.186396
0.646978
0.594118
0.494289
0.832003
0.321605
0.466825
0.725865
0.438671
0.335675
0.450858
1.603129
0.515734
0.584916
0.792370
0.375367
0.492407
0.540030
0.489064
0.703044
1.235650
0.696558
1.485389
1.141040
1.532121
1.232031
0.482579
0.968046
0.497947
1.573923
1.734381
0.774109
0.971613
0.708727
1.105648
1.269550
1.212004
1.478998
0.998457
1.252568
0.605222
1.281286
1.053277
1.196436
0.530974
1.017530
1.360046
0.953630
1.371639
1.342101
1.009053
0.806985
1.044330
0.707521
0.917959
0.674228
0.606084
1.008612
0.877906
1.539474
0.962695
0.557118
0.689899
0.821998
0.588720
0.921540
0.687679
0.723069
0.726371
0.659682
0.729878
0.723683
0.724436
0.902076
0.819555
0.768752
0.766225
0.840577
0.636922
0.751347
0.645666
0.813075
0.547547
0.604742
0.688661
0.536615
0.474919
0.587712
0.621061
0.632716
0.569691
0.662493
0.569020
0.604817
0.877994
0.719220
0.611914
0.558419
0.526997
0.652632
0.559081
0.633151
0.638933
0.675435
0.628656
0.698443
0.682662
0.511028
0.614247
0.579155
0.661185
0.542144
0.561334
0.595341
0.642758
0.714841
0.592303
0.548484
0.652606
0.693047
0.691377
0.659733
0.618707
0.860330
0.529190
0.422569
0.417914
0.562584
0.584017
0.573021
0.477815
0.302037
0.476021
0.440174
0.525337
0.447734
0.746867
0.575179
0.547935
0.696530
0.598430
0.611588
0.544859
0.438927
0.405139
0.762534
0.658585
0.640361
0.456337
0.605769
0.836974
0.528163
0.429060
0.471247
0.599649
0.602057
0.669652
0.455909
0.575338
0.672388
0.410783
0.573583
0.552656
0.585186
0.546628
0.785370
0.725796
0.459607
0.423806
0.584114
0.461335
0.402978
0.229670
0.969023
0.256023
0.761243
0.234076
0.616335
0.370003
0.634147
0.713345
1.873441
0.776510
0.234705
0.389235
0.621277
0.587746
0.476616
1.305655
0.847149
0.240179
0.651678
0.923133
0.300897
0.211289
0.492210
0.326143
0.334677
0.840089
0.606816
0.466758
1.941271
0.365122
0.494333
0.311816
0.280877
0.638159
0.554870
0.468555
0.512072
0.576890
0.432100
0.484659
0.403370
0.551471
0.173252
0.761468
0.546682
0.484074
0.826599
0.605566
0.624550
0.439873
0.271565
0.588831
0.388713
0.639302
1.450602
0.848990
0.558812
0.432428
0.434066
0.381693
0.560462
0.202594
0.858270
0.421717
0.757698
0.892236
0.877722
0.430299
0.601646
0.301158
0.430603
0.312062
0.462636
0.299335
0.507376
0.760344
0.736003
0.230075
0.428365
0.520446
0.989053
0.349788
0.560938
0.629095
0.570214
0.323308
0.362556
0.518088
0.537891
0.447136
0.831929
0.368846
0.573870
0.383298
0.636930
0.660737
0.471331
1.061545
0.672278
0.524421
0.427041
0.471154
0.388509
0.758349
0.477278
0.612332
0.481636
0.565242
0.673380
0.625057
0.689252
0.657219
0.513773
0.755736
0.612061
1.059852
0.360364
1.173407
0.226725
0.703942
0.488683
0.347601
0.412967
1.022289
1.218894
0.553620
0.299391
0.416140
0.347111
0.720048
0.827889
0.635859
0.450206
0.685533
0.390860
0.495833
0.398200
0.472006
0.522801
0.567900
1.005419
1.088897
0.841054
0.287078
0.528629
0.372788
0.629707
0.533525
0.465796
1.313893
0.657266
0.680537
0.571860
0.568812
0.623686
0.528031
0.742645
0.849494
0.592398
0.651544
0.851360
0.441246
0.266547
1.231855
0.407481
0.574440
0.485169
0.590590
0.519325
0.430611
0.629602
0.597702
0.290692
1.252625
0.361331
0.183413
0.649945
0.593793
0.496974
0.834009
0.321147
0.465679
0.730814
0.439393
0.331291
0.449346
1.612882
0.516174
0.588552
0.799320
0.374067
0.496369
0.540357
0.490453
0.706525
1.241954
0.704336
1.496483
1.146268
1.543857
1.237593
0.483812
0.972655
0.498038
1.584584
1.745410
0.779078
0.977544
0.703368
1.111211
1.279772
1.221299
1.488849
1.006979
1.262238
0.601273
1.291323
1.060995
1.204304
0.536571
1.020542
1.367301
0.952659
1.380350
1.350544
1.006449
0.805320
1.042037
0.707236
0.915699
0.672910
0.604668
1.002053
0.872478
1.531223
0.960020
0.554860
0.688932
0.822998
0.588118
0.919612
0.685032
0.721801
0.725404
0.661332
0.729117
0.722364
0.721491
0.899298
0.816045
0.768440
0.764728
0.838279
0.636799
0.750550
0.646170
0.812963
0.546281
0.602838
0.687376
0.537986
0.474242
0.585812
0.619520
0.630123
0.569689
0.663661
0.567993
0.606508
0.880413
0.720212
0.611535
0.558173
0.526758
0.651145
0.557591
0.632937
0.637919
0.674739
0.626485
0.693672
0.682955
0.509927
0.612010
0.575639
0.658815
0.538924
0.557812
0.592224
0.639929
0.714062
0.589501
0.547414
0.653505
0.694505
0.691137
0.655243
0.614407
0.856000
0.525577
0.418330
0.414838
0.559594
0.582127
0.571637
0.477345
0.301228
0.470112
0.436609
0.524152
0.445684
0.744517
0.570602
0.543214
0.692240
0.592855
0.612761
0.546939
0.438619
0.401372
0.761800
0.660808
0.640303
0.456087
0.601588
0.841247
0.527153
0.429608
0.468681
0.599463
0.601049
0.665046
0.457609
0.575941
0.670437
0.408258
0.569561
0.549349
0.583763
0.543683
0.786900
0.725276
0.460911
0.422528
0.583173
0.463944
0.407828
0.226516
0.962918
0.254799
0.752595
0.231597
0.608859
0.372883
0.633046
0.704971
1.888319
0.769701
0.236461
0.388247
0.613713
0.581191
0.475563
1.311865
0.841426
0.237808
0.648726
0.912586
0.297115
0.208227
0.489546
0.324141
0.330907
0.834499
0.608725
0.467456
1.956017
0.367838
0.488991
0.307782
0.277502
0.631840
0.550064
0.471823
0.507412
0.574513
0.429082
0.485643
0.399046
0.547741
0.173465
0.760298
0.542285
0.479391
0.817760
0.603987
0.617408
0.434917
0.271578
0.587917
0.393477
0.638851
1.463452
0.843781
0.555403
0.433479
0.434054
0.384585
0.563362
0.200685
0.856185
0.423429
0.763547
0.884865
0.877307
0.430949
0.601537
0.299624
0.427964
0.311655
0.460875
0.299255
0.505755
0.755842
0.744678
0.231263
0.428381
0.521186
0.989152
0.345697
0.555237
0.625637
0.572107
0.319213
0.361738
0.516044
0.538160
0.444052
0.837511
0.366530
0.568793
0.385344
0.634881
0.655772
0.473076
1.058259
0.668083
0.525628
0.426912
0.467236
0.386039
0.758780
0.480778
0.604803
0.476850
0.560219
0.674957
0.625956
0.694568
0.659602
0.511755
0.762141
0.606839
1.064068
0.357950
1.175605
0.224625
0.704148
0.484182
0.343691
0.411528
1.022713
1.231698
0.553028
0.297108
0.415118
0.348646
0.716159
0.824042
0.635908
0.446225
0.685700
0.390832
0.488885
0.401105
0.468068
0.520815
0.571883
1.007939
1.091998
0.841103
0.285914
0.531280
0.369295
0.628973
0.527909
0.463994
1.317331
0.658152
0.681821
0.565552
0.564147
0.627764
0.528521
0.742812
0.841161
0.591399
0.650563
0.849398
0.436185
0.263937
1.234397
0.404515
0.579056
0.480613
0.589070
0.522454
0.430835
0.630661
0.595270
0.288366
1.255083
0.361146
0.180831
0.652889
0.593574
0.499577
0.836000
0.320768
0.464923
0.735480
0.440162
0.327572
0.448179
1.622211
0.516801
0.592093
0.806016
0.372980
0.500243
0.540914
0.491930
0.709949
1.247949
0.711865
1.506906
1.151080
1.554975
1.243092
0.485042
0.977143
0.498420
1.594772
1.756052
0.783938
0.983295
0.698486
1.116706
1.289636
1.230083
1.498536
1.015285
1.271616
0.597599
1.301071
1.068677
1.212061
0.542105
1.023558
1.374467
0.951907
1.388738
1.359057
1.004164
0.804000
1.040023
0.707198
0.913864
0.671810
0.603589
0.995757
0.867550
1.523340
0.957511
0.553091
0.688303
0.824176
0.587737
0.917918
0.682664
0.720725
0.724661
0.663018
0.728433
0.721332
0.718916
0.896948
0.812738
0.768202
0.763463
0.836278
0.636719
0.749805
0.646746
0.812877
0.545352
0.601122
0.686169
0.539403
0.473783
0.584237
0.618289
0.627806
0.569772
0.664849
0.567194
0.608249
0.882957
0.721301
0.611268
0.558125
0.526446
0.649860
0.556263
0.632895
0.637030
0.674163
0.624454
0.689186
0.683358
0.509078
0.610058
0.572333
0.656680
0.535908
0.554558
0.589383
0.637213
0.713301
0.586975
0.546547
0.654402
0.696019
0.691161
0.651006
0.610328
0.851982
0.522197
0.414366
0.412147
0.556789
0.580603
0.570467
0.477136
0.300575
0.464681
0.433179
0.522994
0.443924
0.742349
0.566333
0.538866
0.688121
0.587780
0.613962
0.548975
0.438348
0.397947
0.761310
0.663152
0.640382
0.455926
0.597826
0.845334
0.526446
0.430236
0.466358
0.599405
0.600333
0.660686
0.459155
0.576714
0.668851
0.405974
0.565927
0.546399
0.582538
0.541031
0.788397
0.724834
0.462352
0.421426
0.582304
0.466445
0.412388
0.223788
0.957316
0.253681
0.744657
0.229413
0.602049
0.375679
0.632248
0.697422
1.902284
0.763475
0.238268
0.387513
0.606830
0.575289
0.474800
1.317879
0.836230
0.235713
0.646086
0.903059
0.293727
0.205638
0.487265
0.322366
0.327577
0.829366
0.610656
0.468229
1.969701
0.370433
0.484336
0.304219
0.274599
0.626226
0.545704
0.475024
0.503249
0.572406
0.426408
0.486652
0.395148
0.544346
0.173731
0.759292
0.538361
0.475172
0.809816
0.602751
0.611076
0.430532
0.271715
0.587221
0.397999
0.638571
1.475158
0.839288
0.552361
0.434579
0.434141
0.387253
0.565974
0.199308
0.854691
0.424830
0.768115
0.879346
0.877089
0.431529
0.601542
0.298539
0.426033
0.311445
0.459619
0.299292
0.504604
0.752485
0.751402
0.232273
0.428496
0.521838
0.989307
0.342658
0.550964
0.623094
0.573642
0.316175
0.361215
0.514547
0.538453
0.441784
0.841858
0.364846
0.565022
0.387004
0.633393
0.652071
0.474500
1.055835
0.664959
0.526633
0.426899
0.464333
0.384248
0.759196
0.483537
0.599133
0.473280
0.556448
0.676234
0.626737
0.698709
0.661518
0.510269
0.767117
0.602944
1.067375
0.356185
1.177377
0.223102
0.704404
0.480823
0.340759
0.410511
1.023117
1.241579
0.552642
0.295444
0.414415
0.349888
0.713268
0.821194
0.636033
0.443266
0.685916
0.390899
0.483653
0.403408
0.465126
0.519384
0.575020
1.009936
1.094462
0.841232
0.285108
0.533393
0.366703
0.628496
0.523713
0.462698
1.320038
0.658894
0.682872
0.560801
0.560657
0.630959
0.528997
0.743016
0.834852
0.590731
0.649899
0.847978
0.432387
0.262015
1.236425
0.402333
0.582667
0.477227
0.587998
0.524908
0.431087
0.631553
0.593474
0.286672
1.257041
0.361081
0.178942
0.655232
0.593500
0.501633
0.837586
0.320566
0.464440
0.739132
0.440832
0.324805
0.447357
1.629438
0.517366
0.594876
0.811226
0.372219
0.503288
0.541394
0.493150
0.712646
1.252601
0.717716
1.514959
1.154811
1.563542
1.247365
0.486043
0.980647
0.498790
1.602613
1.764236
0.787719
0.987752
0.694824
1.120842
1.295947
1.235710
1.504531
1.020489
1.277483
0.595400
1.307155
1.073411
1.216851
0.545553
1.025477
1.378898
0.951477
1.393997
1.364195
1.002778
0.803173
1.038839
0.707182
0.912702
0.671181
0.602904
0.992043
0.864512
1.518632
0.956059
0.551922
0.687876
0.824893
0.587537
0.916933
0.681243
0.720116
0.724230
0.664127
0.728111
0.720694
0.717343
0.895475
0.810824
0.768146
0.762712
0.835062
0.636772
0.749450
0.647182
0.812939
0.544746
0.600143
0.685534
0.540341
0.473518
0.583269
0.617525
0.626420
0.569902
0.665664
0.566725
0.609365
0.884521
0.722017
0.611165
0.558128
0.526424
0.649109
0.555517
0.632904
0.636558
0.673884
0.623295
0.686509
0.683657
0.508567
0.608876
0.570385
0.655406
0.534136
0.552612
0.587680
0.635676
0.712961
0.585463
0.546050
0.655053
0.697005
0.691173
0.648483
0.607916
0.849542
0.520197
0.411990
0.410478
0.555140
0.579621
0.569777
0.476995
0.300222
0.461321
0.431181
0.522417
0.442837
0.741078
0.563744
0.536196
0.685690
0.584611
0.614772
0.550336
0.438280
0.395847
0.761002
0.664608
0.640481
0.455903
0.595466
0.847993
0.525989
0.430689
0.464960
0.599426
0.599854
0.658050
0.460271
0.577207
0.667826
0.404594
0.563655
0.544564
0.581808
0.539400
0.789403
0.724642
0.463257
0.420782
0.581859
0.468104
0.415383
0.222047
0.953800
0.253057
0.739633
0.228070
0.597719
0.377517
0.631725
0.692565
1.911266
0.759530
0.239447
0.387043
0.602450
0.571523
0.474301
1.321709
0.832935
0.234407
0.644444
0.896915
0.291589
0.203942
0.485797
0.321298
0.325457
0.826140
0.611919
0.468770
1.978612
0.372165
0.481289
0.301935
0.272717
0.622567
0.542946
0.477095
0.500589
0.571095
0.424713
0.487344
0.392673
0.542222
0.173965
0.758703
0.535845
0.472445
0.804648
0.601926
0.606919
0.427687
0.271834
0.586777
0.400978
0.638415
1.482943
0.836315
0.550426
0.435326
0.434252
0.389080
0.567761
0.198439
0.853694
0.425793
0.771145
0.875713
0.876977
0.431930
0.601566
0.297872
0.424762
0.311309
0.458853
0.299344
0.503886
0.750289
0.755892
0.232994
0.428567
0.522335
0.989477
0.340746
0.548213
0.621395
0.574736
0.314183
0.360904
0.513643
0.538699
0.440354
0.844824
0.363788
0.562557
0.388096
0.632451
0.649655
0.475486
1.054238
0.662965
0.527286
0.426965
0.462403
0.383076
0.759519
0.485443
0.595411
0.470901
0.554015
0.677128
0.627283
0.701497
0.662807
0.509367
0.770500
0.600335
1.069646
0.355029
1.178589
0.222140
0.704623
0.478623
0.338876
0.409877
1.023407
1.248243
0.552446
0.294335
0.413995
0.350798
0.711407
0.819297
0.636166
0.441290
0.686073
0.391000
0.480160
0.404946
0.463225
0.518487
0.577157
1.011335
1.096135
0.841323
0.284630
0.534856
0.365019
0.628205
0.520902
0.461903
1.321865
0.659467
0.683612
0.557649
0.558389
0.633145
0.529301
0.743202
0.830654
0.590273
0.649501
0.847050
0.429865
0.260788
1.237797
0.400868
0.585114
0.474977
0.587291
0.526651
0.431281
0.632152
0.592306
0.285533
1.258394
0.361099
0.177698
0.656819
0.593488
0.503065
0.838706
0.320478
0.464104
0.741635
0.441328
0.322927
0.446826
1.634301
0.517761
0.596782
0.814721
0.371756
0.505348
0.541743
0.493970
0.714467
1.255749
0.721607
1.520370
1.157442
1.569272
1.250199
0.486771
0.982994
0.499028
1.607844
1.769650
0.790232
0.990729
0.692461
1.123785
1.302224
1.241353
1.510849
1.025874
1.283556
0.593148
1.313467
1.078437
1.221916
0.549164
1.027479
1.383560
0.951107
1.399397
1.369757
1.001447
0.802454
1.037686
0.707281
0.911677
0.670584
0.602340
0.988114
0.861529
1.513724
0.954556
0.550962
0.687606
0.825759
0.587416
0.915977
0.679857
0.719548
0.723868
0.665294
0.727767
0.720161
0.715836
0.894131
0.808821
0.768065
0.762020
0.833904
0.636806
0.749049
0.647629
0.812931
0.544288
0.599147
0.684829
0.541315
0.473337
0.582386
0.616875
0.625058
0.570056
0.666503
0.566319
0.610557
0.886249
0.722790
0.611072
0.558203
0.526252
0.648388
0.554773
0.632973
0.636060
0.673609
0.622085
0.683767
0.683997
0.508140
0.607754
0.568373
0.654141
0.532305
0.550638
0.585975
0.634012
0.712543
0.583956
0.545620
0.655698
0.698052
0.691284
0.645884
0.605393
0.847082
0.518136
0.409563
0.408893
0.553444
0.578780
0.569126
0.476971
0.299900
0.457992
0.429057
0.521711
0.441828
0.739785
0.561112
0.533529
0.683126
0.581509
0.615607
0.551702
0.438174
0.393765
0.760807
0.666212
0.640610
0.455871
0.593188
0.850603
0.525642
0.431148
0.463562
0.599470
0.599491
0.655713
0.461295
0.577812
0.666935
0.403253
0.561454
0.542803
0.581108
0.537799
0.790432
0.724426
0.464273
0.420180
0.581382
0.469751
0.418317
0.220433
0.950350
0.252413
0.734707
0.226774
0.593504
0.379351
0.631328
0.687924
1.920158
0.755679
0.240683
0.386679
0.598188
0.567898
0.473929
1.325607
0.829740
0.233168
0.642851
0.891013
0.289536
0.202420
0.484438
0.320244
0.323436
0.822930
0.613223
0.469345
1.987303
0.373864
0.478482
0.299793
0.270997
0.619121
0.540266
0.479225
0.498044
0.569831
0.423091
0.488050
0.390255
0.540147
0.174206
0.758143
0.533446
0.469850
0.799733
0.601247
0.603005
0.425003
0.272002
0.586434
0.403919
0.638337
1.490363
0.833602
0.548577
0.436108
0.434394
0.390824
0.569472
0.197660
0.852854
0.426759
0.774120
0.872326
0.876919
0.432410
0.601664
0.297265
0.423649
0.311272
0.458126
0.299448
0.503237
0.748277
0.760183
0.233685
0.428744
0.522803
0.989622
0.338882
0.545572
0.619898
0.575764
0.312366
0.360648
0.512759
0.538955
0.438977
0.847581
0.362785
0.560258
0.389221
0.631588
0.647411
0.476449
1.052782
0.661060
0.528027
0.427009
0.460669
0.382039
0.759846
0.487212
0.591931
0.468764
0.551710
0.678008
0.627839
0.704175
0.664088
0.508497
0.773675
0.597987
1.071772
0.354015
1.179750
0.221246
0.704840
0.476579
0.337102
0.409306
1.023752
1.254478
0.552272
0.293392
0.413607
0.351622
0.709645
0.817580
0.636304
0.439531
0.686297
0.391102
0.476967
0.406489
0.461442
0.517636
0.579193
1.012645
1.097755
0.841491
0.284166
0.536242
0.363453
0.627983
0.518343
0.461122
1.323677
0.659986
0.684341
0.554731
0.556249
0.635209
0.529695
0.743388
0.826766
0.589934
0.649148
0.846241
0.427567
0.259635
1.239157
0.399599
0.587448
0.472901
0.586688
0.528226
0.431510
0.632802
0.591258
0.284546
1.259705
0.361111
0.176575
0.658362
0.593495
0.504427
0.839765
0.320379
0.463894
0.743967
0.441803
0.321286
0.446387
1.638931
0.518198
0.598599
0.818062
0.371339
0.507332
0.542123
0.494805
0.716235
1.258739
0.725357
1.525489
1.159909
1.574721
1.252994
0.487460
0.985267
0.499346
1.612862
1.774898
0.792690
0.993601
0.690235
1.126538
1.307087
1.245661
1.515653
1.029985
1.288181
0.591472
1.318272
1.082276
1.225774
0.551932
1.029037
1.387118
0.950858
1.403567
1.374013
1.000500
0.801920
1.036828
0.707389
0.910913
0.670161
0.601963
0.985192
0.859292
1.510021
0.953430
0.550264
0.687433
0.826453
0.587363
0.915286
0.678828
0.719140
0.723607
0.666200
0.727522
0.719778
0.714716
0.893135
0.807325
0.768032
0.761523
0.833057
0.636853
0.748758
0.647990
0.812961
0.543966
0.598426
0.684326
0.542081
0.473227
0.581753
0.616395
0.624037
0.570184
0.667157
0.566031
0.611490
0.887597
0.723428
0.611032
0.558294
0.526155
0.647873
0.554222
0.633063
0.635716
0.673431
0.621187
0.681705
0.684303
0.507839
0.606920
0.566871
0.653205
0.530935
0.549166
0.584708
0.632788
0.712284
0.582844
0.545315
0.656221
0.698863
0.691388
0.643921
0.603500
0.845240
0.516590
0.407749
0.407701
0.552168
0.578167
0.568665
0.476988
0.299690
0.455487
0.427455
0.521211
0.441069
0.738823
0.559130
0.531525
0.681192
0.579170
0.616259
0.552780
0.438121
0.392227
0.760667
0.667446
0.640729
0.455859
0.591490
0.852663
0.525421
0.431523
0.462520
0.599531
0.599259
0.653305
0.462090
0.578291
0.666288
0.402236
0.559790
0.541467
0.580594
0.536600
0.791207
0.724271
0.465085
0.419730
0.581029
0.471028
0.420573
0.219234
0.947735
0.251943
0.730985
0.225816
0.590323
0.380783
0.631056
0.684405
1.926956
0.752780
0.241654
0.386423
0.594984
0.565164
0.473646
1.328601
0.827332
0.232254
0.641668
0.886558
0.287979
0.201271
0.483437
0.319481
0.321919
0.820526
0.614248
0.469818
1.993974
0.375194
0.476349
0.298156
0.269711
0.616509
0.538245
0.480860
0.496118
0.568880
0.421889
0.488614
0.388437
0.538569
0.174401
0.757683
0.531648
0.467874
0.796014
0.600753
0.600078
0.422971
0.272142
0.586182
0.406185
0.638281
1.496016
0.831565
0.547177
0.436735
0.434510
0.392159
0.570739
0.197124
0.852264
0.427466
0.776247
0.869914
0.876891
0.432750
0.601735
0.296866
0.422875
0.311248
0.457623
0.299533
0.502793
0.746865
0.763266
0.234194
0.428876
0.523163
0.989763
0.337568
0.543712
0.618837
0.576520
0.311079
0.360481
0.512170
0.539158
0.438025
0.849614
0.362103
0.558623
0.390049
0.630993
0.645818
0.477166
1.051793
0.659721
0.528565
0.427063
0.459440
0.381302
0.760102
0.488535
0.589425
0.467229
0.550092
0.678663
0.628257
0.706114
0.665012
0.507891
0.775971
0.596319
1.073313
0.353294
1.180618
0.220632
0.705014
0.475143
0.335851
0.408914
1.024001
1.258979
0.552174
0.292726
0.413350
0.352246
0.708390
0.816361
0.636419
0.438286
0.686464
0.391181
0.474703
0.407594
0.460170
0.517050
0.580664
1.013597
1.098929
0.841619
0.283879
0.537248
0.362351
0.627831
0.516541
0.460595
1.324988
0.660374
0.684873
0.552683
0.554738
0.636707
0.529959
0.743549
0.823991
0.589704
0.648917
0.845667
0.425919
0.258837
1.240120
0.398685
0.589136
0.471441
0.586262
0.529384
0.431690
0.633264
0.590519
0.283861
1.260633
0.361143
0.175788
0.659475
0.593511
0.505405
0.840532
0.320342
0.463743
0.745666
0.442160
0.320109
0.446081
1.642232
0.518506
0.599911
0.820487
0.371063
0.508752
0.542428
0.495414
0.717507
1.260893
0.728051
1.529149
1.161684
1.578628
1.254957
0.487956
0.986885
0.499577
1.616441
1.778625
0.794441
0.995668
0.688657
1.128519
1.310546
1.248744
1.519072
1.032923
1.291480
0.590302
1.321696
1.084996
1.228509
0.553910
1.030134
1.389655
0.950691
1.406535
1.377000
0.999843
0.801552
1.036226
0.707460
0.910395
0.669866
0.601701
0.983152
0.857708
1.507434
0.952667
0.549758
0.687316
0.826935
0.587329
0.914793
0.678111
0.718880
0.723446
0.666851
0.727359
0.719534
0.713947
0.892454
0.806289
0.768035
0.761174
0.832458
0.636909
0.748573
0.648262
0.813004
0.543755
0.597926
0.683997
0.542647
0.473152
0.581311
0.616076
0.623342
0.570296
0.667636
0.565858
0.612157
0.888559
0.723883
0.611029
0.558364
0.526128
0.647508
0.553857
0.633096
0.635485
0.673320
0.620580
0.680251
0.684520
0.507634
0.606337
0.565829
0.652572
0.529979
0.548133
0.583822
0.631929
0.712098
0.582063
0.545101
0.656598
0.699474
0.691499
0.642556
0.602187
0.843948
0.515523
0.406475
0.406884
0.551292
0.577740
0.568349
0.477001
0.299550
0.453705
0.426363
0.520879
0.440550
0.738162
0.557756
0.530128
0.679849
0.577522
0.616755
0.553540
0.438096
0.391123
0.760600
0.668360
0.640852
0.455887
0.590267
0.854155
0.525267
0.431822
0.461801
0.599590
0.599099
0.651846
0.462703
0.578634
0.665839
0.401534
0.558627
0.540547
0.580245
0.535776
0.791801
0.724216
0.465655
0.419441
0.580803
0.471968
0.422206
0.218375
0.945891
0.251627
0.728355
0.225153
0.588062
0.381809
0.630860
0.681902
1.931828
0.750726
0.242356
0.386249
0.592692
0.563221
0.473450
1.330762
0.825610
0.231603
0.640829
0.883359
0.286895
0.200469
0.482720
0.318937
0.320844
0.818816
0.614998
0.470154
1.998750
0.376161
0.474841
0.297008
0.268787
0.614648
0.536801
0.482026
0.494761
0.568238
0.421038
0.489011
0.387166
0.537485
0.174560
0.757429
0.530357
0.466477
0.793341
0.600397
0.597960
0.421537
0.272254
0.585996
0.407819
0.638267
1.500113
0.830084
0.546199
0.437202
0.434601
0.393120
0.571611
0.196794
0.851889
0.427915
0.777559
0.868409
0.876883
0.432953
0.601795
0.296608
0.422368
0.311230
0.457359
0.299590
0.502542
0.745953
0.765192
0.234536
0.428933
0.523405
0.989874
0.336800
0.542608
0.618157
0.577006
0.310271
0.360391
0.511834
0.539302
0.437458
0.850920
0.361687
0.557615
0.390543
0.630647
0.644813
0.477613
1.051154
0.658904
0.528872
0.427137
0.458657
0.380837
0.760286
0.489367
0.587882
0.466250
0.549083
0.679071
0.628526
0.707333
0.665612
0.507550
0.777436
0.595237
1.074313
0.352831
1.181177
0.220261
0.705146
0.474239
0.335090
0.408685
1.024157
1.261866
0.552130
0.292283
0.413212
0.352672
0.707637
0.815605
0.636516
0.437472
0.686554
0.391263
0.473235
0.408286
0.459399
0.516701
0.581612
1.014241
1.099675
0.841685
0.283701
0.537895
0.361665
0.627730
0.515376
0.460306
1.325797
0.660647
0.685228
0.551373
0.553804
0.637669
0.530131
0.743651
0.822256
0.589551
0.648769
0.845301
0.424882
0.258342
1.240745
0.398097
0.590231
0.470514
0.585986
0.530161
0.431813
0.633558
0.590047
0.283410
1.261245
0.361182
0.175285
0.660196
0.593526
0.506050
0.841055
0.320330
0.463637
0.746759
0.442403
0.319340
0.445889
1.644351
0.518704
0.600758
0.821991
0.370895
0.509659
0.542605
0.495788
0.718302
1.262260
0.729729
1.531473
1.162862
1.581076
1.256187
0.488308
0.987898
0.499699
1.618644
1.780907
0.795509
0.996922
0.687706
1.129697
1.312601
1.250608
1.521041
1.034612
1.293386
0.589660
1.323650
1.086512
1.230037
0.555027
1.030776
1.391040
0.950602
1.408184
1.378573
0.999439
0.801357
1.035925
0.707491
0.910067
0.669717
0.601524
0.982122
0.856858
1.506112
0.952296
0.549429
0.687219
0.827173
0.587290
0.914553
0.677731
0.718729
0.723352
0.667211
0.727317
0.719377
0.713512
0.892038
0.805777
0.768052
0.760993
0.832140
0.636979
0.748518
0.648434
0.813073
0.543590
0.597672
0.683865
0.542960
0.473111
0.581046
0.615874
0.622960
0.570377
0.667928
0.565750
0.612520
0.889035
0.724139
0.611047
0.558388
0.526182
0.647334
0.553674
0.633146
0.635402
0.673266
0.620290
0.679502
0.684647
0.507511
0.606032
0.565300
0.652227
0.529493
0.547604
0.583352
0.631533
0.712047
0.581654
0.544974
0.656834
0.699799
0.691535
0.641835
0.601504
0.843268
0.514950
0.405794
0.406409
0.550845
0.577474
0.568182
0.476979
0.299463
0.452699
0.425782
0.520755
0.440248
0.737817
0.556991
0.529323
0.679136
0.576554
0.617054
0.554018
0.438119
0.390495
0.760528
0.668850
0.640906
0.455912
0.589557
0.855044
0.525157
0.432014
0.461387
0.599642
0.598999
0.651050
0.463085
0.578836
0.665526
0.401134
0.557926
0.539995
0.580054
0.535282
0.792140
0.724172
0.465989
0.419257
0.580704
0.472547
0.423199
0.217854
0.944798
0.251471
0.726748
0.224759
0.586697
0.382445
0.630727
0.680341
1.934816
0.749472
0.242772
0.386133
0.591297
0.562011
0.473333
1.332052
0.824569
0.231211
0.640314
0.881364
0.286218
0.199953
0.482276
0.318611
0.320173
0.817784
0.615456
0.470377
2.001782
0.376785
0.473867
0.296273
0.268199
0.613465
0.535918
0.482736
0.493908
0.567822
0.420495
0.489297
0.386352
0.536789
0.174681
0.757253
0.529538
0.465593
0.791626
0.600168
0.596588
0.420600
0.272327
0.585902
0.408868
0.638255
1.502826
0.829116
0.545567
0.437493
0.434669
0.393831
0.572421
0.196441
0.851489
0.428422
0.779142
0.866679
0.876894
0.433244
0.601877
0.296320
0.421836
0.311257
0.457002
0.299690
0.502225
0.744964
0.767428
0.234899
0.429075
0.523678
0.989980
0.335851
0.541253
0.617448
0.577554
0.309383
0.360293
0.511393
0.539461
0.436769
0.852333
0.361210
0.556467
0.391183
0.630237
0.643680
0.478147
1.050464
0.657937
0.529308
0.427171
0.457809
0.380332
0.760464
0.490323
0.586114
0.465203
0.547921
0.679549
0.628853
0.708777
0.666307
0.507106
0.779089
0.594080
1.075423
0.352346
1.181797
0.219825
0.705285
0.473231
0.334178
0.408405
1.024377
1.265069
0.552051
0.291850
0.413048
0.353097
0.706723
0.814755
0.636607
0.436627
0.686723
0.391326
0.471661
0.409100
0.458512
0.516276
0.582661
1.014917
1.100535
0.841812
0.283486
0.538627
0.360893
0.627660
0.514110
0.459894
1.326766
0.660935
0.685621
0.549916
0.552721
0.638742
0.530360
0.743773
0.820291
0.589405
0.648602
0.844911
0.423731
0.257768
1.241471
0.397477
0.591447
0.469458
0.585715
0.530955
0.431953
0.633930
0.589549
0.282950
1.261929
0.361201
0.174742
0.661005
0.593545
0.506756
0.841611
0.320306
0.463567
0.747958
0.442666
0.318546
0.445683
1.646776
0.518948
0.601715
0.823754
0.370691
0.510708
0.542835
0.496240
0.719235
1.263818
0.731686
1.534123
1.164127
1.583901
1.257656
0.488664
0.989088
0.499908
1.621240
1.783651
0.796804
0.998413
0.686575
1.131142
1.315157
1.252831
1.523565
1.036798
1.295815
0.588822
1.326167
1.088547
1.232068
0.556482
1.031597
1.392923
0.950511
1.410346
1.380838
0.998975
0.801108
1.035498
0.707579
0.909714
0.669524
0.601368
0.980584
0.855723
1.504197
0.951716
0.549121
0.687160
0.827554
0.587290
0.914215
0.677227
0.718544
0.723251
0.667697
0.727223
0.719205
0.712966
0.891572
0.805005
0.768042
0.760764
0.831721
0.637009
0.748376
0.648641
0.813087
0.543472
0.597315
0.683601
0.543385
0.473086
0.580766
0.615666
0.622467
0.570466
0.668274
0.565633
0.613030
0.889770
0.724484
0.611028
0.558463
0.526125
0.647088
0.553396
0.633206
0.635227
0.673195
0.619821
0.678435
0.684810
0.507385
0.605633
0.564518
0.651761
0.528786
0.546851
0.582715
0.630872
0.711909
0.581096
0.544856
0.657121
0.700239
0.691620
0.640834
0.600530
0.842325
0.514172
0.404852
0.405825
0.550188
0.577196
0.567952
0.477027
0.299385
0.451423
0.424958
0.520500
0.439894
0.737311
0.555965
0.528299
0.678120
0.575380
0.617401
0.554585
0.438097
0.389704
0.760489
0.669535
0.640988
0.455917
0.588692
0.856102
0.525062
0.432204
0.460866
0.599687
0.598896
0.649978
0.463502
0.579104
0.665228
0.400627
0.557087
0.539339
0.579808
0.534677
0.792560
0.724117
0.466433
0.419051
0.580507
0.473212
0.424379
0.217258
0.943465
0.251216
0.724855
0.224286
0.585085
0.383201
0.630628
0.678582
1.938329
0.748003
0.243301
0.386034
0.589666
0.560645
0.473227
1.333646
0.823333
0.230750
0.639736
0.879109
0.285450
0.199389
0.481780
0.318223
0.319429
0.816543
0.616006
0.470637
2.005225
0.377472
0.472803
0.295467
0.267555
0.612155
0.534892
0.483632
0.492930
0.567348
0.419885
0.489604
0.385431
0.535995
0.174782
0.757046
0.528624
0.464592
0.789759
0.599959
0.595116
0.419580
0.272410
0.585798
0.410064
0.638255
1.505727
0.828108
0.544867
0.437844
0.434768
0.394526
0.573130
0.196170
0.851218
0.428842
0.780325
0.865390
0.876902
0.433467
0.601976
0.296110
0.421448
0.311279
0.456745
0.299761
0.501983
0.744214
0.769128
0.235190
0.429177
0.523874
0.990048
0.335131
0.540262
0.616915
0.577966
0.308719
0.360219
0.511068
0.539579
0.436242
0.853430
0.360845
0.555591
0.391690
0.629928
0.642843
0.478550
1.049936
0.657187
0.529637
0.427199
0.457184
0.379961
0.760615
0.491034
0.584774
0.464415
0.547035
0.679917
0.629108
0.709831
0.666831
0.506772
0.780348
0.593210
1.076260
0.351971
1.182281
0.219503
0.705395
0.472461
0.333506
0.408212
1.024542
1.267514
0.551991
0.291526
0.412909
0.353432
0.706042
0.814105
0.636681
0.435979
0.686827
0.391391
0.470469
0.409726
0.457836
0.515954
0.583480
1.015436
1.101191
0.841903
0.283311
0.539177
0.360309
0.627589
0.513143
0.459601
1.327516
0.661147
0.685927
0.548825
0.551902
0.639567
0.530539
0.743875
0.818807
0.589313
0.648471
0.844624
0.422859
0.257332
1.242033
0.397037
0.592389
0.468668
0.585511
0.531592
0.432072
0.634220
0.589177
0.282596
1.262464
0.361219
0.174333
0.661626
0.593559
0.507291
0.842052
0.320278
0.463526
0.748879
0.442861
0.317953
0.445564
1.648614
0.519162
0.602462
0.825079
0.370549
0.511501
0.543006
0.496600
0.719963
1.264990
0.733192
1.536120
1.165069
1.586034
1.258780
0.488920
0.990006
0.500079
1.623226
1.785734
0.797778
0.999561
0.685726
1.132263
1.317073
1.254507
1.525499
1.038416
1.297641
0.588183
1.328074
1.090084
1.233602
0.557582
1.032225
1.394360
0.950421
1.411984
1.382560
0.998620
0.800944
1.035183
0.707647
0.909477
0.669386
0.601249
0.979440
0.854885
1.502764
0.951303
0.548891
0.687123
0.827858
0.587299
0.913962
0.676839
0.718407
0.723175
0.668064
0.727126
0.719078
0.712559
0.891233
0.804419
0.768062
0.760581
0.831424
0.637043
0.748274
0.648803
0.813116
0.543384
0.597043
0.683415
0.543692
0.473054
0.580547
0.615519
0.622082
0.570525
0.668541
0.565545
0.613415
0.890336
0.724728
0.611024
0.558522
0.526063
0.646897
0.553210
0.633248
0.635104
0.673138
0.619493
0.677635
0.684936
0.507299
0.605326
0.563933
0.651419
0.528265
0.546289
0.582230
0.630389
0.711802
0.580669
0.544752
0.657334
0.700567
0.691704
0.640079
0.599795
0.841621
0.513585
0.404153
0.405398
0.549696
0.576971
0.567788
0.477060
0.299315
0.450480
0.424323
0.520291
0.439619
0.736954
0.555204
0.527536
0.677367
0.574501
0.617667
0.555006
0.438068
0.389117
0.760458
0.670054
0.641074
0.455926
0.588034
0.856922
0.525004
0.432371
0.460472
0.599723
0.598804
0.649164
0.463801
0.579335
0.664996
0.400236
0.556445
0.538838
0.579609
0.534210
0.792891
0.724072
0.466769
0.418901
0.580398
0.473722
0.425269
0.216818
0.942451
0.251047
0.723423
0.223932
0.583854
0.383764
0.630548
0.677242
1.941002
0.746873
0.243701
0.385954
0.588431
0.559604
0.473161
1.334849
0.822423
0.230400
0.639275
0.877386
0.284866
0.198991
0.481409
0.317918
0.318865
0.815608
0.616426
0.470839
2.007817
0.377992
0.472021
0.294858
0.267099
0.611164
0.534114
0.484287
0.492207
0.566994
0.419436
0.489838
0.384732
0.535394
0.174875
0.756895
0.527949
0.463859
0.788328
0.599780
0.593986
0.418819
0.272493
0.585713
0.410970
0.638252
1.507932
0.827360
0.544331
0.438095
0.434838
0.395041
0.573649
0.195976
0.850999
0.429157
0.781264
0.864424
0.876916
0.433627
0.602014
0.295956
0.421141
0.311315
0.456539
0.299810
0.501812
0.743651
0.770399
0.235413
0.429269
0.524027
0.990106
0.334607
0.539474
0.616508
0.578286
0.308206
0.360176
0.510826
0.539679
0.435843
0.854254
0.360572
0.554957
0.392042
0.629696
0.642196
0.478860
1.049526
0.656643
0.529886
0.427209
0.456711
0.379681
0.760740
0.491571
0.583755
0.463811
0.546379
0.680196
0.629291
0.710662
0.667224
0.506538
0.781300
0.592556
1.076920
0.351721
1.182659
0.219246
0.705477
0.471886
0.333004
0.408054
1.024680
1.269387
0.551977
0.291275
0.412809
0.353688
0.705538
0.813613
0.636728
0.435501
0.686914
0.391424
0.469561
0.410208
0.457327
0.515759
0.584096
1.015834
1.101672
0.841995
0.283190
0.539607
0.359863
0.627545
0.512432
0.459378
1.328074
0.661304
0.686174
0.547979
0.551292
0.640188
0.530677
0.743944
0.817679
0.589242
0.648393
0.844404
0.422195
0.257027
1.242453
0.396694
0.593111
0.468079
0.585364
0.532068
0.432156
0.634439
0.588895
0.282335
1.262862
0.361232
0.174023
0.662106
0.593579
0.507710
0.842366
0.320258
0.463487
0.749603
0.443013
0.317509
0.445449
1.650009
0.519312
0.603002
0.826104
0.370431
0.512106
0.543157
0.496854
0.720501
1.265882
0.734329
1.537625
1.165809
1.587667
1.259638
0.489156
0.990687
0.500206
1.624729
1.787306
0.798544
1.000428
0.685097
1.133101
1.318535
1.255797
1.526952
1.039672
1.299052
0.587698
1.329531
1.091260
1.234792
0.558455
1.032703
1.395423
0.950378
1.413244
1.383862
0.998352
0.800818
1.034975
0.707698
0.909274
0.669266
0.601165
0.978564
0.854248
1.501663
0.950958
0.548714
0.687110
0.828063
0.587304
0.913767
0.676559
0.718298
0.723112
0.668362
0.727058
0.719008
0.712249
0.890957
0.803972
0.768036
0.760471
0.831183
0.637069
0.748179
0.648912
0.813128
0.543307
0.596849
0.683271
0.543944
0.473039
0.580365
0.615404
0.621814
0.570583
0.668752
0.565476
0.613702
0.890755
0.724936
0.611030
0.558568
0.526034
0.646765
0.553064
0.633306
0.635018
0.673089
0.619225
0.677040
0.685049
0.507227
0.605100
0.563512
0.651149
0.527878
0.545870
0.581878
0.630034
0.711716
0.580364
0.544663
0.657492
0.700830
0.691758
0.639505
0.599230
0.841079
0.513125
0.403612
0.405075
0.549316
0.576820
0.567675
0.477081
0.299259
0.449753
0.423834
0.520139
0.439415
0.736662
0.554629
0.526950
0.676779
0.573810
0.617871
0.555344
0.438066
0.388664
0.760434
0.670445
0.641118
0.455942
0.587548
0.857526
0.524971
0.432486
0.460174
0.599756
0.598789
0.648565
0.464036
0.579502
0.664845
0.399955
0.555979
0.538461
0.579476
0.533869
0.793132
0.724036
0.467035
0.418775
0.580284
0.474092
0.425955
0.216481
0.941685
0.250914
0.722329
0.223656
0.582923
0.384205
0.630479
0.676215
1.943028
0.746025
0.244009
0.385888
0.587490
0.558811
0.473105
1.335758
0.821713
0.230143
0.638934
0.876100
0.284412
0.198677
0.481122
0.317703
0.318421
0.814877
0.616755
0.470998
2.009820
0.378393
0.471408
0.294396
0.266731
0.610408
0.533517
0.484782
0.491664
0.566728
0.419081
0.490012
0.384193
0.534923
0.174938
0.756781
0.527431
0.463284
0.787234
0.599659
0.593136
0.418227
0.272534
0.585644
0.411669
0.638258
1.509594
0.826782
0.543931
0.438284
0.434870
0.395460
0.574048
0.195822
0.850834
0.429396
0.781938
0.863685
0.876921
0.433768
0.602059
0.295840
0.420918
0.311339
0.456388
0.299856
0.501694
0.743212
0.771376
0.235558
0.429328
0.524141
0.990159
0.334165
0.538901
0.616195
0.578527
0.307834
0.360155
0.510631
0.539757
0.435557
0.854896
0.360372
0.554464
0.392323
0.629516
0.641714
0.479088
1.049234
0.656221
0.530089
0.427241
0.456340
0.379469
0.760837
0.491979
0.582996
0.463347
0.545868
0.680425
0.629441
0.711275
0.667531
0.506355
0.782020
0.592059
1.077387
0.351511
1.182936
0.219062
0.705526
0.471456
0.332594
0.407942
1.024763
1.270790
0.551948
0.291086
0.412729
0.353892
0.705145
0.813241
0.636769
0.435143
0.686985
0.391463
0.468865
0.410578
0.456930
0.515548
0.584550
1.016133
1.102057
0.842040
0.283086
0.539918
0.359528
0.627528
0.511893
0.459213
1.328509
0.661433
0.686352
0.547361
0.550830
0.640652
0.530781
0.744007
0.816811
0.589178
0.648319
0.844236
0.421697
0.256776
1.242775
0.396431
0.593641
0.467626
0.585242
0.532418
0.432217
0.634595
0.588673
0.282142
1.263152
0.361261
0.173787
0.662460
0.593585
0.508013
0.842609
0.320251
0.463477
0.750128
0.443128
0.317160
0.445356
1.651076
0.519420
0.603429
0.826887
0.370349
0.512566
0.543273
0.497055
0.720906
1.266569
0.735186
1.538788
1.166349
1.588884
1.260284
0.489315
0.991211
0.500302
1.625871
1.788517
0.799094
1.001091
0.684581
1.133743
1.319640
1.256769
1.528078
1.040616
1.300106
0.587322
1.330635
1.092167
1.235680
0.559093
1.033066
1.396254
0.950343
1.414176
1.384869
0.998170
0.800725
1.034814
0.707734
0.909137
0.669205
0.601095
0.977910
0.853760
1.500837
0.950717
0.548594
0.687094
0.828260
0.587304
0.913636
0.676334
0.718223
0.723070
0.668574
0.727012
0.718943
0.712028
0.890767
0.803664
0.768069
0.760361
0.831018
0.637084
0.748136
0.649008
0.813136
0.543266
0.596701
0.683154
0.544137
0.473031
0.580245
0.615319
0.621595
0.570640
0.668910
0.565440
0.613926
0.891082
0.725104
0.611025
0.558604
0.526013
0.646654
0.552954
0.633332
0.634943
0.673052
0.619020
0.676589
0.685134
0.507173
0.604923
0.563175
0.650950
0.527575
0.545536
0.581596
0.629749
0.711669
0.580113
0.544618
0.657618
0.701032
0.691810
0.639080
0.598808
0.840668
0.512812
0.403208
0.404824
0.549039
0.576707
0.567584
0.477112
0.299223
0.449185
0.423479
0.520005
0.439273
0.736462
0.554173
0.526507
0.676350
0.573294
0.618042
0.555596
0.438071
0.388328
0.760438
0.670756
0.641170
0.455950
0.587188
0.858013
0.524929
0.432582
0.459943
0.599780
0.598777
0.648113
0.464213
0.579624
0.664717
0.399732
0.555618
0.538189
0.579393
0.533595
0.793317
0.724022
0.467231
0.418697
0.580215
0.474408
0.426462
0.216233
0.941118
0.250818
0.721496
0.223459
0.582229
0.384531
0.630425
0.675457
1.944590
0.745371
0.244236
0.385846
0.586779
0.558214
0.473047
1.336462
0.821181
0.229952
0.638678
0.875107
0.284077
0.198432
0.480917
0.317535
0.318106
0.814333
0.617003
0.471102
2.011321
0.378702
0.470965
0.294052
0.266462
0.609833
0.533072
0.485170
0.491233
0.566534
0.418816
0.490155
0.383790
0.534588
0.174989
0.756688
0.527034
0.462848
0.786416
0.599567
0.592509
0.417800
0.272598
0.585618
0.412181
0.638269
1.510889
0.826339
0.543626
0.438452
0.434920
0.395769
0.574358
0.195713
0.850714
0.429580
0.782462
0.863121
0.876920
0.433869
0.602097
0.295749
0.420751
0.311334
0.456281
0.299894
0.501591
0.742883
0.772121
0.235702
0.429363
0.524241
0.990184
0.333864
0.538455
0.615971
0.578721
0.307540
0.360133
0.510503
0.539814
0.435331
0.855374
0.360215
0.554073
0.392546
0.629399
0.641317
0.479284
1.049007
0.655900
0.530249
0.427259
0.456068
0.379323
0.760893
0.492299
0.582418
0.463018
0.545483
0.680569
0.629562
0.711748
0.667774
0.506207
0.782581
0.591676
1.077768
0.351339
1.183161
0.218919
0.705578
0.471117
0.332315
0.407868
1.024847
1.271872
0.551924
0.290949
0.412683
0.354049
0.704841
0.812974
0.636799
0.434863
0.687046
0.391493
0.468354
0.410855
0.456645
0.515431
0.584922
1.016368
1.102350
0.842087
0.283033
0.540172
0.359285
0.627492
0.511481
0.459085
1.328859
0.661519
0.686480
0.546879
0.550476
0.641024
0.530868
0.744041
0.816162
0.589140
0.648284
0.844119
0.421325
0.256607
1.243013
0.396241
0.594045
0.467292
0.585171
0.532676
0.432290
0.634754
0.588509
0.281994
1.263410
0.361288
0.173619
0.662752
0.593600
0.508246
0.842813
0.320240
0.463456
0.750523
0.443229
0.316913
0.445320
1.651873
0.519504
0.603755
0.827469
0.370299
0.512918
0.543349
0.497214
0.721232
1.267079
0.735854
1.539673
1.166773
1.589852
1.260784
0.489433
0.991620
0.500375
1.626753
1.789445
0.799534
1.001601
0.684232
1.134231
1.320493
1.257526
1.528911
1.041329
1.300916
0.587036
1.331464
1.092843
1.236362
0.559571
1.033339
1.396884
0.950298
1.414905
1.385625
