23.494427
22.828438
23.282299
21.936573
23.213051
22.231350
22.376457
25.304771
24.670963
26.518158
23.281855
22.810337
22.227150
21.380438
21.648966
22.691986
22.786064
22.042068
21.978096
20.541006
21.824646
21.863674
22.783649
22.789192
22.922274
21.266401
21.828045
22.252354
20.970078
21.115509
20.547575
20.960207
21.373772
21.592472
21.328823
19.822390
20.779724
21.555279
21.251120
21.861214
20.463173
19.802044
20.972498
19.512720
19.298079
19.946232
20.308157
20.296965
19.905567
20.749928
20.708511
20.149551
20.404329
20.279827
21.016453
22.194538
19.612944
20.240969
20.763130
21.195082
20.775826
21.036720
21.133184
21.029097
20.917269
20.069286
20.508823
19.700058
18.872009
18.589645
19.543362
21.591269
21.319454
21.611334
20.664419
20.938396
20.420258
20.312679
19.703690
19.429264
18.921614
18.955341
20.716122
20.576740
19.030941
19.701862
19.777187
20.778740
20.840874
20.811470
21.366093
17.958324
17.202955
18.282196
19.801432
18.847790
17.485703
18.152390
17.975922
20.084816
16.184792
18.432838
17.668610
18.680111
18.107775
18.659060
19.327175
16.494581
17.604534
18.096363
18.287500
19.349491
19.110970
18.226223
18.828394
17.125769
17.734201
16.959961
18.177025
17.581020
15.748516
14.671292
19.084511
20.404329
17.539629
21.632336
17.471394
20.524284
15.578441
17.664522
21.465992
11.674858
20.545029
16.273603
17.002016
20.049599
19.912167
17.486912
15.264383
19.892704
17.454626
17.701435
21.681507
17.841988
16.799194
17.411077
16.831247
18.252090
19.202614
15.806269
15.825631
11.179584
15.031312
18.619581
17.449432
17.112972
19.079880
18.621481
13.752342
17.957045
16.779589
16.501091
15.765186
17.340740
18.496311
14.820927
16.534727
17.069836
17.659901
19.936878
16.342396
18.936502
17.587280
15.297034
15.858109
13.047464
15.040888
10.496862
18.062428
16.805744
14.745666
15.252312
13.588019
13.897250
15.761459
16.307289
14.592924
13.179326
18.460329
15.287148
14.613260
14.921225
15.114418
15.746370
14.925598
15.139072
14.876450
14.432074
16.363995
11.476912
11.532671
14.966911
13.831850
14.643430
17.151861
16.246660
15.850334
13.626691
15.618883
14.516129
14.803302
13.867043
15.319632
12.503029
14.834138
15.290896
12.949168
14.665976
15.916975
13.318399
16.809683
15.538241
13.427362
13.520287
15.082207
14.553565
13.872576
12.382038
15.720680
15.408355
15.468305
13.002781
13.537868
11.492633
12.650409
13.911951
11.286852
15.460444
11.639236
14.071025
13.250986
13.218357
13.201284
14.851351
14.325905
13.669199
13.501207
8.919276
13.134121
13.700621
13.207335
12.028433
14.723265
14.865654
12.750175
14.161171
12.504102
12.665514
15.171324
11.716824
13.352554
13.362061
11.236988
12.216462
12.091616
13.443388
12.929682
11.380745
13.742266
12.517467
14.520098
12.970519
11.938394
11.972384
11.974855
14.792700
14.090593
10.916264
12.073160
13.834059
15.583134
12.672594
12.403154
13.248327
13.870354
12.860071
12.053223
12.609219
10.044106
13.617391
13.336687
10.400144
11.889189
11.655455
12.662739
12.040983
11.454838
12.184238
12.266569
11.322944
11.707148
10.343592
11.134756
11.527153
12.253105
10.117640
10.324046
12.486073
11.997707
9.916934
11.306175
10.206272
9.331833
11.557669
9.767060
11.043760
10.757521
10.157673
9.727123
9.026442
7.563977
10.308075
7.718459
9.927441
10.460527
9.454261
10.538942
8.743348
8.487747
9.280371
9.187873
12.355465
9.699345
8.780682
8.053712
7.525627
9.242628
8.422001
11.982553
7.577866
8.125832
8.083889
8.303831
10.218083
8.809881
10.754580
8.217033
8.500687
11.829201
11.269657
11.662832
10.579681
11.523538
10.783537
10.824282
13.076817
12.518816
14.076311
11.578688
11.060743
10.697240
10.132536
10.276986
11.115561
11.120914
10.607960
10.554777
9.534664
10.466680
10.484814
11.131548
11.173935
11.307623
10.133738
10.496922
10.815228
9.888378
10.059978
9.595831
9.961701
10.121847
10.339844
10.198061
9.075210
9.725859
10.305356
10.103523
10.566643
9.579355
9.143101
9.926741
8.927247
8.833652
9.268761
9.530093
9.472447
9.293570
9.871677
9.828482
9.445737
9.644445
9.565928
10.111444
10.961254
9.127312
9.510892
9.931229
10.265110
9.978922
10.155916
10.236753
10.151655
10.128199
9.529930
9.820189
9.246937
8.681297
8.507765
9.157830
10.662028
10.455841
10.676926
9.981331
10.169795
9.748831
9.767020
9.303547
9.138985
8.785856
8.781839
10.014303
10.006481
8.921631
9.346327
9.510354
10.185328
10.213065
10.292601
10.616272
8.180571
7.660339
8.474600
9.481937
8.886935
7.866644
8.433666
8.241051
9.760811
7.053701
8.564800
8.029816
8.759158
8.414749
8.764097
9.338858
7.309201
8.037379
8.422382
8.530752
9.336929
9.153286
8.550573
9.001764
7.856271
8.295379
7.639109
8.497946
8.173226
6.826308
6.055269
9.128792
10.296310
8.074388
11.146508
8.007194
10.312549
6.715982
8.244040
11.030592
4.300450
10.437172
7.205565
7.784924
10.018136
9.930937
8.142257
6.784577
10.037058
8.132620
8.439495
11.311994
8.460845
7.645191
8.205436
7.760408
8.793105
9.668770
7.075121
7.144033
4.153666
6.553552
9.133582
8.267895
8.006890
9.552896
9.262347
5.750485
8.758261
7.988351
7.745611
7.167154
8.343743
9.247334
6.499418
7.893683
8.166923
8.643249
10.340513
7.702816
9.585019
8.597506
6.940120
7.418860
5.345372
6.937387
3.858038
9.046192
8.172743
6.628091
6.993961
5.822661
6.095968
7.318965
7.898989
6.577384
5.656662
9.492786
7.245101
6.636231
6.911912
6.974185
7.454496
6.846611
7.085361
6.832210
6.654952
8.047424
4.594496
4.587819
6.955667
6.237449
6.963435
8.665808
8.004666
7.690751
6.147690
7.466669
6.717925
6.988474
6.358543
7.369811
5.518222
7.008353
7.427078
5.657852
6.975278
7.891809
5.978978
8.513151
7.688219
6.082911
6.186162
7.274740
6.882996
6.530635
5.418317
7.791274
7.544246
7.660700
5.929226
6.252933
4.851080
5.690375
6.603724
4.773559
7.706286
5.174536
6.650188
6.412798
6.045885
6.161837
7.288592
6.901529
6.450428
6.424085
3.319486
6.151014
6.450190
6.164724
5.327665
7.361289
7.470370
5.928236
6.855216
5.750975
5.841578
7.608786
5.146675
6.410131
6.395022
4.895880
5.729226
5.675207
6.433053
6.085804
5.043485
6.685283
5.898092
7.246935
6.195604
5.628779
5.556186
5.564976
7.519353
7.052715
4.771523
5.590573
6.844242
8.209120
6.015844
5.887122
6.484148
6.901695
6.150965
5.793232
6.026149
4.227680
6.777128
6.543454
4.558489
5.505211
5.407650
6.155959
5.606669
5.505043
5.772119
5.786677
5.159988
5.538117
4.564698
5.238970
5.358232
5.810569
4.441579
4.634151
6.007719
5.733425
4.375347
5.301197
4.507588
3.918865
5.460050
4.198249
5.107872
4.905764
4.505610
4.407157
3.703367
3.366126
4.605987
3.166594
5.290155
5.730195
4.944514
5.763484
4.416891
4.371066
4.923110
4.858728
7.592766
5.314568
4.522054
4.062296
3.519744
4.936593
4.368322
7.330336
3.624249
4.000752
4.065359
4.190999
5.933279
4.718514
6.450249
4.277959
4.367369
7.258397
6.758167
7.166200
6.195221
6.990007
6.420265
6.387948
8.450737
7.856789
9.387153
7.177752
6.564478
6.317045
5.888505
6.011385
6.773534
6.756839
6.346650
6.292170
5.462003
6.261509
6.255261
6.786262
6.817810
7.040754
6.058347
6.304140
6.574758
5.850480
6.054046
5.594492
5.980328
5.957096
6.225648
6.164537
5.173552
5.675882
6.164580
6.005877
6.435377
5.623500
5.292995
5.885281
5.101373
5.008310
5.396574
5.634260
5.527663
5.532029
5.935536
5.899954
5.580396
5.774994
5.714104
6.199307
6.919508
5.361573
5.620574
6.003920
6.353623
6.091826
6.269610
6.330389
6.234792
6.286416
5.791550
5.988379
5.507915
5.055010
4.914711
5.423192
6.777933
6.602817
6.772886
6.182635
6.345273
5.903595
6.035044
5.561571
5.470418
5.159061
5.171473
6.203087
6.304851
5.395596
5.664654
5.885941
6.454892
6.446420
6.627950
6.798982
4.753941
4.314472
5.042117
5.852572
5.347439
4.440604
5.007779
4.839665
6.113277
3.864955
5.066659
4.645906
5.298421
5.022027
5.265993
5.896739
4.152219
4.655751
4.989444
5.133797
5.844063
5.667841
5.184097
5.595620
4.654910
5.025284
4.357913
5.127273
4.930981
3.747424
3.097140
5.642446
6.792850
4.814537
7.499107
4.729287
6.767972
3.648330
4.943585
7.368674
1.749561
6.934986
4.048740
4.589048
6.531432
6.450402
4.883386
3.821620
6.630632
4.910705
5.249116
7.678303
5.234949
4.450836
5.007878
4.640893
5.517970
6.421656
4.043294
4.145549
1.732284
3.641831
5.814058
5.093393
4.837277
6.247202
6.059012
2.969141
5.595004
4.977233
4.738698
4.196957
5.275752
6.087164
3.656285
4.946664
5.104337
5.562798
7.012743
4.694670
6.339663
5.502366
4.074222
4.511118
2.678411
4.140861
1.606923
5.886723
5.222193
3.820557
4.148961
3.172134
3.417721
4.388534
4.974414
3.821353
3.038902
6.398161
4.470817
3.859646
4.146308
4.174047
4.575081
4.041625
4.336196
4.056239
3.988796
5.165851
2.245193
2.238637
4.175148
3.659553
4.349870
5.780925
5.203324
4.840743
3.610845
4.639291
4.023766
4.321473
3.787895
4.651955
3.160958
4.325583
4.715756
3.121010
4.330038
5.133346
3.447057
5.645670
5.022014
3.524158
3.696590
4.564160
4.227677
4.022045
3.048735
5.064502
4.806489
4.993448
3.507527
3.747788
2.558004
3.302056
4.122338
2.563014
5.010641
2.987729
4.082183
4.066901
3.588184
3.760798
4.685012
4.366795
3.982042
3.974696
1.431821
3.770723
3.927466
3.755895
3.057376
4.870612
4.904746
3.600187
4.303116
3.416377
3.518781
4.968973
2.877222
4.048132
4.017427
2.731228
3.531059
3.475662
4.001580
3.762842
2.902094
4.269712
3.622713
4.709655
3.904183
3.430383
3.389227
3.372536
5.003524
4.648485
2.685482
3.349329
4.453227
5.669631
3.710471
3.656656
4.154302
4.501894
3.856371
3.630683
3.731848
2.227349
4.437510
4.195290
2.606159
3.312563
3.239885
3.911420
3.375999
3.478267
3.581959
3.557283
3.045781
3.444680
2.605296
3.230285
3.274658
3.565150
2.524662
2.704952
3.746860
3.571536
2.442117
3.243635
2.564809
2.055246
3.375849
2.290155
3.064467
2.894445
2.558884
2.602853
1.852927
2.024256
2.659498
1.564363
2.669856
2.821186
2.390052
2.876338
2.125071
1.951541
2.250941
2.195416
4.105047
2.545280
1.941797
1.808996
1.575694
2.252654
2.085813
3.914906
1.527673
1.696708
1.884068
1.744517
3.074969
2.305959
3.662854
2.021386
1.950568
4.007607
3.596404
3.965247
3.185890
3.798528
3.354749
3.298354
4.884674
4.404093
5.704332
3.983384
3.405808
3.287428
3.027777
3.058288
3.693195
3.615616
3.347774
3.307186
2.724696
3.299183
3.292713
3.658151
3.731900
3.890292
3.209228
3.358156
3.565296
3.016702
3.218727
2.848979
3.174899
3.052438
3.280401
3.268319
2.527928
2.856292
3.229728
3.129438
3.445939
2.876001
2.668774
3.046093
2.518554
2.532109
2.756641
2.915132
2.798742
2.855194
3.141682
3.094755
2.884619
3.026491
2.989243
3.340783
3.853458
2.767645
2.892615
3.206062
3.448312
3.285853
3.380796
3.440370
3.363678
3.433544
3.083961
3.211334
2.871300
2.567929
2.497659
2.831683
3.795372
3.651748
3.792061
3.346648
3.445664
3.106642
3.259265
2.925066
2.872297
2.666747
2.625793
3.322409
3.452899
2.826676
2.988104
3.240786
3.586081
3.570614
3.765205
3.841346
2.380689
2.090397
2.636135
3.124470
2.877442
2.193048
2.661309
2.452460
3.373214
1.860094
2.621840
2.316088
2.762219
2.638760
2.775786
3.267836
2.088810
3.929526
4.867783
4.711440
5.264977
5.267223
3.524979
3.814736
3.342056
3.781702
3.306326
3.767548
3.653091
2.780905
2.283737
4.139456
5.107408
3.477178
5.600811
3.428393
5.014561
2.710570
3.744430
5.548026
1.714931
5.197030
2.987361
3.398847
4.847703
4.818247
3.476480
2.955680
4.826256
3.432556
3.777354
5.639320
3.660324
3.113985
3.597864
3.237288
3.910520
4.639431
2.892166
2.980624
1.583497
2.550276
4.214409
3.586751
3.415760
4.532672
4.341255
2.195964
3.993213
3.595903
3.388525
2.975362
3.705933
4.361838
2.509408
3.575955
3.616340
3.946470
5.129259
3.425014
4.595706
3.919168
2.853955
3.259994
1.910312
3.091952
1.377075
4.354775
3.749681
2.739752
2.945948
2.214293
2.462534
3.091755
3.703376
2.713243
2.301750
4.698007
3.339437
2.815459
3.023016
2.936283
3.293877
2.882656
3.078420
2.863081
2.914455
3.810615
1.695183
1.591929
2.994406
2.598854
3.240689
4.142823
3.710994
3.564857
2.576197
3.305555
2.878150
3.082758
2.753536
3.321267
2.363763
3.072888
3.465532
2.272749
3.156977
3.737603
2.494885
4.098016
3.638842
2.600466
2.622827
3.316125
3.038930
2.955395
2.191299
3.648721
3.499129
3.597931
2.580744
2.704351
1.931538
2.435028
2.968035
1.905775
3.698025
2.328929
2.933477
3.229666
2.523213
2.746686
3.385396
3.097898
2.844352
2.985551
1.240868
2.741514
2.837211
2.691910
2.152754
3.527002
3.676729
2.632790
3.154971
2.545489
2.513500
3.635698
2.093300
2.942029
2.904509
2.009055
2.671457
2.711715
2.920179
2.661561
2.094701
3.063726
2.707580
3.461148
2.791088
2.781413
2.483968
2.526786
3.669072
3.384511
1.949108
2.483065
3.205247
4.210629
2.722825
2.689550
3.056542
3.267889
2.741601
2.841263
2.780345
1.680376
3.211813
3.048734
1.892362
2.374880
2.430843
2.904778
2.433275
2.746870
2.563744
2.526229
2.192454
2.528121
1.926907
2.492514
2.314954
2.582656
1.866986
2.049215
2.728710
2.622602
1.985493
2.409010
1.893827
1.600783
2.450970
1.703546
2.261838
2.130679
1.923146
2.105944
1.449168
2.187965
1.921575
1.504029
2.188327
2.048663
1.896213
2.183032
1.824169
1.724106
1.758826
1.696717
3.047935
1.981688
1.491530
1.517328
1.621959
1.736724
1.818756
2.881411
1.388410
1.463530
1.706703
1.358275
2.380869
1.945289
3.062028
1.722068
1.627461
3.116599
2.759279
3.078979
2.423685
2.952969
2.523251
2.495522
3.718480
3.384503
4.464657
3.054366
2.583962
2.520965
2.344285
2.295114
2.852716
2.728852
2.539671
2.516696
2.061587
2.495728
2.508465
2.784063
2.911971
2.940752
2.442563
2.575067
2.751977
2.245171
2.425015
2.148114
2.399179
2.304502
2.455555
2.439568
1.870951
2.123844
2.442603
2.375033
2.598237
2.159871
2.008844
2.298341
1.888760
2.016615
2.103776
2.197135
2.107539
2.088970
2.379998
2.316709
2.178693
2.269467
2.247226
2.501239
2.889726
2.107033
2.181687
2.449564
2.568063
2.495192
2.503391
2.578947
2.530812
2.567313
2.298853
2.422042
2.165702
1.941184
1.923265
2.176272
2.834162
2.703151
2.850702
2.484504
2.536257
2.323555
2.417725
2.241147
2.177427
2.055942
1.947741
2.435455
2.518078
2.067141
2.229498
2.475283
2.660959
2.666270
2.801578
2.890033
1.769155
1.580825
1.997265
2.287266
2.252231
1.724168
2.087990
1.819140
2.544789
1.483659
2.003139
1.738069
2.021103
2.013680
2.117615
2.415411
1.523930
1.836003
2.081452
1.962685
2.403796
2.309285
2.071731
2.277740
1.908190
2.111213
1.698983
1.978640
1.976545
1.328341
0.966233
2.205114
3.088181
1.749276
3.398449
1.696252
2.929471
1.250479
2.027065
3.350411
0.933562
3.131008
1.405911
1.739403
2.804026
2.795447
1.908819
1.789228
2.995033
1.845713
2.208083
3.572677
2.020937
1.596219
2.043171
1.725467
2.220496
2.883903
1.534269
1.632338
1.001675
1.277408
2.490058
1.980629
1.848103
2.757555
2.618361
1.122669
2.339485
2.121339
1.927948
1.589931
2.109697
2.643762
1.220046
2.127975
2.050806
2.311943
3.238455
1.979802
2.807749
2.282751
1.502152
1.869396
0.863802
1.847721
0.792997
2.692936
2.226880
1.466724
1.596133
1.077755
1.309762
1.647122
2.271182
1.443771
1.269976
2.976576
2.043320
1.554363
1.731101
1.572815
1.865387
1.547008
1.728202
1.524347
1.686657
2.338156
0.868902
0.721281
1.648370
1.415859
2.014651
2.532639
2.209030
2.128469
1.417427
1.852503
1.579415
1.756559
1.568171
1.922720
1.396824
1.724011
2.099858
1.177462
1.857899
2.276504
1.351274
2.506138
2.229101
1.448366
1.442442
1.934483
1.712045
1.761759
1.164327
2.177789
2.067083
2.165478
1.486956
1.511399
1.035975
1.380170
1.735018
1.037720
2.272431
1.469836
1.646727
2.199965
1.331003
1.606490
2.006337
1.769117
1.607613
1.821512
0.735047
1.595725
1.582871
1.511504
1.117251
2.176948
2.331943
1.532368
1.848450
1.479062
1.394593
2.194969
1.095645
1.752602
1.701590
1.092008
1.675055
1.753499
1.693090
1.486102
1.145940
1.787587
1.633223
2.094137
1.620152
1.854599
1.468899
1.520735
2.269425
2.076870
1.045191
1.433662
1.906979
2.736522
1.580382
1.597029
1.850230
1.962342
1.545070
1.856118
1.649531
0.887104
1.936256
1.799931
1.051561
1.300106
1.422826
1.767950
1.329637
1.847786
1.448591
1.381483
1.187009
1.506596
1.080853
1.591580
1.276380
1.439466
1.047817
1.222157
1.556974
1.535457
1.234434
1.426800
1.044736
0.886156
1.411087
0.904989
1.293387
1.195458
1.077072
1.398362
0.752219
1.995903
1.027714
1.114063
1.442278
1.140271
1.184759
1.284817
1.256287
1.190809
1.045374
0.987256
1.913007
1.214603
0.821067
1.017187
1.271368
1.008283
1.296132
1.775802
0.957961
0.922151
1.228172
0.743901
1.555494
1.344840
2.266896
1.200989
1.018795
2.077453
1.764494
2.063877
1.505457
1.937148
1.574863
1.530208
2.509972
2.227870
3.192595
2.032139
1.572930
1.576411
1.486600
1.389523
1.879663
1.723242
1.606464
1.588364
1.261092
1.577503
1.587170
1.774791
1.920916
1.920703
1.576640
1.654532
1.796568
1.383104
1.562032
1.327163
1.548390
1.394627
1.526660
1.536739
1.094642
1.253893
1.510394
1.471583
1.636459
1.322602
1.234979
1.408777
1.132742
1.310671
1.314229
1.366234
1.267696
1.281939
1.505811
1.435538
1.352112
1.415357
1.404013
1.588138
1.867741
1.326468
1.328038
1.558442
1.624004
1.598860
1.565301
1.637494
1.596377
1.643989
1.449659
1.532658
1.347547
1.199731
1.215839
1.375264
1.834359
1.718613
1.847432
1.555301
1.573282
1.407493
1.516382
1.404985
1.362184
1.292483
1.157791
1.471135
1.572039
1.265814
1.366115
1.628597
1.698892
1.697267
1.842948
1.875601
1.056806
0.943381
1.265716
1.387827
1.480737
1.064713
1.379310
1.090688
1.630845
0.948363
1.236848
1.032137
1.209872
1.278571
1.323913
1.555432
0.925395
1.139630
1.350930
1.177547
1.532348
1.456625
1.301632
1.449053
1.257094
1.403686
1.046090
1.189936
1.260603
0.772127
0.502733
1.315590
2.131086
0.994550
2.312963
0.941179
1.924778
0.687214
1.288225
2.271614
0.849868
2.135246
0.756423
1.031379
1.824218
1.831981
1.152000
1.316615
2.048076
1.071464
1.444978
2.459214
1.206281
0.869779
1.288960
0.999185
1.368199
1.981353
0.916694
1.019937
0.932274
0.716144
1.610938
1.182456
1.077685
1.838631
1.733266
0.700561
1.502879
1.410533
1.226802
0.942386
1.309545
1.756682
0.636743
1.430987
1.271065
1.481302
2.227818
1.285360
1.868802
1.449237
0.869359
1.209107
0.447839
1.290176
0.701145
1.840216
1.467835
0.886261
0.959832
0.590787
0.811441
0.942639
1.575167
0.860722
0.856785
2.071832
1.439790
0.976407
1.129311
0.918957
1.166203
0.912999
1.080502
0.885825
1.125220
1.603991
0.590725
0.409701
1.002185
0.881429
1.449343
1.693519
1.446125
1.415824
0.896800
1.125565
0.960755
1.115874
1.027354
1.229588
1.007937
1.065276
1.429416
0.699668
1.233080
1.535871
0.836004
1.672220
1.521185
0.926559
0.896182
1.247949
1.063296
1.205105
0.724895
1.423832
1.342007
1.436581
0.998362
0.952352
0.688046
0.917667
1.143832
0.705275
1.546681
1.142111
1.017621
1.751627
0.766397
1.077593
1.308445
1.105111
1.008627
1.275245
0.652653
1.059115
0.971426
0.949551
0.656432
1.491700
1.653445
1.024552
1.196917
0.995924
0.871518
1.446294
0.659453
1.177565
1.116788
0.709821
1.234956
1.341412
1.090996
0.917173
0.737053
1.147079
1.136066
1.390625
1.051089
1.462767
1.009354
1.068596
1.538620
1.409104
0.663022
0.949806
1.244351
1.949345
1.028973
1.079009
1.251611
1.292638
0.951343
1.413279
1.103842
0.578930
1.284150
1.167698
0.704714
0.789565
0.960419
1.212777
0.798130
1.458925
0.905919
0.818161
0.721763
1.028069
0.726468
1.198185
0.783558
0.875667
0.709977
0.878613
0.971470
1.008066
0.946454
0.972038
0.683488
0.621023
0.913462
0.578646
0.846322
0.771303
0.715975
1.133573
0.497023
2.095087
0.629553
1.073092
1.149907
0.729854
0.914082
0.882742
1.086550
1.045990
0.771481
0.715332
1.339043
0.901215
0.575259
0.889561
1.253771
0.720284
1.152866
1.218809
0.879301
0.766020
1.115284
0.533288
1.193875
1.143391
1.927481
1.053510
0.811656
1.564658
1.282537
1.566337
1.076017
1.439491
1.122180
1.066663
1.872169
1.628861
2.509106
1.524749
1.075924
1.125082
1.095424
0.963379
1.405571
1.225491
1.159062
1.144325
0.906005
1.138882
1.146648
1.272204
1.431756
1.407593
1.171841
1.212279
1.329593
0.979374
1.156529
0.952268
1.150709
0.957930
1.074337
1.101263
0.748771
0.842589
1.055290
1.036310
1.158771
0.931907
0.888031
0.981235
0.797829
1.012489
0.955303
0.977127
0.873053
0.906374
1.085061
1.009165
0.964137
1.006910
1.002887
1.136711
1.339029
0.968628
0.919274
1.122706
1.148401
1.157674
1.092928
1.162969
1.127052
1.180570
1.038059
1.093621
0.958484
0.864146
0.904331
0.998076
1.313698
1.208155
1.324254
1.083872
1.077272
0.946632
1.063021
1.000047
0.970471
0.937810
0.782753
0.972048
1.083175
0.879232
0.937623
1.210646
1.197967
1.191985
1.342206
1.337503
0.731931
0.671689
0.926278
0.928906
1.114233
0.778107
1.055836
0.751561
1.160513
0.746510
0.871711
0.708421
0.809719
0.932942
0.937466
1.117731
0.674024
0.821724
1.008872
0.793470
1.086509
1.024365
0.927233
1.031895
0.966189
1.072495
0.755826
0.800725
0.921680
0.547414
0.343465
0.853715
1.619058
0.626166
1.708822
0.572659
1.377494
0.455359
0.931927
1.671783
0.960522
1.592247
0.461812
0.693959
1.292039
1.311639
0.779381
1.147571
1.537170
0.684056
1.064744
1.829923
0.788107
0.516559
0.914824
0.643360
0.922507
1.496877
0.639112
0.745005
1.046632
0.476508
1.145332
0.772855
0.688580
1.342115
1.258690
0.560292
1.063077
1.060243
0.883455
0.637988
0.893324
1.277843
0.376048
1.087924
0.869263
1.041569
1.660386
0.945453
1.352266
1.007041
0.570713
0.890937
0.305763
1.045457
0.789486
1.384512
1.075726
0.623957
0.656473
0.393512
0.606352
0.590152
1.228714
0.593777
0.713317
1.572920
1.157503
0.713345
0.847713
0.599023
0.814514
0.607898
0.763014
0.576013
0.869830
1.225104
0.538519
0.332082
0.685927
0.642697
1.188302
1.234355
1.041632
1.050839
0.666337
0.748662
0.661123
0.798477
0.782136
0.873889
0.870197
0.734108
1.090203
0.500286
0.925853
1.144614
0.607609
1.213655
1.151038
0.693686
0.642214
0.895073
0.737016
0.943449
0.547226
1.019711
0.960037
1.049086
0.784612
0.687869
0.576368
0.722140
0.853652
0.602049
1.161484
1.041368
0.701080
1.564570
0.494713
0.830919
0.940269
0.760126
0.710587
1.016512
0.726786
0.804983
0.665279
0.676864
0.455649
1.127769
1.297207
0.789642
0.860451
0.779786
0.624379
1.038533
0.476345
0.891818
0.824021
0.563705
1.045762
1.173506
0.786447
0.633834
0.569079
0.812223
0.905367
1.011857
0.765811
1.309559
0.802866
0.868576
1.137508
1.051891
0.512155
0.726851
0.890163
1.505300
0.756356
0.829005
0.943537
0.932650
0.645414
1.217753
0.834409
0.480172
0.934682
0.833634
0.574180
0.542587
0.749260
0.933312
0.536155
1.298430
0.633597
0.531369
0.505671
0.800879
0.589268
1.032827
0.544659
0.588382
0.583394
0.748014
0.667748
0.745035
0.858346
0.760528
0.539260
0.547464
0.669713
0.459569
0.639618
0.580846
0.571366
1.057375
0.429862
2.281849
0.457459
1.153487
1.053373
0.548119
0.831276
0.707788
1.074706
1.052092
0.685610
0.630399
1.040490
0.786763
0.508068
0.904343
1.348890
0.622843
1.157032
0.930453
0.928814
0.761619
1.140692
0.488836
1.041917
1.105136
1.791847
1.052110
0.769710
1.306488
1.045858
1.318002
0.875539
1.191499
0.904298
0.841919
1.523287
1.308749
2.127823
1.267310
0.827450
0.908025
0.920026
0.762806
1.171205
0.974197
0.942802
0.930468
0.753904
0.927996
0.934698
1.016823
1.186239
1.143322
0.983314
0.998234
1.098260
0.790902
0.966248
0.784043
0.965630
0.747155
0.851463
0.889379
0.599809
0.648319
0.830553
0.825245
0.917444
0.750959
0.737152
0.774736
0.655171
0.896277
0.795807
0.796104
0.688640
0.733141
0.881552
0.801438
0.783185
0.811184
0.812137
0.910470
1.058821
0.807701
0.723276
0.907728
0.904477
0.938125
0.850883
0.919613
0.887504
0.944239
0.837549
0.874561
0.774046
0.716574
0.773534
0.821905
1.036486
0.937822
1.045406
0.840728
0.816810
0.711539
0.831843
0.803586
0.782505
0.775750
0.605864
0.708890
0.825955
0.692895
0.723171
1.002975
0.932309
0.923594
1.075828
1.046240
0.587987
0.564612
0.771894
0.691683
0.941668
0.661010
0.912443
0.596687
0.915100
0.686637
0.699226
0.564002
0.611819
0.772913
0.749558
0.892794
0.578049
0.680928
0.851422
0.605792
0.856035
0.803372
0.745875
0.820626
0.842030
0.920484
0.632792
0.608587
0.763684
0.468366
0.309312
0.611140
1.341108
0.447160
1.367307
0.393626
1.074961
0.370434
0.761510
1.333285
1.111514
1.292103
0.333132
0.535440
0.999217
1.027036
0.596498
1.104903
1.258373
0.490214
0.875584
1.469964
0.572518
0.346199
0.729744
0.470358
0.687861
1.234749
0.519917
0.627289
1.196218
0.382563
0.896751
0.562129
0.492086
1.071606
1.002622
0.534112
0.830843
0.889173
0.717117
0.498442
0.676518
1.018078
0.265703
0.920933
0.662212
0.808194
1.340016
0.780863
1.066599
0.771855
0.433508
0.740395
0.275638
0.944934
0.915985
1.140072
0.873818
0.510960
0.515197
0.324277
0.531803
0.415190
1.057803
0.476665
0.680624
1.297426
1.029634
0.598701
0.720082
0.445044
0.639023
0.464029
0.610147
0.428532
0.759124
1.030450
0.565825
0.341749
0.533605
0.542476
1.072832
0.983911
0.828273
0.864951
0.571124
0.554277
0.519060
0.643946
0.676622
0.693153
0.837161
0.569886
0.920529
0.425629
0.777630
0.939204
0.512713
0.962543
0.959427
0.595608
0.529199
0.715356
0.575158
0.825025
0.485514
0.804691
0.760170
0.845010
0.698100
0.566987
0.558822
0.647649
0.714837
0.589574
0.958621
1.030270
0.544348
1.495097
0.367915
0.720832
0.748145
0.583406
0.565537
0.898073
0.832603
0.689208
0.514605
0.548402
0.375473
0.937383
1.112290
0.686216
0.688775
0.688967
0.512358
0.818515
0.407442
0.753475
0.680889
0.519238
0.972084
1.114192
0.635206
0.496500
0.509229
0.640135
0.803290
0.810283
0.626654
1.259452
0.716475
0.786557
0.920393
0.864048
0.462769
0.629112
0.704113
1.258920
0.625018
0.712643
0.788177
0.742396
0.491275
1.137608
0.704713
0.464632
0.751028
0.660311
0.536839
0.427358
0.657981
0.796182
0.410673
1.240629
0.500913
0.388971
0.410435
0.698072
0.546515
0.971175
0.433722
0.445200
0.547306
0.709162
0.513332
0.617640
0.847672
0.667308
0.490824
0.546120
0.554684
0.427628
0.549138
0.501103
0.522113
1.053588
0.432078
2.453634
0.386833
1.262925
1.037337
0.470081
0.823943
0.635381
1.117824
1.108329
0.675764
0.620941
0.878670
0.756234
0.510920
0.964547
1.468428
0.604002
1.210203
0.774973
1.014225
0.809276
1.209103
0.506884
0.982755
1.127520
1.744950
1.099927
0.789911
1.172406
0.926935
1.190331
0.781837
1.064504
0.797540
0.730946
1.323044
1.130084
1.904386
1.131814
0.699648
0.802057
0.843205
0.667664
1.052019
0.842771
0.836024
0.825472
0.692278
0.824520
0.830709
0.882120
1.058941
1.001117
0.894808
0.892254
0.980061
0.701984
0.875615
0.709662
0.878538
0.643245
0.737996
0.783071
0.538484
0.555242
0.716010
0.720308
0.790497
0.666607
0.673802
0.672488
0.597620
0.858323
0.726352
0.710972
0.601595
0.652144
0.780240
0.696907
0.697735
0.714823
0.719250
0.791983
0.901856
0.735898
0.626978
0.797788
0.772823
0.824284
0.720309
0.788321
0.759154
0.817329
0.735978
0.760369
0.684441
0.652978
0.722015
0.738408
0.879638
0.785692
0.887579
0.708148
0.671641
0.585553
0.707301
0.705067
0.689371
0.701408
0.520247
0.561496
0.681547
0.599115
0.610436
0.894552
0.781944
0.771663
0.924031
0.877860
0.524596
0.527730
0.700775
0.561197
0.858386
0.617747
0.849491
0.524814
0.778719
0.683103
0.615483
0.499759
0.508522
0.697100
0.654261
0.768964
0.547092
0.619432
0.778149
0.509327
0.728767
0.683119
0.653755
0.706585
0.790613
0.849098
0.583361
0.508451
0.687435
0.449220
0.322266
0.474714
1.178341
0.355397
1.158667
0.302098
0.894213
0.346838
0.676826
1.127071
1.258431
1.112520
0.277900
0.458275
0.824926
0.858853
0.501878
1.111866
1.093482
0.386810
0.775262
1.247062
0.452750
0.260162
0.632634
0.381230
0.554405
1.080085
0.470245
0.578258
1.341017
0.350272
0.753436
0.445332
0.386000
0.911494
0.851898
0.551349
0.697595
0.800022
0.631504
0.432618
0.553547
0.863896
0.220152
0.833961
0.546586
0.672841
1.142345
0.696689
0.894023
0.635355
0.367996
0.665402
0.288567
0.906311
1.041749
0.997553
0.760430
0.463079
0.446373
0.307325
0.511264
0.322084
0.967713
0.424952
0.691148
1.130282
0.970062
0.549280
0.660588
0.366002
0.544845
0.392826
0.531182
0.354135
0.711083
0.921739
0.618212
0.380675
0.455669
0.501120
1.020414
0.832649
0.704046
0.762549
0.533029
0.445025
0.447705
0.562608
0.631269
0.592605
0.843881
0.481443
0.828396
0.403486
0.700881
0.820503
0.475030
0.810589
0.849795
0.555990
0.476973
0.615624
0.488231
0.769016
0.470768
0.678149
0.645478
0.725896
0.665263
0.509144
0.576912
0.623561
0.642842
0.610243
0.841013
1.051646
0.460111
1.474301
0.304885
0.669730
0.637321
0.483294
0.488692
0.841450
0.939243
0.633479
0.434448
0.483422
0.345364
0.826064
1.006522
0.639234
0.593030
0.651887
0.458706
0.687011
0.386225
0.680222
0.604233
0.515139
0.946014
1.099279
0.553301
0.423445
0.492940
0.541863
0.756751
0.691392
0.551719
1.252001
0.680226
0.754179
0.789140
0.753488
0.453845
0.585527
0.594744
1.105448
0.556581
0.654484
0.701572
0.629976
0.404996
1.106432
0.637465
0.480744
0.642697
0.560182
0.535189
0.369585
0.618414
0.722371
0.345694
1.224578
0.429605
0.310849
0.366931
0.648291
0.541057
0.951939
0.377486
0.366892
0.546358
0.706317
0.426617
0.550157
0.866992
0.624569
0.480895
0.571498
0.495495
0.430014
0.508401
0.468172
0.511799
1.076115
0.460211
2.605172
0.361139
1.365052
1.050860
0.438850
0.843005
0.608677
1.172614
1.172637
0.692906
0.638201
0.787841
0.758563
0.536753
1.030392
1.577628
0.614414
1.271435
0.688200
1.098294
0.867011
1.281266
0.543006
0.963802
1.166699
1.735100
1.156656
0.827860
1.100887
0.866091
1.123029
0.738551
0.997985
0.744635
0.675476
1.203829
1.026847
1.768733
1.058316
0.632418
0.749973
0.811454
0.622732
0.990103
0.772098
0.782634
0.773413
0.670554
0.773212
0.779207
0.809037
0.991345
0.922068
0.853620
0.839144
0.918388
0.660288
0.832467
0.678351
0.837853
0.591555
0.679012
0.728776
0.516101
0.510732
0.656495
0.667516
0.721913
0.627892
0.649690
0.621343
0.577606
0.852605
0.698004
0.671375
0.560953
0.614683
0.729173
0.643456
0.657785
0.666961
0.673816
0.728308
0.811033
0.705292
0.579381
0.740514
0.699623
0.763921
0.647755
0.715404
0.688462
0.747186
0.683621
0.699464
0.640847
0.627595
0.705223
0.699284
0.788063
0.697359
0.795456
0.633733
0.588233
0.516292
0.638332
0.655160
0.642904
0.668371
0.478886
0.476473
0.597964
0.551269
0.549851
0.836731
0.694277
0.683117
0.834891
0.777692
0.498328
0.520260
0.668940
0.487429
0.818450
0.606234
0.823626
0.492283
0.700848
0.698996
0.575012
0.472732
0.453551
0.661722
0.605415
0.698924
0.542850
0.594482
0.744976
0.458998
0.656641
0.616075
0.606424
0.643548
0.771863
0.816269
0.566642
0.455372
0.650902
0.453236
0.348883
0.396009
1.080546
0.307733
1.028419
0.254758
0.783631
0.347638
0.634679
0.998764
1.380114
1.002558
0.256296
0.420953
0.718754
0.757112
0.452296
1.134376
0.993663
0.330596
0.721088
1.106526
0.384656
0.216481
0.580910
0.334800
0.476714
0.986730
0.452035
0.560295
1.460528
0.343946
0.668932
0.379181
0.327647
0.814666
0.761217
0.580343
0.619414
0.752980
0.587030
0.402347
0.482248
0.770468
0.203826
0.788133
0.480662
0.592649
1.018401
0.653384
0.787847
0.554479
0.337349
0.628140
0.313824
0.894846
1.146499
0.912802
0.695485
0.444983
0.413256
0.310728
0.512254
0.271871
0.919673
0.403760
0.714443
1.027196
0.943295
0.529955
0.633838
0.325229
0.493591
0.357836
0.490138
0.316629
0.692064
0.859938
0.670332
0.422964
0.415669
0.486410
0.997889
0.739850
0.630418
0.705221
0.520467
0.382555
0.411986
0.519409
0.613692
0.535755
0.862848
0.433211
0.777685
0.402678
0.660953
0.750741
0.462864
0.717331
0.786026
0.542632
0.453920
0.559447
0.441026
0.743363
0.474289
0.602535
0.578614
0.655300
0.655974
0.482189
0.603945
0.620460
0.605402
0.638598
0.771797
1.080367
0.414392
1.473376
0.273892
0.647055
0.572456
0.425776
0.447715
0.815129
1.028238
0.607336
0.391484
0.450740
0.337187
0.760112
0.945184
0.619162
0.538943
0.639129
0.433751
0.607437
0.384623
0.641250
0.562895
0.525324
0.940379
1.101828
0.508557
0.384393
0.494091
0.485059
0.736773
0.620413
0.511104
1.260132
0.667020
0.744002
0.709008
0.687685
0.460075
0.567542
0.529744
1.009279
0.520916
0.625802
0.652814
0.562859
0.356237
1.097022
0.602645
0.504769
0.578170
0.501737
0.545890
0.341000
0.602972
0.682449
0.312141
1.225338
0.391142
0.267697
0.348268
0.624900
0.549118
0.950291
0.349320
0.323776
0.557442
0.716114
0.377487
0.514383
0.893070
0.606150
0.485656
0.601518
0.465259
0.443554
0.491392
0.456643
0.516354
1.103674
0.492213
2.724060
0.354468
1.449090
1.072348
0.428097
0.868016
0.601503
1.222949
1.229877
0.716501
0.661791
0.734769
0.771594
0.566344
1.087937
1.666771
0.633077
1.325988
0.637778
1.169040
0.919386
1.343684
0.579664
0.961194
1.205529
1.739247
1.207628
0.866060
1.061434
0.834150
1.086360
0.718877
0.962085
0.717914
0.647240
1.130090
0.964920
1.683371
1.016900
0.595997
0.724075
0.799765
0.601575
0.956956
0.732695
0.755378
0.747147
0.665531
0.747281
0.753260
0.767928
0.954294
0.876324
0.834580
0.811967
0.885214
0.640782
0.811787
0.666268
0.818887
0.565412
0.647366
0.700207
0.510173
0.489391
0.624655
0.640398
0.683474
0.610425
0.642397
0.595253
0.573224
0.858641
0.687811
0.653120
0.542172
0.597429
0.702811
0.615348
0.639234
0.642694
0.651256
0.692766
0.756330
0.693204
0.555491
0.709768
0.657243
0.730786
0.605770
0.673271
0.648003
0.706815
0.655748
0.665802
0.619381
0.618901
0.702647
0.681108
0.732412
0.643946
0.739532
0.590236
0.538330
0.476791
0.598558
0.629315
0.619251
0.654330
0.458731
0.425466
0.547533
0.526069
0.516093
0.804747
0.641065
0.629444
0.780353
0.715823
0.488507
0.523777
0.655133
0.444001
0.799254
0.607236
0.814201
0.477915
0.654601
0.718953
0.555343
0.462356
0.423197
0.645343
0.579710
0.657580
0.548128
0.585710
0.730466
0.431857
0.614080
0.577197
0.581378
0.607264
0.766915
0.801394
0.563559
0.426239
0.633261
0.464387
0.375953
0.348808
1.019544
0.282145
0.944473
0.229520
0.713568
0.356528
0.613365
0.916369
1.474728
0.932830
0.249361
0.402761
0.651763
0.693336
0.425504
1.158754
0.930999
0.298855
0.690711
1.015280
0.344336
0.193808
0.552407
0.309813
0.429685
0.928187
0.447253
0.555554
1.553298
0.347319
0.617237
0.340206
0.294347
0.753978
0.704551
0.608939
0.571705
0.727272
0.563182
0.388689
0.439172
0.711707
0.199794
0.763101
0.441529
0.543219
0.938249
0.630531
0.720287
0.504673
0.323103
0.609279
0.339423
0.894302
1.228136
0.860558
0.656729
0.439711
0.397231
0.320431
0.520341
0.243823
0.893197
0.396087
0.738567
0.961439
0.931681
0.523787
0.622225
0.303574
0.464675
0.340444
0.468091
0.297297
0.685708
0.823414
0.714383
0.459872
0.394608
0.482859
0.988821
0.680834
0.584998
0.671923
0.518358
0.345427
0.393758
0.495618
0.608134
0.502269
0.882973
0.405869
0.748681
0.409253
0.639537
0.708112
0.461183
0.658105
0.747378
0.540246
0.444156
0.526573
0.414450
0.731833
0.483393
0.555619
0.538137
0.611793
0.656031
0.469766
0.629907
0.624911
0.585263
0.665184
0.729511
1.107130
0.388664
1.479285
0.258417
0.637396
0.532989
0.391354
0.425059
0.803085
1.097662
0.595120
0.367676
0.433910
0.337594
0.719432
0.908230
0.611206
0.507231
0.636560
0.422243
0.557590
0.389919
0.619738
0.539737
0.538757
0.942451
1.109883
0.483216
0.362705
0.500886
0.450885
0.728809
0.576491
0.488188
1.272380
0.663536
0.742856
0.658369
0.646982
0.470429
0.560980
0.489602
0.947108
0.501788
0.611426
0.624273
0.521263
0.327547
1.096436
0.584150
0.527824
0.538236
0.466280
0.559040
0.326625
0.598080
0.660071
0.294358
1.231631
0.369607
0.242937
0.340847
0.613928
0.560481
0.954809
0.334857
0.299181
0.570851
0.728652
0.348612
0.494791
0.917537
0.598748
0.494635
0.628573
0.449393
0.458810
0.484999
0.454113
0.525264
1.128713
0.520721
2.813778
0.355220
1.514229
1.093304
0.425868
0.891223
0.602064
1.264111
1.276041
0.738690
0.683916
0.702527
0.786258
0.592694
1.133830
1.735642
0.651693
1.369952
0.607293
1.224503
0.962018
1.393329
0.610902
0.964461
1.238329
1.747501
1.248846
0.898585
1.038878
0.816897
1.065645
0.710183
0.942073
0.704105
0.632547
1.082939
0.926455
1.628009
0.992633
0.575634
0.711035
0.796676
0.591688
0.938599
0.709887
0.741101
0.733603
0.666888
0.733862
0.739923
0.743931
0.933283
0.848781
0.825885
0.797722
0.866765
0.631691
0.801760
0.662490
0.810084
0.551928
0.629768
0.684626
0.510666
0.479133
0.607055
0.626118
0.661089
0.602780
0.641855
0.581627
0.574759
0.867758
0.685295
0.644838
0.533665
0.589518
0.688801
0.600072
0.630726
0.630065
0.639831
0.672116
0.722161
0.689179
0.543282
0.692706
0.631706
0.711905
0.580481
0.647947
0.623938
0.682614
0.640342
0.646473
0.608657
0.617136
0.705252
0.672802
0.697350
0.610439
0.704358
0.563797
0.507334
0.453419
0.574678
0.615589
0.606923
0.648868
0.448803
0.393726
0.515913
0.512286
0.496554
0.786351
0.607573
0.595735
0.745739
0.676341
0.485706
0.530435
0.649478
0.417427
0.790035
0.612363
0.811770
0.471838
0.626100
0.737218
0.545747
0.459194
0.405761
0.637872
0.565787
0.632144
0.555744
0.583789
0.724536
0.416663
0.587984
0.553769
0.567662
0.585516
0.767344
0.794829
0.565607
0.409636
0.624633
0.476228
0.399016
0.319476
0.980246
0.267879
0.888950
0.215584
0.667868
0.366799
0.602396
0.862092
1.545803
0.887316
0.248463
0.393818
0.608231
0.652133
0.410540
1.180108
0.890428
0.280231
0.672993
0.954657
0.319523
0.181735
0.536123
0.295873
0.400191
0.890262
0.447766
0.556012
1.622924
0.353443
0.584562
0.316364
0.274619
0.714770
0.667975
0.633088
0.541542
0.712658
0.549928
0.382745
0.412148
0.673573
0.200502
0.748871
0.417409
0.511685
0.885121
0.618106
0.676092
0.472949
0.316560
0.599517
0.361273
0.897546
1.289512
0.827325
0.632697
0.439602
0.389427
0.330767
0.529595
0.227571
0.878084
0.394149
0.759341
0.918299
0.926973
0.523059
0.617512
0.291677
0.447746
0.331682
0.455792
0.287064
0.684597
0.801021
0.748999
0.489305
0.383190
0.483582
0.985650
0.642168
0.555983
0.651872
0.520059
0.322549
0.384228
0.481982
0.607476
0.481761
0.900370
0.389743
0.731442
0.417378
0.627634
0.681141
0.463316
0.619408
0.723055
0.541985
0.440330
0.506617
0.398917
0.726810
0.492972
0.525542
0.512783
0.584036
0.659231
0.464154
0.651588
0.631238
0.574000
0.687091
0.702807
1.129131
0.373643
1.486620
0.250537
0.633583
0.508120
0.369958
0.412032
0.797728
1.149889
0.589449
0.354019
0.424990
0.340806
0.693435
0.885171
0.608541
0.487975
0.637848
0.417006
0.525435
0.396768
0.607373
0.526239
0.551244
0.946781
1.118580
0.468330
0.350158
0.508524
0.429553
0.726131
0.548453
0.474702
1.284221
0.663833
0.744937
0.625429
0.620946
0.480588
0.559306
0.463961
0.905899
0.491198
0.604074
0.606927
0.494636
0.310008
1.098944
0.574045
0.547071
0.512686
0.444027
0.570954
0.319255
0.597544
0.647054
0.284647
1.238836
0.357059
0.228172
0.338358
0.608812
0.571214
0.960723
0.327192
0.284640
0.582982
0.740197
0.331027
0.483671
0.937802
0.596205
0.503674
0.650527
0.440800
0.472340
0.483203
0.455032
0.534332
1.149085
0.543771
2.879961
0.358371
1.563074
1.110946
0.426851
0.910294
0.605196
1.295923
1.311468
0.757034
0.702179
0.682237
0.799254
0.613929
1.168748
1.787243
0.667469
1.403645
0.588186
1.266356
0.994917
1.431123
0.635559
0.969194
1.264106
1.755911
1.280467
0.924287
1.025516
0.807276
1.053513
0.706564
0.930549
0.696761
0.624711
1.051973
0.901858
1.591233
0.977853
0.563868
0.704373
0.796982
0.587125
0.928060
0.696193
0.733393
0.726453
0.670188
0.726713
0.732895
0.729415
0.920977
0.831564
0.821980
0.790032
0.856139
0.627476
0.796838
0.662089
0.806010
0.544831
0.619599
0.675786
0.513234
0.474209
0.596991
0.618385
0.647567
0.599625
0.643656
0.574320
0.578047
0.876532
0.685758
0.641179
0.529945
0.585912
0.681114
0.591458
0.626908
0.623291
0.633904
0.659630
0.700145
0.688488
0.536905
0.682891
0.615740
0.700730
0.564667
0.632166
0.609096
0.667544
0.631460
0.634950
0.603209
0.617973
0.709199
0.669122
0.674583
0.588740
0.681568
0.547153
0.487436
0.439103
0.559791
0.608095
0.600316
0.647171
0.443847
0.373354
0.495438
0.504408
0.484817
0.775340
0.585837
0.573926
0.723085
0.650461
0.485687
0.537133
0.647423
0.400586
0.785610
0.618139
0.812086
0.469477
0.607960
0.752121
0.541043
0.458953
0.395334
0.634541
0.557994
0.615915
0.562944
0.584505
0.722461
0.407819
0.571424
0.539143
0.559861
0.571978
0.769498
0.792056
0.569109
0.399804
0.620364
0.486478
0.417192
0.300676
0.954273
0.259595
0.851517
0.207597
0.637365
0.375978
0.596622
0.825626
1.598118
0.856923
0.249770
0.389377
0.579277
0.624864
0.401891
1.197229
0.863513
0.268875
0.662243
0.913657
0.303718
0.175123
0.526471
0.287776
0.381138
0.865046
0.450024
0.558178
1.674156
0.359565
0.563336
0.301278
0.262522
0.688806
0.643747
0.652094
0.521901
0.704020
0.542269
0.380332
0.394642
0.648196
0.202701
0.740452
0.402036
0.490969
0.849232
0.611143
0.646550
0.452172
0.313613
0.594328
0.378562
0.901597
1.334691
0.805628
0.617284
0.441284
0.385604
0.339736
0.537839
0.217810
0.869145
0.394454
0.775868
0.889399
0.925333
0.524319
0.615873
0.284899
0.437481
0.327209
0.448656
0.281485
0.685423
0.786843
0.775160
0.511706
0.376800
0.485620
0.984941
0.616238
0.536903
0.639393
0.522777
0.307999
0.379117
0.473834
0.608582
0.468751
0.914179
0.379865
0.720815
0.424827
0.620782
0.663576
0.466434
0.593562
0.707256
0.544893
0.439075
0.494096
0.389511
0.724754
0.501237
0.505741
0.496443
0.565824
0.663013
0.461709
0.668545
0.637251
0.567435
0.704092
0.685465
1.146156
0.364544
1.493320
0.246426
0.632329
0.491983
0.356216
0.404241
0.795471
1.188342
0.586854
0.345908
0.420110
0.344468
0.676331
0.870349
0.608070
0.475902
0.640278
0.414689
0.504197
0.403125
0.599978
0.518052
0.561513
0.951198
1.126182
0.459269
0.342595
0.515262
0.415812
0.725662
0.530097
0.466430
1.294186
0.665337
0.747798
0.603502
0.603823
0.489123
0.559568
0.447116
0.878052
0.485128
0.600217
0.596017
0.477130
0.298905
1.102148
0.568347
0.562117
0.495878
0.429649
0.580610
0.315386
0.598603
0.639199
0.279178
1.245251
0.349459
0.219049
0.337932
0.606435
0.580092
0.966211
0.322966
0.275750
0.592820
0.749641
0.319978
0.477133
0.953611
0.595707
0.511361
0.667454
0.435974
0.483242
0.483244
0.456987
0.542078
1.164770
0.561505
2.928115
0.361852
1.598988
1.124815
0.428763
0.925070
0.608761
1.319739
1.337903
0.771303
0.716371
0.669082
0.809727
0.630217
1.194618
1.825195
0.679898
1.428741
0.575836
1.297250
1.019553
1.459177
0.654248
0.973687
1.283588
1.763117
1.304018
0.943804
1.017309
0.801722
1.046133
0.705227
0.923673
0.692728
0.620415
1.031191
0.885746
1.566350
0.968523
0.556851
0.700919
0.798409
0.585070
0.921793
0.687660
0.729103
0.722570
0.673641
0.722783
0.729082
0.720343
0.913499
0.820473
0.820289
0.785750
0.849793
0.625546
0.794355
0.662891
0.804140
0.541003
0.613497
0.670558
0.516102
0.471846
0.591032
0.614080
0.639122
0.598461
0.645963
0.570283
0.581414
0.883899
0.687164
0.639640
0.528430
0.584261
0.676737
0.586408
0.625266
0.619520
0.630742
0.651793
0.685578
0.689032
0.533496
0.677052
0.605434
0.693871
0.554461
0.622019
0.599653
0.657859
0.626127
0.627814
0.600357
0.619552
0.712997
0.667585
0.659424
0.574340
0.666433
0.536346
0.474327
0.430053
0.550203
0.603874
0.596656
0.647018
0.441330
0.359945
0.481827
0.499708
0.477507
0.768504
0.571382
0.559463
0.707906
0.633135
0.486597
0.542819
0.646893
0.389607
0.783512
0.623289
0.813285
0.468724
0.596101
0.763618
0.538741
0.459739
0.388854
0.633132
0.553475
0.605242
0.568886
0.586046
0.722042
0.402463
0.560618
0.529717
0.555243
0.563272
0.771913
0.790991
0.572601
0.393771
0.618192
0.494631
0.430932
0.288319
0.936751
0.254587
0.825891
0.202838
0.616649
0.383405
0.593523
0.800764
1.636140
0.836276
0.251638
0.387133
0.559671
0.606478
0.396699
1.210342
0.845301
0.261720
0.655497
0.885565
0.293371
0.171397
0.520552
0.282903
0.368515
0.847941
0.452541
0.560599
1.711382
0.364764
0.549246
0.291462
0.254870
0.671295
0.627367
0.666489
0.508810
0.698706
0.537673
0.379477
0.383004
0.630973
0.205059
0.735245
0.391957
0.477052
0.824653
0.607109
0.626463
0.438260
0.312330
0.591475
0.391689
0.905315
1.367505
0.791172
0.607125
0.443315
0.383717
0.346876
0.544494
0.211749
0.863678
0.395483
0.788465
0.869711
0.924986
0.526082
0.615530
0.280889
0.431049
0.324880
0.444335
0.278336
0.686790
0.777610
0.794477
0.528319
0.373104
0.487781
0.985158
0.598540
0.524066
0.631409
0.525407
0.298494
0.376282
0.468790
0.610117
0.460248
0.924647
0.373599
0.714059
0.430937
0.616673
0.651857
0.469420
0.576001
0.696737
0.547786
0.438870
0.486010
0.383621
0.724010
0.507815
0.492433
0.485655
0.553600
0.666418
0.460716
0.681342
0.642248
0.563442
0.716819
0.673953
1.158896
0.358856
1.498809
0.244224
0.632123
0.481258
0.347147
0.399405
0.794629
1.216278
0.585688
0.340929
0.417327
0.347705
0.664801
0.860598
0.608409
0.468132
0.642734
0.413691
0.489906
0.408368
0.595376
0.512899
0.569472
0.954968
1.132264
0.453587
0.337859
0.520661
0.406721
0.726024
0.517831
0.461168
1.302031
0.667009
0.750481
0.588652
0.592319
0.495815
0.560459
0.435815
0.858962
0.481531
0.598137
0.588952
0.465391
0.291669
1.105114
0.565033
0.573475
0.484586
0.420121
0.588014
0.313294
0.600049
0.634298
0.275991
1.250427
0.344688
0.213230
0.338269
0.605345
0.586996
0.970719
0.320539
0.270158
0.600383
0.756931
0.312859
0.473153
0.965545
0.595971
0.517430
0.680117
0.433154
0.491606
0.483906
0.459011
0.548225
1.176502
0.574772
2.962835
0.364927
1.625076
1.135331
0.430703
0.936152
0.611943
1.337242
1.357288
0.782028
0.727022
0.660348
0.817762
0.642358
1.213477
1.852792
0.689308
1.447103
0.567652
1.319748
1.037658
1.479680
0.668074
0.977410
1.297995
1.768814
1.321257
0.958294
1.012142
0.798425
1.041506
0.704879
0.919448
0.690426
0.617995
1.017019
0.874945
1.549288
0.962483
0.552557
0.699106
0.800032
0.584199
0.917936
0.682205
0.726615
0.720401
0.676618
0.720544
0.726964
0.714512
0.908842
0.813133
0.819605
0.783289
0.845890
0.624664
0.793060
0.663960
0.803285
0.538864
0.609708
0.667336
0.518633
0.470720
0.587387
0.611596
0.633682
0.598166
0.648087
0.567977
0.584299
0.889659
0.688674
0.639056
0.527911
0.583510
0.674155
0.583346
0.624615
0.617344
0.628987
0.646729
0.675748
0.689918
0.531622
0.673462
0.598622
0.689519
0.547704
0.615321
0.593474
0.651455
0.622792
0.623260
0.598841
0.621138
0.716174
0.667035
0.649150
0.564581
0.656211
0.529169
0.465507
0.424190
0.543869
0.601432
0.594561
0.647432
0.440026
0.350931
0.472586
0.496773
0.472830
0.764121
0.561578
0.549690
0.697541
0.621347
0.487681
0.547284
0.646944
0.382274
0.782535
0.627460
0.814619
0.468623
0.588179
0.772198
0.537605
0.460768
0.384694
0.632583
0.550784
0.598052
0.573472
0.587623
0.722264
0.399097
0.553395
0.523514
0.552411
0.557524
0.774032
0.790659
0.575578
0.389940
0.617058
0.500831
0.441081
0.280040
0.924763
0.251441
0.808178
0.199899
0.602402
0.389111
0.591814
0.783628
1.663558
0.822062
0.253432
0.386000
0.546217
0.593909
0.393497
1.220126
0.832821
0.257070
0.651129
0.866124
0.286442
0.169221
0.516817
0.279846
0.360008
0.836168
0.454784
0.562748
1.738221
0.368858
0.539742
0.284926
0.249896
0.659323
0.616121
0.677165
0.499926
0.695329
0.534810
0.379311
0.375111
0.619137
0.207111
0.731926
0.385215
0.467559
0.807643
0.604693
0.612649
0.428800
0.311813
0.589862
0.401438
0.908363
1.391150
0.781387
0.600274
0.445188
0.382777
0.352306
0.549605
0.207880
0.860233
0.396597
0.797842
0.856133
0.925143
0.527774
0.615686
0.278429
0.426911
0.323653
0.441626
0.276502
0.688122
0.771469
0.808541
0.540430
0.370896
0.489645
0.985649
0.586317
0.515282
0.626179
0.527602
0.292155
0.374666
0.465545
0.611558
0.454569
0.932406
0.369510
0.709642
0.435685
0.614125
0.643905
0.471932
0.563924
0.689575
0.550245
0.439048
0.480677
0.379825
0.723819
0.512802
0.483344
0.478419
0.545256
0.669180
0.460373
0.690796
0.646147
0.560920
0.726187
0.666176
1.168244
0.355190
1.503051
0.243000
0.632308
0.473996
0.341029
0.396302
0.794403
1.236412
0.585178
0.337789
0.415683
0.350309
0.656922
0.854051
0.608974
0.463005
0.644853
0.413304
0.480161
0.412447
0.592411
0.509570
0.575435
0.957941
1.136914
0.449909
0.334798
0.524785
0.400590
0.726617
0.509522
0.457720
1.307990
0.668476
0.752727
0.578460
0.584451
0.500852
0.561439
0.428102
0.845747
0.479341
0.596971
0.584284
0.457387
0.286837
1.107561
0.563064
0.581866
0.476884
0.413699
0.593498
0.312135
0.601436
0.631151
0.274077
1.254388
0.341603
0.209419
0.338820
0.604852
0.592176
0.974201
0.319077
0.266541
0.606014
0.762390
0.308161
0.470649
0.974368
0.596473
0.522016
0.689418
0.431458
0.497847
0.484696
0.460752
0.552901
1.185094
0.584533
2.987735
0.367393
1.643881
1.143126
0.432357
0.944301
0.614533
1.349943
1.371362
0.789926
0.734861
0.654435
0.823750
0.651244
1.227079
1.872698
0.696278
1.460414
0.562122
1.335979
1.050823
1.494528
0.678156
0.980311
1.308490
1.773162
1.333723
0.968885
