10.451166
9.854051
10.479061
9.184619
10.082622
9.692297
9.413124
12.698480
11.435834
13.895946
10.766508
9.585848
9.247001
8.682726
9.106846
10.088376
10.182718
9.595249
9.460623
8.361027
9.506826
9.428001
10.164860
9.911265
10.786094
9.262210
9.424760
9.732357
9.115058
9.404733
8.646503
9.270100
8.924502
9.588090
9.534499
8.063955
8.689570
9.274015
9.034670
9.745854
8.640848
8.235906
8.912997
7.910563
7.341510
8.212253
8.691625
8.407272
8.927932
9.011250
9.088132
8.549854
8.935114
8.737473
9.603439
10.639586
8.204829
8.510525
9.005684
9.869576
9.318172
9.731663
9.759332
9.569318
9.843320
9.110518
9.159194
8.431212
7.843993
7.469689
8.006813
10.469347
10.256897
10.319536
9.560175
9.853169
8.973604
9.338241
8.339963
8.332108
7.784914
8.031675
9.571691
9.931993
8.614823
8.610856
8.971072
10.020961
9.790867
10.542597
10.279707
7.454015
6.643667
7.870576
9.056930
7.902762
6.455218
7.589979
7.454813
9.413276
5.785586
7.513817
7.090711
8.458186
7.693625
7.928048
9.528630
6.662989
6.886059
7.212739
8.498760
8.945589
8.847078
7.955851
8.584144
7.174300
7.645051
6.278625
7.949604
7.518185
5.779170
4.893643
8.712998
10.286764
7.644727
11.345681
7.225722
10.285520
5.661578
7.252280
10.946445
1.885550
10.443899
6.229964
7.007276
9.952852
9.780754
7.371469
5.143635
10.008773
7.633254
7.971005
11.374123
8.162256
6.675734
7.520034
7.181633
8.460486
9.841528
6.010318
5.700418
1.724957
5.671207
8.645638
7.457681
7.279855
9.369678
9.438126
4.079046
8.658345
7.581234
7.321597
6.399262
8.350413
9.439967
5.974669
7.448415
7.926625
8.479803
10.511283
6.877536
9.568054
8.451176
6.307987
6.817432
3.973215
6.091402
1.925636
8.504801
8.082999
5.768091
6.299902
4.933961
5.144401
6.674378
7.182349
5.716304
4.073499
9.478592
6.535059
5.646456
6.153200
6.477276
6.840890
6.293774
6.710942
6.261470
5.945285
7.659831
3.179741
3.437610
6.308439
5.866072
6.500232
8.996600
8.107026
7.054219
5.627653
7.084303
6.119006
6.740928
5.711229
7.349003
4.771760
6.743607
7.507853
4.602887
6.512775
7.769133
5.189918
8.586959
7.658342
5.091386
5.796211
6.835553
6.424676
6.011861
4.951374
7.708038
7.117807
7.699866
5.244374
5.630723
3.615067
4.849027
6.368966
3.699016
7.363591
4.631616
6.119489
5.557991
5.604890
5.713392
7.092817
6.646775
6.147942
5.892433
1.693698
5.687885
5.853199
5.619501
4.834277
7.443036
7.021230
5.474448
6.332089
4.895692
5.391775
7.342459
4.134380
6.094477
6.133492
4.247986
5.218018
4.791479
5.645552
5.878815
4.434330
6.451082
5.320575
6.870590
6.110970
4.383455
5.073556
4.898970
7.413463
7.071806
4.075297
4.822089
6.801023
8.367665
5.481276
5.398430
6.169080
6.886435
5.900251
5.045207
5.436871
3.171990
6.815956
6.289528
4.079527
5.049501
4.663206
5.723609
4.947761
4.802508
5.553661
5.581409
4.447870
5.223430
3.757283
4.477457
5.096623
5.415733
3.828489
4.282454
5.514828
5.258790
2.831751
4.781157
3.617467
2.892735
5.131356
3.435101
4.528928
4.298330
3.708382
3.448765
2.444723
1.665848
3.998669
1.797135
3.442088
4.314138
3.305573
4.193973
2.688603
2.238881
3.181316
3.127335
6.064487
3.523952
2.301047
2.697174
1.319416
3.145694
2.526306
5.863584
1.626263
1.720246
1.996788
2.493006
4.540507
2.921659
4.639432
2.598594
2.446828
5.539854
5.064575
5.563622
4.572157
5.240172
4.891740
4.682816
7.051298
6.135174
8.051520
5.706751
4.769752
4.574915
4.225475
4.457408
5.236688
5.217192
4.834152
4.743575
3.973919
4.764369
4.726692
5.235996
5.112095
5.671873
4.634202
4.755008
4.973847
4.495427
4.728135
4.201971
4.643044
4.356982
4.832568
4.795786
3.763914
4.184962
4.624249
4.468788
4.958366
4.192277
3.944782
4.389125
3.714416
3.416603
3.960199
4.271974
4.053987
4.424139
4.494704
4.526340
4.182847
4.462364
4.315497
4.919236
5.641391
3.979576
4.164308
4.547500
5.100447
4.770309
4.995516
5.053896
4.931288
5.107997
4.615645
4.678030
4.155765
3.774355
3.537241
3.880125
5.568148
5.396002
5.467238
4.906387
5.121399
4.500930
4.792960
4.136529
4.130209
3.793765
3.888504
4.904909
5.186064
4.310747
4.302490
4.650181
5.295338
5.138062
5.703624
5.509480
3.550239
3.014489
3.841359
4.601130
3.947894
2.936876
3.776321
3.558867
4.957712
2.517831
3.630598
3.326805
4.248433
3.772091
3.912632
5.014827
3.075282
3.246455
3.510817
4.303502
4.648794
4.570507
3.992352
4.406415
3.523880
3.847918
2.891131
3.950668
3.713014
2.500725
1.875220
4.451104
5.713990
3.721848
6.394740
3.420548
5.625631
2.429854
3.562095
6.141013
0.291031
5.813499
2.794442
3.359247
5.404197
5.326515
3.619551
2.368665
5.546886
3.758830
4.096794
6.497728
4.140331
3.104251
3.772779
3.466637
4.373391
5.440642
2.761514
2.660887
0.247858
2.501838
4.560513
3.678732
3.561795
5.108101
5.156136
1.512569
4.598074
3.929966
3.696683
3.022867
4.345680
5.172675
2.695597
3.835214
4.093104
4.459612
5.976763
3.438951
5.284913
4.465815
2.961849
3.410329
1.436913
3.034162
0.354101
4.631060
4.294937
2.669982
3.012324
2.079154
2.298760
3.229281
3.776677
2.644147
1.652543
5.316798
3.374577
2.654070
3.009287
3.145313
3.439049
3.035720
3.341380
3.004336
2.910531
4.119617
1.079791
1.168857
3.093496
2.804542
3.421387
4.974041
4.350664
3.666215
2.684733
3.613500
2.968864
3.417966
2.772328
3.837211
2.250281
3.405636
3.969592
1.993631
3.342458
4.207882
2.404602
4.752966
4.123299
2.379441
2.811541
3.538147
3.239791
3.054882
2.231671
4.134163
3.731742
4.164999
2.532643
2.735684
1.437942
2.262661
3.267208
1.493334
3.986759
2.251950
3.040997
3.023000
2.669808
2.866501
3.761543
3.396416
3.096439
3.063731
0.322275
2.846505
2.898332
2.745628
2.199861
4.063119
3.842720
2.747812
3.276732
2.346054
2.609129
3.962457
1.768614
3.145439
3.157049
1.922315
2.688493
2.441881
2.872709
2.936171
2.029739
3.351082
2.697480
3.676938
3.156231
2.248421
2.663399
3.739817
5.902499
5.619369
3.016742
3.685810
5.378008
6.790319
4.253438
4.186214
4.861866
5.475125
4.593412
3.965339
4.239144
2.275802
5.431949
4.966234
3.061028
3.883832
3.590018
4.510206
3.793168
3.793837
4.336091
4.354887
3.379795
4.086716
2.840770
3.488069
3.948335
4.228383
2.882805
3.267951
4.322125
4.117993
2.074002
3.729404
2.713297
2.084385
4.017618
2.546366
3.502022
3.300029
2.796692
2.641364
1.696628
1.321500
3.028845
1.249598
2.647318
3.320107
2.508550
3.238603
2.021771
1.711727
2.501600
2.451163
5.067656
2.811414
1.742610
2.103727
0.955542
2.466702
2.000426
4.894141
1.185937
1.251998
1.536698
1.889531
3.741358
2.347557
3.929696
2.059222
1.889380
4.666196
4.222458
4.697138
3.777288
4.397319
4.061501
3.871244
6.040051
5.203645
7.003547
4.833804
3.952222
3.791075
3.490673
3.682674
4.419597
4.377387
4.040062
3.960577
3.262984
3.978889
3.951405
4.413670
4.318698
4.813118
3.879533
3.992944
4.194309
3.745948
3.967856
3.491207
3.895625
3.622439
4.059841
4.027503
3.087460
3.466978
3.877123
3.739822
4.184640
3.489029
3.274533
3.671967
3.064920
2.822992
3.301314
3.578886
3.375072
3.715611
3.784048
3.807239
3.503727
3.762914
3.626656
4.178504
4.838624
3.332197
3.493377
3.854933
4.346825
4.061418
4.250125
4.318231
4.206973
4.365369
3.921191
3.987092
3.505893
3.165488
2.956170
3.261329
4.799335
4.635966
4.709823
4.188354
4.389210
3.819618
4.098524
3.508592
3.503303
3.207886
3.274270
4.191625
4.458664
3.668185
3.659912
4.006024
4.575636
4.433059
4.964652
4.784464
2.988429
2.504656
3.257499
3.938614
3.379292
2.449877
3.235172
3.003147
4.299502
2.080518
3.079144
2.797837
3.638488
3.215544
3.339596
4.351824
2.581312
2.743600
2.997258
3.701444
4.029232
3.955381
3.434237
3.810663
3.023136
3.321613
2.438429
3.389812
3.187224
2.068844
1.489741
3.846595
5.055741
3.178524
5.671877
2.899364
4.955853
2.010059
3.063058
5.449104
0.156232
5.153872
2.341967
2.870736
4.761582
4.701133
3.115310
2.031911
4.923084
3.235882
3.574661
5.806714
3.594865
2.635598
3.275264
2.975270
3.820493
4.836307
2.350179
2.284918
0.131583
2.105238
4.013008
3.182567
3.076375
4.534128
4.579743
1.217690
4.059752
3.459167
3.230831
2.598027
3.819819
4.605323
2.288371
3.374957
3.598265
3.935753
5.371766
3.009585
4.722204
3.951310
2.549356
2.988934
1.153135
2.669019
0.221995
4.139402
3.817424
2.300568
2.614059
1.748488
1.969936
2.808490
3.362640
2.281886
1.390499
4.789037
3.000422
2.306044
2.638749
2.746860
3.030658
2.649680
2.939228
2.619663
2.559799
3.693924
0.869449
0.933613
2.718064
2.452386
3.067302
4.481243
3.897954
3.268419
2.352776
3.204970
2.607804
3.032419
2.443160
3.425755
1.982549
3.020703
3.556603
1.714485
2.983583
3.793988
2.101788
4.301951
3.715548
2.088593
2.482821
3.166186
2.884281
2.731896
1.942338
3.726650
3.351137
3.764614
2.246563
2.424932
1.226190
1.995245
2.929955
1.278628
3.613431
2.014385
2.709400
2.766917
2.358687
2.567794
3.398613
3.045004
2.772218
2.769708
0.221536
2.551874
2.589293
2.447817
1.933966
3.700302
3.506936
2.471413
2.958308
2.093649
2.327178
3.604285
1.541270
2.843922
2.852700
1.701348
2.442117
2.218886
2.596552
2.639192
1.800894
3.035668
2.442266
3.351243
2.860937
2.072069
2.266150
2.172733
3.726973
3.534178
1.599341
2.128142
3.318323
4.455607
2.518196
2.472186
2.976271
3.401547
2.696999
2.462282
2.524186
1.087942
3.378705
3.015419
1.645772
2.203643
2.070236
2.737118
2.120938
2.378421
2.543862
2.542845
1.847975
2.428411
1.574729
2.088024
2.259028
2.465270
1.552644
1.810528
2.539226
2.425749
1.073325
2.192494
1.441705
0.984518
2.359036
1.295071
1.995947
1.843393
1.495724
1.528811
0.690417
1.036215
1.611199
0.605740
1.546847
1.850502
1.399563
1.835311
1.148258
0.847501
1.271106
1.225769
3.073602
1.492455
0.789206
1.063626
0.464023
1.215193
1.099340
2.936298
0.501462
0.497779
0.799991
0.802882
2.177192
1.326943
2.576460
1.115469
0.901440
2.903111
2.532813
2.943953
2.195877
2.694320
2.385660
2.237434
3.909594
3.265223
4.772066
3.031174
2.282743
2.201007
2.018720
2.107105
2.733876
2.630385
2.403366
2.347350
1.827096
2.350970
2.344894
2.683890
2.657747
2.981730
2.308385
2.398213
2.550563
2.175291
2.365120
2.011466
2.316437
2.073283
2.407795
2.382635
1.676140
1.943896
2.274133
2.179787
2.503561
1.987756
1.855607
2.125913
1.692623
1.594130
1.894933
2.079889
1.909497
2.167009
2.226171
2.222762
2.021601
2.221778
2.110345
2.518897
3.007826
1.914718
2.008478
2.307478
2.629724
2.461012
2.546039
2.629559
2.550943
2.654590
2.337505
2.408461
2.035712
1.803902
1.666389
1.864358
2.982577
2.838564
2.914681
2.497901
2.654344
2.222177
2.459571
2.051795
2.045042
1.861107
1.843156
2.475469
2.697432
2.143324
2.130453
2.467515
2.816094
2.710571
3.139180
2.993848
1.664152
1.326708
1.860923
2.308978
2.018513
1.323214
1.946463
1.667717
2.658797
1.081756
1.744103
1.525292
2.122169
1.853267
1.924286
2.664106
1.393648
1.525685
1.743428
2.177826
2.448345
2.383319
2.029980
2.287958
1.784661
2.001367
1.338640
1.955742
1.856362
1.022213
0.582456
2.261203
3.299089
1.773316
3.705305
1.554038
3.143325
0.972725
1.774142
3.550906
0.004460
3.346766
1.183672
1.594664
2.992708
2.981606
1.776560
1.223818
3.193146
1.824289
2.161164
3.844409
2.096722
1.381264
1.922998
1.638632
2.278676
3.121065
1.262230
1.309384
0.007906
1.054982
2.460295
1.795267
1.720424
2.878977
2.911446
0.485935
2.508799
2.130074
1.914262
1.415599
2.291456
2.931220
1.153590
2.055244
2.155936
2.389206
3.541369
1.777994
3.025653
2.416112
1.362823
1.767092
0.407228
1.635472
0.002096
2.654046
2.377245
1.237408
1.445046
0.815409
1.040142
1.547538
2.121541
1.222340
0.687228
3.126796
1.887026
1.283359
1.530962
1.533842
1.777417
1.473814
1.700203
1.440798
1.501652
2.355625
0.322877
0.292414
1.553777
1.370949
1.974613
2.866492
2.428208
2.000077
1.328253
1.887490
1.465548
1.793069
1.414118
2.078707
1.180730
1.766219
2.189767
0.859231
1.816649
2.409285
1.144326
2.763028
2.340195
1.166791
1.408529
1.917203
1.695897
1.667988
1.008144
2.317932
2.044720
2.374113
1.310345
1.385559
0.583029
1.123748
1.771195
0.615061
2.298920
1.251308
1.557128
1.915399
1.282816
1.539287
2.099672
1.789377
1.625400
1.745038
0.004743
1.517070
1.489901
1.391883
1.009593
2.359965
2.276990
1.491196
1.793733
1.208851
1.311242
2.254397
0.754324
1.730801
1.722796
0.932309
1.558084
1.433695
1.574009
1.520542
0.980623
1.826290
1.497270
2.086609
1.728028
1.402972
1.349446
1.294663
2.369862
2.249171
0.840724
1.259383
2.055027
2.976457
1.510164
1.480767
1.850058
2.127672
1.561915
1.635417
1.530762
0.507373
2.119241
1.835786
0.885392
1.235071
1.226802
1.694583
1.156826
1.614929
1.484441
1.467229
0.991282
1.471911
0.924957
1.332538
1.276126
1.423798
0.849824
1.007234
1.480041
1.436898
0.625988
1.323965
0.780511
0.457286
1.392869
0.647640
1.147928
1.033425
0.807160
0.987374
0.231724
1.142608
0.828198
0.429397
1.011396
1.024563
0.856036
1.060005
0.788207
0.562469
0.720311
0.678094
1.968894
0.875892
0.436674
0.647745
0.444621
0.645104
0.782286
1.853804
0.339973
0.285209
0.599489
0.348519
1.376650
0.919162
1.927366
0.762102
0.515494
1.955624
1.637872
2.002433
1.378062
1.787920
1.498311
1.379905
2.692084
2.186075
3.480256
2.049109
1.396420
1.371564
1.274144
1.286953
1.833426
1.684999
1.537209
1.497593
1.105078
1.489412
1.498256
1.747447
1.770520
1.970593
1.484981
1.557162
1.673470
1.350491
1.516543
1.251308
1.483743
1.261734
1.521226
1.500682
0.962613
1.148926
1.420765
1.356934
1.592557
1.206293
1.133165
1.310912
1.002788
1.007529
1.179311
1.296691
1.149925
1.346803
1.398697
1.375475
1.247814
1.404743
1.310720
1.615026
1.979540
1.184953
1.229386
1.482561
1.681521
1.596689
1.606146
1.700277
1.644739
1.708224
1.482571
1.556639
1.261826
1.108045
1.021958
1.141830
1.955755
1.825214
1.902433
1.560875
1.684647
1.351390
1.558217
1.281719
1.273380
1.169586
1.090085
1.515618
1.704440
1.320848
1.304127
1.634118
1.822238
1.743009
2.096583
1.975955
0.983184
0.751109
1.126611
1.405510
1.309082
0.782672
1.288156
0.975094
1.744768
0.631729
1.050238
0.876144
1.296121
1.138184
1.170323
1.712526
0.803406
0.913055
1.104310
1.342991
1.571574
1.512437
1.280027
1.451801
1.153679
1.310723
0.807026
1.181751
1.156564
0.527595
0.188181
1.375764
2.289239
1.017286
2.542587
0.840370
2.091108
0.480956
1.099848
2.435255
0.152041
2.296073
0.601981
0.927272
1.968249
1.992380
1.062390
0.893159
2.194968
1.055994
1.391021
2.676682
1.264393
0.724887
1.195291
0.921768
1.412878
2.129313
0.723925
0.851957
0.166421
0.542566
1.583841
1.038047
0.985429
1.927025
1.949525
0.201240
1.630878
1.412237
1.205034
0.802983
1.428069
1.961926
0.574099
1.341489
1.353008
1.510419
2.456742
1.126215
2.036986
1.543756
0.742318
1.120594
0.104675
1.124342
0.079282
1.815109
1.570560
0.703097
0.833703
0.374351
0.601027
0.868363
1.456298
0.688038
0.410293
2.155521
1.312465
0.774006
0.959602
0.885909
1.099952
0.851911
1.032172
0.815876
0.963656
1.614488
0.154211
0.054854
0.937291
0.813995
1.409096
1.922794
1.589018
1.306205
0.810393
1.157232
0.861669
1.118518
0.891333
1.325402
0.821541
1.079070
1.420911
0.460146
1.191623
1.626275
0.670061
1.867612
1.562733
0.717115
0.848106
1.229972
1.052113
1.113873
0.547490
1.513512
1.313926
1.582077
0.846632
0.846804
0.330577
0.705675
1.144865
0.346658
1.559100
0.910114
0.933920
1.509426
0.714112
1.004465
1.368775
1.089433
1.003803
1.211441
0.055338
0.975368
0.901078
0.834123
0.546646
1.595645
1.592167
0.986695
1.155451
0.772636
0.779756
1.480886
0.387780
1.127860
1.107333
0.577593
1.119783
1.066542
1.034735
0.911354
0.586967
1.150707
1.012623
1.370303
1.106667
1.116858
0.883796
0.856601
1.584801
1.515917
0.488000
0.826597
1.336390
2.101265
0.975511
0.957772
1.229166
1.399572
0.933883
1.230054
1.004517
0.279511
1.399776
1.173730
0.526351
0.725027
0.806954
1.130311
0.648949
1.251868
0.906894
0.877611
0.559727
0.967786
0.642430
0.973169
0.751849
0.856793
0.527522
0.611882
0.899182
0.906587
0.487173
0.880033
0.486262
0.259631
0.877263
0.362326
0.717129
0.629820
0.491065
0.777399
0.081286
1.400728
0.442416
0.482257
0.804072
0.606707
0.642200
0.678119
0.706466
0.534680
0.499885
0.459594
1.346996
0.606885
0.358392
0.523295
0.606735
0.408414
0.728366
1.245685
0.397968
0.305916
0.628604
0.193617
0.970930
0.797322
1.630589
0.678995
0.408490
1.441966
1.161921
1.492458
0.957280
1.302716
1.026582
0.929437
1.980814
1.574603
2.714598
1.507259
0.923541
0.939527
0.903210
0.861024
1.349076
1.167825
1.077057
1.049003
0.748600
1.031655
1.050981
1.234893
1.293271
1.403378
1.053301
1.112404
1.202330
0.916893
1.065425
0.863872
1.043521
0.836514
1.041424
1.023920
0.607418
0.734500
0.963793
0.921737
1.093271
0.800449
0.769734
0.880212
0.662363
0.741502
0.819632
0.887822
0.757857
0.910566
0.956906
0.919069
0.844305
0.969637
0.887928
1.116511
1.390705
0.811839
0.820284
1.040020
1.149479
1.125060
1.079550
1.181074
1.141948
1.176093
1.016310
1.092345
0.853655
0.756058
0.706891
0.769971
1.363428
1.242356
1.320094
1.032687
1.132541
0.870575
1.055008
0.873227
0.863463
0.817383
0.693071
0.968702
1.133269
0.872788
0.853008
1.177610
1.249351
1.188876
1.487882
1.384859
0.635618
0.479519
0.739905
0.896135
0.939842
0.535377
0.955377
0.617217
1.226416
0.448862
0.690666
0.548663
0.840372
0.762464
0.766207
1.165153
0.517233
0.610420
0.782248
0.879048
1.077024
1.021890
0.876725
0.985862
0.835947
0.949562
0.560680
0.759766
0.788007
0.307251
0.040189
0.872111
1.695308
0.606765
1.837534
0.459995
1.465507
0.260641
0.747207
1.762999
0.393607
1.670318
0.315344
0.578374
1.360729
1.410106
0.678898
0.786927
1.605475
0.632596
0.966040
1.963762
0.793922
0.381490
0.800035
0.534114
0.917213
1.542265
0.464747
0.651062
0.410978
0.301396
1.079014
0.619257
0.582482
1.366848
1.381896
0.123411
1.123553
1.020512
0.819301
0.486922
0.930315
1.387301
0.281299
0.951300
0.898060
1.000345
1.797489
0.779937
1.446703
1.037404
0.417972
0.777210
0.009936
0.878447
0.258860
1.331553
1.110113
0.439509
0.514146
0.177785
0.405639
0.499040
1.096830
0.423091
0.331352
1.573931
1.017710
0.526211
0.666715
0.537390
0.729840
0.521782
0.668442
0.483115
0.693574
1.197193
0.150933
0.001505
0.609531
0.529091
1.117778
1.357605
1.099232
0.921354
0.552686
0.745616
0.541283
0.746778
0.629194
0.896244
0.677348
0.697353
0.979855
0.286442
0.854214
1.174336
0.441317
1.333911
1.114171
0.505526
0.556170
0.846066
0.699435
0.825870
0.326904
1.043968
0.897449
1.121077
0.622998
0.568662
0.259395
0.514444
0.802732
0.263315
1.134435
0.773688
0.593223
1.325716
0.412444
0.727111
0.949338
0.692191
0.663050
0.934160
0.200577
0.691820
0.583231
0.538553
0.319482
1.150207
1.204054
0.728863
0.800616
0.563817
0.501801
1.027604
0.228781
0.797606
0.767823
0.426562
0.908074
0.906119
0.749571
0.575404
0.406783
0.766325
0.766208
0.956066
0.760940
1.013520
0.650354
0.642930
1.119849
1.088262
0.335504
0.615978
0.918738
1.570141
0.690610
0.681118
0.881483
0.974125
0.580658
1.037764
0.724570
0.215286
0.979641
0.794949
0.366645
0.455870
0.602876
0.821543
0.380804
1.088326
0.587966
0.549766
0.346072
0.701436
0.536245
0.811199
0.470371
0.544215
0.391828
0.423148
0.576035
0.619836
0.483527
0.655425
0.369785
0.212870
0.600253
0.251779
0.501130
0.433321
0.357710
0.720657
0.067447
1.682344
0.257930
0.614994
0.748366
0.398485
0.581431
0.495576
0.740933
0.608012
0.433652
0.394583
0.989912
0.504981
0.394322
0.525647
0.816273
0.329207
0.781239
0.897371
0.531482
0.412279
0.740881
0.172570
0.768222
0.799861
1.506376
0.709222
0.421259
1.160319
0.907384
1.213136
0.742332
1.040998
0.774438
0.692509
1.555008
1.220859
2.249103
1.203551
0.669574
0.714949
0.722684
0.640538
1.086155
0.880999
0.831323
0.811466
0.577561
0.787164
0.813914
0.950431
1.034188
1.079041
0.826878
0.876366
0.947037
0.688607
0.824303
0.668675
0.809962
0.613658
0.778906
0.763449
0.434759
0.518824
0.717167
0.690716
0.815725
0.590359
0.590180
0.651825
0.499142
0.631962
0.642173
0.674611
0.556650
0.677251
0.719417
0.670846
0.634204
0.736530
0.663576
0.837210
1.045898
0.622987
0.605240
0.800625
0.845169
0.864317
0.778879
0.885606
0.858209
0.870973
0.758705
0.836023
0.637774
0.580696
0.558098
0.579938
1.013720
0.899351
0.977317
0.728948
0.811347
0.600827
0.768908
0.655517
0.644578
0.640116
0.483234
0.650253
0.797126
0.625584
0.603448
0.924007
0.911394
0.864348
1.123727
1.033301
0.460136
0.358871
0.535820
0.603146
0.748113
0.431746
0.789750
0.433291
0.926230
0.391295
0.505095
0.386176
0.584932
0.564794
0.547853
0.842999
0.383947
0.465085
0.622718
0.616717
0.792411
0.740036
0.657865
0.721543
0.678735
0.760789
0.454854
0.526712
0.593480
0.219836
0.004994
0.579427
1.337165
0.381204
1.398718
0.255983
1.083918
0.172185
0.562867
1.347253
0.638971
1.287959
0.178241
0.396087
0.991174
1.058688
0.471189
0.779713
1.248443
0.395623
0.727792
1.517034
0.522501
0.201891
0.582783
0.322236
0.627050
1.185850
0.345452
0.573812
0.655931
0.194752
0.781462
0.383835
0.358398
1.028867
1.038397
0.134207
0.823442
0.803924
0.606924
0.324836
0.636632
1.037871
0.135675
0.735082
0.634859
0.697133
1.386208
0.595003
1.085086
0.736396
0.248543
0.593882
0.006408
0.765421
0.453586
1.046315
0.841476
0.313201
0.347219
0.099734
0.328321
0.295745
0.900546
0.295084
0.337820
1.216564
0.867780
0.410145
0.517901
0.348204
0.524912
0.345667
0.467897
0.304865
0.560562
0.957541
0.210748
0.024972
0.434320
0.384776
0.968707
1.010246
0.806321
0.704259
0.427478
0.508926
0.370493
0.538715
0.500326
0.646407
0.633600
0.481619
0.721072
0.221002
0.670205
0.907342
0.335715
1.007531
0.849286
0.412004
0.404398
0.627635
0.503490
0.676613
0.226321
0.763130
0.654900
0.846202
0.519771
0.425884
0.266265
0.434338
0.613326
0.261060
0.885092
0.732807
0.404426
1.250406
0.251673
0.583826
0.703136
0.461942
0.473570
0.790504
0.362549
0.543416
0.409904
0.381239
0.211562
0.884240
0.979462
0.598438
0.599895
0.468649
0.356503
0.755335
0.169351
0.614155
0.577570
0.372588
0.810092
0.845145
0.598231
0.387213
0.331202
0.542886
0.642499
0.710821
0.565166
0.993039
0.535628
0.542410
0.837402
0.832703
0.278950
0.517265
0.670118
1.239312
0.537849
0.534225
0.683097
0.719369
0.378062
0.951522
0.574801
0.221515
0.728236
0.573370
0.303491
0.313420
0.507421
0.650238
0.238795
1.021912
0.409018
0.364269
0.243107
0.560244
0.510854
0.745346
0.317946
0.369191
0.344702
0.337548
0.393079
0.463122
0.531574
0.543489
0.335999
0.229436
0.450117
0.222002
0.394955
0.341163
0.311151
0.729441
0.107184
1.935779
0.174003
0.760518
0.757439
0.297107
0.586658
0.412596
0.814890
0.710001
0.434561
0.396283
0.780180
0.479806
0.468794
0.575732
1.016186
0.320095
0.867609
0.693355
0.676027
0.537088
0.869882
0.205009
0.669123
0.849189
1.463898
0.778410
0.477726
1.003655
0.770251
1.057985
0.633676
0.898400
0.638685
0.567681
1.293412
1.011326
1.958629
1.030060
0.531991
0.598545
0.638065
0.526926
0.941746
0.719204
0.699178
0.685174
0.499297
0.655670
0.687710
0.789846
0.891894
0.889432
0.708039
0.750482
0.807139
0.568169
0.694497
0.572009
0.685458
0.496814
0.633286
0.619222
0.353994
0.406848
0.582717
0.567474
0.658732
0.482099
0.503933
0.530160
0.424553
0.596135
0.557120
0.563614
0.454259
0.551535
0.590608
0.534187
0.525053
0.610649
0.543949
0.677748
0.838959
0.528808
0.492035
0.669719
0.667213
0.717806
0.603405
0.713812
0.694825
0.692038
0.614076
0.692240
0.523196
0.495343
0.491899
0.483817
0.801980
0.692386
0.770440
0.550243
0.619938
0.446564
0.602737
0.538759
0.526894
0.552471
0.371945
0.460297
0.594292
0.487031
0.463115
0.780674
0.706948
0.669544
0.900174
0.818790
0.372959
0.311298
0.427798
0.430719
0.648886
0.396193
0.709264
0.339489
0.748231
0.388780
0.409885
0.307596
0.439019
0.460611
0.428630
0.648596
0.326136
0.398484
0.545774
0.465314
0.624813
0.574364
0.537704
0.568418
0.603041
0.662188
0.416201
0.395928
0.490503
0.194295
0.017169
0.405213
1.115517
0.255422
1.118554
0.145654
0.845025
0.145333
0.466566
1.083439
0.853464
1.048165
0.115844
0.300928
0.760439
0.841010
0.357430
0.810964
1.026500
0.260485
0.591664
1.229983
0.362234
0.108000
0.461580
0.204853
0.452954
0.963748
0.294863
0.553581
0.868779
0.153118
0.601621
0.248886
0.231587
0.819576
0.825047
0.177159
0.641356
0.682210
0.488193
0.242430
0.458939
0.819775
0.064987
0.613248
0.478963
0.512221
1.123034
0.495549
0.857720
0.552824
0.160117
0.495337
0.037901
0.717619
0.628410
0.873775
0.680885
0.255535
0.260099
0.076862
0.305918
0.182122
0.791934
0.235816
0.375795
0.991208
0.792463
0.359269
0.443268
0.244296
0.409552
0.251096
0.355588
0.208626
0.496996
0.816750
0.286591
0.074454
0.339977
0.312729
0.893158
0.791158
0.626570
0.579309
0.368957
0.369678
0.278871
0.420063
0.438919
0.497409
0.633667
0.357179
0.565423
0.205197
0.568546
0.745576
0.290673
0.802677
0.688872
0.375529
0.325716
0.500660
0.392729
0.599577
0.184448
0.590767
0.510186
0.678039
0.475755
0.353194
0.301803
0.406882
0.506724
0.289825
0.735008
0.733508
0.298038
1.226082
0.165455
0.510204
0.554987
0.325281
0.366354
0.716390
0.509532
0.465757
0.314155
0.297022
0.163032
0.721291
0.846397
0.533458
0.483994
0.429072
0.280597
0.587500
0.155472
0.510478
0.468918
0.362495
0.768099
0.829878
0.517522
0.279786
0.305205
0.409846
0.581571
0.561895
0.451986
1.006647
0.480988
0.497996
0.661294
0.675998
0.266193
0.473949
0.518278
1.027933
0.455268
0.455837
0.567397
0.562828
0.259213
0.916814
0.494074
0.253618
0.573863
0.440528
0.285235
0.237733
0.465689
0.553569
0.163275
1.001042
0.306669
0.257131
0.195637
0.485065
0.519417
0.724580
0.234488
0.269330
0.337338
0.302295
0.287329
0.376312
0.592878
0.488981
0.337991
0.267814
0.367821
0.226748
0.344371
0.300673
0.303606
0.761895
0.161986
2.145081
0.167921
0.777283
0.760614
0.289363
0.589421
0.406696
0.824350
0.722168
0.436856
0.398649
0.762023
0.479552
0.478170
0.582738
1.037633
0.321374
0.878081
0.675862
0.692069
0.551224
0.884413
0.210254
0.661720
0.856046
1.461930
0.787166
0.485256
0.990705
0.759180
1.045174
0.625333
0.886798
0.627743
0.557788
1.270413
0.993326
1.932905
1.015527
0.520895
0.589476
0.632035
0.518130
0.930036
0.705832
0.688635
0.675195
0.493875
0.645201
0.677747
0.776633
0.880417
0.873491
0.698792
0.740568
0.795916
0.558779
0.684230
0.564863
0.675704
0.487779
0.621557
0.607626
0.348350
0.398285
0.572056
0.557865
0.645981
0.473894
0.497782
0.520714
0.419491
0.594676
0.551082
0.555169
0.446616
0.541735
0.580522
0.523380
0.516795
0.600848
0.534729
0.664862
0.821698
0.521945
0.483423
0.659484
0.652664
0.706153
0.589103
0.699860
0.681651
0.677455
0.602636
0.680887
0.514511
0.489324
0.487623
0.476824
0.784499
0.675353
0.753434
0.535799
0.604363
0.434354
0.589465
0.529948
0.518006
0.546286
0.363642
0.444950
0.577810
0.476313
0.452246
0.769549
0.690389
0.653860
0.881955
0.801400
0.366866
0.308711
0.419869
0.417115
0.641745
0.394663
0.703782
0.332838
0.734195
0.390141
0.403122
0.302292
0.427826
0.453070
0.419782
0.633199
0.322641
0.394235
0.540624
0.453698
0.611794
0.561527
0.528819
0.556689
0.598018
0.655184
0.414373
0.386155
0.483132
0.193592
0.019702
0.391732
1.097986
0.246134
1.096028
0.137685
0.826087
0.144497
0.459814
1.062440
0.873147
1.029227
0.111986
0.294289
0.742319
0.824012
0.349237
0.815017
1.009197
0.250511
0.581613
1.207268
0.350181
0.101524
0.452828
0.196420
0.439796
0.946615
0.292017
0.553262
0.887805
0.151018
0.588062
0.239057
0.222426
0.803584
0.808768
0.182032
0.627680
0.673515
0.479753
0.236979
0.445676
0.803227
0.060502
0.604596
0.467535
0.498443
1.102905
0.488750
0.840551
0.539227
0.154233
0.488642
0.041698
0.715024
0.643720
0.861149
0.669233
0.252148
0.254354
0.076261
0.305354
0.174265
0.784482
0.232303
0.380037
0.974470
0.787678
0.356427
0.438543
0.237245
0.401597
0.244794
0.347882
0.202200
0.493162
0.806823
0.293746
0.079524
0.333717
0.308224
0.888377
0.775093
0.613608
0.570659
0.365519
0.359926
0.272850
0.411933
0.435262
0.486929
0.634802
0.348628
0.554452
0.205090
0.561784
0.734166
0.288300
0.787956
0.677597
0.373815
0.320754
0.491993
0.385312
0.594756
0.182319
0.578657
0.500201
0.666278
0.473467
0.348726
0.305564
0.405856
0.499692
0.293055
0.724689
0.734607
0.291039
1.225286
0.159983
0.505688
0.544855
0.316024
0.359319
0.711848
0.521576
0.460947
0.307994
0.291730
0.160410
0.710120
0.837463
0.529617
0.476355
0.427117
0.275944
0.576020
0.155426
0.503776
0.461852
0.362724
0.765972
0.829722
0.512537
0.272836
0.304254
0.401020
0.578051
0.551918
0.444637
1.008593
0.477937
0.495692
0.649370
0.665506
0.266196
0.471730
0.508166
1.013507
0.450202
0.451081
0.559950
0.552439
0.251552
0.915222
0.489176
0.256825
0.563685
0.431906
0.284822
0.233217
0.463598
0.547563
0.158778
1.000442
0.300272
0.250400
0.193145
0.480610
0.520888
0.723978
0.229457
0.263148
0.337676
0.300668
0.280740
0.371062
0.598030
0.486000
0.338972
0.271345
0.362893
0.227917
0.341666
0.298677
0.303909
0.764994
0.166643
2.160625
0.137619
0.901722
0.792952
0.247050
0.619089
0.376677
0.900436
0.817205
0.463443
0.425730
0.645830
0.488336
0.554446
0.642448
1.198902
0.340864
0.962295
0.563035
0.815684
0.661415
0.997415
0.257678
0.619810
0.914853
1.458363
0.859376
0.548786
0.909450
0.691139
0.964839
0.576531
0.814891
0.560439
0.497854
1.117516
0.875737
1.760258
0.922321
0.452039
0.534960
0.599074
0.465412
0.856345
0.620273
0.623180
0.613653
0.464945
0.580039
0.616129
0.691593
0.807759
0.768625
0.641988
0.678925
0.724696
0.500743
0.619773
0.522898
0.614766
0.431998
0.546157
0.533132
0.316961
0.345624
0.504061
0.497451
0.562564
0.423574
0.462388
0.461185
0.391936
0.593447
0.516321
0.502708
0.399964
0.479173
0.515808
0.453281
0.465366
0.537988
0.476081
0.579062
0.703544
0.480476
0.428961
0.592933
0.554046
0.628887
0.492079
0.605298
0.592767
0.577940
0.526424
0.605207
0.458659
0.453328
0.464618
0.433409
0.662329
0.556388
0.634482
0.435982
0.495849
0.351087
0.498046
0.472128
0.459512
0.508203
0.309416
0.337108
0.461152
0.403387
0.378064
0.693280
0.572451
0.542445
0.750912
0.676469
0.328627
0.297408
0.367346
0.320675
0.595127
0.391382
0.669847
0.289791
0.633739
0.409209
0.358990
0.269451
0.349063
0.402701
0.359123
0.521266
0.303752
0.369312
0.508612
0.370900
0.517917
0.468919
0.467190
0.472548
0.566614
0.608126
0.408141
0.317078
0.432972
0.196181
0.047967
0.292885
0.966749
0.180218
0.924818
0.082232
0.682927
0.145886
0.413805
0.902156
1.039004
0.885244
0.088942
0.248863
0.604389
0.694945
0.291007
0.855656
0.877094
0.177580
0.507968
1.030628
0.259988
0.056571
0.389203
0.135365
0.340009
0.814031
0.276416
0.558337
1.051880
0.141417
0.484116
0.165705
0.154593
0.679429
0.681797
0.229938
0.521967
0.608967
0.417202
0.199184
0.342805
0.672735
0.030596
0.539737
0.379389
0.390450
0.941444
0.439020
0.703456
0.431992
0.111921
0.439383
0.081192
0.700340
0.781018
0.761218
0.577424
0.230588
0.212645
0.078394
0.307772
0.114349
0.727953
0.209441
0.423560
0.838091
0.753749
0.339159
0.405012
0.183682
0.340176
0.197539
0.288475
0.153736
0.466985
0.727848
0.362755
0.130490
0.286376
0.276085
0.853812
0.642405
0.507767
0.502232
0.342457
0.281657
0.227096
0.347671
0.410093
0.401856
0.651585
0.280272
0.464729
0.210928
0.508898
0.640155
0.274054
0.664418
0.584407
0.365329
0.283377
0.421562
0.325934
0.558405
0.169981
0.477054
0.417472
0.567478
0.459535
0.315151
0.345976
0.403154
0.442827
0.328746
0.638017
0.751042
0.234192
1.224542
0.116868
0.471159
0.459310
0.238305
0.301712
0.676856
0.637826
0.423469
0.258106
0.249701
0.142769
0.614153
0.761915
0.500626
0.412488
0.415453
0.239386
0.476514
0.161259
0.448118
0.402758
0.371060
0.752444
0.834458
0.472447
0.214424
0.301559
0.325013
0.551382
0.464973
0.382134
1.032868
0.455454
0.480183
0.543656
0.573045
0.272277
0.456856
0.418943
0.883480
0.408349
0.412071
0.495354
0.459840
0.184739
0.906011
0.448415
0.293321
0.472417
0.355356
0.286738
0.195762
0.449375
0.495675
0.121351
1.000428
0.244405
0.191221
0.174822
0.443272
0.540906
0.723872
0.186361
0.208783
0.346673
0.290524
0.222255
0.325527
0.653985
0.462551
0.354223
0.311511
0.320315
0.244979
0.320773
0.284676
0.312470
0.800949
0.217897
2.317840
0.127406
1.005291
0.828766
0.228005
0.652881
0.366645
0.968220
0.898844
0.494867
0.457492
0.572611
0.506648
0.622157
0.698000
1.328763
0.366927
1.035695
0.492244
0.917853
0.753735
1.091762
0.304039
0.600818
0.969491
1.467370
0.923766
0.606809
0.861598
0.652929
0.917623
0.552345
0.773801
0.522693
0.465478
1.017170
0.801176
1.645438
0.865538
0.413043
0.506424
0.586273
0.438150
0.813732
0.568966
0.586549
0.579872
0.454967
0.543562
0.582223
0.640552
0.765748
0.703051
0.611522
0.644904
0.683655
0.469316
0.583632
0.503177
0.581148
0.402142
0.501943
0.489559
0.304871
0.317970
0.465186
0.464090
0.512375
0.397555
0.447257
0.428397
0.382495
0.603224
0.501575
0.475005
0.376490
0.444052
0.479094
0.412614
0.438321
0.502575
0.443727
0.526840
0.627662
0.460618
0.399589
0.554707
0.492369
0.582799
0.431531
0.546527
0.538126
0.515514
0.481010
0.560162
0.428086
0.437247
0.458014
0.411869
0.583217
0.479599
0.557686
0.373150
0.426643
0.300314
0.441296
0.439915
0.426787
0.490376
0.279774
0.268268
0.385851
0.360026
0.333767
0.647439
0.496144
0.470885
0.664992
0.594997
0.310491
0.298938
0.338735
0.259953
0.570797
0.398704
0.654751
0.268018
0.569996
0.432793
0.336372
0.255066
0.301103
0.375473
0.324358
0.449012
0.299476
0.360611
0.494712
0.319870
0.458773
0.410686
0.431579
0.420469
0.553057
0.583113
0.412946
0.275940
0.405640
0.207382
0.077915
0.229925
0.880100
0.141290
0.808926
0.050915
0.587499
0.156076
0.389340
0.794165
1.169335
0.789133
0.081195
0.224743
0.512652
0.609668
0.257480
0.894365
0.789550
0.133261
0.463111
0.910488
0.203007
0.032635
0.351604
0.099629
0.275953
0.725990
0.273850
0.570863
1.180587
0.143187
0.416925
0.120856
0.113760
0.597422
0.597716
0.273638
0.453390
0.570457
0.380136
0.180194
0.276242
0.585972
0.017323
0.500907
0.323525
0.320066
0.831972
0.411184
0.611760
0.362102
0.089460
0.411831
0.118483
0.698024
0.889752
0.696574
0.518700
0.223187
0.190503
0.088276
0.317848
0.078857
0.694922
0.200998
0.463616
0.746662
0.737174
0.334746
0.388698
0.152714
0.303451
0.171152
0.253192
0.126436
0.455957
0.678221
0.421259
0.175794
0.259824
0.260628
0.836568
0.553440
0.438406
0.460198
0.333560
0.232402
0.201589
0.308624
0.399600
0.347572
0.671722
0.238177
0.407004
0.223023
0.478065
0.579255
0.271430
0.581912
0.524064
0.366872
0.263794
0.377810
0.290245
0.539530
0.168640
0.410466
0.364662
0.502911
0.456975
0.298221
0.383101
0.408759
0.408836
0.362379
0.582217
0.770577
0.200159
1.231496
0.092844
0.453396
0.404252
0.188953
0.267044
0.658701
0.730183
0.403470
0.229025
0.226350
0.137228
0.551359
0.714029
0.486752
0.373113
0.414213
0.219941
0.411055
0.172766
0.414676
0.366792
0.384358
0.749751
0.845100
0.450317
0.178893
0.306730
0.276597
0.539009
0.408537
0.343548
1.057684
0.446089
0.475901
0.473441
0.512503
0.283734
0.452988
0.360729
0.795435
0.384728
0.390514
0.455087
0.399096
0.142827
0.906182
0.425515
0.326868
0.412584
0.306266
0.294977
0.175217
0.445797
0.464559
0.100790
1.007195
0.210343
0.154728
0.168174
0.422715
0.562251
0.730499
0.161560
0.175734
0.359917
0.289768
0.186159
0.298885
0.701498
0.452023
0.371966
0.347449
0.295774
0.264009
0.312054
0.280982
0.325251
0.833740
0.261855
2.439217
0.126422
1.087444
0.861395
0.220532
0.684008
0.365735
1.024165
0.964902
0.524219
0.487078
0.525467
0.526383
0.677979
0.744926
1.429981
0.392279
1.095630
0.446795
0.998789
0.827461
1.166960
0.344157
0.593165
1.015635
1.480157
0.977016
0.655394
0.832795
0.631166
0.889274
0.540809
0.749903
0.501225
0.447922
0.949931
0.752772
1.567602
0.830114
0.390595
0.491613
0.582941
0.424248
0.788598
0.537468
0.565765
0.561161
0.453639
0.522860
0.563384
0.609183
0.740965
0.661048
0.595155
0.625934
0.659543
0.452218
0.563088
0.494610
0.562428
0.386149
0.475450
0.463521
0.301833
0.303547
0.442546
0.445474
0.481450
0.384281
0.441931
0.410155
0.381307
0.616065
0.496484
0.460442
0.365007
0.424048
0.457913
0.388535
0.424187
0.482314
0.425690
0.494286
0.577801
0.451688
0.383692
0.532331
0.452845
0.554656
0.392810
0.509098
0.503706
0.475392
0.453310
0.532721
0.411213
0.430955
0.458636
0.401566
0.530834
0.428903
0.506974
0.332634
0.381459
0.268590
0.405196
0.421736
0.408225
0.482692
0.263445
0.223283
0.336135
0.333643
0.306691
0.619225
0.445654
0.423857
0.607460
0.540706
0.302474
0.305284
0.323046
0.220787
0.558217
0.409246
0.648900
0.257278
0.528576
0.455181
0.324988
0.249689
0.271180
0.360692
0.304060
0.401309
0.301441
0.359331
0.489626
0.287639
0.420605
0.373174
0.410589
0.387435
0.548166
0.569840
0.421455
0.250866
0.390647
0.220538
0.104762
0.188867
0.821724
0.117777
0.729160
0.032948
0.522670
0.168422
0.376353
0.720128
1.269452
0.723761
0.080390
0.211964
0.450451
0.552179
0.237801
0.927465
0.730378
0.105669
0.435117
0.827470
0.166136
0.019903
0.328880
0.078257
0.233876
0.666378
0.276692
0.584727
1.279344
0.149173
0.372506
0.092756
0.088588
0.542152
0.540921
0.310216
0.407909
0.546940
0.357666
0.170925
0.232199
0.527159
0.012208
0.477107
0.287268
0.273190
0.756523
0.395385
0.549285
0.315554
0.077565
0.396206
0.150237
0.700825
0.973699
0.653811
0.480255
0.222240
0.178776
0.099944
0.329649
0.057350
0.675204
0.199241
0.497294
0.684245
0.729451
0.335902
0.381150
0.134450
0.280971
0.156219
0.231750
0.110820
0.452225
0.646274
0.468324
0.213205
0.244717
0.253621
0.828246
0.492698
0.391983
0.433738
0.331308
0.200649
0.187183
0.284316
0.396151
0.312114
0.690642
0.211610
0.369009
0.236044
0.459706
0.538916
0.273671
0.525769
0.484110
0.372137
0.253611
0.349958
0.268278
0.529843
0.171759
0.365896
0.330154
0.459804
0.459174
0.289911
0.414286
0.416903
0.388037
0.390991
0.545465
0.788872
0.179300
1.240582
0.079285
0.444405
0.367999
0.156862
0.245677
0.649395
0.801630
0.392802
0.211714
0.213219
0.137104
0.509389
0.682947
0.480517
0.348236
0.417197
0.209615
0.367095
0.185045
0.394100
0.344365
0.397924
0.751624
0.856712
0.437973
0.156748
0.314323
0.245022
0.533768
0.371089
0.319137
1.079601
0.443018
0.476538
0.425888
0.472012
0.295853
0.453900
0.321919
0.734818
0.371184
0.378472
0.429365
0.358404
0.115890
0.909991
0.412459
0.355055
0.372525
0.274051
0.304651
0.163849
0.446821
0.445452
0.089390
1.015761
0.189065
0.131666
0.166916
0.411286
0.581438
0.738922
0.147010
0.155150
0.373156
0.292770
0.163329
0.282956
0.739755
0.447860
0.388455
0.377229
0.281349
0.281419
0.309180
0.281774
0.338077
0.861181
0.297451
2.531390
0.129163
1.150935
0.888686
0.218512
0.710192
0.368500
1.068471
1.016593
0.549079
0.512104
0.494413
0.544196
0.722159
0.782598
1.507324
0.414174
1.142792
0.416937
1.061286
0.884684
1.225251
0.376806
0.590899
1.052677
1.492815
1.019238
0.694200
0.815045
0.618561
0.871835
0.535662
0.735705
0.488800
0.438350
0.904048
0.720653
1.513963
0.807455
0.377421
0.484013
0.583727
0.417299
0.773440
0.517652
0.553769
0.550679
0.455856
0.510908
0.552793
0.589426
0.726017
0.633501
0.586347
0.615212
0.645060
0.442857
0.551195
0.491475
0.551857
0.377573
0.459192
0.447591
0.302703
0.296093
0.429087
0.434949
0.461924
0.377648
0.441098
0.399882
0.383487
0.628495
0.495807
0.452833
0.359638
0.412451
0.445455
0.373950
0.416866
0.470508
0.415506
0.473477
0.544353
0.448135
0.375049
0.518946
0.426926
0.537045
0.367467
0.484693
0.481494
0.449008
0.435999
0.515595
0.401803
0.429271
0.462001
0.396943
0.495452
0.394751
0.472804
0.305910
0.351319
0.248281
0.381683
0.411313
0.397518
0.479929
0.254360
0.193253
0.302642
0.317195
0.289731
0.601429
0.411574
0.392302
0.568223
0.503833
0.299414
0.312714
0.314368
0.194948
0.551801
0.419722
0.647391
0.252192
0.501063
0.474294
0.319415
0.248502
0.252050
0.352622
0.291953
0.369171
0.305594
0.361109
0.488617
0.266789
0.395410
0.348454
0.397938
0.365979
0.547270
0.562815
0.430343
0.235207
0.382349
0.232808
0.127031
0.161508
0.781703
0.103230
0.673499
0.022443
0.477916
0.180062
0.369474
0.668631
1.345219
0.678586
0.082394
0.205213
0.407579
0.512746
0.225994
0.954224
0.689702
0.088066
0.417216
0.769353
0.141738
0.013142
0.314812
0.065172
0.205656
0.625339
0.281288
0.597373
1.354025
0.156053
0.342548
0.074718
0.072685
0.504249
0.501900
0.339425
0.377146
0.532224
0.343711
0.166612
0.202470
0.486631
0.010918
0.462157
0.263211
0.241369
0.703816
0.386266
0.506051
0.283955
0.071284
0.387196
0.175846
0.705272
1.037441
0.624951
0.454547
0.223930
0.172584
0.110844
0.340643
0.043998
0.663157
0.200315
0.524257
0.640980
0.726151
0.339087
0.377970
0.123434
0.266870
0.147630
0.218400
0.101724
0.451808
0.625234
0.505020
0.242842
0.235970
0.250789
0.824451
0.450590
0.360336
0.416675
0.331932
0.179710
0.178916
0.268809
0.395884
0.288450
0.706713
0.194437
0.343479
0.247791
0.448519
0.511662
0.277529
0.486957
0.457126
0.378192
0.248375
0.331805
0.254422
0.524957
0.176228
0.335510
0.307118
0.430479
0.462954
0.286008
0.439242
0.425016
0.374994
0.414054
0.520757
0.804387
0.166199
1.249360
0.071511
0.439965
0.343633
0.135534
0.232182
0.644709
0.855954
0.387114
0.201166
0.205723
0.139110
0.480810
0.662321
0.478045
0.332138
0.421456
0.204142
0.337040
0.196085
0.381126
0.330033
0.409893
0.755045
0.867243
0.430996
0.142605
0.321909
0.223981
0.531967
0.345748
0.303319
1.097635
0.442789
0.479015
0.393145
0.444426
0.306710
0.456563
0.295551
0.692510
0.363273
0.371655
0.412548
0.330643
0.098177
0.914744
0.404883
0.377616
0.345208
0.252463
0.313671
0.157488
0.449512
0.433429
0.082996
1.023953
0.175444
0.116739
0.167919
0.404853
0.597375
0.746991
0.138286
0.142013
0.384733
0.296863
0.148541
0.273208
0.769601
0.446702
0.402387
0.400870
0.272683
0.296014
0.308948
0.284218
0.349311
0.883093
0.325319
2.600598
0.133014
1.199178
0.910472
0.218873
0.731160
0.372351
1.102678
1.056193
0.569068
0.532211
0.473534
0.559026
0.756253
0.811934
1.565646
0.431973
1.179052
0.396910
1.108746
0.928286
1.269631
0.402444
0.591019
1.081519
1.503835
1.051859
0.724322
0.803833
0.611090
0.860842
0.533645
0.727078
0.481465
0.433098
0.872250
0.698910
1.476497
0.792625
0.369518
0.480184
0.586025
0.413936
0.764076
0.504880
0.546713
0.544724
0.459175
0.503873
0.546749
0.576682
0.716778
0.615062
0.581594
0.609059
0.636153
0.437687
0.544175
0.490851
0.545802
0.372968
0.448972
0.437605
0.304993
0.292297
0.420896
0.428900
0.449290
0.374439
0.442127
0.394005
0.386711
0.639209
0.496934
0.448895
0.357335
0.405592
0.437960
0.364900
0.413122
0.463485
0.409663
0.459869
0.521494
0.447134
0.370322
0.510753
0.409564
0.525758
0.350523
0.468433
0.466832
0.431295
0.424915
0.504646
0.396486
0.429598
0.466015
0.395116
0.471145
0.371338
0.449377
0.287920
0.330831
0.234975
0.366033
0.405228
0.391220
0.479434
0.249242
0.172825
0.279681
0.306689
0.278848
0.589932
0.388175
0.370744
0.541049
0.478384
0.298671
0.319635
0.309515
0.177551
0.548595
0.428858
0.647767
0.249950
0.482431
0.489732
0.316810
0.249099
0.239532
0.348184
0.284563
0.347139
0.310081
0.363858
0.489324
0.252995
0.378439
0.331827
0.390129
0.351732
0.548046
0.559110
0.438263
0.225186
0.377706
0.243192
0.144721
0.142927
0.753867
0.094006
0.634228
0.016169
0.446611
0.189965
0.365843
0.632390
1.401978
0.646961
0.085244
0.201662
0.377628
0.485307
0.218741
0.975152
0.661346
0.076570
0.405499
0.728244
0.125268
0.009558
0.305886
0.056963
0.186384
0.596696
0.285993
0.607958
1.409941
0.162420
0.321990
0.062870
0.062394
0.477878
0.474710
0.362095
0.355987
0.522789
0.334829
0.164775
0.182056
0.458324
0.011282
0.452537
0.246933
0.219414
0.666597
0.380896
0.475749
0.262153
0.067983
0.381897
0.195845
0.709803
1.085302
0.605138
0.437035
0.226438
0.169330
0.120078
0.349942
0.035504
0.655613
0.202358
0.545218
0.610616
0.724992
0.342664
0.376894
0.116629
0.257809
0.142594
0.209883
0.096312
0.452738
0.611091
0.533067
0.265728
0.230803
0.249943
0.822898
0.421037
0.338424
0.405420
0.333600
0.165618
0.174083
0.258683
0.396892
0.272358
0.719655
0.183083
0.326017
0.257569
0.441533
0.492934
0.281535
0.459778
0.438587
0.383797
0.245726
0.319715
0.245469
0.522557
0.180662
0.314472
0.291448
0.410211
0.466876
0.284314
0.458635
0.432099
0.366616
0.432059
0.503849
0.816872
0.157769
1.256917
0.066970
0.437859
0.326963
0.121081
0.223451
0.642415
0.896781
0.384083
0.194582
0.201366
0.141696
0.461043
0.648364
0.477353
0.321485
0.425678
0.201250
0.316181
0.205256
0.372746
0.320661
0.419738
0.758640
0.876036
0.426989
0.133359
0.328540
0.209690
0.531734
0.328311
0.292840
1.111892
0.443698
0.481899
0.370289
0.425337
0.315712
0.459575
0.277346
0.662654
0.358552
0.367732
0.401314
0.311410
0.086286
0.919268
0.400396
0.395150
0.326291
0.237730
0.321304
0.153880
0.452518
0.425679
0.079358
1.030972
0.166521
0.106859
0.169679
0.401177
0.610044
0.753908
0.132930
0.133430
0.394210
0.300868
0.138746
0.267095
0.792420
0.446863
0.413572
0.419149
0.267351
0.307680
0.309776
0.286999
0.358515
0.900099
0.346675
2.652162
0.136815
1.235417
0.927376
0.220119
0.747463
0.376143
1.128652
1.086106
0.584648
0.547875
0.459245
0.570831
0.782135
0.834335
1.609229
0.445941
1.206509
0.383231
1.144384
0.961104
1.303015
0.422131
0.592054
1.103543
1.512833
1.076642
0.747277
0.796586
0.606575
0.853749
0.533106
0.721707
0.477039
0.430194
0.849946
0.683944
1.450043
0.782714
0.364666
0.478301
0.588625
0.412396
0.758146
0.496464
0.542467
0.541274
0.462507
0.499640
0.543238
0.568269
0.710931
0.602481
0.579014
0.605453
0.630536
0.434807
0.539939
0.491283
0.542260
0.370488
0.442386
0.431193
0.307551
0.290404
0.415792
0.425354
0.440940
0.372965
0.443753
0.390579
0.389935
0.647900
0.498624
0.446881
0.356515
0.401440
0.433343
0.359147
0.411243
0.459209
0.406246
0.450783
0.505642
0.447252
0.367715
0.505610
0.397723
0.518352
0.338984
0.457390
0.456957
0.419190
0.417650
0.497472
0.393433
0.430669
0.469775
0.394610
0.454209
0.355054
0.433080
0.275596
0.316679
0.226070
0.355414
0.401597
0.387433
0.479886
0.246315
0.158707
0.263711
0.299818
0.271701
0.582334
0.371879
0.355792
0.521991
0.460585
0.298925
0.325489
0.306763
0.165631
0.547043
0.436325
0.648830
0.249100
0.469600
0.501798
0.315690
0.250317
0.231164
0.345720
0.279940
0.331814
0.314135
0.366639
0.490615
0.243686
0.366806
0.320445
0.385189
0.342085
0.549377
0.557164
0.444812
0.218623
0.375071
0.251537
0.158404
0.130103
0.734278
0.088018
0.606279
0.012333
0.424481
0.197948
0.363933
0.606650
1.444199
0.624590
0.088066
0.199806
0.356478
0.465990
0.214174
0.991179
0.641356
0.068899
0.397666
0.698931
0.113959
0.007664
0.300087
0.051686
0.173021
0.576484
0.290150
0.616410
1.451519
0.167787
0.307680
0.054924
0.055584
0.459317
0.455549
0.379369
0.341230
0.516599
0.329042
0.164135
0.167839
0.438337
0.012247
0.446204
0.235733
0.204065
0.640091
0.377665
0.454296
0.246910
0.066259
0.378713
0.211145
0.713799
1.120962
0.591341
0.424918
0.228950
0.167629
0.127503
0.357414
0.029972
0.650774
0.204523
0.561207
0.589097
0.724813
0.345946
0.376773
0.112321
0.251850
0.139576
0.204319
0.093017
0.454076
0.601413
0.554220
0.283108
0.227682
0.249978
0.822415
0.400091
0.323062
0.397843
0.335466
0.155965
0.171196
0.251926
0.398271
0.261240
0.729756
0.175426
0.313894
0.265351
0.437064
0.479881
0.285096
0.440548
0.425671
0.388524
0.244419
0.311507
0.239553
0.521429
0.184528
0.299721
0.280619
0.396021
0.470363
0.283695
0.473425
0.437892
0.361108
0.445831
0.492106
0.826607
0.152220
1.263049
0.064260
0.436927
0.315387
0.111125
0.217676
0.641342
0.927219
0.382469
0.190371
0.198782
0.144183
0.447195
0.638760
0.477441
0.314293
0.429355
0.199728
0.301529
0.212547
0.367211
0.314398
0.427518
0.761853
0.883045
0.424644
0.127185
0.333967
0.199827
0.532143
0.316146
0.285759
1.122887
0.444936
0.484580
0.354159
0.411959
0.322862
0.462347
0.264611
0.641404
0.355668
0.365431
0.393670
0.297918
0.078158
0.923136
0.397677
0.408523
0.313024
0.227521
0.327439
0.151798
0.455268
0.420569
0.077251
1.036653
0.160551
0.100189
0.171513
0.399038
0.619849
0.759508
0.129560
0.127702
0.401677
0.304336
0.132128
0.263166
0.809635
0.447518
0.422283
0.433043
0.263989
0.316738
0.310913
0.289564
0.365771
0.913054
0.362810
2.690372
0.140120
1.262427
0.940254
0.221554
0.759901
0.379437
1.148155
1.108487
0.596553
0.559841
0.449321
0.579974
0.801564
0.851222
1.641593
0.456661
1.227086
0.373746
1.170938
0.985597
1.327921
0.437025
0.593318
1.120143
1.519914
1.095256
0.764555
