1.995174
1.983525
1.972302
1.964281
1.957892
1.953873
1.951454
1.947505
1.945536
1.940904
1.938119
1.936611
1.938584
1.929850
1.925739
1.923707
1.920968
1.929888
1.912632
1.910020
1.904853
1.901339
1.899080
1.894389
1.889493
1.885067
1.882293
1.880009
1.874898
1.868878
1.866714
1.861395
1.856831
1.853436
1.849349
1.845625
1.840748
1.836595
1.833036
1.827753
1.823651
1.819527
1.814901
1.810555
1.806440
1.802292
1.798166
1.825135
1.813412
1.801788
1.791744
1.783131
1.777043
1.772788
1.767208
1.763797
1.757889
1.753981
1.751487
1.752563
1.743099
1.738328
1.735724
1.732491
1.740930
1.723388
1.720476
1.715059
1.711346
1.708935
1.704122
1.699146
1.694666
1.691860
1.689572
1.684480
1.678506
1.676402
1.671162
1.666692
1.663399
1.659417
1.655821
1.651087
1.647075
1.643669
1.638543
1.634604
1.630650
1.626204
1.622038
1.618110
1.614150
1.610211
1.637348
1.625842
1.614418
1.604583
1.596174
1.590290
1.586242
1.580873
1.577672
1.571979
1.568280
1.565996
1.567275
1.558036
1.553483
1.551095
1.548075
1.556666
1.539404
1.536708
1.531515
1.528020
1.525824
1.521226
1.516472
1.512210
1.509624
1.507554
1.502683
1.496935
1.495045
1.490028
1.485780
1.482708
1.478946
1.475569
1.471055
1.467265
1.464078
1.459177
1.455464
1.451729
1.447502
1.443560
1.439854
1.436116
1.432400
1.459772
1.448481
1.437265
1.427647
1.419459
1.413800
1.409969
1.404824
1.401843
1.396373
1.392897
1.390832
1.392305
1.383314
1.378984
1.376812
1.374013
1.382735
1.365783
1.363305
1.358339
1.355062
1.353083
1.348709
1.344176
1.340140
1.337771
1.335909
1.331265
1.325751
1.324074
1.319279
1.315257
1.312403
1.308860
1.305706
1.301413
1.297848
1.294876
1.290201
1.286715
1.283200
1.279196
1.275476
1.271993
1.268474
1.264980
1.292599
1.281515
1.270502
1.261104
1.253134
1.247699
1.244090
1.239168
1.236405
1.231163
1.227906
1.226054
1.227715
1.218981
1.214874
1.212918
1.210333
1.219096
1.202548
1.200282
1.195547
1.192495
1.190717
1.186567
1.182265
1.178452
1.176299
1.174642
1.170227
1.164950
1.163484
1.158914
1.155115
1.152480
1.149156
1.146222
1.142156
1.138817
1.136056
1.131617
1.128356
1.125062
1.121285
1.117790
1.114526
1.111231
1.107959
1.135817
1.124939
1.114129
1.104949
1.097203
1.091993
1.088601
1.083906
1.081361
1.076348
1.073313
1.071667
1.073495
1.065041
1.061163
1.059413
1.057042
1.065696
1.049703
1.047641
1.043153
1.040320
1.038738
1.034816
1.030745
1.027159
1.025222
1.023754
1.019576
1.014552
1.013287
1.008943
1.005378
1.002952
0.999847
0.997134
0.993298
0.990186
0.987632
0.983435
0.980400
0.977331
0.973782
0.970511
0.967472
0.964398
0.961348
0.989430
0.978756
0.968150
0.959192
0.951672
0.946689
0.943516
0.939050
0.936719
0.931944
0.929127
0.927680
0.929632
0.921501
0.917856
0.916306
0.914140
0.922451
0.907256
0.905389
0.901157
0.898544
0.897142
0.893451
0.889620
0.886265
0.884538
0.883249
0.879317
0.874553
0.873483
0.869371
0.866038
0.863821
0.860938
0.858438
0.854840
0.851957
0.849604
0.845657
0.842849
0.840002
0.836683
0.833640
0.830820
0.827967
0.825142
0.853402
0.842937
0.832550
0.823820
0.816532
0.811782
0.808827
0.804592
0.802475
0.797941
0.795343
0.794091
0.796100
0.788359
0.784952
0.783595
0.781630
0.789328
0.775210
0.773535
0.769568
0.767172
0.765941
0.762487
0.758899
0.755776
0.754259
0.753143
0.749462
0.744966
0.744086
0.740209
0.737109
0.735094
0.732438
0.730148
0.726791
0.724137
0.721984
0.718289
0.715703
0.713082
0.709995
0.707177
0.704578
0.701948
0.699344
0.727726
0.717480
0.707330
0.698840
0.691796
0.687279
0.684544
0.680544
0.678638
0.674349
0.671969
0.670912
0.672913
0.665628
0.662456
0.661291
0.659526
0.666432
0.653577
0.652096
0.648391
0.646216
0.645155
0.641939
0.638595
0.635704
0.634391
0.633456
0.630026
0.625789
0.625103
0.621459
0.618593
0.616781
0.614350
0.612270
0.609155
0.606726
0.604776
0.601329
0.598965
0.596568
0.593711
0.591119
0.588740
0.586331
0.583950
0.612404
0.602385
0.592492
0.584251
0.577458
0.573177
0.570664
0.566900
0.565205
0.561161
0.558999
0.558143
0.560103
0.553304
0.550367
0.549396
0.547833
0.553911
0.542357
0.541075
0.537623
0.535670
0.534787
0.531809
0.528709
0.526049
0.524942
0.524197
0.521012
0.517025
0.516538
0.513127
0.510491
0.508883
0.506679
0.504812
0.501933
0.499730
0.497988
0.494781
0.492637
0.490465
0.487835
0.485469
0.483310
0.481124
0.478964
0.507467
0.497681
0.488058
0.480072
0.473535
0.469492
0.467200
0.463672
0.462191
0.458389
0.456447
0.455798
0.457709
0.451402
0.448698
0.447929
0.446571
0.451955
0.441567
0.440490
0.437282
0.435552
0.434862
0.432117
0.429256
0.426824
0.425928
0.425385
0.422441
0.418692
0.418411
0.415230
0.412821
0.411423
0.409445
0.407792
0.405145
0.403167
0.401639
0.398665
0.396740
0.394793
0.392390
0.390248
0.388310
0.386346
0.384408
0.412958
0.403410
0.394061
0.386331
0.380050
0.376242
0.374172
0.370879
0.369613
0.366048
0.364328
0.363891
0.365794
0.359940
0.357465
0.356902
0.355756
0.360702
0.351220
0.350353
0.347380
0.345871
0.345385
0.342871
0.340243
0.338038
0.337354
0.337025
0.334313
0.330793
0.330722
0.327769
0.325584
0.324400
0.322647
0.321210
0.318790
0.317036
0.315726
0.312980
0.311273
0.309550
0.307372
0.305453
0.303736
0.301993
0.300277
0.328893
0.319584
0.310508
0.303029
0.297000
0.293423
0.291576
0.288513
0.287465
0.284131
0.282633
0.282412
0.284379
0.278907
0.276657
0.276309
0.275377
0.280186
0.271302
0.270650
0.267904
0.266619
0.266345
0.264059
0.261659
0.259678
0.259208
0.259103
0.256614
0.253317
0.253461
0.250735
0.248773
0.247806
0.246277
0.245059
0.242862
0.241331
0.240241
0.237721
0.236232
0.234733
0.232778
0.231082
0.229585
0.228065
0.226570
0.255296
0.246225
0.237412
0.230175
0.224390
0.221040
0.219417
0.216581
0.215753
0.212647
0.211371
0.211369
0.213488
0.208312
0.206287
0.206158
0.205446
0.210380
0.201825
0.201394
0.198870
0.197810
0.197756
0.195695
0.193519
0.191762
0.191508
0.191632
0.189365
0.186286
0.186650
0.184149
0.182409
0.181665
0.180357
0.179362
0.177385
0.176075
0.175211
0.172912
0.171641
0.170367
0.168634
0.167159
0.165884
0.164586
0.163312
0.192203
0.183365
0.174801
0.167793
0.162240
0.159113
0.157711
0.155098
0.154493
0.151608
0.150554
0.150774
0.153130
0.148165
0.146361
0.146456
0.145968
0.151261
0.142794
0.142587
0.140280
0.139446
0.139619
0.137782
0.135824
0.134289
0.134252
0.134609
0.132557
0.129694
0.130280
0.128003
0.126484
0.125965
0.124878
0.124108
0.122346
0.121257
0.120620
0.118539
0.117487
0.116436
0.114923
0.113668
0.112615
0.111539
0.110487
0.139605
0.130997
0.122663
0.115873
0.110539
0.107631
0.106452
0.104058
0.103679
0.101010
0.100179
0.100627
0.103308
0.098463
0.096880
0.097208
0.096947
0.102806
0.094211
0.094237
0.092143
0.091537
0.091946
0.090331
0.088588
0.087275
0.087458
0.088057
0.086217
0.083564
0.084377
0.082321
0.081020
0.080729
0.079862
0.079317
0.077767
0.076895
0.076489
0.074619
0.073785
0.072954
0.071657
0.070621
0.069788
0.068931
0.068099
0.097504
0.089118
0.080997
0.074409
0.069279
0.066582
0.065623
0.063440
0.063287
0.060825
0.060215
0.060893
0.063966
0.059169
0.057801
0.058364
0.058333
0.064950
0.056026
0.056285
0.054396
0.054013
0.054664
0.053263
0.051728
0.050629
0.051034
0.051875
0.050240
0.047786
0.048832
0.046994
0.045908
0.045849
0.045203
0.044886
0.043545
0.042892
0.042720
0.041057
0.040442
0.039833
0.038751
0.037933
0.037322
0.036686
0.036074
0.065820
0.057660
0.049734
0.043340
0.038404
0.035915
0.035177
0.033202
0.033279
0.031019
0.030632
0.031548
0.035082
0.030267
0.029110
0.029917
0.030122
0.037725
0.028244
0.028740
0.027051
0.026892
0.027796
0.026609
0.025278
0.024393
0.025028
0.026117
0.024684
0.022425
0.023712
0.022086
0.021211
0.021385
0.020958
0.020870
0.019735
0.019299
0.019364
0.017899
0.017504
0.017112
0.016243
0.015642
0.015251
0.014834
0.014443
0.044563
0.036628
0.028887
0.022680
0.017927
0.015642
0.015124
0.013353
0.013661
0.011596
0.011431
0.012590
0.016630
0.011747
0.010796
0.011850
0.012294
0.021063
0.010833
0.011568
0.010072
0.010134
0.011293
0.010316
0.009184
0.008511
0.009380
0.010712
0.009481
0.007412
0.008941
0.007522
0.006855
0.007263
0.007053
0.007189
0.006259
0.006036
0.006333
0.005064
0.004885
0.004707
0.004048
0.003661
0.003490
0.003290
0.003117
0.033589
0.025875
0.018318
0.012300
0.007735
0.005653
0.005353
0.003785
0.004318
0.002449
0.002502
0.003896
0.008379
0.003480
0.002734
0.004025
0.004699
0.014457
0.003643
0.004605
0.003304
0.003578
0.004976
0.004204
0.003269
0.002800
0.003888
0.005435
0.004400
0.002515
0.004247
0.003012
0.002524
0.003121
0.003085
0.003396
0.002630
0.002571
0.003035
0.001917
0.001893
0.001865
0.001348
0.001099
0.001063
0.000995
0.000948
0.031609
0.024022
0.016562
0.010642
0.006168
0.004183
0.003982
0.002501
0.003129
0.001336
0.001471
0.002951
0.007618
0.002674
0.001988
0.003348
0.004083
0.014256
0.003109
0.004115
0.002850
0.003160
0.004593
0.003847
0.002933
0.002483
0.003591
0.005145
0.004126
0.002256
0.004000
0.002778
0.002303
0.002911
0.002885
0.003206
0.002452
0.002403
0.002869
0.001762
0.001746
0.001726
0.001216
0.000973
0.000942
0.000878
0.000836
0.031485
0.023904
0.016449
0.010531
0.006060
0.004077
0.003878
0.002400
0.003029
0.001238
0.001374
0.002855
0.007556
0.002580
0.001896
0.003258
0.003994
0.014277
0.003014
0.004018
0.002758
0.003071
0.004499
0.003757
0.002845
0.002398
0.003506
0.005046
0.004037
0.002181
0.003919
0.002704
0.002231
0.002835
0.002811
0.003130
0.002383
0.002338
0.002796
0.001702
0.001688
0.001670
0.001165
0.000926
0.000895
0.000832
0.000792
0.031396
0.023819
0.016372
0.010460
0.006000
0.004023
0.003824
0.002352
0.002978
0.001197
0.001332
0.002803
0.007456
0.002529
0.001851
0.003204
0.003935
0.014061
0.002954
0.003948
0.002702
0.003015
0.004428
0.003689
0.002784
0.002340
0.003446
0.004966
0.003973
0.002135
0.003863
0.002654
0.002184
0.002782
0.002759
0.003074
0.002337
0.002298
0.002748
0.001667
0.001654
0.001638
0.001138
0.000901
0.000871
0.000809
0.000770
0.031293
0.023726
0.016296
0.010397
0.005953
0.003985
0.003786
0.002322
0.002945
0.001178
0.001313
0.002769
0.007323
0.002497
0.001828
0.003167
0.003886
0.013580
0.002912
0.003891
0.002665
0.002978
0.004367
0.003632
0.002739
0.002301
0.003406
0.004900
0.003927
0.002111
0.003826
0.002622
0.002155
0.002746
0.002726
0.003040
0.002317
0.002282
0.002717
0.001649
0.001637
0.001621
0.001128
0.000894
0.000863
0.000802
0.000763
0.031189
0.023635
0.016225
0.010342
0.005917
0.003959
0.003760
0.002306
0.002924
0.001171
0.001305
0.002748
0.007178
0.002476
0.001815
0.003140
0.003848
0.013013
0.002882
0.003848
0.002639
0.002951
0.004316
0.003586
0.002708
0.002277
0.003384
0.004852
0.003898
0.002097
0.003802
0.002603
0.002142
0.002728
0.002710
0.003017
0.002303
0.002270
0.002695
0.001638
0.001627
0.001612
0.001122
0.000890
0.000859
0.000797
0.000759
0.031093
0.023552
0.016162
0.010294
0.005889
0.003939
0.003740
0.002294
0.002908
0.001167
0.001301
0.002735
0.007037
0.002461
0.001807
0.003120
0.003818
0.012415
0.002859
0.003815
0.002622
0.002932
0.004279
0.003552
0.002690
0.002265
0.003375
0.004818
0.003880
0.002092
0.003793
0.002597
0.002138
0.002716
0.002698
0.003001
0.002295
0.002263
0.002680
0.001631
0.001621
0.001606
0.001119
0.000888
0.000857
0.000796
0.000757
0.031012
0.023484
0.016110
0.010257
0.005867
0.003924
0.003726
0.002287
0.002897
0.001165
0.001299
0.002726
0.006913
0.002450
0.001802
0.003106
0.003795
0.011862
0.002842
0.003792
0.002611
0.002920
0.004253
0.003529
0.002681
0.002258
0.003369
0.004795
0.003872
0.002093
0.003792
0.002594
0.002135
0.002708
0.002691
0.002990
0.002290
0.002259
0.002671
0.001627
0.001617
0.001602
0.001117
0.000888
0.000857
0.000795
0.000757
0.030945
0.023427
0.016067
0.010226
0.005850
0.003913
0.003715
0.002282
0.002889
0.001165
0.001298
0.002721
0.006802
0.002444
0.001799
0.003096
0.003778
0.011347
0.002831
0.003774
0.002605
0.002913
0.004236
0.003514
0.002675
0.002254
0.003369
0.004783
0.003870
0.002097
0.003792
0.002592
0.002134
0.002703
0.002686
0.002983
0.002288
0.002256
0.002664
0.001624
0.001614
0.001599
0.001116
0.000888
0.000857
0.000796
0.000757
0.030888
0.023380
0.016032
0.010201
0.005837
0.003904
0.003707
0.002278
0.002883
0.001165
0.001299
0.002718
0.006707
0.002439
0.001798
0.003089
0.003766
0.010887
0.002822
0.003761
0.002601
0.002909
0.004225
0.003502
0.002671
0.002252
0.003373
0.004777
0.003871
0.002099
0.003794
0.002591
0.002134
0.002700
0.002683
0.002978
0.002286
0.002254
0.002659
0.001622
0.001613
0.001598
0.001116
0.000889
0.000857
0.000796
0.000757
0.030841
0.023341
0.016002
0.010181
0.005826
0.003898
0.003702
0.002276
0.002879
0.001166
0.001300
0.002717
0.006622
0.002436
0.001797
0.003084
0.003757
0.010480
0.002817
0.003752
0.002601
0.002907
0.004218
0.003494
0.002670
0.002253
0.003377
0.004772
0.003871
0.002102
0.003796
0.002590
0.002134
0.002697
0.002681
0.002974
0.002284
0.002252
0.002656
0.001621
0.001612
0.001597
0.001116
0.000889
0.000857
0.000797
0.000758
