23.434809
22.765230
23.288364
21.976784
23.191025
22.382881
22.470055
25.291517
24.733925
26.686550
23.290274
22.852863
22.267719
21.368767
21.892994
22.914188
23.044544
22.339703
22.189169
20.762726
21.992559
22.385490
23.193159
23.320301
23.458696
21.776520
22.448069
22.890121
21.522762
21.846516
21.207823
21.629425
22.073923
22.341993
22.054100
20.585915
21.608200
22.415127
22.204647
22.665619
21.224266
20.768456
21.782286
20.332218
20.310598
20.856560
21.375994
21.282337
21.057844
21.924332
21.839085
21.232117
21.556036
21.458332
22.068020
23.433846
20.881523
21.464672
21.963060
22.571646
22.137371
22.351856
22.524235
22.312445
22.118557
21.154430
22.036755
21.144817
20.126062
19.925930
20.839016
22.792713
22.517368
22.919397
22.132633
22.373501
21.748549
21.631649
21.378689
20.984150
20.420143
20.292568
22.830868
21.679794
20.533176
21.068840
21.300388
22.179605
22.233604
22.012093
22.785198
19.391201
18.788309
19.778212
21.487560
20.356907
18.878149
19.704903
19.571091
21.813305
17.792439
20.107246
19.259674
20.571024
19.590517
20.072334
21.667297
18.512575
19.135624
20.497543
20.397558
21.310307
20.850433
19.962223
20.639280
18.599201
19.586916
18.514544
19.571209
19.432659
17.620489
16.434872
20.464947
22.350502
19.108957
23.306625
19.768589
22.587841
17.257164
19.484964
23.131084
13.147003
21.921436
17.562275
18.982548
22.358952
21.821213
19.068830
16.504354
21.545010
19.316177
19.864096
23.975599
20.282558
19.604362
19.544544
18.987015
19.895805
21.139591
17.402370
17.209579
12.556482
16.641844
20.757595
20.018953
19.450687
21.177372
20.210522
16.431078
20.127129
19.165545
19.186111
17.332726
19.392551
19.517723
17.282269
18.499374
19.709246
19.921547
22.208748
18.541117
21.248768
19.717739
17.512730
18.048908
15.207834
17.785164
12.254209
20.345333
19.076994
16.809990
17.299208
15.807553
16.025282
17.830376
18.573013
16.672361
15.264990
20.615845
17.701929
16.953012
17.283123
17.460484
18.153595
17.060070
17.614498
16.923468
17.549999
19.025595
13.604460
16.055639
16.394821
16.515156
17.070679
18.076496
18.955612
18.357956
15.957012
18.199554
16.711056
17.337036
16.466043
17.695087
14.437117
17.253077
18.585993
15.766773
17.428190
18.497955
15.881146
18.333515
18.056881
15.873690
16.149878
17.921921
17.203022
16.302876
14.454958
19.109985
18.152416
18.000092
15.645367
15.840296
14.181953
15.277510
16.566416
13.629568
18.232855
14.703205
16.824347
15.652702
16.410095
15.913404
17.498045
16.860226
16.215094
16.153219
11.218393
15.946447
16.460423
15.845840
14.695559
17.086449
17.486736
15.643123
17.189463
15.624936
15.339775
18.347929
14.240261
16.831100
16.104572
13.894606
14.750929
14.604088
15.702985
15.338442
14.154742
16.476742
15.669590
17.621086
15.681454
14.737900
14.909529
14.773431
17.782509
16.897276
13.494102
14.863508
15.102633
18.667889
15.270999
15.377445
16.052294
16.863884
15.573784
14.574242
16.059532
13.085684
16.402269
15.864584
13.409607
14.510656
14.409473
15.792785
15.379431
14.371859
14.842092
15.276698
13.783234
14.670715
13.336147
14.046238
14.291956
14.939498
12.821651
14.036282
15.879281
14.767290
11.843292
14.288181
12.995956
11.912018
14.540766
12.686118
14.216368
13.544434
13.087419
12.564262
11.145208
10.809071
12.631897
10.795390
12.747391
13.417997
12.642900
13.812116
11.084719
11.012749
12.237255
12.096035
15.975212
12.358690
10.729879
11.047757
10.721049
11.206656
10.759902
15.300797
10.617281
11.326684
11.291563
10.982014
12.887121
12.886680
14.413147
10.979786
11.114746
15.002472
14.412750
14.859707
13.735085
14.718118
14.019750
14.052183
16.357132
15.862631
17.534494
14.722996
14.264174
13.823097
13.134507
13.483978
14.344475
14.383064
13.826751
13.695380
12.557468
13.524900
13.809410
14.427948
14.550331
14.640993
13.306602
13.813251
14.165154
13.049183
13.326570
12.785000
13.145416
13.408734
13.629479
13.421741
12.234183
13.002654
13.636613
13.479514
13.838318
12.702770
12.364422
13.119696
12.005594
12.038910
12.426712
12.801888
12.710260
12.540344
13.225472
13.139221
12.682734
12.935970
12.866891
13.330352
14.401575
12.420950
12.831385
13.254146
13.711984
13.389142
13.539717
13.677549
13.527161
13.395989
12.671236
13.319670
12.628344
11.885753
11.733030
12.435604
13.951827
13.736916
14.104782
13.426992
13.595628
13.108147
13.066090
12.868860
12.576557
12.122750
11.992290
13.989517
13.121302
12.259832
12.648182
12.907574
13.553058
13.586629
13.467758
14.035351
11.430169
10.943480
11.701418
13.013577
12.223215
11.056255
11.707312
11.574617
13.339371
10.297296
12.012514
11.347437
12.372084
11.654836
12.024132
13.294153
10.811991
11.308917
12.389122
12.264835
13.012322
12.652079
11.987488
12.505845
10.992571
11.745907
10.849188
11.672895
11.617143
10.188069
9.266283
12.337002
13.973568
11.314787
14.672245
11.823607
14.094868
9.926031
11.704746
14.548383
7.058352
13.643658
10.153566
11.291868
13.960991
13.539141
11.391106
9.603033
13.406153
11.551449
12.073779
15.311050
12.336908
11.781218
11.813444
11.351482
12.056198
13.148506
10.199425
10.087084
6.770078
9.578284
12.781844
12.187420
11.736713
13.159662
12.405588
9.462111
12.340291
11.619735
11.606184
10.189131
11.765242
11.908602
10.097586
11.177526
12.063592
12.229064
14.070225
11.185778
13.290789
12.068029
10.338930
10.827624
8.584830
10.639217
6.564637
12.671751
11.644814
9.865126
10.247637
9.091243
9.302638
10.617818
11.350051
9.787971
8.767426
12.953644
10.699528
10.018213
10.319122
10.398166
10.962221
10.094700
10.570931
9.996782
10.537699
11.734548
7.552652
9.339323
9.649773
9.767385
10.310308
10.949574
11.679567
11.222198
9.373381
11.045273
9.913792
10.438225
9.773277
10.710100
8.289351
10.358562
11.438502
9.217112
10.569931
11.404951
9.338976
11.376546
11.086485
9.357269
9.566345
10.942044
10.373371
9.768198
8.315913
11.911746
11.141621
11.055624
9.267323
9.404667
8.142391
8.985003
9.970074
7.749967
11.270586
8.661070
10.137466
9.423673
9.801346
9.531002
10.707914
10.186514
9.709362
9.800481
6.044816
9.549849
9.883116
9.449518
8.554349
10.495462
10.820819
9.364655
10.508819
9.360910
9.084907
11.425985
8.238638
10.265703
9.723671
8.030891
8.795617
8.714712
9.495394
9.100082
8.244782
10.005974
9.439688
10.930956
9.430666
8.883863
8.872972
8.783903
11.087811
10.412210
7.799636
8.831264
9.074773
11.857290
9.216509
9.286535
9.847774
10.388041
9.357689
8.803322
9.762356
7.511359
10.062898
9.639906
7.766674
8.599625
8.564513
9.634954
9.246684
8.698493
8.869286
9.160500
8.083664
8.800762
7.750461
8.378327
8.467948
8.987163
7.396715
8.294441
9.690479
8.866654
6.870223
8.518536
7.544507
6.783204
8.701622
7.295322
8.475187
7.967102
7.631011
7.383561
6.205414
6.101525
7.433522
6.089078
7.544464
7.901937
7.414047
8.228053
6.356992
6.338920
7.073496
7.015477
9.950281
7.248307
6.040956
6.240684
6.058585
6.344834
6.074503
9.441216
5.981184
6.472828
6.485884
6.170101
7.688648
7.567914
8.861368
6.310907
6.401655
9.332296
8.835579
9.238923
8.298220
9.104782
8.520193
8.527939
10.409760
9.993299
11.445013
9.149345
8.695911
8.393747
7.899103
8.119868
8.863623
8.843547
8.428064
8.329850
7.446014
8.212276
8.426073
8.905866
9.041504
9.105825
8.070255
8.459191
8.753063
7.853237
8.106452
7.657845
7.981071
8.115355
8.308815
8.176328
7.226004
7.804447
8.312711
8.209253
8.496389
7.612427
7.376159
7.937609
7.096250
7.182404
7.451952
7.720162
7.638248
7.513524
8.065447
7.983529
7.650230
7.851678
7.809394
8.161364
9.007004
7.474452
7.753814
8.119615
8.460128
8.225586
8.326439
8.438492
8.336048
8.250471
7.711157
8.179161
7.642447
7.110874
6.993997
7.533556
8.706455
8.535938
8.876606
8.280655
8.391061
8.010173
8.019561
7.866377
7.649183
7.279628
7.143100
8.719371
8.063242
7.420220
7.695500
7.972400
8.434315
8.450571
8.406202
8.816105
6.818428
6.419610
6.994449
7.997817
7.470151
6.543536
7.054055
6.918764
8.312670
6.025707
7.276310
6.748112
7.547995
7.033031
7.314539
8.326031
6.363045
6.764131
7.623965
7.476388
8.093897
7.809130
7.314498
7.707493
6.599877
7.169053
6.409076
7.048108
7.052852
5.919209
5.199024
7.526927
8.966181
6.755743
9.461334
7.144931
8.989408
5.718227
7.148486
9.368086
3.807484
8.693088
5.875575
6.793038
8.911065
8.577577
6.895970
5.708521
8.547610
6.980738
7.480662
10.040339
7.619177
7.158382
7.258526
6.866963
7.412354
8.382455
6.045370
5.992682
3.709131
5.524164
8.021232
7.534477
7.173697
8.358431
7.765085
5.469939
7.710399
7.173832
7.131959
6.051525
7.248941
7.404261
5.920915
6.892090
7.525726
7.651608
9.146641
6.868397
8.503495
7.516712
6.154321
6.604355
4.824564
6.470479
3.520909
8.091457
7.246238
5.844162
6.140888
5.241340
5.446253
6.380682
7.103480
5.800738
5.078982
8.358909
6.614521
5.984727
6.260291
6.259849
6.723262
6.029122
6.440408
5.956229
6.427666
7.407645
4.182773
5.451491
5.740620
5.851594
6.382521
6.734778
7.347425
7.000658
5.574594
6.804437
5.946979
6.389012
5.882808
6.589875
4.815484
6.305335
7.187774
5.429427
6.539323
7.189981
5.549314
7.264135
6.959233
5.583745
5.735200
6.804624
6.349724
5.969960
4.822020
7.595372
6.970558
6.931312
5.581110
5.672589
4.715754
5.359973
6.105513
4.439630
7.121666
5.220525
6.197274
5.835695
5.916646
5.819660
6.679363
6.244963
5.896907
6.106065
3.260409
5.816202
6.009634
5.711946
5.011888
6.602181
6.869802
5.710966
6.544230
5.716181
5.443672
7.268551
4.791805
6.378331
5.977169
4.683976
5.375065
5.344654
5.877939
5.454724
4.852365
6.177504
5.796810
6.930588
5.765448
5.528584
5.370801
5.317780
7.073910
6.557279
4.556047
5.325854
5.569381
7.743985
5.688649
5.726653
6.199123
6.527207
5.695321
5.485732
6.036297
4.342331
6.297850
5.963337
4.536222
5.162345
5.177742
6.003181
5.633208
5.437786
5.374126
5.553439
4.797956
5.379938
4.548260
5.111095
5.076830
5.498302
4.311793
4.962646
6.013271
5.409686
4.131957
5.159707
4.429992
3.918066
5.282411
4.222878
5.129989
4.746603
4.502572
4.466358
3.475265
3.547275
4.497569
3.533071
4.603653
4.713795
4.448084
4.986662
3.776228
3.799360
4.151455
4.155830
6.357241
4.363120
3.480253
3.584314
3.516762
3.645184
3.509644
5.963938
3.451104
3.773811
3.821576
3.498642
4.715477
4.500304
5.612027
3.742777
3.800416
5.987161
5.560833
5.928447
5.128676
5.797996
5.298328
5.286610
6.837167
6.481942
7.759661
5.861389
5.413591
5.216230
4.869225
4.988856
5.640582
5.573505
5.265152
5.191192
4.501435
5.110117
5.269462
5.640689
5.785732
5.825628
5.019321
5.316936
5.564669
4.828858
5.061417
4.683947
4.976118
5.011816
5.181017
5.104167
4.336629
4.767406
5.177482
5.114124
5.343375
4.651866
4.492841
4.903876
4.271359
4.398160
4.573789
4.757165
4.682215
4.588096
5.037850
4.957456
4.718445
4.877504
4.854763
5.118454
5.788588
4.601547
4.778749
5.098992
5.345960
5.178775
5.239094
5.330216
5.263692
5.210368
4.813442
5.141702
4.723353
4.352464
4.262348
4.675618
5.579436
5.441466
5.760587
5.226215
5.290038
4.992001
5.037701
4.919558
4.757770
4.452918
4.309156
5.558582
5.062601
4.587325
4.776207
5.063960
5.382194
5.384267
5.394132
5.683439
4.153774
3.821713
4.252563
5.016325
4.691723
3.950663
4.349415
4.209900
5.316221
3.611968
4.503028
4.077776
4.701930
4.342710
4.556107
5.362594
3.800644
4.129271
4.817183
4.648544
5.164267
4.937019
4.571904
4.866336
4.071418
4.496363
3.843169
4.336344
4.385545
3.480079
2.914308
4.667531
5.950969
4.085806
6.286129
4.380965
5.893517
3.316192
4.476507
6.211318
2.143584
5.710083
3.413420
4.158381
5.847493
5.581753
4.260504
3.538040
5.626714
4.281664
4.762650
6.797564
4.802140
4.415233
4.565793
4.226383
4.647799
5.519948
3.658415
3.650342
2.166492
3.209710
5.160018
4.753975
4.462357
5.460725
4.989148
3.197134
4.940858
4.545105
4.480234
3.659870
4.561307
4.724639
3.494633
4.380035
4.817290
4.910365
6.137197
4.328547
5.597652
4.791892
3.712452
4.131479
2.710364
4.037680
1.957526
5.338453
4.630352
3.521231
3.749510
3.047112
3.246177
3.885098
4.599902
3.496187
3.005590
5.580725
4.230501
3.640337
3.894561
3.830389
4.215700
3.654938
4.012967
3.598402
4.013978
4.825611
2.340202
3.205625
3.479316
3.582063
4.102364
4.230323
4.751045
4.491768
3.389779
4.277555
3.630795
4.006514
3.622972
4.149844
2.874828
3.915558
4.644200
3.244843
4.163973
4.670261
3.358346
4.822419
4.503005
3.403428
3.506323
4.339408
3.971009
3.763865
2.850411
4.985475
4.473652
4.467448
3.456455
3.511789
2.790857
3.279884
3.837050
2.600070
4.632923
3.277530
3.867413
3.777149
3.626632
3.662766
4.276046
3.906957
3.658463
3.959033
1.816041
3.635464
3.721023
3.525683
2.975208
4.292247
4.515707
3.585393
4.178647
3.596524
3.324318
4.750068
2.822360
4.065066
3.771795
2.787667
3.420012
3.428582
3.769881
3.322297
2.915102
3.901543
3.664190
4.520615
3.611491
3.617006
3.341586
3.316528
4.647480
4.251722
2.723558
3.290730
3.532036
5.234846
3.633141
3.643769
4.047212
4.209725
3.529814
3.587561
3.821412
2.557051
4.048610
3.782672
2.698026
3.164883
3.219202
3.853168
3.496820
3.572635
3.325775
3.418091
2.910802
3.386052
2.722835
3.234587
3.102413
3.449736
2.572952
3.031824
3.815795
3.380866
2.660309
3.204987
2.663183
2.344322
3.276861
2.485844
3.180957
2.892783
2.719146
2.845070
1.999525
2.205078
2.858838
2.188029
2.960740
2.875979
2.782438
3.107751
2.407304
2.462224
2.516088
2.567528
4.199712
2.753767
2.121051
2.148148
2.171540
2.175418
2.143162
3.888786
2.109559
2.301497
2.374461
2.044516
3.026201
2.737207
3.707505
2.364186
2.397319
4.006201
3.633428
3.972176
3.280697
3.843566
3.407537
3.380761
4.672351
4.365438
5.506020
3.914207
3.472178
3.354150
3.119826
3.160306
3.739823
3.635430
3.408854
3.352882
2.811666
3.297229
3.414919
3.701493
3.853470
3.871655
3.241524
3.468562
3.679918
3.068869
3.284230
2.961518
3.228171
3.188807
3.337127
3.301637
2.675207
2.991515
3.325178
3.292053
3.474951
2.930929
2.830628
3.125197
2.652892
2.811207
2.912620
3.029045
2.959339
2.885848
3.257501
3.177182
3.010578
3.135348
3.127065
3.321208
3.855068
2.934723
3.032594
3.316701
3.489467
3.373933
3.401578
3.476010
3.436655
3.406253
3.118949
3.339190
3.011753
2.763463
2.693591
3.009270
3.702537
3.588640
3.890958
3.403165
3.430038
3.196650
3.268067
3.178003
3.057280
2.802383
2.651346
3.647268
3.272447
2.926256
3.049362
3.343705
3.549776
3.540516
3.590029
3.787332
2.618505
2.337410
2.655326
3.233428
3.066043
2.468494
2.778716
2.634483
3.518047
2.263742
2.876810
2.529208
3.016253
2.777208
2.938027
3.582331
2.330421
2.604507
3.158560
2.971560
3.407838
3.224670
2.958506
3.175724
2.622109
2.934371
2.364782
2.743084
2.825143
2.096158
1.648910
2.957747
4.118476
2.519487
4.328388
2.741233
3.995893
1.955157
2.906572
4.265030
1.352660
3.895698
2.002619
2.613097
3.968659
3.755101
2.712504
2.350259
3.855098
2.681246
3.146587
4.775321
3.107941
2.778784
2.966962
2.666377
2.991559
3.785559
2.293782
2.319275
1.454492
1.898180
3.425557
3.080220
2.842022
3.694860
3.315770
1.914419
3.271481
2.983743
2.900478
2.281279
2.951659
3.120477
2.086575
2.904594
3.189314
3.255584
4.274810
2.830125
3.814456
3.147798
2.286915
2.681340
1.538304
2.617382
1.209379
3.669482
3.065053
2.183428
2.357381
1.806550
2.000669
2.410458
3.118776
2.168026
1.856487
3.883793
2.838593
2.279130
2.515744
2.400781
2.725688
2.267760
2.582525
2.222022
2.592992
3.274158
1.360365
1.912022
2.174761
2.269013
2.780279
2.733204
3.182144
2.992215
2.138905
2.762176
2.277647
2.600322
2.311775
2.697583
1.808624
2.501394
3.110483
1.989649
2.759249
3.152721
2.095141
3.364619
3.031877
2.147678
2.210187
2.861079
2.558661
2.483928
1.751360
3.391289
2.967515
2.984717
2.236554
2.263627
1.725103
2.092960
2.502259
1.597412
3.127885
2.193187
2.483716
2.602674
2.271817
2.410388
2.832443
2.512574
2.341054
2.712613
1.112418
2.360808
2.363333
2.245254
1.809664
2.914089
3.103958
2.349497
2.757630
2.364817
2.091228
3.208528
1.705250
2.679859
2.469432
1.724564
2.310291
2.349162
2.541645
2.073289
1.816883
2.540442
2.413992
3.055430
2.342099
2.537286
2.168011
2.164821
3.165956
2.862300
1.700403
2.110926
2.349006
3.685855
2.435829
2.423486
2.773442
2.806967
2.243628
2.508847
2.497308
1.564490
2.695114
2.482502
1.660978
2.005361
2.089856
2.574396
2.228369
2.512944
2.123148
2.148010
1.832606
2.223790
1.690574
2.162394
1.953086
2.244328
1.605244
1.915010
2.493287
2.187703
1.899273
2.068135
1.671047
1.501834
2.098098
1.515162
2.045687
1.830394
1.710768
1.961343
1.229213
1.536308
1.959901
1.516294
2.058588
1.820509
1.860559
2.020907
1.714362
1.793980
1.615514
1.702624
2.893182
1.871939
1.432252
1.397743
1.493422
1.399259
1.446325
2.641725
1.430859
1.521738
1.613111
1.276789
2.075394
1.728878
2.589296
1.652219
1.667403
2.827579
2.495736
2.811381
2.203291
2.683759
2.295569
2.257310
3.346666
3.078001
4.110737
2.755473
2.319101
2.261294
2.113145
2.091857
2.614914
2.481075
2.317093
2.274604
1.847263
2.236816
2.322790
2.543535
2.700748
2.700163
2.205629
2.378266
2.561106
2.045146
2.246445
1.966009
2.211971
2.115599
2.246319
2.241684
1.724393
1.952115
2.226474
2.216297
2.362279
1.931475
1.875981
2.080534
1.731292
1.914206
1.957158
2.020929
1.955327
1.895644
2.207734
2.126775
2.015955
2.113218
2.115790
2.255303
2.683507
1.969203
2.005615
2.261249
2.375363
2.299593
2.301121
2.362411
2.343750
2.329695
2.126928
2.263837
2.006369
1.851788
1.797381
2.037800
2.566505
2.470549
2.759912
2.307500
2.305240
2.122428
2.212076
2.144634
2.054457
1.838276
1.680493
2.479935
2.196938
1.950230
2.023396
2.321617
2.440291
2.422144
2.500707
2.627959
1.737506
1.495475
1.724995
2.159376
2.113861
1.627451
1.867759
1.718922
2.430079
1.523384
1.921635
1.632742
2.012972
1.866795
1.987148
2.503425
1.491358
1.724539
2.174518
1.971887
2.346311
2.197075
2.006649
2.163540
1.796286
2.020674
1.516659
1.804690
1.911141
1.318797
0.962670
1.927991
2.992277
1.598634
3.104454
1.763355
2.817792
1.192190
1.982071
3.048498
1.030472
2.779567
1.199348
1.705135
2.801462
2.628230
1.801258
1.718208
2.768992
1.727408
2.180036
3.494492
2.080037
1.796136
2.012505
1.740932
1.991560
2.723420
1.519236
1.570118
1.184721
1.162863
2.363199
2.063648
1.866850
2.606195
2.297478
1.199578
2.255837
2.051097
1.953268
1.489806
1.979987
2.152629
1.270657
2.035901
2.202268
2.246839
3.105488
1.943041
2.705934
2.146308
1.454388
1.829436
0.902118
1.787934
0.899733
2.647169
2.121250
1.416398
1.547413
1.113245
1.303341
1.535593
2.238775
1.405738
1.233029
2.834659
2.025640
1.490079
1.712358
1.557096
1.835418
1.456895
1.736727
1.418345
1.753878
2.334047
0.862267
1.169952
1.425104
1.511286
2.015068
1.831546
2.224571
2.089677
1.427336
1.846183
1.486706
1.767138
1.552280
1.827814
1.237442
1.660738
2.177024
1.272392
1.924950
2.230405
1.369716
2.488295
2.143772
1.427774
1.457017
1.967568
1.715594
1.742558
1.149657
2.405619
2.050565
2.084349
1.539963
1.545058
1.147702
1.421092
1.714489
1.066963
2.208754
1.598503
1.657501
1.937924
1.466699
1.684216
1.957991
1.675318
1.563439
1.990234
0.809496
1.615175
1.553887
1.494245
1.147013
2.086133
2.250558
1.631551
1.897010
1.650039
1.374249
2.253287
1.078240
1.843953
1.697245
1.137707
1.686601
1.749121
1.826373
1.340598
1.200817
1.720452
1.679917
2.154812
1.591347
1.935027
1.491093
1.505108
2.250504
2.017148
1.138947
1.428473
1.663015
2.716105
1.738835
1.707468
2.016081
1.949233
1.475437
1.901770
1.700203
1.023379
1.873349
1.702306
1.083078
1.333369
1.441364
1.809420
1.471312
1.916688
1.415497
1.388162
1.221221
1.546339
1.113555
1.554278
1.284334
1.533264
1.076737
1.270804
1.690497
1.484234
1.531044
1.407651
1.122136
1.069021
1.403525
0.981958
1.384807
1.225413
1.147332
1.493852
0.850175
1.234602
1.479641
1.211912
1.576060
1.217541
1.361348
1.394177
1.392000
1.490906
1.131574
1.245816
2.093848
1.401751
1.111129
1.027487
1.180658
1.009463
1.117555
1.885863
1.115437
1.128307
1.233197
0.891312
1.547502
1.156263
1.931413
1.308251
1.310402
2.122284
1.821796
2.119093
1.575319
1.992089
1.639952
1.593028
2.524599
2.286270
3.234339
2.061738
1.630774
1.618779
1.536646
1.467254
1.946247
1.789305
1.673344
1.641047
1.301111
1.615900
1.677814
1.847460
2.008732
1.992229
1.602145
1.732960
1.893540
1.450148
1.640070
1.392379
1.621706
1.482129
1.598220
1.616707
1.183890
1.343154
1.571568
1.578901
1.695627
1.351835
1.330616
1.465676
1.211075
1.413276
1.410295
1.432793
1.370473
1.319935
1.586677
1.504788
1.437046
1.512367
1.523158
1.619890
1.966251
1.411230
1.400119
1.633413
1.701304
1.656230
1.637002
1.688036
1.685230
1.682861
1.545384
1.618084
1.414570
1.331724
1.289192
1.471650
1.871862
1.789347
2.068811
1.643361
1.618233
1.475068
1.577643
1.528464
1.461089
1.274998
1.111217
1.758468
1.545145
1.375206
1.410532
1.710918
1.761585
1.736550
1.836449
1.910438
1.234851
1.022848
1.183285
1.506484
1.555519
1.155272
1.340486
1.187451
1.765245
1.127201
1.359525
1.115096
1.412206
1.337889
1.427173
1.842537
1.016105
1.218692
1.587844
1.372121
1.698473
1.575429
1.443075
1.552923
1.329692
1.485644
1.033118
1.250320
1.374945
0.888480
0.602507
1.302341
2.290948
1.055820
2.327027
1.176408
2.075477
0.771130
1.436183
2.276088
0.950450
2.083745
0.746142
1.170514
2.065455
1.923476
1.263429
1.396858
2.094627
1.155321
1.597721
2.669071
1.449729
1.201356
1.438910
1.189094
1.382025
2.064631
1.084186
1.154354
1.140256
0.756984
1.704493
1.439542
1.274896
1.925829
1.670748
0.808622
1.630961
1.490078
1.380807
1.037992
1.387730
1.563093
0.798904
1.522898
1.597517
1.624644
2.359160
1.415644
2.006435
1.529249
0.968033
1.327906
0.567997
1.303439
0.817329
2.013244
1.546857
0.979431
1.076604
0.732317
0.919231
1.013983
1.713181
0.970821
0.905807
2.176779
1.550708
1.033827
1.244546
1.057415
1.299859
0.982740
1.234517
0.949015
1.256491
1.758551
0.628654
0.746733
0.996739
1.075623
1.573302
1.283505
1.633048
1.541850
1.026251
1.287168
1.024161
1.271075
1.113443
1.302862
0.943508
1.158179
1.602499
0.865762
1.426794
1.663662
0.955466
1.957101
1.602414
1.017817
1.019863
1.422357
1.209025
1.314180
0.829194
1.787471
1.486102
1.531626
1.145306
1.133369
0.845338
1.045152
1.247807
0.799709
1.640836
1.280901
1.160876
1.565989
0.985584
1.264016
1.422882
1.168388
1.102777
1.572614
0.716103
1.178622
1.068355
1.052972
0.773770
1.584445
1.729665
1.215065
1.370607
1.236079
0.957809
1.652836
0.731705
1.334736
1.237113
0.821200
1.341072
1.422116
1.410204
0.909993
0.860472
1.221987
1.248083
1.594034
1.145345
1.605304
1.102115
1.129723
1.676895
1.497256
0.838860
1.034980
1.266059
2.099192
1.333521
1.286553
1.563267
1.418389
1.013438
1.564942
1.216281
0.737196
1.369011
1.230434
0.766816
0.944870
1.071226
1.348554
1.016588
1.585896
0.997958
0.930295
0.878288
1.151565
0.796442
1.213010
0.895491
1.112561
0.796316
0.900663
1.198139
1.068208
1.375152
1.024572
0.825142
0.862156
0.992985
0.696621
1.000486
0.884031
0.837970
1.258403
0.683761
1.127150
1.233733
1.102213
1.328676
0.875651
1.100094
1.034412
1.267484
1.381508
0.881450
1.016390
1.598820
1.161867
0.986432
0.863715
1.062606
0.830974
0.986080
1.422941
0.993885
0.946591
1.061446
0.714844
1.260303
0.834358
1.543397
1.162877
1.155649
1.697239
1.420858
1.703635
1.209521
1.577122
1.252195
1.198783
2.007322
1.793100
2.674776
1.643309
1.217355
1.240264
1.208757
1.101971
1.546646
1.371631
1.292560
1.268039
0.995248
1.251879
1.295594
1.425628
1.590105
1.560300
1.250713
1.349415
1.492695
1.104731
1.285553
1.063269
1.279289
1.107021
1.211090
1.246943
0.879572
0.985974
1.178864
1.199614
1.293220
1.016355
1.021416
1.102876
0.921117
1.138481
1.099492
1.089680
1.030055
0.985470
1.217738
1.134848
1.100414
1.158315
1.175403
1.238679
1.521721
1.089876
1.042062
1.257894
1.289414
1.268098
1.232435
1.275527
1.284919
1.290912
1.203915
1.227182
1.065320
1.037444
1.004109
1.141959
1.441916
1.369516
1.641464
1.236611
1.193596
1.081542
1.193286
1.158857
1.108542
0.945880
0.776936
1.306336
1.145931
1.035285
1.041995
1.343464
1.341267
1.310943
1.426535
1.460071
0.950391
0.761523
0.868028
1.105268
1.227710
0.894299
1.036183
0.879457
1.354135
0.923779
1.027978
0.817280
1.049762
1.031097
1.096571
1.432499
0.749793
0.929557
1.235986
1.009422
1.298462
1.195692
1.107911
1.181129
1.069256
1.171964
0.759896
0.921597
1.059802
0.655425
0.423506
0.918199
1.847489
0.734784
1.824415
0.821301
1.599858
0.544177
1.112808
1.777054
0.987519
1.643233
0.493810
0.854921
1.593469
1.475752
0.944992
1.246309
1.669680
0.809515
1.243751
2.127088
1.058313
0.837864
1.091398
0.857923
1.006249
1.649890
0.843542
0.928393
1.201940
0.538142
1.290228
1.051470
0.911849
1.493959
1.279796
0.600892
1.241386
1.149686
1.031472
0.782162
1.022508
1.199836
0.527002
1.218809
1.222339
1.235520
1.874108
1.100461
1.557549
1.143914
0.683844
1.031881
0.401929
1.020435
0.845402
1.614535
1.193333
0.732782
0.803342
0.528352
0.712786
0.701092
1.397238
0.724771
0.743355
1.757520
1.273209
0.770970
0.972432
0.760157
0.975027
0.705421
0.934752
0.674948
0.960276
1.401962
0.536560
0.507323
0.753955
0.826422
1.319189
0.946669
1.262438
1.205940
0.803154
0.942092
0.753554
0.973935
0.860785
0.983015
0.802445
0.855636
1.244182
0.637858
1.127388
1.310858
0.720811
1.631852
1.268546
0.786617
0.766551
1.085875
0.902188
1.067511
0.665951
1.393469
1.134076
1.187902
0.924212
0.899125
0.695795
0.838361
0.970028
0.676528
1.285108
1.118347
0.859933
1.361382
0.696106
1.021581
1.091432
0.858326
0.828649
1.332056
0.726220
0.922780
0.774950
0.793131
0.566360
1.277266
1.408020
0.973957
1.044846
0.997052
0.716300
1.269253
0.544595
1.020982
0.961215
0.656643
1.153705
1.249285
1.168412
0.656342
0.676725
0.915672
0.993467
1.239608
0.878892
1.429906
0.879773
0.918153
1.311703
1.173165
0.685116
0.809158
1.037048
1.699712
1.098228
1.038554
1.290692
1.085189
0.733220
1.381999
0.919505
0.593210
1.055500
0.942304
0.598434
0.721062
0.861794
1.068501
0.741334
1.406201
0.750762
0.651968
0.688975
0.921632
0.626596
1.024432
0.669636
0.862752
0.654358
0.689173
0.892482
0.821257
1.330084
0.802943
0.669977
0.776988
0.749394
0.550195
0.777358
0.693922
0.672577
1.149995
0.629263
1.117638
1.116896
1.090896
1.210976
0.683856
0.970999
0.829238
1.244194
1.370093
0.760581
0.911348
1.287856
1.048725
0.962328
0.808616
1.043855
0.764854
0.956216
1.135894
0.971464
0.877794
1.000017
0.649484
1.108893
0.656043
1.313848
1.120932
1.107018
1.438878
1.181057
1.452401
0.996670
1.326328
1.021978
0.963761
1.676396
1.481331
2.311009
1.388637
0.967209
1.016754
1.024111
0.888285
1.306281
1.117151
1.066450
1.047887
0.826724
1.038150
1.068140
1.167497
1.334513
1.293684
1.046208
1.120273
1.250132
0.904555
1.078117
0.875593
1.081025
0.884051
0.978311
1.027235
0.710604
0.776219
0.941656
0.972712
1.048103
0.822759
0.848003
0.888137
0.762488
0.991795
0.924618
0.889563
0.832151
0.791361
0.997450
0.913609
0.904961
0.949075
0.971007
1.008155
1.242217
0.905682
0.829551
1.031765
1.034724
1.031821
0.983194
1.020156
1.038968
1.050938
1.003009
0.988247
0.858575
0.872855
0.846658
0.950214
1.171987
1.107235
1.373502
0.984418
0.927433
0.839814
0.958047
0.935533
0.898002
0.753617
0.580301
1.018473
0.898296
0.833483
0.818570
1.120465
1.077203
1.042848
1.169988
1.172827
0.791294
0.620277
0.684720
0.855523
1.034976
0.753444
0.861290
0.701410
1.096382
0.826617
0.831899
0.646822
0.829084
0.853545
0.900799
1.174257
0.602865
0.765641
1.023426
0.787956
1.048066
0.961013
0.907483
0.952207
0.926467
0.987781
0.607515
0.725769
0.874144
0.533434
0.343204
0.679394
1.562241
0.544116
1.493245
0.604385
1.289492
0.426330
0.920484
1.448548
1.074145
1.359508
0.356065
0.668056
1.285183
1.186322
0.755722
1.187276
1.397400
0.598499
1.026252
1.764203
0.811663
0.613171
0.878770
0.657602
0.771471
1.384337
0.713470
0.809529
1.305941
0.424439
1.025488
0.806588
0.686456
1.215018
1.032116
0.495612
0.994775
0.940984
0.815807
0.638998
0.794167
0.972939
0.370985
1.037702
0.986185
0.988258
1.552736
0.910905
1.264156
0.899533
0.517778
0.856601
0.327563
0.855149
0.920830
1.359715
0.972842
0.595412
0.645082
0.423551
0.606080
0.512005
1.205836
0.587272
0.670768
1.485525
1.111082
0.620331
0.814418
0.582350
0.776032
0.543228
0.754655
0.514957
0.782838
1.177881
0.517134
0.373476
0.617971
0.684918
1.173761
0.736879
1.026445
0.997484
0.681476
0.726213
0.595191
0.794611
0.716056
0.785894
0.743720
0.671938
1.017287
0.512276
0.945984
1.087902
0.589426
1.430311
1.059787
0.658072
0.620110
0.875437
0.714522
0.926166
0.589129
1.137796
0.911233
0.970905
0.802388
0.767165
0.629483
0.727524
0.803703
0.630075
1.058803
1.041158
0.675777
1.251680
0.520457
0.882293
0.883213
0.666357
0.664607
1.194219
0.782221
0.772681
0.596057
0.639714
0.453369
1.086816
1.206701
0.834780
0.840487
0.859630
0.576559
1.019819
0.447219
0.825053
0.794507
0.576273
1.055435
1.162438
1.028246
0.506501
0.581039
0.724997
0.842938
1.011845
0.718576
1.340890
0.753633
0.800554
1.075072
0.968007
0.611988
0.680427
0.905482
1.436054
0.961988
0.892022
1.125247
0.872668
0.561492
1.285888
0.735315
0.527108
0.857694
0.764355
0.512674
0.592783
0.744788
0.896550
0.573147
1.311730
0.603793
0.480985
0.586952
0.787814
0.539291
0.922624
0.538654
0.713782
0.588335
0.569278
0.700042
0.673999
1.339520
0.675188
0.593560
0.754949
0.604162
0.480395
0.648136
0.590123
0.587875
1.109253
0.630618
1.153348
1.069423
1.125205
1.163092
0.577932
0.913840
0.713331
1.268937
1.404186
0.709568
0.872459
1.089339
1.003593
0.986054
0.807796
1.071913
0.755830
0.975171
0.955314
0.996033
0.866633
0.994319
0.640546
1.033111
0.559423
1.177554
1.129703
1.111063
1.280216
1.036703
1.299067
0.873024
1.173427
0.884656
0.822877
1.460801
1.280979
2.069951
1.231923
0.814511
0.884403
0.921618
0.763263
1.160515
0.960405
0.931564
0.917561
0.736119
0.912427
0.932083
1.007705
1.176761
1.126872
0.927321
0.982505
1.101967
0.788836
0.956640
0.769492
0.966534
0.750902
0.837201
0.895975
0.618706
0.652861
0.797103
0.836105
0.897158
0.711497
0.752264
0.760567
0.678145
0.916887
0.827654
0.772889
0.717321
0.678869
0.865085
0.780392
0.791727
0.824957
0.850630
0.867412
1.063607
0.800824
0.702864
0.894475
0.875031
0.886418
0.827595
0.859846
0.885944
0.902190
0.884503
0.840494
0.735722
0.782349
0.761714
0.838923
0.999751
0.940795
1.202785
0.825788
0.757928
0.689504
0.812310
0.799416
0.771477
0.641360
0.464392
0.831965
0.742385
0.713013
0.681786
0.983708
0.908571
0.871158
1.006804
0.986357
0.703831
0.546604
0.578267
0.697729
0.921479
0.680229
0.761371
0.598837
0.932204
0.786641
0.715574
0.549966
0.693224
0.751125
0.784457
1.008820
0.523660
0.673813
0.893885
0.651156
0.888850
0.814000
0.786802
0.809383
0.850285
0.879438
0.524167
0.608439
0.764439
0.473138
0.315069
0.528802
1.375308
0.430278
1.270695
0.470351
1.083015
0.368912
0.805564
1.228059
1.175140
1.173318
0.283143
0.556998
1.079879
0.995689
0.642697
1.175286
1.219721
0.468261
0.890892
1.516420
0.653633
0.472419
0.747146
0.535257
0.622517
1.211119
0.645679
0.750322
1.419412
0.368982
0.853306
0.649473
0.544537
1.031466
0.872448
0.446627
0.835973
0.811415
0.680834
0.560250
0.649130
0.828969
0.282024
0.929203
0.835068
0.828318
1.335556
0.796034
1.068648
0.741852
0.420740
0.752416
0.301743
0.758667
1.010630
1.193973
0.833187
0.520428
0.553717
0.373445
0.554522
0.396696
1.088792
0.511816
0.645724
1.305656
1.016385
0.534660
0.722895
0.475264
0.652688
0.448398
0.645581
0.421622
0.675780
1.034798
0.532427
0.299911
0.543129
0.605396
1.091125
0.604189
0.873437
0.866330
0.617079
0.589082
0.502498
0.685389
0.633754
0.662763
0.727725
0.559237
0.871140
0.444848
0.834993
0.944609
0.517107
1.303670
0.927166
0.588121
0.535727
0.741816
0.598407
0.845732
0.558617
0.968670
0.767789
0.831569
0.736919
0.693897
0.607117
0.670544
0.703371
0.622695
0.912334
1.009816
0.561771
1.195235
0.412784
0.802732
0.750284
0.545796
0.565764
1.115829
0.853743
0.684505
0.485822
0.548830
0.393672
0.966993
1.078725
0.754771
0.710299
0.781112
0.495956
0.854537
0.399632
0.700796
0.692814
0.541541
1.006674
1.122667
0.947258
0.417664
0.534170
0.604529
0.753643
0.862793
0.621268
1.299394
0.682821
0.736523
0.918828
0.835872
0.582202
0.607757
0.830348
1.258580
0.883405
0.805139
1.023816
0.734694
0.454949
1.238125
0.619421
0.502492
0.730776
0.652983
0.472289
0.519790
0.680641
0.789675
0.469238
1.264703
0.515941
0.374631
0.534036
0.710027
0.497523
0.869636
0.462851
0.624487
0.562853
0.502072
0.576959
0.585700
1.372832
0.601935
0.559978
0.763623
0.517056
0.451850
0.573574
0.535140
0.547660
1.102957
0.657206
1.206171
1.057812
1.176955
1.151362
0.520782
0.894612
0.648777
1.313112
1.455710
0.694976
0.867162
0.960424
0.993513
1.029208
0.831556
1.118582
0.773491
1.014421
0.839935
1.039532
0.882618
1.014360
0.657933
0.998665
0.508869
1.096328
1.160527
1.138553
1.181671
0.949168
1.204502
0.801411
1.079279
0.802310
0.737916
1.317741
1.149982
1.907159
1.134290
0.720376
0.805810
0.865957
0.690151
1.071311
0.862671
0.850649
0.840178
0.689283
0.838357
0.850226
0.907505
1.078205
1.020925
0.858349
0.899081
1.010513
0.722195
0.885464
0.710272
0.900686
0.670975
0.750866
0.817085
0.570314
0.580225
0.708132
0.753250
0.803076
0.647962
0.700662
0.684462
0.635344
0.881511
0.775074
0.704960
0.650910
0.613836
0.784987
0.699555
0.726366
0.751031
0.779605
0.780528
0.947478
0.741737
0.626970
0.810345
0.773371
0.795843
0.729013
0.757653
0.789393
0.808704
0.814419
0.747941
0.662414
0.733861
0.717568
0.774545
0.887942
0.833385
1.092166
0.724442
0.648122
0.594758
0.720791
0.715623
0.694897
0.575910
0.395935
0.708920
0.642621
0.640639
0.597110
0.898843
0.798997
0.759271
0.901191
0.863099
0.657000
0.510430
0.516584
0.596421
0.854550
0.644553
0.704790
0.540056
0.825862
0.776286
0.646328
0.495528
0.608536
0.692344
0.715037
0.900923
0.482500
0.623279
0.814153
0.565551
0.785901
0.720519
0.713570
0.718966
0.811392
0.815590
0.479940
0.537681
0.699412
0.446401
0.313138
0.432350
1.250480
0.361898
1.118284
0.386456
0.943019
0.344232
0.736532
1.077277
1.273092
1.048813
0.246432
0.490729
0.940538
0.867760
0.574855
1.185754
1.101601
0.386850
0.805447
1.344134
0.550600
0.382955
0.664596
0.459711
0.526447
1.095964
0.612474
0.723685
1.526458
0.345089
0.739282
0.546891
0.453794
0.908394
0.767640
0.427745
0.731871
0.729847
0.595091
0.518071
0.555423
0.736064
0.231770
0.863768
0.736671
0.722940
1.186005
0.725809
0.935890
0.638266
0.364082
0.690223
0.300346
0.702422
1.098425
1.084209
0.743258
0.480750
0.501232
0.352785
0.532763
0.325659
1.016451
0.471550
0.644574
1.184439
0.961130
0.486494
0.670102
0.410273
0.575225
0.393014
0.578901
0.367254
0.610649
0.941874
0.561960
0.260528
0.503033
0.561397
1.044666
0.518855
0.772376
0.782562
0.584649
0.500537
0.448266
0.618158
0.587448
0.584687
0.732527
0.489275
0.775317
0.410125
0.766332
0.850861
0.478328
1.222879
0.841460
0.551316
0.487350
0.655581
0.525630
0.800431
0.551908
0.854653
0.673834
0.740490
0.703117
0.654102
0.606748
0.643308
0.642328
0.633667
0.815836
1.002145
0.490271
1.168203
0.346011
0.757684
0.663965
0.468892
0.505734
1.071750
0.925511
0.632644
0.417079
0.494790
0.363685
0.890388
0.996013
0.709062
0.625987
0.736665
0.449695
0.742955
0.379075
0.620673
0.630113
0.530722
0.984887
1.107938
0.900707
0.364782
0.513791
0.527180
0.700487
0.763447
0.561599
1.283366
0.643692
0.702766
0.813700
0.749218
0.574818
0.567323
0.787826
1.136846
0.838346
0.753423
0.960921
0.643472
0.387930
1.216754
0.545396
0.498978
0.647889
0.582248
0.456201
0.478704
0.646493
0.722337
0.404242
1.243565
0.463118
0.307552
0.508335
0.664907
0.480275
0.843723
0.419131
0.570652
0.558088
0.465029
0.496909
0.532418
1.413848
0.560267
0.548937
0.785377
0.464462
0.444667
0.530798
0.507438
0.531374
1.112826
0.692709
1.261713
1.063531
1.231631
1.157108
0.491083
0.894327
0.613572
1.361823
1.510186
0.698201
0.877510
0.875095
1.000200
1.076985
0.864082
1.169178
0.801466
1.058978
0.764960
1.087300
0.909267
1.044039
0.685505
0.986104
0.483877
1.047645
1.198326
1.173999
1.119649
0.895653
1.145492
0.760116
1.020660
0.752640
0.686318
1.221088
1.062849
1.795302
1.072653
0.661693
0.758991
0.836733
0.647448
1.016176
0.800925
0.801837
0.794087
0.666632
0.794647
0.800656
0.843808
1.015822
0.952594
0.818476
0.848162
0.953403
0.684052
0.843772
0.677845
0.863051
0.622720
0.697501
0.769341
0.546144
0.537428
0.652764
0.702598
0.743649
0.612015
0.673883
0.638860
0.615344
0.867331
0.747524
0.665501
0.612691
0.576398
0.736127
0.650076
0.688848
0.706813
0.737630
0.726257
0.870673
0.708936
0.581253
0.758253
0.707619
0.738668
0.665596
0.691473
0.727574
0.749079
0.772874
0.689154
0.618473
0.708943
0.696017
0.737482
0.814101
0.762884
1.019256
0.658643
0.575765
0.534167
0.662477
0.663475
0.648175
0.537838
0.355422
0.626313
0.577716
0.596860
0.544052
0.845502
0.726554
0.685084
0.831642
0.780176
0.632957
0.494608
0.480979
0.530296
0.815041
0.629220
0.673159
0.506635
0.755805
0.780241
0.604956
0.465414
0.555027
0.658857
0.673438
0.829286
0.462394
0.596205
0.764538
0.511234
0.718198
0.660149
0.668736
0.660841
0.793007
0.777907
0.457587
0.494696
0.660736
0.437334
0.323172
0.369577
1.165631
0.320547
1.012133
0.333213
0.846449
0.336659
0.694816
0.972422
1.360223
0.964072
0.229557
0.451010
0.844317
0.780389
0.533891
1.205326
1.021664
0.335254
0.750694
1.222444
0.482241
0.325213
0.612092
0.412497
0.463439
1.018018
0.598041
0.714276
1.620287
0.337695
0.662451
0.478748
0.394844
0.824410
0.697605
0.424251
0.662412
0.677743
0.539750
0.496405
0.493833
0.675076
0.203770
0.823997
0.671476
0.652264
1.081310
0.682458
0.844170
0.569009
0.331053
0.652921
0.310083
0.669705
1.176837
1.010235
0.684362
0.460794
0.471299
0.347355
0.526505
0.281394
0.971212
0.451003
0.654299
1.101299
0.928956
0.459860
0.639830
0.370480
0.525887
0.360734
0.537729
0.335667
0.570663
0.880481
0.595044
0.240305
0.482451
0.537610
1.018950
0.463036
0.704403
0.728203
0.569716
0.442399
0.416573
0.576291
0.561804
0.534396
0.746205
0.445286
0.711368
0.393479
0.723336
0.788438
0.458377
1.170511
0.785115
0.532991
0.459819
0.598993
0.479374
0.775296
0.556550
0.776408
0.611217
0.679889
0.686819
0.633212
0.616326
0.632086
0.604832
0.651827
0.751146
1.005847
0.444792
1.157011
0.304076
0.732504
0.606933
0.419026
0.468942
1.047369
0.990471
0.602123
0.373648
0.462529
0.349939
0.840592
0.941640
0.683187
0.570463
0.711841
0.423331
0.666306
0.372672
0.568117
0.590982
0.531706
0.977326
1.105905
0.874147
0.333170
0.507285
0.476685
0.668714
0.696054
0.524596
1.280385
0.622573
0.685881
0.741702
0.691363
0.578221
0.545305
0.764069
1.051917
0.812724
0.722510
0.921437
0.582081
0.345150
1.209333
0.497358
0.505304
0.592795
0.536623
0.452565
0.455936
0.629143
0.679287
0.363029
1.236121
0.431135
0.264612
0.497358
0.638830
0.475721
0.832492
0.394049
0.537982
0.563103
0.445124
0.443954
0.500036
1.454413
0.536834
0.549115
0.810950
0.432465
0.447795
0.506460
0.494685
0.527434
1.129034
0.728843
1.313147
1.076517
1.282462
1.170201
0.476548
0.902631
0.594961
1.408022
1.560912
0.709186
0.893963
0.817579
1.013875
1.122396
0.897504
1.216908
0.831599
1.102039
0.715083
1.132856
0.938529
1.075547
0.715289
0.984656
0.472799
1.018197
1.235906
1.210001
1.079854
0.862453
1.107992
0.736360
0.983536
0.722304
0.654589
1.154186
1.003544
1.716593
1.032900
0.624496
0.730894
0.822202
0.622442
0.981494
0.761099
0.772007
0.766369
0.657021
0.768650
0.770266
0.802471
0.975553
0.907471
0.795398
0.816612
0.917057
0.662273
0.819172
0.660506
0.841600
0.593266
0.663916
0.740008
0.535170
0.512063
0.617685
0.671177
0.705315
0.591841
0.660789
0.611242
0.607527
0.864138
0.733866
0.642522
0.590755
0.554789
0.705863
0.619292
0.667369
0.680058
0.712627
0.691647
0.818615
0.691042
0.553390
0.725435
0.664070
0.701813
0.623825
0.647593
0.687092
0.710148
0.747992
0.651002
0.591851
0.696968
0.686693
0.716226
0.764102
0.715435
0.970014
0.614873
0.526896
0.494580
0.624458
0.630453
0.619234
0.515689
0.331263
0.569494
0.534392
0.569938
0.510145
0.811251
0.677445
0.634664
0.784624
0.723028
0.621445
0.489475
0.460400
0.486082
0.791588
0.624613
0.655741
0.487736
0.708527
0.790389
0.580029
0.449067
0.520470
0.639890
0.648271
0.780463
0.453621
0.582297
0.733116
0.475994
0.672569
0.620247
0.640830
0.622584
0.785611
0.755479
0.447259
0.468195
0.637473
0.437136
0.337769
0.327768
1.106514
0.295161
0.936473
0.298684
0.778237
0.337581
0.669315
0.897844
1.434794
0.904963
0.223285
0.426957
0.776288
0.719285
0.508872
1.227445
0.966218
0.301836
0.714788
1.134638
0.435750
0.287118
0.577969
0.382383
0.421106
0.963886
0.593505
0.713611
1.699889
0.338505
0.609451
0.432355
0.355659
0.765717
0.649604
0.428140
0.614902
0.643666
0.503173
0.486044
0.452306
0.634008
0.188400
0.799449
0.627194
0.603625
1.006338
0.655259
0.779311
0.521546
0.311745
0.630298
0.324122
0.650661
1.244069
0.959203
0.644820
0.451654
0.454324
0.349358
0.527894
0.253292
0.942399
0.441310
0.668209
1.042887
0.910186
0.445474
0.622566
0.345714
0.493787
0.341910
0.511819
0.317307
0.545680
0.838940
0.626863
0.230589
0.472662
0.525147
1.004974
0.425569
0.657503
0.692149
0.564084
0.403321
0.397999
0.549686
0.547873
0.501204
0.762710
0.417038
0.667636
0.386630
0.695867
0.745826
0.448810
1.135788
0.747107
0.524805
0.444209
0.560986
0.449338
0.761597
0.565972
0.721400
0.568485
0.638529
0.679971
0.622838
0.629668
0.629222
0.581367
0.671690
0.706728
1.014432
0.415245
1.154088
0.277174
0.718620
0.568320
0.385885
0.446023
1.034191
1.046609
0.584046
0.345667
0.443053
0.344805
0.807395
0.905034
0.668653
0.533048
0.698212
0.408377
0.612426
0.373352
0.532782
0.566057
0.538008
0.976925
1.109884
0.859120
0.314039
0.507698
0.442900
0.649546
0.649243
0.501164
1.283693
0.611522
0.678218
0.691222
0.651749
0.586260
0.533693
0.750988
0.991298
0.798303
0.703824
0.896152
0.539744
0.317204
1.208991
0.465504
0.515614
0.555246
0.506517
0.454903
0.443578
0.621071
0.651162
0.336365
1.235612
0.411483
0.236502
0.494118
0.623745
0.477365
0.828974
0.379662
0.517929
0.572136
0.434802
0.408108
0.480091
1.491324
0.523843
0.554438
0.836111
0.412651
0.455416
0.492710
0.489922
0.529525
1.146751
0.762229
1.358312
1.091692
1.327239
1.185684
0.470217
0.914230
0.585663
1.449206
1.605725
0.722868
0.911876
0.777717
1.029667
1.162935
0.928473
1.259364
0.860147
1.140585
0.681174
1.173310
0.966390
1.105078
0.743425
0.988423
0.469092
1.000211
1.270001
1.243066
1.053858
0.841563
1.083733
0.722796
0.959638
0.703568
0.634846
1.106921
0.962349
1.660165
1.006745
0.600551
0.713931
0.815719
0.607814
0.959318
0.734916
0.753579
0.749585
0.654237
0.753086
0.751426
0.775126
0.949094
0.877041
0.782058
0.796784
0.893523
0.649930
0.804613
0.651633
0.829463
0.575104
0.642425
0.721735
0.531214
0.496978
0.595089
0.651422
0.680121
0.580697
0.655131
0.594366
0.605983
0.866280
0.727786
0.629159
0.578266
0.542342
0.686852
0.599837
0.655192
0.663694
0.697646
0.669157
0.782587
0.681594
0.536240
0.704421
0.634613
0.677592
0.595736
0.617886
0.660045
0.684185
0.732966
0.625754
0.575577
0.691991
0.683805
0.704153
0.729527
0.682810
0.936053
0.585143
0.493184
0.468218
0.599158
0.609199
0.601051
0.502849
0.316776
0.529633
0.504840
0.553129
0.488091
0.788820
0.643441
0.599685
0.752136
0.682865
0.616707
0.489702
0.448542
0.455901
0.777622
0.625362
0.646407
0.477183
0.675964
0.802439
0.564914
0.440501
0.497714
0.629281
0.632920
0.746462
0.450797
0.575700
0.712892
0.452673
0.641181
0.593337
0.623189
0.596881
0.783899
0.742044
0.443401
0.451637
0.623361
0.441004
0.353110
0.299374
1.064523
0.279360
0.881621
0.275850
0.729196
0.342312
0.653576
0.843910
1.496859
0.862934
0.222450
0.412276
0.727335
0.675753
0.493432
1.248748
0.927005
0.279768
0.690759
1.070331
0.403486
0.261489
0.555368
0.362810
0.392081
0.925527
0.593928
0.717013
1.765760
0.342992
0.572199
0.400144
0.329098
0.723928
0.616031
0.435095
0.581752
0.620921
0.478499
0.481797
0.423711
0.605762
0.180192
0.784079
0.596501
0.569476
0.951772
0.637948
0.732640
0.488371
0.300472
0.616451
0.338883
0.639608
1.300067
0.923336
0.617706
0.448309
0.444823
0.354570
0.532654
0.235155
0.923740
0.437465
0.682785
1.001087
0.899264
0.438020
0.612830
0.330072
0.472513
0.330974
0.495245
0.306673
0.529837
0.810266
0.655192
0.226553
0.468720
0.518985
0.997616
0.399877
0.624479
0.667769
0.563210
0.376534
0.387130
0.532462
0.540570
0.478841
0.778984
0.398556
0.637128
0.384915
0.678006
0.716152
0.444863
1.112294
0.720926
0.522035
0.435464
0.534955
0.429473
0.754368
0.576709
0.682022
0.538764
0.609721
0.678078
0.618226
0.643522
0.630438
0.566444
0.690506
0.675655
1.024436
0.395690
1.155193
0.259601
0.711159
0.541653
0.363399
0.431529
1.027340
1.093584
0.573300
0.327324
0.431193
0.344063
0.784789
0.879887
0.660620
0.507353
0.690960
0.399992
0.573896
0.377220
0.508528
0.549892
0.546164
0.979815
1.116244
0.850743
0.302350
0.511220
0.419841
0.637891
0.616136
0.486050
1.289595
0.606068
0.675473
0.655182
0.624070
0.595678
0.527904
0.743978
0.947321
0.790336
0.692424
0.879672
0.509987
0.298578
1.211914
0.443976
0.526813
0.529127
0.486271
0.459725
0.437111
0.617987
0.632437
0.318805
1.238316
0.399257
0.217746
0.494711
0.615052
0.481687
0.829296
0.371465
0.505504
0.582171
0.429799
0.383391
0.467663
1.523197
0.516815
0.561631
0.858779
0.400253
0.464387
0.485101
0.489254
0.534185
1.163517
0.791278
1.396370
1.106442
1.364995
1.200768
0.468220
0.926207
0.581490
1.484147
1.643532
0.736454
0.928721
0.749721
1.044901
1.197354
0.955336
1.295339
0.885247
1.173433
0.657737
1.207614
0.990985
1.130924
0.768145
0.994202
0.469085
0.989139
1.299276
1.271684
1.036600
0.828256
1.067788
0.715153
0.944026
0.691878
0.622441
1.073050
0.933308
1.619207
0.989232
0.584911
0.703646
0.813513
0.599288
0.944946
0.717427
0.742078
0.739363
0.654819
0.743732
0.739603
0.756748
0.931421
0.856168
0.774419
0.784173
0.878044
0.643039
0.795972
0.647440
0.822692
0.563806
0.628458
0.710205
0.530823
0.488002
0.580313
0.638855
0.663288
0.574717
0.653382
0.583970
0.607443
0.870646
0.725734
0.621432
0.571252
0.535210
0.674755
0.587386
0.648387
0.653607
0.688642
0.654300
0.757268
0.676878
0.525590
0.690767
0.614346
0.661409
0.576512
0.597441
0.641667
0.666566
0.723840
0.608766
0.565550
0.690657
0.684109
0.697397
0.705234
0.660007
0.912259
0.564606
0.469552
0.450367
0.582027
0.595325
0.589487
0.495471
0.308058
0.501262
0.484320
0.542498
0.473506
0.773883
0.619519
0.575028
0.729312
0.654227
0.615486
0.492335
0.441765
0.434952
0.769299
0.628488
0.641633
0.471420
0.653174
0.814212
0.555697
0.436280
0.482460
0.623480
0.623516
0.722397
0.450926
0.573057
0.699680
0.436979
0.619230
0.574884
0.611887
0.579308
0.784928
0.733971
0.442853
0.441167
0.614725
0.446352
0.367338
0.279769
1.034291
0.269404
0.841422
0.260499
0.693512
0.348327
0.643769
0.804467
1.547383
0.832649
0.224166
0.403246
0.691684
0.644333
0.483820
1.267677
0.898877
0.264942
0.674397
1.022788
0.380733
0.243967
0.540149
0.349882
0.371847
0.897951
0.596571
0.721949
1.819168
0.348722
0.545643
0.377414
0.310798
0.693784
0.592183
0.442775
0.558258
0.605479
0.461557
0.480727
0.403686
0.586011
0.176014
0.774331
0.574879
0.545124
0.911650
0.626768
0.698661
0.464818
0.293918
0.607907
0.352588
0.633240
1.345662
0.897762
0.598810
0.447921
0.439619
0.360751
0.538498
0.223264
0.911465
0.436655
0.696303
0.970800
0.892945
0.434433
0.607446
0.320056
0.458180
0.324669
0.484477
0.300565
0.519642
0.790157
0.679264
0.225470
0.467821
0.516264
0.993957
0.381962
0.600882
0.651023
0.564574
0.357873
0.380795
0.521139
0.536971
0.463510
0.793608
0.386265
0.615518
0.385704
0.666197
0.695166
0.443844
1.096129
0.702584
0.521996
0.430659
0.516838
0.416113
0.750763
0.587028
0.653466
0.517763
0.589339
0.678610
0.616670
0.656309
0.633400
0.556801
0.707060
0.653594
1.034136
0.382529
1.158026
0.247927
0.707325
0.522936
0.347881
0.422227
1.024019
1.131951
0.566906
0.315108
0.423908
0.345373
0.769128
0.862336
0.656297
0.489426
0.687291
0.395380
0.545990
0.382181
0.491605
0.539233
0.554386
0.983931
1.123085
0.846190
0.295148
0.515828
0.403834
0.630756
0.592386
0.476138
1.296119
0.603671
0.675218
0.629120
0.604434
0.604825
0.525324
0.740382
0.915062
0.786055
0.685414
0.868751
0.488763
0.285953
1.216056
0.429189
0.537358
0.510675
0.472416
0.465214
0.433939
0.617473
0.619759
0.307053
1.242217
0.391561
0.205016
0.496990
0.610075
0.486805
0.831316
0.366850
0.497733
0.591688
0.427678
0.366100
0.459828
1.549750
0.513169
0.568977
0.878147
0.392397
0.473103
0.480997
0.490495
0.539530
1.178170
0.815395
1.427354
1.119540
1.395732
1.214111
0.468361
0.937114
0.580019
1.512699
1.674304
0.748593
0.943344
0.729901
1.058303
1.225471
0.977595
1.324692
0.906198
1.200329
0.641377
1.235619
1.011566
1.152430
0.788776
1.000267
0.470719
0.982287
1.323343
1.295239
1.025048
0.819738
1.057240
0.710939
0.933738
0.684558
0.614590
1.048806
0.912777
1.589555
0.977467
0.574597
0.697399
0.813408
0.594369
0.935554
0.705664
0.734869
0.733138
0.656813
0.738150
0.732171
0.744306
0.919526
0.841792
0.770121
0.776096
0.867790
0.639314
0.790902
0.645771
0.819049
0.556739
0.619334
0.702927
0.532044
0.482685
0.570576
0.630798
0.651963
0.571659
0.653557
0.577557
0.610054
0.875504
0.725678
0.617028
0.567406
0.531236
0.667015
0.579375
0.644688
0.647390
0.683253
0.644434
0.739417
0.674762
0.518945
0.681834
0.600347
0.650522
0.563309
0.583298
0.629108
0.654562
0.718330
0.597257
0.559361
0.691079
0.685785
0.693711
0.688123
0.644026
0.895542
0.550361
0.452943
0.438187
0.570366
0.586177
0.582087
0.491280
0.302823
0.481030
0.470040
0.535769
0.463792
0.763876
0.602649
0.557610
0.713257
0.633774
0.615954
0.495748
0.437970
0.420343
0.764345
0.632289
0.639378
0.468398
0.637159
0.824595
0.550060
0.434424
0.472178
0.620417
0.617704
0.705353
0.452370
0.572422
0.690972
0.426346
0.603828
0.562147
0.604598
0.567236
0.787056
0.729143
0.443812
0.434514
0.609458
0.451778
0.379535
0.266140
1.012518
0.263118
0.812037
0.250098
0.667566
0.354247
0.637621
0.775665
1.587332
0.810821
0.226815
0.397677
0.665748
0.621641
0.477800
1.283491
0.878687
0.254916
0.663186
0.987769
0.364635
0.231896
0.529817
0.341281
0.357679
0.878136
0.599895
0.727022
1.861306
0.354393
0.526644
0.361321
0.298095
0.672020
0.575202
0.449936
0.541559
0.594928
0.449866
0.481176
0.389614
0.572140
0.174075
0.768118
0.559590
0.527746
0.882211
0.619491
0.673918
0.448054
0.290152
0.602616
0.364335
0.629613
1.381767
0.879460
0.585561
0.448865
0.436865
0.366692
0.544186
0.215401
0.903322
0.437253
0.707878
0.948845
0.889326
0.432925
0.604551
0.313601
0.448435
0.321067
0.477426
0.297102
0.513035
0.775979
0.698865
0.225822
0.468343
0.515363
0.992326
0.369417
0.583983
0.639407
0.566789
0.344793
0.377129
0.513620
0.535395
0.452931
0.805945
0.378015
0.600155
0.387494
0.658325
0.680261
0.444229
1.084932
0.689687
0.523150
0.428107
0.504142
0.407044
0.749143
0.596059
0.632751
0.502854
0.574864
0.680149
0.616625
0.667247
0.636809
0.550536
0.720857
0.637861
1.042677
0.373588
1.161329
0.240110
0.705506
0.509732
0.337099
0.416223
1.022603
1.162420
0.563108
0.306888
0.419436
0.347467
0.758220
0.850002
0.654075
0.476823
0.685591
0.392937
0.525743
0.387081
0.479732
0.532138
0.561767
0.988143
1.129404
0.843803
0.290697
0.520421
0.392654
0.626369
0.575305
0.469593
1.302247
0.602885
0.676099
0.610242
0.590449
0.612888
0.524427
0.738682
0.891435
0.783854
0.681094
0.861455
0.473571
0.277330
1.220295
0.418942
0.546491
0.497586
0.462867
0.470421
0.432552
0.618137
0.611094
0.299106
1.246246
0.386684
0.196300
0.499781
0.607290
0.491753
0.833902
0.364314
0.492823
0.600008
0.427072
0.353862
0.454855
1.571176
0.511407
0.575633
0.894053
0.387368
0.480832
0.478859
0.492478
0.544701
1.190537
0.835282
1.452505
1.130734
1.420731
1.225611
0.469457
0.946653
0.579952
1.536001
1.699374
0.759085
0.955764
0.715461
1.069806
1.248436
0.995901
1.348672
0.923569
1.222322
0.629607
1.258472
1.028681
1.170241
0.805870
1.005992
0.472988
0.977953
1.343146
1.314831
1.016980
0.814054
1.049935
0.708654
0.926692
0.679790
0.609461
1.030611
0.897639
1.567102
0.969144
0.567570
0.693527
0.814343
0.591498
0.929145
0.697379
0.730169
0.729217
0.659335
0.734663
0.727320
0.735505
0.911190
0.831382
0.767663
0.770717
0.860693
0.637291
0.787793
0.645382
0.817058
0.552194
0.613072
0.698076
0.533944
0.479460
0.563886
0.625452
0.643980
0.570173
0.654602
0.573455
0.613048
0.880319
0.726575
0.614466
0.565333
0.528916
0.661843
0.573967
0.642701
0.643375
0.679903
0.637526
0.726226
0.673997
0.514657
0.675735
0.590187
0.642843
0.553767
0.573043
0.620112
0.645927
0.714826
0.589092
0.555398
0.692283
0.688000
0.691739
0.675479
0.632255
0.883222
0.539988
0.440695
0.429530
0.562012
0.579923
0.577146
0.488910
0.299577
0.465963
0.459548
0.531235
0.457033
0.756815
0.590174
0.544722
0.701347
0.618528
0.617180
0.499302
0.435795
0.409682
0.761348
0.636245
0.638475
0.466839
0.625398
0.833615
0.546535
0.433810
0.464895
0.618851
0.614035
0.692654
0.454261
0.572829
0.685011
0.418781
0.592508
0.552958
0.599672
0.558517
0.789552
0.726122
0.445463
0.430094
0.606082
0.456871
0.389961
0.256274
0.996141
0.258929
0.789666
0.242728
0.647930
0.359751
0.633656
0.753823
1.619711
0.794406
0.229760
0.394131
0.646101
0.604586
0.473913
1.296858
0.863544
0.247819
0.655131
0.960995
0.352733
0.223242
0.522487
0.335275
0.347311
0.863215
0.603356
0.731829
1.895300
0.359491
0.512883
0.349765
0.289141
0.656123
0.562953
0.456163
0.529521
0.587590
0.441649
0.482249
0.379576
0.562258
0.173308
0.764081
0.548631
0.515152
0.860433
0.614659
0.655734
0.435954
0.287988
0.599297
0.374046
0.627562
1.410091
0.866201
0.576140
0.450313
0.435478
0.371939
0.549242
0.210094
0.897802
0.438430
0.717456
0.932746
0.887263
0.432482
0.603044
0.309358
0.441690
0.319021
0.472730
0.295158
0.508673
0.765837
0.714549
0.226759
0.469443
0.515353
0.991758
0.360493
0.571728
0.631236
0.569153
0.335478
0.375014
0.508557
0.534863
0.445506
0.816043
0.372377
0.589072
0.389561
0.652982
0.669517
0.445188
1.077040
0.680471
0.524724
0.426817
0.495108
0.400777
0.748558
0.603626
0.617555
0.492128
0.564436
0.681992
0.617253
0.676280
0.640087
0.546391
0.732054
0.626495
1.049845
0.367402
1.164499
0.234772
0.704752
0.500279
0.329486
0.412275
1.022185
1.186377
0.560847
0.301255
0.416641
0.349692
0.750491
0.841203
0.653014
0.467840
0.684936
0.391692
0.510906
0.391476
0.471268
0.527342
0.568037
0.991990
1.134875
0.842620
0.287919
0.524560
0.384715
0.623650
0.562865
0.465187
1.307570
0.602887
0.677382
0.596419
0.580352
0.619667
0.524368
0.737992
0.873953
0.782797
0.678385
0.856481
0.462552
0.271322
1.224158
0.411725
0.554094
0.488155
0.456159
0.475004
0.432104
0.619267
0.605076
0.293639
1.249921
0.383553
0.190225
0.502517
0.605738
0.496113
0.836474
0.362951
0.489680
0.606949
0.427188
0.345124
0.451645
1.588178
0.510642
0.581312
0.906800
0.384100
0.487318
0.477823
0.494566
0.549214
1.200513
0.850922
1.472128
1.139845
1.440238
1.234878
0.470856
0.954438
0.580463
1.554202
1.718914
0.767586
0.965723
0.705096
1.079060
1.266361
1.010303
1.367355
0.937253
1.239499
0.621256
1.276297
1.042156
1.184236
0.819330
1.010859
0.475243
0.975214
1.358625
1.330087
1.011478
0.810328
1.045008
0.707471
0.921938
0.676743
0.606145
1.017523
0.886831
1.550821
0.963423
0.562816
0.691137
0.815562
0.589866
0.924867
0.691685
0.727163
0.726798
0.661754
0.732588
0.724200
0.729423
0.905460
0.824097
0.766327
0.767184
0.855883
0.636284
0.785978
0.645598
0.816092
0.549282
0.608898
0.694949
0.535863
0.477547
0.559373
0.621925
0.638503
0.569548
0.655876
0.570872
0.615764
0.884341
0.727724
0.613086
0.564269
0.527692
0.658457
0.570401
0.641699
0.640856
0.677881
0.632837
0.716839
0.673912
0.511925
0.671635
0.583062
0.637573
0.547107
0.565832
0.613843
0.639942
0.712687
0.583449
0.552899
0.693652
0.690126
0.690740
0.666526
0.623906
0.874451
0.532689
0.431990
0.423500
0.556221
0.575703
0.573911
0.487600
0.297616
0.455128
0.452167
0.528311
0.452419
0.752001
0.581269
0.535521
0.692892
0.607548
0.618559
0.502442
0.434633
0.402130
0.759561
0.639665
0.638250
0.466138
0.617019
0.840859
0.544335
0.433813
0.459900
0.618129
0.611726
0.683580
0.456150
0.573583
0.680984
0.413560
0.584455
0.546503
0.596421
0.552428
0.791876
0.724308
0.447152
0.427226
0.603994
0.461148
0.398244
0.249313
0.984290
0.256236
0.773292
0.237637
0.633600
0.364332
0.631111
0.737820
1.644525
0.782488
0.232413
0.391901
0.631760
0.592190
0.471424
1.307383
0.852590
0.242901
0.649509
0.941266
0.344198
0.217157
0.517412
0.331185
0.339928
0.852410
0.606401
0.735917
1.921478
0.364038
0.502321
0.340906
0.282435
0.643768
0.553457
0.461751
0.520251
0.582079
0.435451
0.483594
0.371849
0.554661
0.173134
0.761253
0.540213
0.505388
0.843281
0.611287
0.641519
0.426632
0.286705
0.597091
0.382457
0.626401
1.433428
0.856036
0.568945
0.451988
0.434812
0.376617
0.553764
0.206336
0.893903
0.439844
0.725670
0.920366
0.886100
0.432644
0.602330
0.306411
0.436769
0.317889
0.469345
0.294060
0.505581
0.758119
0.727668
0.227922
0.470860
0.515755
0.991701
0.353633
0.562197
0.625158
0.571473
0.328445
0.373772
0.504844
0.534884
0.439893
0.824579
0.368247
0.580568
0.391748
0.649102
0.661271
0.446414
1.071125
0.673383
0.526520
0.426147
0.488295
0.396183
0.748504
0.610150
0.605689
0.483956
0.556395
0.683904
0.618224
0.684062
0.643186
0.543394
0.741513
0.617799
1.056028
0.362868
1.167494
0.230867
0.704544
0.493069
0.323703
0.409484
1.022298
1.206110
0.559425
0.297197
0.414770
0.351845
0.744594
0.834525
0.652541
0.461074
0.684852
0.391063
0.499403
0.395482
0.464820
0.523827
0.573504
0.995459
1.139705
0.842115
0.286029
0.528276
0.378694
0.621868
0.553279
0.461945
1.312347
0.603238
0.678828
0.585672
0.572551
0.625518
0.524768
0.737820
0.860251
0.782401
0.676573
0.852880
0.454067
0.266842
1.227693
0.406379
0.560650
0.480921
0.451167
0.478989
0.432146
0.620628
0.600635
0.289672
1.253271
0.381370
0.185724
0.505135
0.604836
0.500005
0.838913
0.362179
0.487609
0.612895
0.427636
0.338534
0.449469
1.602358
0.510453
0.586286
0.917535
0.381820
0.492952
0.477407
0.496648
0.553247
1.208912
0.863968
1.488184
1.147427
1.456120
1.242676
0.472296
0.960989
0.581292
1.569051
1.734861
0.774717
0.974007
0.697207
1.086809
1.280993
1.022054
1.382652
0.948508
1.253525
0.614938
1.290841
1.053288
1.195753
0.830391
1.015064
0.477381
0.973398
1.371254
1.342648
1.007469
0.807740
1.041449
0.706897
0.918565
0.674679
0.603895
1.007442
0.878616
1.538218
0.959201
0.559458
0.689641
0.816897
0.588936
0.921822
0.687518
0.725137
0.725228
0.663995
0.731242
0.722082
0.724975
0.901311
0.818645
0.765574
0.764736
0.852409
0.635801
0.784845
0.646101
0.815621
0.547348
0.605903
0.692761
0.537723
0.476368
0.556156
0.619510
0.634489
0.569390
0.657216
0.569176
0.618288
0.888035
0.729003
0.612232
0.563776
0.526973
0.656105
0.567899
0.641256
0.639173
0.676595
0.629420
0.709696
0.674177
0.510101
0.668735
0.577700
0.633710
0.542100
0.560423
0.609196
0.635462
0.711278
0.579301
0.551258
0.695058
0.692158
0.690310
0.659616
0.617553
0.867808
0.527179
0.425365
0.419067
0.551909
0.572701
0.571656
0.486903
0.296371
0.446833
0.446524
0.526247
0.449086
0.748451
0.574484
0.528502
0.686392
0.599145
0.619957
0.505219
0.433974
0.396433
0.758457
0.642746
0.638388
0.465864
0.610674
0.846916
0.542940
0.434095
0.456182
0.617873
0.610221
0.676581
0.457894
0.574521
0.678114
0.409694
0.578357
0.541675
0.594126
0.547859
0.793990
0.723131
0.448819
0.425220
0.602592
0.464823
0.405083
0.244094
0.975146
0.254344
0.760562
0.233873
0.622517
0.368252
0.629415
0.725443
1.664530
0.773308
0.234839
0.390435
0.620657
0.582646
0.469761
1.316064
0.844169
0.239274
0.645313
0.925929
0.337712
0.212643
0.513671
0.328206
0.334356
0.844070
0.609119
0.739428
1.942501
0.367791
0.494552
0.334421
0.277596
0.634622
0.546485
0.466293
0.513442
0.578148
0.430987
0.484886
0.366208
0.549119
0.173264
0.759341
0.534051
0.498168
0.830456
0.608986
0.630942
0.419780
0.285992
0.595662
0.389118
0.625767
1.451441
0.848692
0.563703
0.453536
0.434568
0.380441
0.557509
0.203671
0.891121
0.441204
0.732298
0.910869
0.885430
0.433038
0.602036
0.304345
0.433223
0.317287
0.467019
0.293479
0.503468
0.752484
0.737912
0.229040
0.472187
0.516300
0.991899
0.348639
0.555155
0.620778
0.573490
0.323326
0.373074
0.502259
0.535136
0.435842
0.831321
0.365334
0.574325
0.393665
0.646385
0.655208
0.447582
1.066862
0.668215
0.528139
0.425874
0.483351
0.392912
0.748704
0.615352
0.596867
0.477955
0.550483
0.685596
0.619200
0.690229
0.645788
0.541341
0.748941
0.611403
1.060968
0.359649
1.170009
0.228116
0.704616
0.487797
0.319525
0.407587
1.022620
1.221394
0.558553
0.294331
0.413570
0.353713
0.740300
0.829664
0.652406
0.456156
0.685025
0.390808
0.490857
0.398765
0.460110
0.521373
0.577902
0.998320
1.143615
0.841956
0.284804
0.531327
0.374336
0.620735
0.546198
0.459683
1.316238
0.603716
0.680150
0.577698
0.566820
0.630198
0.525294
0.737904
0.849997
0.782317
0.675406
0.850351
0.447806
0.263641
1.230623
0.402517
0.565874
0.475608
0.447577
0.482245
0.432396
0.621887
0.597458
0.286865
1.256048
0.379925
0.182502
0.507341
0.604364
0.503164
0.840981
0.361796
0.486245
0.617608
0.428192
0.333743
0.448018
1.613390
0.510513
0.590277
0.925879
0.380302
0.497410
0.477285
0.498427
0.556508
1.215502
0.874073
1.500768
1.153546
1.468745
1.249016
0.473611
0.966333
0.582172
1.580890
1.747574
0.780521
0.980682
0.691245
1.093091
1.292657
1.031432
1.394861
0.957535
1.264718
0.610201
1.302431
1.062232
1.204982
0.839253
1.018544
0.479256
0.972183
1.381353
1.352711
1.004552
0.805938
1.038869
0.706672
0.916152
0.673269
0.602358
0.999752
0.872424
1.528544
0.956116
0.557062
0.688674
0.818155
0.588408
0.919654
0.684471
0.723742
0.724194
0.665921
0.730371
0.720632
0.721702
0.898280
0.814551
0.765169
0.763029
0.849915
0.635590
0.784115
0.646662
0.815411
0.546045
0.603747
0.691214
0.539346
0.475640
0.553842
0.617822
0.631537
0.569442
0.658443
0.568036
0.620424
0.891077
0.730173
0.611762
0.563573
0.526544
0.654450
0.566115
0.641071
0.638020
0.675768
0.626910
0.704286
0.674563
0.508860
0.666656
0.573687
0.630862
0.538361
0.556371
0.605740
0.632116
0.710343
0.576231
0.550157
0.696321
0.693890
0.690146
0.654413
0.612740
0.862782
0.523042
0.420351
0.415790
0.548699
0.570550
0.570072
0.486547
0.295569
0.440542
0.442261
0.524744
0.446657
0.745830
0.569331
0.523180
0.681456
0.592760
0.621217
0.507573
0.433622
0.392150
0.757790
0.645354
0.638667
0.465803
0.605895
0.851823
0.542033
0.434478
0.453442
0.617811
0.609242
0.671254
0.459387
0.575433
0.676058
0.406840
0.573742
0.538082
0.592480
0.544438
0.795807
0.722373
0.450319
0.423834
0.601642
0.467855
0.410586
0.240197
0.968133
0.253011
0.750782
0.231106
0.614021
0.371483
0.628271
0.715953
1.680341
0.766296
0.236906
0.389465
0.612140
0.575364
0.468631
1.323046
0.837748
0.236613
0.642189
0.914111
0.332790
0.209301
0.510914
0.326024
0.330159
0.837665
0.611415
0.742355
1.959102
0.370883
0.488659
0.329519
0.273980
0.627634
0.541176
0.469997
0.508273
0.575218
0.427647
0.486047
0.361945
0.544934
0.173509
0.757993
0.529390
0.492684
0.820598
0.607355
0.622837
0.414577
0.285578
0.594701
0.394514
0.625447
1.465746
0.842871
0.559754
0.454909
0.434532
0.383565
0.560565
0.201770
0.889151
0.442414
0.737601
0.903725
0.885069
0.433517
0.601970
0.302914
0.430646
0.316975
0.465338
0.293180
0.501964
0.748240
0.746065
0.230046
0.473383
0.516870
0.992198
0.344859
0.549792
0.617532
0.575188
0.319490
0.372671
0.500384
0.535477
0.432810
0.836719
0.363204
0.569573
0.395331
0.644412
0.650618
0.448640
1.063687
0.664302
0.529577
0.425776
0.479646
0.390504
0.748991
0.619554
0.590120
0.473437
0.546004
0.687072
0.620111
0.695215
0.647969
0.539874
0.754890
0.606565
1.064955
0.357276
1.172119
0.226102
0.704796
0.483822
0.316394
0.406242
1.023028
1.233460
0.558024
0.292254
0.412764
0.355297
0.737077
0.826016
0.652424
0.452466
0.685307
0.390731
0.484345
0.401485
0.456569
0.519574
0.581459
1.000690
1.146803
0.841981
0.283979
0.533837
0.371045
0.619988
0.540809
0.458031
1.319442
0.604213
0.681325
0.571618
0.562455
0.633983
0.525844
0.738099
0.842140
0.782400
0.674611
0.848509
0.443055
0.261256
1.233051
0.399654
0.570091
0.471569
0.444910
0.484894
0.432726
0.623022
0.595128
0.284813
1.258350
0.378911
0.180112
0.509200
0.604109
0.505772
0.842738
0.361598
0.485321
0.621444
0.428739
0.330128
0.447024
1.622205
0.510694
0.593552
0.932637
0.379208
0.501113
0.477361
0.499985
0.559248
1.220874
0.882299
1.510832
1.158441
1.478789
1.254145
0.474763
0.970659
0.583017
1.590311
1.757700
0.785202
0.986062
0.686691
1.098173
1.301957
1.038893
1.404600
0.964760
1.273636
0.606592
1.311653
1.069394
1.212361
0.846346
1.021402
0.480853
0.971353
1.389363
1.360761
1.002409
0.804651
1.036977
0.706623
0.914411
0.672287
0.601293
0.993804
0.867706
1.521068
0.953798
0.555344
0.688059
0.819253
0.588108
0.918068
0.682196
0.722761
0.723525
0.667546
0.729784
0.719638
0.719273
0.896054
0.811451
0.764966
0.761800
0.848079
0.635527
0.783646
0.647220
0.815349
0.545169
0.602169
0.690107
0.540739
0.475202
0.552154
0.616624
0.629340
0.569571
0.659498
0.567263
0.622211
0.893567
0.731208
0.611512
0.563534
0.526291
0.653257
0.564817
0.641050
0.637224
0.675214
0.625043
0.700138
0.674971
0.508014
0.665141
0.570624
0.628745
0.535538
0.553298
0.603142
0.629573
0.709681
0.573937
0.549398
0.697393
0.695367
0.690163
0.650421
0.609063
0.858940
0.519886
0.416512
0.413333
0.546266
0.568997
0.568935
0.486396
0.295041
0.435717
0.439001
0.523662
0.444867
0.743868
0.565381
0.519110
0.677655
0.587860
0.622309
0.509502
0.433432
0.388887
0.757381
0.647516
0.638996
0.465859
0.602253
0.855774
0.541445
0.434886
0.451398
0.617875
0.608597
0.667146
0.460634
0.576264
0.674573
0.404678
0.570237
0.535357
0.591300
0.541867
0.797333
0.721854
0.451615
0.422830
0.600976
0.470324
0.414994
0.237250
0.962742
0.252048
0.743204
0.229024
0.607466
0.374119
0.627495
0.708623
1.692851
0.760883
0.238631
0.388817
0.605564
0.569752
0.467875
1.328648
0.832804
0.234615
0.639831
0.904958
0.329022
0.206806
0.508867
0.324396
0.326976
0.832744
0.613325
0.744741
1.972219
0.373406
0.484163
0.325773
0.271254
0.622279
0.537094
0.473019
0.504312
0.573007
0.425125
0.487064
0.358695
0.541722
0.173786
0.757030
0.525826
0.488478
0.812965
0.606191
0.616591
0.410599
0.285360
0.594050
0.398848
0.625286
1.477008
0.838536
0.556733
0.456073
0.434584
0.386095
0.563034
0.200370
0.887711
0.443450
0.741854
0.898239
0.884886
0.433984
0.602015
0.301868
0.428710
0.316840
0.464098
0.293048
0.500875
0.745005
0.752540
0.230921
0.474433
0.517392
0.992499
0.341967
0.545655
0.615093
0.576600
0.316577
0.372458
0.498966
0.535831
0.430513
0.841013
0.361611
0.565960
0.396742
0.642940
0.647104
0.449556
1.061285
0.661304
0.530801
0.425773
0.476840
0.388719
0.749293
0.622919
0.584911
0.469987
0.542554
0.688296
0.620917
0.699200
0.649774
0.538772
0.759618
0.602880
1.068149
0.355505
1.173864
0.224605
0.705027
0.480791
0.313993
0.405263
1.023433
1.242990
0.557674
0.290718
0.412206
0.356596
0.734617
0.823247
0.652522
0.449675
0.685610
0.390749
0.479328
0.403700
0.453860
0.518245
0.584328
1.002605
1.149384
0.842098
0.283397
0.535881
0.368547
0.619488
0.536690
0.456799
1.322031
0.604661
0.682319
0.566929
0.559109
0.637020
0.526380
0.738319
0.836059
0.782566
0.674067
0.847156
0.439414
0.259465
1.235033
0.397510
0.573478
0.468501
0.442909
0.487009
0.433070
0.624002
0.593368
0.283308
1.260222
0.378185
0.178330
0.510746
0.603989
0.507871
0.844176
0.361525
0.484706
0.624502
0.429246
0.327403
0.446324
1.629171
0.510923
0.596172
0.937976
0.378433
0.504055
0.477470
0.501275
0.561440
1.225089
0.888748
1.518678
1.162281
1.486610
1.258174
0.475709
0.974068
0.583744
1.597641
1.765574
0.788882
0.990257
0.683337
1.102131
1.309111
1.044532
1.411862
0.970167
1.280293
0.603992
1.318536
1.074757
1.217862
0.851635
1.023572
0.482101
0.970802
1.395354
1.366755
1.000868
0.803772
1.035659
0.706648
0.913185
0.671625
0.600563
0.989510
0.864285
1.515627
0.952135
0.554124
0.687656
0.820122
0.587966
0.916961
0.680575
0.722104
0.723077
0.668822
0.729421
0.718940
0.717538
0.894459
0.809246
0.764870
0.760941
0.846777
0.635552
0.783360
0.647703
0.815370
0.544564
0.601080
0.689352
0.541822
0.474925
0.550964
0.615796
0.627783
0.569752
0.660352
0.566748
0.623585
0.895477
0.732028
0.611385
0.563569
0.526185
0.652425
0.563923
0.641096
0.636694
0.674877
0.623716
0.697146
0.675338
0.507442
0.664078
0.568437
0.627229
0.533510
0.551088
0.601280
0.627774
0.709274
0.572302
0.548895
0.698263
0.696512
0.690220
0.647546
0.606411
0.856149
0.517638
0.413739
0.411581
0.544535
0.567887
0.568156
0.486332
0.294713
0.432205
0.436651
0.522940
0.443587
0.742482
0.562521
0.516153
0.674919
0.584293
0.623162
0.511009
0.433357
0.386536
0.757129
0.649172
0.639299
0.465962
0.599602
0.858752
0.541064
0.435248
0.449942
0.617977
0.608151
0.664165
0.461627
0.576936
0.673516
0.403147
0.567678
0.533402
0.590468
0.540011
0.798497
0.721539
0.452617
0.422145
0.600553
0.472216
0.418323
0.235123
0.958788
0.251398
0.737636
0.227549
0.602642
0.376129
0.626963
0.703222
1.702190
0.756914
0.239972
0.388375
0.600735
0.565652
0.467345
1.332847
0.829183
0.233178
0.638135
0.898211
0.326278
0.204983
0.507381
0.323260
0.324661
0.829130
0.614791
0.746576
1.982019
0.375323
0.480856
0.323038
0.269279
0.618316
0.534118
0.475299
0.501422
0.571413
0.423289
0.487864
0.356316
0.539397
0.174047
0.756365
0.523226
0.485357
0.807329
0.605362
0.611979
0.407680
0.285236
0.593596
0.402122
0.625213
1.485445
0.835354
0.554549
0.456995
0.434688
0.388039
0.564944
0.199390
0.886668
0.444280
0.745081
0.894170
0.884799
0.434393
0.602094
0.301150
0.427315
0.316784
0.463234
0.292996
0.500100
0.742641
0.757408
0.231600
0.475250
0.517833
0.992777
0.339869
0.542612
0.613315
0.577714
0.314458
0.372358
0.497980
0.536150
0.428852
0.844270
0.360483
0.563303
0.397835
0.641896
0.644521
0.450289
1.059522
0.659116
0.531762
0.425823
0.474787
0.387426
0.749563
0.625493
0.581070
0.467459
0.540038
0.689260
0.621564
0.702228
0.651154
0.538012
0.763204
0.600157
1.070575
0.354229
1.175191
0.223536
0.705239
0.478570
0.312258
0.404573
1.023722
1.249850
0.557524
0.289761
0.411927
0.357467
0.733245
0.821585
0.652633
0.447961
0.685785
0.390823
0.476291
0.404998
0.452310
0.517517
0.586083
1.003826
1.150945
0.842140
0.283123
0.537161
0.367098
0.619200
0.534185
0.456163
1.323549
0.605018
0.682937
0.564128
0.557180
0.638884
0.526659
0.738500
0.832425
0.782621
0.673795
0.846344
0.437230
0.258447
1.236220
0.396174
0.575518
0.466681
0.441701
0.488413
0.433281
0.624557
0.592329
0.282358
1.261369
0.377816
0.177264
0.511673
0.603962
0.509190
0.845081
0.361545
0.484277
0.626409
0.429595
0.325694
0.445902
1.633328
0.511050
0.597777
0.941154
0.378011
0.505823
0.477532
0.502037
0.562758
1.227651
0.892546
1.523407
1.164759
1.491279
1.260520
0.476343
0.976097
0.584125
1.601981
1.770168
0.791046
0.992768
0.681266
1.104464
1.313387
1.048162
1.416492
0.973633
1.284564
0.602377
1.322944
1.078127
1.221369
0.855000
1.024981
0.482913
0.970473
1.399201
1.370447
0.999895
0.803211
1.034838
0.706645
0.912369
0.671236
0.600068
0.986882
0.862136
1.512303
0.951166
0.553302
0.687378
0.820667
0.587869
0.916288
0.679587
0.721715
0.722812
0.669652
0.729276
0.718505
0.716438
0.893404
0.807907
0.764870
0.760432
0.845965
0.635629
0.783272
0.648036
0.815451
0.544165
0.600418
0.688953
0.542534
0.474769
0.550208
0.615265
0.626828
0.569906
0.660930
0.566436
0.624488
0.896652
0.732572
0.611348
0.563588
0.526218
0.651943
0.563408
0.641145
0.636409
0.674700
0.622959
0.695329
0.675581
0.507088
0.663421
0.567112
0.626313
0.532289
0.549739
0.600132
0.626709
0.709099
0.571283
0.548601
0.698856
0.697277
0.690229
0.645792
0.604797
0.854439
0.516249
0.412035
0.410453
0.543499
0.567168
0.567672
0.486276
0.294527
0.429987
0.435256
0.522550
0.442791
0.741651
0.560745
0.514295
0.673257
0.582010
0.623751
0.511999
0.433358
0.385041
0.756978
0.650217
0.639506
0.466065
0.597913
0.860719
0.540787
0.435506
0.449038
0.618077
0.607875
0.662338
0.462355
0.577369
0.672820
0.402201
0.566062
0.532150
0.589972
0.538848
0.799329
0.721376
0.453253
0.421736
0.600336
0.473477
0.420532
0.233727
0.956269
0.251031
0.734035
0.226592
0.599512
0.377458
0.626602
0.699697
1.708303
0.754349
0.240843
0.388098
0.597585
0.562955
0.467005
1.335584
0.826842
0.232262
0.637051
0.893760
0.324501
0.203779
0.506413
0.322528
0.323144
0.826801
0.615759
0.747799
1.988528
0.376619
0.478654
0.321250
0.267968
0.615709
0.532186
0.476839
0.499526
0.570396
0.422104
0.488415
0.354781
0.537893
0.174255
0.755973
0.521516
0.483353
0.803583
0.604805
0.608887
0.405745
0.285192
0.593341
0.404322
0.625185
1.491178
0.833192
0.553106
0.457618
0.434778
0.389382
0.566247
0.198729
0.885979
0.444850
0.747252
0.891479
0.884758
0.434671
0.602148
0.300683
0.426387
0.316742
0.462680
0.292964
0.499615
0.741060
0.760733
0.232131
0.475813
0.518167
0.993000
0.338512
0.540618
0.612104
0.578500
0.313028
0.372285
0.497337
0.536387
0.427768
0.846521
0.359723
0.561524
0.398558
0.641211
0.642824
0.450804
1.058362
0.657695
0.532404
0.425904
0.473392
0.386566
0.749789
0.627253
0.578486
0.465747
0.538373
0.689942
0.622008
0.704283
0.652110
0.537535
0.765666
0.598317
1.072278
0.353380
1.176120
0.222833
0.705417
0.477075
0.311125
0.404141
1.024024
1.255045
0.557358
0.288863
0.411604
0.358353
0.731667
0.819839
0.652752
0.446238
0.686077
0.390886
0.473102
0.406562
0.450585
0.516679
0.588032
1.005130
1.152715
0.842311
0.282777
0.538556
0.365518
0.618950
0.531568
0.455374
1.325360
0.605353
0.683658
0.561118
0.555021
0.640934
0.527115
0.738704
0.828503
0.782820
0.673497
0.845538
0.434924
0.257316
1.237611
0.394880
0.577812
0.464711
0.440461
0.489821
0.433579
0.625298
0.591263
0.281453
1.262673
0.377384
0.176159
0.512761
0.603933
0.510632
0.846084
0.361511
0.483982
0.628451
0.429975
0.324012
0.445519
1.638010
0.511286
0.599568
0.944739
0.377558
0.507834
0.477694
0.502958
0.564275
1.230481
0.896869
1.528617
1.167306
1.496484
1.263290
0.477014
0.978409
0.584702
1.606885
1.775463
0.793551
0.995605
0.679067
1.107163
1.318236
1.052027
1.421615
0.977431
1.289227
0.600619
1.327760
1.081935
1.225264
0.858727
1.026537
0.483822
0.970162
1.403353
1.374726
0.998934
0.802691
1.033981
0.706746
0.911617
0.670832
0.599680
0.983934
0.859886
1.508579
0.950064
0.552609
0.687203
0.821357
0.587852
0.915600
0.678550
0.721328
0.722568
0.670570
0.729045
0.718114
0.715328
0.892429
0.806415
0.764834
0.759931
0.845149
0.635667
0.783085
0.648394
0.815479
0.543848
0.599713
0.688451
0.543319
0.474651
0.549480
0.614778
0.625812
0.570053
0.661546
0.566145
0.625483
0.898048
0.733193
0.611298
0.563685
0.526116
0.651443
0.562828
0.641246
0.636081
0.674511
0.622080
0.693309
0.675890
0.506768
0.662761
0.565638
0.625322
0.530926
0.548267
0.598911
0.625488
0.708832
0.570220
0.548322
0.699481
0.698108
0.690337
0.643829
0.602986
0.852569
0.514718
0.410169
0.409317
0.542329
0.566507
0.567198
0.486330
0.294356
0.427645
0.433624
0.522037
0.441971
0.740726
0.558804
0.512313
0.671358
0.579629
0.624379
0.513074
0.433323
0.383495
0.756877
0.651443
0.639759
0.466157
0.596158
0.862765
0.540619
0.435784
0.448067
0.618186
0.607636
0.660295
0.463013
0.577900
0.672190
0.401183
0.564366
0.530853
0.589447
0.537612
0.800153
0.721166
0.454040
0.421307
0.600047
0.474795
0.422816
0.232355
0.953606
0.250595
0.730283
0.225627
0.596282
0.378881
0.626335
0.696100
1.714734
0.751701
0.241827
0.387869
0.594353
0.560218
0.466715
1.338549
0.824418
0.231340
0.635939
0.889257
0.322663
0.202620
0.505483
0.321789
0.321616
0.824351
0.616823
0.749101
1.995252
0.377973
0.476500
0.319436
0.266708
0.613095
0.530189
0.478474
0.497601
0.569331
0.420897
0.489015
0.353179
0.536319
0.174462
0.755503
0.519797
0.481264
0.799812
0.604334
0.605848
0.403809
0.285151
0.593093
0.406617
0.625187
1.496904
0.831140
0.551634
0.458319
0.434887
0.390736
0.567564
0.198119
0.885350
0.445467
0.749500
0.888785
0.884742
0.435012
0.602265
0.300247
0.425526
0.316770
0.462111
0.292982
0.499135
0.739539
0.764056
0.232611
0.476447
0.518490
0.993203
0.337078
0.538573
0.610988
0.579271
0.311661
0.372260
0.496696
0.536633
0.426661
0.848716
0.358999
0.559773
0.399371
0.640541
0.641129
0.451345
1.057211
0.656238
0.533128
0.425938
0.472084
0.385750
0.749984
0.628979
0.576117
0.464109
0.536693
0.690641
0.622489
0.706381
0.653096
0.537025
0.768101
0.596571
1.073931
0.352574
1.177072
0.222146
0.705589
0.475628
0.309972
0.403714
1.024319
1.259897
0.557256
0.288201
0.411379
0.359057
0.730453
0.818519
0.652847
0.444948
0.686325
0.390930
0.470691
0.407762
0.449264
0.516063
0.589535
1.006137
1.154087
0.842457
0.282549
0.539634
0.364319
0.618767
0.529599
0.454784
1.326784
0.605622
0.684224
0.558857
0.553388
0.642514
0.527450
0.738879
0.825508
0.782993
0.673288
0.844926
0.433158
0.256469
1.238680
0.393899
0.579591
0.463222
0.439527
0.490909
0.433822
0.625874
0.590457
0.280789
1.263667
0.377078
0.175332
0.513610
0.603914
0.511732
0.846857
0.361514
0.483768
0.630037
0.430280
0.322744
0.445246
1.641601
0.511471
0.600954
0.947527
0.377225
0.509374
0.477852
0.503672
0.565454
1.232670
0.900211
1.532604
1.169297
1.500490
1.265398
0.477526
0.980183
0.585163
1.610653
1.779518
0.795474
0.997800
0.677392
1.109262
1.321955
1.054983
1.425562
0.980366
1.292810
0.599292
1.331464
1.084865
1.228250
0.861593
1.027719
0.484545
0.969938
1.406568
1.378009
0.998241
0.802304
1.033353
0.706835
0.911085
0.670545
0.599398
0.981710
0.858180
1.505750
0.949229
0.552083
0.687095
0.821889
0.587854
0.915084
0.677764
0.721055
0.722407
0.671282
0.728876
0.717859
0.714504
0.891709
0.805282
0.764827
0.759535
0.844536
0.635710
0.782958
0.648680
0.815511
0.543643
0.599184
0.688085
0.543938
0.474576
0.548942
0.614437
0.625059
0.570193
0.662024
0.565953
0.626253
0.899148
0.733684
0.611285
0.563770
0.526056
0.651053
0.562413
0.641293
0.635834
0.674385
0.621423
0.691763
0.676133
0.506538
0.662270
0.564525
0.624597
0.529889
0.547143
0.597979
0.624539
0.708631
0.569415
0.548122
0.699959
0.698785
0.690468
0.642343
0.601613
0.851149
0.513565
0.408744
0.408485
0.541455
0.566030
0.566845
0.486379
0.294236
0.425850
0.432403
0.521647
0.441368
0.740032
0.557340
0.510817
0.669906
0.577823
0.624884
0.513892
0.433310
0.382297
0.756828
0.652416
0.639978
0.466252
0.594839
0.864386
0.540503
0.436026
0.447341
0.618285
0.607496
0.658710
0.463557
0.578321
0.671730
0.400425
0.563090
0.529895
0.589056
0.536696
0.800815
0.721056
0.454641
0.421002
0.599852
0.475831
0.424591
0.231311
0.951584
0.250281
0.727432
0.224916
0.593815
0.379976
0.626133
0.693364
1.719679
0.749679
0.242596
0.387712
0.591876
0.558138
0.466508
1.340826
0.822565
0.230636
0.635092
0.885803
0.321286
0.201767
0.504767
0.321224
0.320460
0.822471
0.617667
0.750104
2.000411
0.379022
0.474878
0.318073
0.265748
0.611114
0.528651
0.479735
0.496139
0.568554
0.419991
0.489468
0.351963
0.535135
0.174632
0.755214
0.518476
0.479685
0.796928
0.603969
0.603514
0.402350
0.285138
0.592898
0.408387
0.625206
1.501183
0.829941
0.550862
0.458697
0.434947
0.391489
0.568315
0.197779
0.884992
0.445808
0.750719
0.887290
0.884736
0.435176
0.602330
0.300003
0.425018
0.316768
0.461844
0.292989
0.498893
0.738658
0.765909
0.232911
0.476760
0.518693
0.993358
0.336351
0.537502
0.610335
0.579719
0.310889
0.372246
0.496378
0.536794
0.426087
0.850016
0.358603
0.558807
0.399795
0.640204
0.640171
0.451644
1.056617
0.655444
0.533503
0.426015
0.471326
0.385289
0.750151
0.630012
0.574522
0.463162
0.535780
0.691031
0.622764
0.707549
0.653657
0.536797
0.769487
0.595552
1.074894
0.352110
1.177615
0.221782
0.705710
0.474819
0.309361
0.403493
1.024467
1.262663
0.557216
0.287793
0.411281
0.359495
0.729826
0.817783
0.652936
0.444185
0.686436
0.390997
0.469299
0.408423
0.448567
0.515741
0.590398
1.006746
1.154857
0.842516
0.282437
0.540258
0.363663
0.618659
0.528468
0.454518
1.327549
0.605802
0.684560
0.557572
0.552498
0.643424
0.527637
0.738983
0.823846
0.783078
0.673172
0.844580
0.432173
0.256015
1.239283
0.393324
0.580607
0.462397
0.438993
0.491582
0.433967
0.626185
0.589998
0.280396
1.264245
0.376920
0.174860
0.514093
0.603916
0.512379
0.847326
0.361532
0.483621
0.630950
0.430470
0.321992
0.445087
1.643622
0.511570
0.601749
0.949049
0.377054
0.510242
0.477918
0.504063
0.566097
1.233900
0.902044
1.534858
1.170496
1.502715
1.266552
0.477866
0.981166
0.585384
1.612708
1.781711
0.796516
0.998992
0.676498
1.110366
1.323930
1.056604
1.427580
0.981864
1.294664
0.598639
1.333363
1.086326
1.229755
0.863049
1.028351
0.484903
0.969829
1.408213
1.379566
0.997847
0.802103
1.033047
0.706864
0.910761
0.670405
0.599217
0.980668
0.857318
1.504418
0.948870
0.551755
0.687006
0.822131
0.587826
0.914831
0.677372
0.720916
0.722321
0.671643
0.728841
0.717694
0.714078
0.891293
0.804775
0.764834
0.759353
0.844224
0.635780
0.782939
0.648855
0.815578
0.543482
0.598935
0.687956
0.544262
0.474535
0.548639
0.614233
0.624677
0.570281
0.662296
0.565846
0.626644
0.899643
0.733937
0.611304
0.563794
0.526111
0.650883
0.562214
0.641348
0.635756
0.674324
0.621141
0.691035
0.676261
0.506409
0.662031
0.564013
0.624237
0.529410
0.546620
0.597539
0.624148
0.708586
0.569029
0.548010
0.700236
0.699106
0.690505
0.641633
0.600968
0.850472
0.513017
0.408059
0.408049
0.541054
0.565745
0.566677
0.486367
0.294168
0.424930
0.431827
0.521524
0.441049
0.739712
0.556615
0.510045
0.669232
0.576868
0.625158
0.514349
0.433339
0.381687
0.756774
0.652879
0.640083
0.466317
0.594140
0.865254
0.540413
0.436171
0.446974
0.618361
0.607400
0.657941
0.463876
0.578537
0.671432
0.400037
0.562398
0.529379
0.588868
0.536205
0.801161
0.720990
0.454947
0.420835
0.599777
0.476406
0.425557
0.230735
0.950517
0.250146
0.725881
0.224533
0.592490
0.380583
0.626002
0.691838
1.722379
0.748584
0.242995
0.387614
0.590534
0.556981
0.466386
1.342038
0.821572
0.230258
0.634633
0.883879
0.320522
0.201265
0.504372
0.320924
0.319817
0.821485
0.618118
0.750679
2.003319
0.379630
0.473933
0.317295
0.265196
0.609975
0.527827
0.480403
0.495333
0.568117
0.419486
0.489740
0.351308
0.534485
0.174753
0.755046
0.517738
0.478806
0.795286
0.603758
0.602169
0.401507
0.285127
0.592816
0.409387
0.625228
1.503884
0.828630
0.549908
0.459164
0.435022
0.392394
0.569205
0.197406
0.884600
0.446208
0.752244
0.885517
0.884762
0.435439
0.602427
0.299720
0.424466
0.316824
0.461482
0.293030
0.498584
0.737680
0.768123
0.233235
0.477217
0.518921
0.993511
0.335415
0.536150
0.609645
0.580236
0.310014
0.372251
0.495947
0.536973
0.425359
0.851441
0.358146
0.557677
0.400372
0.639784
0.639068
0.452019
1.055912
0.654491
0.534023
0.426052
0.470484
0.384768
0.750291
0.631188
0.572852
0.462131
0.534684
0.691500
0.623109
0.708979
0.654331
0.536461
0.771097
0.594430
1.075989
0.351607
1.178240
0.221337
0.705841
0.473887
0.308593
0.403214
1.024693
1.265835
0.557139
0.287388
0.411152
0.359944
0.729023
0.816937
0.653016
0.443369
0.686630
0.391045
0.467749
0.409229
0.447724
0.515335
0.591387
1.007414
1.155776
0.842645
0.282285
0.540982
0.362894
0.618577
0.527192
0.454108
1.328499
0.605996
0.684933
0.556095
0.551426
0.644468
0.527890
0.739111
0.821898
0.783201
0.673038
0.844198
0.431034
0.255463
1.240016
0.392698
0.581781
0.461410
0.438400
0.492281
0.434136
0.626598
0.589499
0.279982
1.264922
0.376724
0.174334
0.514657
0.603916
0.513117
0.847843
0.361545
0.483506
0.631986
0.430681
0.321186
0.444915
1.646033
0.511712
0.602677
0.950907
0.376837
0.511284
0.478035
0.504550
0.566885
1.235357
0.904255
1.537507
1.171817
1.505370
1.267983
0.478204
0.982354
0.585716
1.615201
1.784425
0.797808
1.000434
0.675407
1.111759
1.326425
1.058551
1.430212
0.983843
1.297059
0.597779
1.335831
1.088295
1.231756
0.864955
1.029153
0.485396
0.969708
1.410342
1.381782
0.997396
0.801852
1.032637
0.706953
0.910425
0.670231
0.599059
0.979178
0.856201
1.502539
0.948321
0.551450
0.686947
0.822499
0.587840
0.914496
0.676878
0.720730
0.722232
0.672123
0.728757
0.717519
0.713547
0.890843
0.804025
0.764827
0.759115
0.843829
0.635803
0.782855
0.649048
0.815591
0.543366
0.598598
0.687700
0.544680
0.474503
0.548317
0.614023
0.624196
0.570372
0.662611
0.565721
0.627163
0.900363
0.734261
0.611284
0.563869
0.526061
0.650651
0.561936
0.641407
0.635597
0.674244
0.620692
0.690017
0.676422
0.506278
0.661726
0.563262
0.623753
0.528719
0.545887
0.596935
0.623502
0.708456
0.568507
0.547907
0.700566
0.699542
0.690580
0.640662
0.600065
0.849536
0.512257
0.407113
0.407502
0.540467
0.565450
0.566443
0.486427
0.294114
0.423769
0.431010
0.521268
0.440672
0.739233
0.555630
0.509054
0.668258
0.575691
0.625481
0.514908
0.433334
0.380899
0.756750
0.653542
0.640224
0.466371
0.593272
0.866303
0.540349
0.436305
0.446499
0.618430
0.607316
0.656893
0.464220
0.578824
0.671146
0.399542
0.561562
0.528755
0.588613
0.535597
0.801590
0.720900
0.455365
0.420642
0.599626
0.477081
0.426726
0.230067
0.949189
0.249922
0.724015
0.224069
0.590882
0.381317
0.625899
0.690068
1.725632
0.747266
0.243520
0.387531
0.588923
0.555640
0.466277
1.343573
0.820345
0.229804
0.634101
0.881643
0.319628
0.200707
0.503912
0.320554
0.319080
0.820241
0.618678
0.751350
2.006723
0.380312
0.472879
0.316415
0.264574
0.608685
0.526832
0.481277
0.494370
0.567592
0.418889
0.490060
0.350515
0.533702
0.174856
0.754841
0.516880
0.477772
0.793424
0.603559
0.600663
0.400553
0.285123
0.592717
0.410581
0.625255
1.506769
0.827626
0.549186
0.459544
0.435113
0.393074
0.569896
0.197117
0.884329
0.446552
0.753386
0.884185
0.884771
0.435637
0.602532
0.299510
0.424071
0.316862
0.461221
0.293060
0.498346
0.736931
0.769800
0.233494
0.477551
0.519087
0.993607
0.334717
0.535154
0.609119
0.580626
0.309354
0.372254
0.495628
0.537108
0.424803
0.852561
0.357784
0.556805
0.400832
0.639468
0.638243
0.452311
1.055365
0.653737
0.534420
0.426077
0.469860
0.384381
0.750417
0.632078
0.571583
0.461347
0.533848
0.691864
0.623379
0.710035
0.654847
0.536207
0.772337
0.593581
1.076827
0.351216
1.178737
0.221005
0.705945
0.473168
0.308028
0.403026
1.024864
1.268279
0.557090
0.287087
0.411042
0.360302
0.728421
0.816279
0.653082
0.442741
0.686765
0.391096
0.466569
0.409857
0.447078
0.515023
0.592163
1.007923
1.156478
0.842731
0.282162
0.541527
0.362308
0.618496
0.526209
0.453814
1.329242
0.606134
0.685234
0.554976
0.550611
0.645280
0.528092
0.739217
0.820414
0.783316
0.672933
0.843913
0.430169
0.255039
1.240580
0.392253
0.582698
0.460671
0.437956
0.492851
0.434283
0.626923
0.589125
0.279659
1.265446
0.376567
0.173935
0.515099
0.603916
0.513679
0.848255
0.361543
0.483432
0.632786
0.430843
0.320585
0.444817
1.647867
0.511847
0.603403
0.952311
0.376682
0.512077
0.478116
0.504940
0.567508
1.236450
0.905962
1.539514
1.172801
1.507379
1.269078
0.478448
0.983271
0.585981
1.617100
1.786460
0.798752
1.001483
0.674651
1.112748
1.328146
1.059918
1.432053
0.985188
1.298709
0.597179
1.337545
1.089656
1.233141
0.866277
1.029720
0.485746
0.969603
1.411832
1.383326
0.997058
0.801701
1.032347
0.707012
0.910206
0.670119
0.598939
0.978165
0.855438
1.501256
0.947966
0.551228
0.686908
0.822767
0.587863
0.914275
0.676525
0.720617
0.722173
0.672460
0.728682
0.717402
0.713185
0.890540
0.803509
0.764852
0.758946
0.843573
0.635836
0.782820
0.649202
0.815627
0.543289
0.598365
0.687547
0.544968
0.474478
0.548089
0.613887
0.623853
0.570438
0.662842
0.565643
0.627546
0.900898
0.734493
0.611282
0.563926
0.526015
0.650487
0.561767
0.641454
0.635502
0.674196
0.620414
0.689323
0.676544
0.506190
0.661511
0.562755
0.623434
0.528262
0.545388
0.596514
0.623079
0.708380
0.568142
0.547827
0.700805
0.699853
0.690656
0.639985
0.599436
0.848905
0.511746
0.406470
0.407134
0.540071
0.565225
0.566291
0.486462
0.294068
0.422978
0.430442
0.521087
0.440405
0.738934
0.554969
0.508377
0.667601
0.574885
0.625719
0.515286
0.433318
0.380375
0.756733
0.653997
0.640348
0.466418
0.592664
0.867060
0.540307
0.436431
0.446175
0.618486
0.607239
0.656165
0.464454
0.579053
0.670940
0.399187
0.560966
0.528317
0.588434
0.535164
0.801916
0.720847
0.455655
0.420514
0.599555
0.477562
0.427551
0.229604
0.948255
0.249787
0.722706
0.223745
0.589746
0.381825
0.625823
0.688825
1.727926
0.746333
0.243883
0.387468
0.587792
0.554693
0.466209
1.344656
0.819523
0.229483
0.633706
0.880053
0.318998
0.200339
0.503601
0.320292
0.318568
0.819392
0.619073
0.751838
2.009115
0.380802
0.472147
0.315792
0.264164
0.607773
0.526136
0.481877
0.493710
0.567238
0.418484
0.490280
0.349960
0.533159
0.174951
0.754696
0.516295
0.477066
0.792107
0.603395
0.599586
0.399896
0.285138
0.592642
0.411414
0.625267
1.508812
0.826934
0.548674
0.459792
0.435173
0.393545
0.570370
0.196923
0.884126
0.446784
0.754236
0.883264
0.884791
0.435770
0.602575
0.299365
0.423768
0.316906
0.461019
0.293073
0.498187
0.736407
0.770992
0.233687
0.477811
0.519212
0.993697
0.334224
0.534418
0.608746
0.580913
0.308887
0.372267
0.495408
0.537211
0.424413
0.853340
0.357539
0.556222
0.401121
0.639244
0.637651
0.452514
1.054977
0.653236
0.534695
0.426091
0.469417
0.384111
0.750514
0.632702
0.570683
0.460782
0.533272
0.692124
0.623556
0.710803
0.655203
0.536049
0.773213
0.592988
1.077439
0.350970
1.179092
0.220763
0.706019
0.472673
0.307639
0.402877
1.024994
1.270017
0.557081
0.286863
0.410971
0.360556
0.728014
0.815821
0.653122
0.442307
0.686865
0.391117
0.465729
0.410304
0.446628
0.514852
0.592707
1.008296
1.156968
0.842814
0.282087
0.541929
0.361892
0.618447
0.525536
0.453613
1.329762
0.606234
0.685458
0.554171
0.550045
0.645848
0.528232
0.739286
0.819359
0.783394
0.672876
0.843712
0.429553
0.254767
1.240977
0.391928
0.583354
0.460158
0.437649
0.493249
0.434378
0.627141
0.588855
0.279440
1.265812
0.376459
0.173655
0.515417
0.603926
0.514089
0.848526
0.361548
0.483365
0.633378
0.430959
0.320162
0.444731
1.649163
0.511928
0.603896
0.953318
0.376562
0.512639
0.478194
0.505194
0.567931
1.237235
0.907157
1.540932
1.173549
1.508813
1.269860
0.478668
0.983911
0.586166
1.618469
1.787943
0.799502
1.002338
0.674017
1.113591
1.329640
1.061092
1.433643
0.986373
1.300159
0.596661
1.339037
1.090848
1.234365
0.867457
1.030204
0.486027
0.969541
1.413117
1.384658
0.996787
0.801565
1.032136
0.707066
0.910010
0.670008
0.598854
0.977281
0.854789
1.500133
0.947627
0.551056
0.686897
0.822978
0.587881
0.914085
0.676237
0.720514
0.722117
0.672762
0.728624
0.717330
0.712874
0.890256
0.803053
0.764827
0.758827
0.843348
0.635861
0.782756
0.649311
0.815641
0.543215
0.598176
0.687402
0.545226
0.474462
0.547875
0.613768
0.623582
0.570507
0.663040
0.565570
0.627857
0.901346
0.734700
0.611286
0.563973
0.525983
0.650356
0.561613
0.641516
0.635415
0.674145
0.620148
0.688736
0.676660
0.506113
0.661335
0.562332
0.623140
0.527864
0.544961
0.596173
0.622717
0.708298
0.567847
0.547747
0.700997
0.700128
0.690717
0.639401
0.598886
0.848348
0.511284
0.405902
0.406824
0.539711
0.565057
0.566171
0.486494
0.294022
0.422285
0.429934
0.520925
0.440179
0.738648
0.554395
0.507784
0.667010
0.574173
0.625918
0.515627
0.433315
0.379911
0.756721
0.654395
0.640435
0.466467
0.592156
0.867684
0.540294
0.436522
0.445891
0.618536
0.607230
0.655553
0.464653
0.579241
0.670788
0.398905
0.560479
0.527942
0.588289
0.534806
0.802174
0.720792
0.455918
0.420390
0.599466
0.477956
0.428256
0.229204
0.947459
0.249661
0.721582
0.223461
0.588784
0.382271
0.625753
0.687754
1.729883
0.745543
0.244203
0.387407
0.586830
0.553884
0.466145
1.345571
0.818796
0.229219
0.633381
0.878727
0.318451
0.200017
0.503325
0.320074
0.318104
0.818628
0.619422
0.752246
2.011184
0.381213
0.471518
0.315266
0.263793
0.607000
0.525532
0.482389
0.493152
0.566931
0.418122
0.490467
0.349478
0.532675
0.175021
0.754575
0.515788
0.476452
0.790972
0.603280
0.598690
0.399317
0.285127
0.592576
0.412136
0.625289
1.510531
0.826334
0.548244
0.460007
0.435203
0.393969
0.570777
0.196754
0.883955
0.446990
0.754916
0.882468
0.884806
0.435904
0.602630
0.299245
0.423532
0.316946
0.460860
0.293097
0.498070
0.735953
0.772006
0.233818
0.478017
0.519313
0.993775
0.333765
0.533816
0.608425
0.581149
0.308505
0.372289
0.495210
0.537300
0.424095
0.854020
0.357334
0.555712
0.401389
0.639052
0.637159
0.452679
1.054665
0.652795
0.534947
0.426121
0.469035
0.383882
0.750598
0.633229
0.569930
0.460304
0.532766
0.692357
0.623722
0.711440
0.655511
0.535907
0.773945
0.592483
1.077921
0.350745
1.179382
0.220563
0.706066
0.472253
0.307276
0.402761
1.025086
1.271469
0.557046
0.286682
0.410903
0.360777
0.727654
0.815436
0.653158
0.441948
0.686951
0.391147
0.465018
0.410691
0.446233
0.514638
0.593154
1.008601
1.157396
0.842863
0.281998
0.542251
0.361545
0.618425
0.524969
0.453439
1.330214
0.606316
0.685637
0.553515
0.549566
0.646317
0.528352
0.739351
0.818463
0.783454
0.672806
0.843541
0.429044
0.254518
1.241316
0.391651
0.583889
0.459716
0.437376
0.493573
0.434456
0.627327
0.588621
0.279257
1.266105
0.376391
0.173415
0.515675
0.603924
0.514418
0.848761
0.361553
0.483337
0.633851
0.431052
0.319797
0.444647
1.650274
0.511990
0.604330
0.954177
0.376470
0.513117
0.478259
0.505418
0.568291
1.237903
0.908174
1.542145
1.174135
1.510010
1.270519
0.478831
0.984459
0.586325
1.619617
1.789196
0.800080
1.003014
0.673493
1.114239
1.330770
1.061989
1.434869
0.987273
1.301242
0.596257
1.340171
1.091768
1.235280
0.868332
1.030576
0.486254
0.969493
1.414076
1.385694
0.996611
0.801472
1.031970
0.707105
0.909876
0.669948
0.598778
0.976604
0.854293
1.499281
0.947379
0.550931
0.686878
0.823181
0.587892
0.913942
0.676001
0.720439
0.722077
0.672980
0.728584
0.717258
0.712651
0.890072
0.802739
0.764857
0.758713
0.843182
0.635876
0.782735
0.649404
0.815645
0.543172
0.598028
0.687284
0.545427
0.474448
0.547736
0.613679
0.623358
0.570567
0.663190
0.565533
0.628101
0.901693
0.734870
0.611279
0.564011
0.525958
0.650249
0.561498
0.641546
0.635346
0.674109
0.619945
0.688284
0.676749
0.506055
0.661197
0.561996
0.622926
0.527562
0.544624
0.595896
0.622425
0.708253
0.567602
0.547710
0.701148
0.700337
0.690770
0.638967
0.598470
0.847920
0.510961
0.405478
0.406584
0.539452
0.564930
0.566075
0.486537
0.293997
0.421747
0.429564
0.520787
0.440020
0.738451
0.553934
0.507336
0.666581
0.573635
0.626083
0.515884
0.433327
0.379564
0.756732
0.654708
0.640518
0.466496
0.591780
0.868190
0.540262
0.436593
0.445672
0.618572
0.607226
0.655085
0.464802
0.579381
0.670662
0.398674
0.560102
0.527675
0.588202
0.534517
0.802375
0.720765
0.456112
0.420312
0.599410
0.478286
0.428787
0.228913
0.946865
0.249573
0.720724
0.223261
0.588061
0.382605
0.625702
0.686958
1.731399
0.744931
0.244440
0.387371
0.586089
0.553273
0.466088
1.346286
0.818250
0.229019
0.633135
0.877699
0.318041
0.199765
0.503133
0.319910
0.317780
0.818060
0.619688
0.752553
2.012741
0.381543
0.471058
0.314870
0.263526
0.606407
0.525078
0.482790
0.492711
0.566703
0.417850
0.490620
0.349110
0.532332
0.175073
0.754475
0.515401
0.475974
0.790123
0.603186
0.598026
0.398896
0.285148
0.592549
0.412670
0.625314
1.511877
0.825880
0.547914
0.460196
0.435252
0.394282
0.571090
0.196631
0.883834
0.447143
0.755450
0.881857
0.884808
0.436001
0.602674
0.299148
0.423355
0.316946
0.460740
0.293117
0.497965
0.735611
0.772774
0.233954
0.478166
0.519399
0.993819
0.333454
0.533345
0.608198
0.581340
0.308198
0.372301
0.495072
0.537373
0.423845
0.854527
0.357173
0.555306
0.401602
0.638927
0.636752
0.452828
1.054423
0.652459
0.535146
0.426137
0.468753
0.383723
0.750645
0.633642
0.569358
0.459962
0.532382
0.692508
0.623854
0.711932
0.655761
0.535785
0.774522
0.592095
1.078322
0.350556
1.179624
0.220411
0.706118
0.471926
0.307031
0.402680
1.025177
1.272595
0.557029
0.286548
0.410869
0.360950
0.727370
0.815153
0.653185
0.441666
0.687023
0.391171
0.464491
0.410978
0.445948
0.514519
0.593523
1.008838
1.157726
0.842912
0.281968
0.542516
0.361290
0.618383
0.524533
0.453303
1.330578
0.606379
0.685778
0.553002
0.549201
0.646701
0.528454
0.739390
0.817790
0.783509
0.672783
0.843419
0.428659
0.254341
1.241573
0.391452
0.584301
0.459383
0.437194
0.493810
0.434542
0.627511
0.588449
0.279117
1.266371
0.376335
0.173242
0.515895
0.603932
0.514675
0.848965
0.361550
0.483299
0.634203
0.431138
0.319537
0.444621
1.651109
0.512046
0.604660
0.954823
0.376414
0.513485
0.478301
0.505599
0.568585
1.238404
0.908963
1.543076
1.174599
1.510963
1.271032
0.478945
0.984887
0.586444
1.620507
1.790160
0.800541
1.003530
0.673141
1.114733
1.331646
1.062684
1.435787
0.987944
1.302086
0.595949
1.341022
1.092456
1.235987
0.868993
1.030854
0.486431
0.969435
1.414826
1.386474
