13.037368
12.958742
12.740850
12.721757
12.922829
12.482442
12.877445
12.500297
13.119861
12.391050
12.151197
12.953423
12.626480
12.336093
12.271612
12.177915
12.052095
11.915995
11.909031
11.557384
11.645313
11.737240
11.819523
11.988202
11.185806
10.924324
11.184947
11.279239
10.472311
10.296647
10.311180
9.915008
10.427734
9.938034
9.633930
9.518456
9.653213
9.625192
9.484281
9.165236
8.863172
8.532473
8.735384
8.236441
8.427705
8.165409
7.919369
7.985426
7.115384
7.678979
7.378546
7.347671
6.923548
6.993349
6.802259
6.831445
6.537889
6.732449
6.628649
6.263615
6.155587
6.052519
5.973603
5.977112
5.636961
5.420686
5.529431
5.456569
5.177814
5.140055
5.375964
4.931181
4.825567
4.886891
4.804808
4.598214
4.825962
4.367268
4.647524
4.407681
4.335602
4.175847
4.226507
3.718509
3.593558
3.918432
3.680925
3.647104
3.698019
3.317008
3.630244
3.289912
3.291064
3.173739
3.261788
3.332535
3.287857
2.983288
2.958345
3.025014
2.872111
3.001200
2.776672
2.637109
2.712426
2.854944
2.411103
2.320737
2.687356
2.668458
2.338356
2.361006
2.327515
2.186169
2.192908
2.138732
2.056388
2.225839
2.042848
1.970969
1.938331
1.855393
2.015315
1.891408
1.755891
1.889081
1.795227
1.800542
1.694914
1.857749
1.836435
1.621305
1.624988
1.609327
1.554144
1.572607
1.540331
1.585221
1.632647
1.402016
1.412527
1.378132
1.483073
1.289132
1.376989
1.383899
1.239899
1.299792
1.148960
1.218732
1.208762
1.201811
1.112949
1.313766
1.122786
1.161030
1.166016
0.974618
1.180130
0.989358
0.932805
0.973058
0.981342
0.893418
0.839184
0.824071
0.925524
0.854541
0.876501
0.897245
0.965372
0.876900
0.828525
0.854043
0.838861
0.810593
0.796892
0.741376
0.861799
0.686362
0.788756
0.721529
0.661102
0.660214
0.720763
0.750277
0.685499
0.738381
0.744992
0.641513
0.676721
0.684372
0.590061
0.647792
0.637518
0.590553
0.578722
0.593506
0.619763
0.559434
0.508256
0.547032
0.479087
0.439901
0.455695
0.451051
0.647947
0.450186
0.486579
0.527204
0.471694
0.476456
0.451675
0.424980
0.443442
0.537092
0.483980
0.437527
0.422341
0.435818
0.413149
0.455910
0.431915
0.365846
0.441070
0.372285
0.380000
0.403076
0.388228
0.450541
0.341253
0.367125
0.354665
0.407036
0.374615
0.336665
0.410141
0.392804
0.385009
0.387783
0.383142
0.325758
0.340888
0.317666
0.353547
0.312613
0.320311
0.377370
0.340194
0.322896
0.333214
0.278602
0.285204
0.367410
0.289765
0.325847
0.343445
0.301950
0.364340
0.310368
0.299095
0.301429
0.242742
0.266415
0.346204
0.299830
0.293772
0.251518
0.293417
0.288872
0.322406
0.242129
0.290379
0.280065
0.313352
0.343220
0.254577
0.261806
0.272230
0.231184
0.311427
0.266842
0.284312
0.270957
0.247567
0.250357
0.291303
0.265797
0.227549
0.235347
0.261372
0.268684
0.224952
0.236544
0.266953
0.282199
0.249353
0.245815
0.167525
0.248171
0.241759
0.200069
0.232668
0.201969
0.239455
0.213815
0.225164
0.247124
0.247483
0.267970
0.205650
0.245578
0.274975
0.201544
0.207733
0.210746
0.219378
0.218976
0.262220
0.254617
0.272287
0.249377
0.260163
0.233917
0.190585
0.185458
0.254352
0.206029
0.268981
0.193960
0.186741
0.263383
0.244232
0.188679
0.188478
0.233807
0.247971
0.219324
0.212936
0.182985
0.256305
0.217630
0.218059
0.215164
0.173858
0.228308
0.206183
0.214332
0.252348
0.230364
0.227981
0.204789
0.221712
0.228506
0.232293
0.203706
0.239267
0.137800
0.201553
0.222370
0.243618
0.224238
0.195644
0.190422
0.215548
0.194403
0.192086
0.219228
0.239718
0.197782
0.180174
0.238031
0.229465
0.232863
0.223251
0.247762
0.194020
0.259506
0.175442
0.267110
0.189123
0.180434
0.236769
0.217245
0.207773
0.193946
0.216120
0.216492
0.228686
0.197118
0.200784
0.196406
0.237389
0.189258
0.187976
0.185941
0.186102
0.255311
0.217522
0.205998
0.162102
0.240136
0.205258
0.190567
0.217613
0.178060
0.193572
0.218273
0.183823
0.228871
0.180080
0.155486
0.244224
0.207111
0.161374
0.200738
0.184568
0.241499
0.294472
0.219813
0.221366
0.238020
0.257504
0.169628
0.206025
0.190253
0.236494
0.205463
0.177941
0.204750
0.213064
0.216762
0.206076
0.193793
0.191847
0.203059
0.211766
0.220156
0.189423
0.202812
0.219882
0.223455
0.234483
0.242568
0.195979
0.165162
0.215653
0.163392
0.260306
0.208615
0.230549
0.177991
0.264209
0.301867
0.291630
0.249552
0.217416
0.223182
0.187716
0.193220
0.195537
0.201268
0.224497
0.226640
0.224171
0.181109
0.201850
0.268075
0.231316
0.252150
0.184288
0.228493
0.170676
0.244363
0.187758
0.187924
0.190748
0.217784
0.202438
0.165480
0.205692
0.168764
0.190587
0.207865
0.147708
0.182492
0.207161
0.204583
0.197909
0.256248
0.200788
0.168485
0.158828
0.226426
0.238535
0.209001
0.279488
0.167696
0.201121
0.227075
0.192384
0.246269
0.202511
0.192210
0.198226
0.183797
0.304834
0.177400
0.185480
0.199520
0.216375
0.218611
0.205781
0.165567
0.284194
0.178454
0.270125
0.201239
0.233197
0.180488
0.196013
0.234957
0.217894
0.166779
0.204543
0.242934
0.199967
0.187672
0.220858
0.210990
0.210004
0.189171
0.186775
0.211587
0.209568
0.210508
0.292013
0.189392
0.182556
0.231608
0.174420
0.193260
0.186990
0.244097
0.174260
0.226438
0.204716
0.226667
0.227043
0.149952
0.208532
0.154950
0.222189
0.209986
0.254823
0.198297
0.146900
0.214719
0.226402
0.193836
0.207821
0.217771
0.192490
0.261224
0.166654
0.183116
0.188662
0.179141
0.161483
0.268617
0.156231
0.183005
0.181241
0.137522
0.187383
0.224847
0.191800
0.208635
0.180001
0.186692
0.154395
0.193651
0.189135
0.204836
0.258618
0.187177
0.259659
0.206618
0.226196
0.180964
0.208787
0.165293
0.234106
0.183161
0.157875
0.269461
0.222397
0.152331
0.221096
0.184724
0.203212
0.223301
0.192978
0.160660
0.206356
0.207854
0.202760
0.186014
0.215738
0.213673
0.148958
0.194497
0.248352
0.171497
0.226533
0.187898
0.206487
0.197910
0.206638
0.201204
0.157665
0.230155
0.230714
0.250492
0.196817
0.210018
0.187168
0.170466
0.237144
0.174200
0.226410
0.202999
0.183384
0.205178
0.220319
0.173284
0.161883
0.188425
0.192636
0.252902
0.166140
0.165991
0.201757
0.210716
0.199430
0.206704
0.115685
0.196581
0.208979
0.170170
0.204325
0.184313
0.169611
0.185331
0.190821
0.176321
0.197676
0.202318
0.159017
0.200089
0.226494
0.173335
0.170629
0.166381
0.184101
0.177899
0.236942
0.199589
0.255355
0.221210
0.230965
0.181584
0.171953
0.160829
0.206686
0.179908
0.234276
0.170068
0.159949
0.237899
0.218827
0.166809
0.191391
0.191452
0.223060
0.199730
0.192866
0.168037
0.223065
0.196475
0.203916
0.207075
0.156610
0.207301
0.203152
0.184458
0.220148
0.200396
0.205960
0.182266
0.191938
0.214422
0.203273
0.186315
0.200196
0.119816
0.192926
0.185390
0.217325
0.205711
0.176735
0.172758
0.201043
0.181666
0.177334
0.214471
0.230259
0.181384
0.157806
0.209230
0.222537
0.230808
0.209159
0.227784
0.193398
0.262184
0.170837
0.273058
0.172568
0.174003
0.236711
0.215449
0.196980
0.178953
0.201432
0.206859
0.223956
0.196886
0.190115
0.196168
0.228306
0.182320
0.184139
0.175917
0.197965
0.248384
0.214442
0.199588
0.163151
0.237631
0.203658
0.183986
0.216945
0.166879
0.182438
0.215247
0.179595
0.225690
0.174531
0.145895
0.244163
0.209238
0.155887
0.195574
0.184231
0.241064
0.285799
0.219290
0.221275
0.233953
0.253795
0.166839
0.195067
0.189879
0.226785
0.199526
0.170972
0.200983
0.205798
0.222372
0.212886
0.188543
0.191458
0.201958
0.207417
0.225327
0.182525
0.204453
0.220137
0.225465
0.232452
0.236939
0.188591
0.164166
0.215246
0.157869
0.260573
0.202005
0.229700
0.178204
0.263297
0.296452
0.297568
0.255544
0.210352
0.215504
0.187427
0.191167
0.193302
0.202147
0.224677
0.227310
0.226058
0.175616
0.201258
0.270489
0.232540
0.255416
0.179828
0.227988
0.171482
0.242476
0.186029
0.185135
0.190250
0.212412
0.196376
0.163829
0.204288
0.165927
0.189229
0.205681
0.143945
0.177694
0.200966
0.204377
0.196492
0.256873
0.196013
0.167817
0.154637
0.223378
0.239469
0.206689
0.283074
0.165378
0.199495
0.225859
0.192213
0.241225
0.201275
0.189022
0.194572
0.184856
0.302897
0.176862
0.186379
0.199191
0.215845
0.220296
0.208256
0.166875
0.285597
0.178426
0.271762
0.199827
0.230351
0.178309
0.195355
0.234335
0.216847
0.164725
0.203660
0.244479
0.196401
0.188580
0.219423
0.210927
0.211392
0.189676
0.185135
0.209536
0.209076
0.208228
0.291660
0.188812
0.180484
0.230500
0.174163
0.191611
0.185233
0.245158
0.173396
0.226448
0.203097
0.227255
0.228945
0.148244
0.210345
0.156146
0.224704
0.212100
0.252266
0.199717
0.145563
0.214008
0.227501
0.193668
0.208633
0.219493
0.192769
0.260616
0.164681
0.182845
0.188863
0.178513
0.160863
0.269758
0.154635
0.184017
0.179861
0.136741
0.187725
0.225492
0.191791
0.207179
0.180809
0.186816
0.153831
0.192589
0.188797
0.205974
0.259081
0.185928
0.260682
0.205908
0.226116
0.181148
0.209250
0.165065
0.234767
0.183437
0.157113
0.270211
0.222783
0.151081
0.221506
0.185583
0.204349
0.222533
0.193534
0.159147
0.205603
0.208297
0.201155
0.185436
0.216296
0.214059
0.149088
0.195236
0.248259
0.170448
0.227225
0.188641
0.206498
0.197741
0.205690
0.202412
0.156122
0.231013
0.230567
0.249981
0.197302
0.210632
0.186770
0.170724
0.236946
0.173447
0.226635
0.202884
0.183358
0.205658
0.220021
0.172312
0.161670
0.188717
0.192253
0.254053
0.165999
0.165461
0.201365
0.210099
0.199423
0.206971
0.115558
0.196446
0.209361
0.170603
0.204779
0.185053
0.168792
0.185705
0.190997
0.175405
0.197354
0.201518
0.158755
0.199823
0.226124
0.173544
0.170551
0.166081
0.184026
0.177629
0.237133
0.198896
0.255760
0.221249
0.230975
0.180892
0.172239
0.160915
0.206075
0.179901
0.233995
0.170111
0.159894
0.237849
0.218785
0.166856
0.192162
0.190863
0.222975
0.199788
0.192886
0.168217
0.222678
0.196449
0.204080
0.207382
0.156661
0.207222
0.203581
0.184103
0.219705
0.200000
0.205806
0.182073
0.191533
0.214457
0.202878
0.186247
0.199474
0.119711
0.193083
0.184718
0.216961
0.205560
0.176560
0.172619
0.200990
0.181643
0.177265
0.214667
0.230321
0.181230
0.157471
0.208705
0.222656
0.231052
0.209028
0.227479
0.193667
0.262547
0.170988
0.273507
0.172341
0.174073
0.236954
0.215656
0.196910
0.178753
0.201245
0.206793
0.224049
0.197101
0.190003
0.196364
0.228247
0.182323
0.184234
0.175817
0.198489
0.248377
0.214531
0.199577
0.163351
0.237746
0.203789
0.183955
0.217076
0.166711
0.182266
0.215314
0.179613
0.225753
0.174516
0.145755
0.244298
0.209429
0.155862
0.195560
0.184347
0.241178
0.285662
0.219401
0.221404
0.233934
0.253816
0.166864
0.194845
0.189971
0.226599
0.199446
0.170869
0.200969
0.205686
0.222616
0.213185
0.188491
0.191534
0.202012
0.207384
0.225552
0.182402
0.204577
0.220227
0.225581
0.232468
0.236845
0.188441
0.164212
0.215294
0.157788
0.260644
0.201877
0.229737
0.178274
0.263325
0.296353
0.297808
0.255785
0.210178
0.215345
0.187472
0.191162
0.193294
0.202232
0.224738
0.227390
0.226180
0.175491
0.201284
0.270575
0.232628
0.255536
0.179733
0.228014
0.171558
0.242443
0.186032
0.185082
0.190273
0.212286
0.196236
0.163821
0.204289
0.165869
0.189218
0.205657
0.143875
0.177586
0.200792
0.204392
0.196483
0.256912
0.195902
0.167815
0.154540
0.223324
0.239525
0.206646
0.283232
0.165341
0.199469
0.225846
0.192238
0.241113
0.201279
0.188952
0.194484
0.184890
0.302864
0.176865
0.186429
0.199191
0.215841
0.220367
0.208342
0.166932
0.285656
0.178441
0.271810
0.199807
0.230284
0.178258
0.195346
0.234329
0.216839
0.164672
0.203660
0.244558
0.196295
0.188634
0.219382
0.210940
0.211445
0.189709
0.185110
0.209477
0.209082
0.208156
0.291665
0.188802
0.180433
0.230487
0.174160
0.191577
0.185186
0.245201
0.173384
0.226471
0.203073
0.227284
0.228999
0.148198
0.210404
0.156183
0.224784
0.212161
0.252190
0.199757
0.145527
0.213997
0.227528
0.193669
0.208655
0.219552
0.192782
0.260603
0.164625
0.182845
0.188868
0.178496
0.160853
0.269804
0.154609
0.184050
0.179824
0.136730
0.187735
0.225510
0.191804
0.207134
0.180825
0.186834
0.153812
0.192560
0.188788
0.205992
0.259079
0.185920
0.260715
0.205880
0.226097
0.181138
0.209267
0.165065
0.234784
0.183446
0.157085
0.270228
0.222802
0.151055
0.221517
0.185604
0.204378
0.222519
0.193558
0.159099
0.205582
0.208302
0.201107
0.185414
0.216321
0.214059
0.149098
0.195250
0.248254
0.170415
0.227245
0.188674
0.206501
0.197741
0.205661
0.202455
0.156083
0.231036
0.230562
0.249976
0.197311
0.210640
0.186742
0.170738
0.236961
0.173419
0.226653
0.202899
0.183354
0.205672
0.220007
0.172279
0.161662
0.188734
0.192236
0.254091
0.165984
0.165455
0.201351
0.210080
0.199427
0.206977
0.115550
0.196433
0.209371
0.170619
0.204793
0.185072
0.168762
0.185711
0.190998
0.175384
0.197348
0.201489
0.158743
0.199822
0.226115
0.173542
0.170544
0.166070
0.184027
0.177625
0.237131
0.198864
0.255766
0.221250
0.230970
0.180870
0.172243
0.160911
0.206061
0.179911
0.233990
0.170116
0.159897
0.237853
0.218770
0.166841
0.192170
0.190844
0.222971
0.199789
0.192879
0.168210
0.222672
0.196437
0.204095
0.207386
0.156657
0.207215
0.203592
0.184092
0.219700
0.199986
0.205794
0.182074
0.191517
0.214467
0.202861
0.186250
0.199446
0.119712
0.193094
0.184701
0.216938
0.205541
0.176554
0.172606
0.200963
0.181643
0.177246
0.214671
0.230321
0.181217
0.157465
0.208694
0.222661
0.231062
0.209035
0.227471
0.193673
0.262564
0.170988
0.273504
0.172348
0.174073
0.236969
0.215654
0.196903
0.178750
0.201224
0.206790
0.224046
0.197093
0.190007
0.196358
0.228252
0.182317
0.184232
0.175820
0.198503
0.248367
0.214536
0.199574
0.163352
0.237738
0.203785
0.183955
0.217079
0.166710
0.182265
0.215305
0.179597
0.225752
0.174512
0.145752
0.244296
0.209442
0.155857
0.195551
0.184353
0.241173
0.285662
0.219401
0.221408
0.233936
0.253806
0.166856
0.194846
0.189964
0.226584
0.199447
0.170852
0.200963
0.205668
0.222626
0.213194
0.188483
0.191540
0.202008
0.207382
0.225560
0.182395
0.204581
0.220230
0.225592
0.232466
0.236840
0.188430
0.164213
0.215292
0.157778
0.260650
0.201869
0.229737
0.178274
0.263326
0.296357
0.297810
0.255785
0.210170
0.215333
0.187475
0.191155
0.193290
0.202225
0.224724
0.227382
0.226179
0.175497
0.201279
0.270581
0.232631
0.255533
0.179725
0.228015
0.171554
0.242433
0.186025
0.185074
0.190267
0.212282
0.196226
0.163818
0.204284
0.165866
0.189208
0.205649
0.143871
0.177574
0.200788
0.204392
0.196472
0.256907
0.195898
0.167816
0.154534
0.223302
0.239524
0.206644
0.283230
0.165332
0.199464
0.225840
0.192229
0.241103
0.201262
0.188948
0.194479
0.184887
0.302875
0.176860
0.186430
0.199188
0.215843
0.220365
0.208343
0.166928
0.285654
0.178429
0.271807
0.199800
0.230282
0.178257
0.195341
0.234332
0.216833
0.164668
0.203653
0.244557
0.196292
0.188632
0.219378
0.210933
0.211444
0.189711
0.185102
0.209471
0.209078
0.208149
0.291661
0.188798
0.180426
0.230486
0.174161
0.191573
0.185184
0.245199
0.173383
0.226471
0.203064
0.227279
0.228998
0.148190
0.210399
0.156185
0.224777
0.212160
0.252185
0.199750
0.145525
0.213999
0.227527
0.193666
0.208651
0.219551
0.192779
0.260601
0.164621
0.182845
0.188866
0.178493
0.160849
0.269792
0.154603
0.184046
0.179821
0.136729
0.187733
0.225508
0.191801
0.207125
0.180826
0.186830
0.153806
0.192555
0.188783
0.205990
0.259073
0.185914
0.260707
0.205876
0.226096
0.181136
0.209258
0.165064
0.234776
0.183444
0.157081
0.270221
0.222801
0.151050
0.221515
0.185602
0.204372
0.222516
0.193557
0.159098
0.205570
0.208301
0.201104
0.185413
0.216319
0.214053
0.149095
0.195247
0.248253
0.170411
0.227239
0.188669
0.206498
0.197739
0.205660
0.202450
0.156080
0.231032
0.230554
0.249967
0.197311
0.210633
0.186740
0.170737
0.236957
0.173416
0.226642
0.202896
0.183352
0.205671
0.220004
0.172278
0.161659
0.188733
0.192235
0.254089
0.165981
0.165453
0.201349
0.210077
0.199424
0.206973
0.115544
0.196429
0.209371
0.170617
0.204789
0.185068
0.168760
0.185705
0.190996
0.175382
0.197344
0.201488
0.158738
0.199816
0.226111
0.173538
0.170543
0.166065
0.184026
0.177618
0.237127
0.198860
0.255762
0.221242
0.230965
0.180867
0.172237
0.160907
0.206053
0.179907
0.233986
0.170114
0.159892
0.237849
0.218767
0.166839
0.192164
0.190840
0.222960
0.199787
0.192876
0.168206
0.222668
0.196432
0.204090
0.207383
0.156654
0.207210
0.203588
0.184083
0.219698
0.199984
0.205792
0.182071
0.191512
0.214463
0.202854
0.186244
0.199436
0.119707
0.193088
0.184694
0.216927
0.205538
0.176553
0.172600
0.200956
0.181641
0.177244
0.214672
0.230318
0.181207
0.157462
0.208680
0.222654
0.231053
0.209030
0.227461
0.193668
0.262561
0.170983
0.273497
0.172347
0.174069
0.236963
0.215652
0.196900
0.178746
0.201223
0.206786
0.224041
0.197094
0.190005
0.196358
0.228250
0.182316
0.184224
0.175806
0.198493
0.248360
0.214530
0.199567
0.163344
0.237733
0.203777
0.183953
0.217072
0.166708
0.182266
0.215303
0.179594
0.225749
0.174508
0.145748
0.244289
0.209433
0.155850
0.195550
0.184343
0.241167
0.285656
0.219392
0.221405
0.233925
0.253803
0.166852
0.194842
0.189962
0.226582
0.199441
0.170846
0.200960
0.205667
0.222620
0.213189
0.188478
0.191536
0.202006
0.207379
0.225555
0.182391
0.204572
0.220223
0.225583
0.232460
0.236836
0.188428
0.164210
0.215289
0.157777
0.260638
0.201867
0.229735
0.178271
0.263313
0.296348
0.297800
0.255781
0.210166
0.215330
0.187468
0.191152
0.193285
0.202223
0.224717
0.227377
0.226173
0.175493
0.201276
0.270572
0.232625
0.255528
0.179727
0.228011
0.171551
0.242432
0.186025
0.185071
0.190266
0.212275
0.196225
0.163816
0.204279
0.165863
0.189202
0.205642
0.143869
0.177569
0.200779
0.204389
0.196466
0.256901
0.195890
0.167815
0.154529
0.223304
0.239517
0.206642
0.283226
0.165325
0.199461
0.225836
0.192222
0.241098
0.201259
0.188946
0.194475
0.184885
0.302864
0.176857
0.186427
0.199186
0.215832
0.220359
0.208334
0.166927
0.285643
0.178427
0.271803
0.199799
0.230267
0.178250
0.195331
0.234321
0.216824
0.164665
0.203650
0.244549
0.196290
0.188627
0.219376
0.210927
0.211440
0.189709
0.185097
0.209471
0.209070
0.208143
0.291649
0.188791
0.180424
0.230477
0.174157
0.191564
0.185178
0.245198
0.173378
0.226463
0.203059
0.227270
0.228992
0.148186
0.210393
0.156182
0.224773
0.212150
0.252179
0.199744
0.145525
0.213987
0.227517
0.193661
0.208650
0.219539
0.192776
0.260597
0.164624
0.182835
0.188860
0.178490
0.160846
0.269781
0.154602
0.184038
0.179818
0.136726
0.187729
0.225502
0.191797
0.207122
0.180814
0.186826
0.153803
0.192552
0.188777
0.205987
0.259060
0.185910
0.260700
0.205873
0.226091
0.181133
0.209247
0.165062
0.234766
0.183439
0.157080
0.270204
0.222794
0.151048
0.221507
0.185598
0.204362
0.222510
0.193545
0.159100
0.205569
0.208287
0.201100
0.185410
0.216310
0.214050
0.149089
0.195237
0.248247
0.170407
0.227233
0.188664
0.206493
0.197731
0.205655
0.202445
0.156072
0.231021
0.230545
0.249958
0.197300
0.210628
0.186735
0.170730
0.236947
0.173409
0.226637
0.202876
0.183341
0.205660
0.219993
0.172272
0.161653
0.188721
0.192230
0.254080
0.165976
0.165451
0.201341
0.210063
0.199414
0.206964
0.115544
0.196425
0.209355
0.170611
0.204781
0.185059
0.168754
0.185702
0.190986
0.175383
0.197340
0.201485
0.158736
0.199811
0.226099
0.173533
0.170534
0.166059
0.184024
0.177611
0.237116
0.198850
0.255748
0.221232
0.230945
0.180860
0.172230
0.160904
0.206048
0.179901
0.233980
0.170109
0.159877
0.237843
0.218757
0.166833
0.192157
0.190834
0.222954
0.199783
0.192867
0.168199
0.222670
0.196427
0.204081
0.207375
0.156649
0.207203
0.203572
0.184078
0.219683
0.199981
0.205785
0.182062
0.191510
0.214453
0.202850
0.186239
0.199432
0.119703
0.193078
0.184685
0.216916
0.205533
0.176545
0.172599
0.200953
0.181634
0.177238
0.214671
0.230307
0.181202
0.157458
0.208668
0.222642
0.231047
0.209018
0.227456
0.193665
0.262547
0.170976
0.273482
0.172335
0.174066
0.236948
0.215644
0.196898
0.178737
0.201219
0.206776
0.224034
0.197084
0.189983
0.196352
0.228232
0.182309
0.184215
0.175806
0.198476
0.248352
0.214515
0.199560
0.163341
0.237718
0.203771
0.183943
0.217051
0.166699
0.182243
0.215289
0.179601
0.225736
0.174497
0.145744
0.244276
0.209418
0.155845
0.195542
0.184322
0.241150
0.285639
0.219384
0.221382
0.233915
0.253787
0.166850
0.194837
0.189957
0.226573
0.199433
0.170842
0.200953
0.205660
0.222605
0.213168
0.188470
0.191517
0.201993
0.207361
0.225535
0.182388
0.204564
0.220210
0.225564
0.232455
0.236830
0.188430
0.164198
0.215270
0.157770
0.260622
0.201862
0.229717
0.178252
0.263298
0.296315
0.297779
0.255754
0.210161
0.215322
0.187455
0.191145
0.193275
0.202204
0.224710
0.227362
0.226150
0.175479
0.201265
0.270549
0.232603
0.255504
0.179713
0.227984
0.171531
0.242423
0.186003
0.185070
0.190244
0.212269
0.196225
0.163801
0.204260
0.165854
0.189191
0.205622
0.143860
0.177561
0.200767
0.204378
0.196457
0.256886
0.195877
0.167804
0.154517
0.223289
0.239498
0.206631
0.283204
0.165310
0.199446
0.225821
0.192204
0.241084
0.201245
0.188940
0.194464
0.184877
0.302831
0.176846
0.186414
0.199170
0.215814
0.220346
0.208320
0.166907
0.285623
0.178418
0.271777
0.199796
0.230276
0.178250
0.195320
0.234321
0.216812
0.164665
0.203631
0.244524
0.196281
0.188606
0.219351
0.210911
0.211427
0.189691
0.185086
0.209453
0.209053
0.208129
0.291623
0.188776
0.180419
0.230462
0.174145
0.191554
0.185168
0.245175
0.173368
0.226446
0.203046
0.227252
0.228975
0.148175
0.210380
0.156163
0.224749
0.212132
0.252181
0.199735
0.145515
0.213971
0.227494
0.193641
0.208623
0.219506
0.192774
0.260571
0.164617
0.182817
0.188829
0.178486
0.160833
0.269760
0.154596
0.184029
0.179806
0.136717
0.187705
0.225490
0.191781
0.207106
0.180806
0.186815
0.153793
0.192536
0.188759
0.205968
0.259039
0.185890
0.260680
0.205859
0.226077
0.181118
0.209236
0.165044
0.234750
0.183429
0.157077
0.270185
0.222766
0.151042
0.221482
0.185575
0.204344
0.222491
0.193530
0.159095
0.205564
0.208278
0.201088
0.185397
0.216295
0.214034
0.149083
0.195221
0.248229
0.170399
0.227219
0.188642
0.206484
0.197714
0.205645
0.202422
0.156061
0.230999
0.230530
0.249942
0.197282
0.210619
0.186723
0.170719
0.236931
0.173410
0.226620
0.202863
0.183324
0.205640
0.219981
0.172258
0.161639
0.188705
0.192210
0.254069
0.165969
0.165439
0.201327
0.210055
0.199398
0.206952
0.115537
0.196406
0.209344
0.170603
0.204760
0.185046
0.168748
0.185685
0.190971
0.175381
0.197327
0.201477
0.158728
0.199795
0.226084
0.173520
0.170520
0.166042
0.184005
0.177598
0.237092
0.198834
0.255726
0.221222
0.230934
0.180845
0.172216
0.160898
0.206027
0.179887
0.233954
0.170095
0.159867
0.237828
0.218737
0.166825
0.192143
0.190824
0.222939
0.199767
0.192849
0.168191
0.222649
0.196418
0.204054
0.207351
0.156638
0.207193
0.203549
0.184066
0.219668
0.199970
0.205767
0.182049
0.191496
0.214437
0.202831
0.186233
0.199405
0.119695
0.193070
0.184667
0.216898
0.205509
0.176526
0.172582
0.200941
0.181624
0.177222
0.214661
0.230290
0.181187
0.157435
0.208657
0.222635
0.231039
0.209003
0.227439
0.193655
0.262529
0.170965
0.273459
0.172327
0.174052
0.236919
0.215614
0.196875
0.178736
0.201213
0.206771
0.224008
0.197066
0.189979
0.196336
0.228210
0.182298
0.184204
0.175794
0.198459
0.248346
0.214502
0.199547
0.163327
0.237699
0.203754
0.183934
0.217030
0.166686
0.182242
0.215281
0.179594
0.225717
0.174485
0.145738
0.244259
0.209404
0.155833
0.195522
0.184314
0.241133
0.285623
0.219361
0.221367
0.233891
0.253760
0.166840
0.194822
0.189946
0.226555
0.199418
0.170836
0.200941
0.205642
0.222593
0.213159
0.188461
0.191500
0.201972
0.207347
0.225519
0.182380
0.204538
0.220194
0.225553
0.232434
0.236808
0.188430
0.164183
0.215258
0.157762
0.260601
0.201850
0.229704
0.178245
0.263280
0.296301
0.297757
0.255738
0.210148
0.215306
0.187445
0.191136
0.193256
0.202194
0.224693
0.227351
0.226132
0.175472
0.201252
0.270537
0.232582
0.255484
0.179708
0.227980
0.171521
0.242405
0.185996
0.185061
0.190235
0.212262
0.196212
0.163795
0.204255
0.165837
0.189178
0.205609
0.143835
0.177532
0.200751
0.204377
0.196446
0.256884
0.195853
0.167802
0.154511
0.223274
0.239475
0.206604
0.283201
0.165302
0.199440
0.225813
0.192199
0.241066
0.201243
0.188911
0.194451
0.184871
0.302814
0.176833
0.186399
0.199162
0.215799
0.220335
0.208304
0.166899
0.285610
0.178408
0.271762
0.199786
0.230265
0.178251
0.195309
0.234308
0.216801
0.164657
0.203623
0.244517
0.196268
0.188596
0.219340
0.210890
0.211420
0.189680
0.185072
0.209442
0.209044
0.208117
0.291613
0.188767
0.180406
0.230450
0.174136
0.191541
0.185157
0.245163
0.173357
0.226432
0.203031
0.227241
0.228964
0.148168
0.210369
0.156151
0.224732
0.212101
0.252171
0.199713
0.145515
0.213965
0.227479
0.193632
0.208612
0.219490
0.192763
0.260565
0.164618
0.182809
0.188817
0.178469
0.160824
0.269738
0.154589
0.184018
0.179798
0.136714
0.187695
0.225477
0.191763
0.207095
0.180804
0.186806
0.153788
0.192526
0.188752
0.205963
0.259028
0.185878
0.260667
0.205850
0.226062
0.181109
0.209225
0.165044
0.234737
0.183427
0.157071
0.270174
0.222751
0.151036
0.221456
0.185554
0.204328
0.222485
0.193517
0.159095
0.205551
0.208267
0.201077
0.185383
0.216279
0.214026
0.149077
0.195221
0.248196
0.170387
0.227203
0.188641
0.206473
0.197699
0.205637
0.202413
0.156056
0.230989
0.230520
0.249931
0.197273
0.210613
0.186714
0.170707
0.236918
0.173401
0.226600
0.202853
0.183312
0.205631
0.219967
0.172250
0.161636
0.188702
0.192198
0.254059
0.165962
0.165418
0.201320
0.210045
0.199379
0.206941
0.115533
0.196401
0.209336
0.170598
0.204751
0.185037
0.168734
0.185677
0.190961
0.175373
0.197318
0.201471
0.158709
0.199784
0.226071
0.173515
0.170512
0.166031
0.184007
0.177588
0.237094
0.198824
0.255735
0.221216
0.230919
0.180838
0.172208
0.160895
0.206015
0.179882
0.233941
0.170086
0.159862
0.237821
0.218735
0.166819
0.192135
0.190815
0.222933
0.199759
0.192840
0.168183
0.222636
0.196408
0.204048
0.207346
0.156624
0.207181
0.203540
0.184059
0.219664
0.199961
0.205763
0.182041
0.191486
0.214424
0.202817
0.186227
0.199405
0.119686
0.193058
0.184646
0.216881
0.205503
0.176519
0.172587
0.200935
0.181617
0.177222
0.214661
0.230278
0.181173
0.157422
0.208638
0.222622
0.231029
0.208994
0.227430
0.193649
0.262524
0.170959
0.273448
0.172315
0.174045
0.236906
0.215621
0.196879
0.178727
0.201212
0.206767
0.223996
0.197055
0.189976
0.196331
0.228202
0.182292
0.184195
0.175789
0.198447
0.248333
0.214493
0.199535
0.163319
0.237693
0.203751
0.183936
0.217016
0.166692
0.182237
0.215274
0.179587
0.225707
0.174474
0.145732
0.244243
0.209395
0.155824
0.195513
0.184309
0.241120
0.285611
0.219349
0.221357
0.233884
0.253739
0.166829
0.194821
0.189937
0.226549
0.199408
0.170829
0.200928
0.205636
0.222595
0.213150
0.188441
0.191495
0.201964
0.207330
0.225508
0.182374
0.204529
0.220186
0.225543
0.232407
0.236808
0.188419
0.164171
0.215250
0.157756
0.260594
0.201837
0.229684
0.178228
0.263267
0.296289
0.297751
0.255737
0.210139
0.215279
0.187436
0.191132
0.193245
0.202192
0.224683
0.227343
0.226122
0.175464
0.201239
0.270528
0.232565
0.255482
0.179699
0.227972
0.171494
0.242408
0.185986
0.185065
0.190229
0.212255
0.196203
0.163786
0.204246
0.165829
0.189166
0.205610
0.143831
0.177522
0.200737
0.204368
0.196427
0.256875
0.195846
0.167795
0.154494
0.223266
0.239481
0.206588
0.283190
0.165295
0.199430
0.225804
0.192186
0.241052
0.201229
0.188903
0.194444
0.184866
0.302796
0.176825
0.186386
0.199149
0.215788
0.220321
0.208284
0.166891
0.285571
0.178406
0.271750
0.199792
0.230263
0.178255
0.195294
0.234296
0.216792
0.164646
0.203618
0.244504
0.196241
0.188586
0.219331
0.210884
0.211409
0.189672
0.185063
0.209426
0.209040
0.208105
0.291588
0.188759
0.180395
0.230427
0.174132
0.191531
0.185145
0.245141
0.173343
0.226419
0.203021
0.227232
0.228954
0.148164
0.210356
0.156143
0.224715
0.212097
0.252197
0.199700
0.145524
0.213964
0.227465
0.193622
0.208601
0.219482
0.192751
0.260553
0.164605
0.182802
0.188812
0.178463
0.160815
0.269726
0.154573
0.184007
0.179788
0.136703
0.187689
0.225473
0.191755
0.207081
0.180795
0.186795
0.153780
0.192515
0.188735
0.205943
0.259019
0.185868
0.260647
0.205840
0.226043
0.181100
0.209214
0.165030
0.234716
0.183401
0.157059
0.270149
0.222748
0.151034
0.221446
0.185543
0.204315
0.222475
0.193498
0.159091
0.205545
0.208245
0.201062
0.185371
0.216270
0.214008
0.149066
0.195210
0.248187
0.170374
0.227190
0.188635
0.206454
0.197687
0.205623
0.202402
0.156051
0.230976
0.230509
0.249914
0.197265
0.210600
0.186711
0.170696
0.236885
0.173398
0.226589
0.202845
0.183301
0.205624
0.219951
0.172246
0.161628
0.188686
0.192189
0.254040
0.165957
0.165411
0.201310
0.210032
0.199369
0.206934
0.115527
0.196386
0.209323
0.170585
0.204740
0.185024
0.168730
0.185661
0.190948
0.175360
0.197315
0.201461
0.158703
0.199772
0.226055
0.173506
0.170503
0.166020
0.183997
0.177580
0.237092
0.198796
0.255715
0.221206
0.230904
0.180812
0.172204
0.160888
0.206008
0.179877
0.233930
0.170073
0.159846
0.237802
0.218715
0.166803
0.192121
0.190810
0.222912
0.199734
0.192845
0.168169
0.222621
0.196390
0.204028
0.207329
0.156617
0.207174
0.203531
0.184062
0.219644
0.199951
0.205751
0.182030
0.191477
0.214415
0.202793
0.186211
0.199397
0.119678
0.193048
0.184630
0.216868
0.205488
0.176512
0.172569
0.200931
0.181609
0.177207
0.214651
0.230273
0.181169
0.157407
0.208623
0.222607
0.231009
0.208976
0.227404
0.193636
0.262500
0.170934
0.273443
0.172309
0.174029
0.236877
0.215581
0.196873
0.178742
0.201207
0.206753
0.223979
0.197032
0.189966
0.196315
0.228192
0.182277
0.184171
0.175780
0.198436
0.248309
0.214463
0.199525
0.163299
0.237664
0.203732
0.183928
0.217007
0.166700
0.182227
0.215261
0.179570
0.225694
0.174456
0.145725
0.244226
0.209383
0.155815
0.195500
0.184294
0.241106
0.285597
0.219326
0.221335
0.233871
0.253726
0.166814
0.194811
0.189917
0.226538
0.199393
0.170823
0.200911
0.205627
0.222591
0.213143
0.188432
0.191487
0.201955
0.207315
0.225481
0.182366
0.204514
0.220172
0.225516
0.232385
0.236812
0.188412
0.164166
0.215230
0.157748
0.260575
0.201822
0.229661
0.178227
0.263258
0.296253
0.297745
0.255725
0.210131
0.215272
0.187427
0.191118
0.193223
0.202180
0.224671
0.227317
0.226102
0.175467
0.201228
0.270513
0.232552
0.255464
0.179691
0.227965
0.171499
0.242406
0.185967
0.185052
0.190221
0.212239
0.196185
0.163777
0.204240
0.165819
0.189155
0.205582
0.143815
0.177507
0.200707
0.204350
0.196421
0.256873
0.195841
0.167788
0.154480
0.223241
0.239467
0.206576
0.283178
0.165278
0.199433
0.225791
0.192175
0.241035
0.201220
0.188897
0.194434
0.184847
0.302789
0.176820
0.186376
0.199140
0.215779
0.220310
0.208262
0.166879
0.285548
0.178389
0.271728
0.199775
0.230267
0.178246
0.195284
0.234276
0.216778
0.164639
0.203601
0.244499
0.196226
0.188582
0.219318
0.210890
0.211401
0.189661
0.185053
0.209403
0.209027
0.208090
0.291564
0.188752
0.180380
0.230413
0.174113
0.191521
0.185129
0.245125
0.173329
0.226406
0.203008
0.227219
0.228942
0.148159
0.210352
0.156132
0.224689
0.212060
0.252210
0.199685
0.145528
0.213944
0.227457
0.193605
0.208587
0.219462
0.192736
0.260540
0.164599
0.182790
0.188801
0.178453
0.160808
0.269712
0.154561
0.183989
0.179767
0.136697
0.187677
0.225456
0.191739
0.207065
0.180787
0.186781
0.153772
0.192508
0.188723
0.205925
0.259005
0.185852
0.260625
0.205822
0.226031
0.181096
0.209203
0.165022
0.234703
0.183392
0.157055
0.270130
0.222725
0.151042
0.221433
0.185534
0.204294
0.222469
0.193483
0.159090
0.205536
0.208232
0.201049
0.185364
0.216252
0.213994
0.149062
0.195200
0.248179
0.170368
0.227181
0.188628
0.206442
0.197676
0.205611
0.202386
0.156050
0.230956
0.230492
0.249899
0.197246
0.210592
0.186700
0.170688
0.236878
0.173391
0.226579
0.202836
0.183294
0.205614
0.219942
0.172231
0.161612
0.188671
0.192184
0.254025
0.165948
0.165404
0.201289
0.210020
0.199360
0.206924
0.115518
0.196376
0.209306
0.170580
0.204730
0.185010
0.168740
0.185648
0.190928
0.175364
0.197297
0.201452
0.158693
0.199754
0.226038
0.173496
0.170505
0.166012
0.183984
0.177577
0.237082
0.198787
0.255699
0.221194
0.230895
0.180793
0.172201
0.160876
0.205990
0.179871
0.233908
0.170062
0.159841
0.237792
0.218706
0.166798
0.192112
0.190805
0.222904
0.199725
0.192832
0.168169
0.222615
0.196383
0.204022
0.207321
0.156607
0.207159
0.203513
0.184053
0.219635
0.199943
0.205726
0.182016
0.191461
0.214401
0.202780
0.186192
0.199361
0.119671
0.193056
0.184612
0.216853
0.205479
0.176500
0.172557
0.200939
0.181605
0.177199
0.214640
0.230259
0.181163
0.157394
0.208603
0.222601
0.230998
0.208972
0.227382
0.193621
0.262481
0.170928
0.273423
0.172300
0.174015
0.236868
0.215559
0.196882
0.178748
0.201211
0.206745
0.223966
0.197036
0.189950
0.196313
0.228174
0.182271
0.184177
0.175760
0.198446
0.248300
0.214466
0.199518
0.163292
0.237651
0.203712
0.183914
0.216982
0.166707
0.182226
0.215248
0.179564
0.225683
0.174455
0.145711
0.244216
0.209381
0.155806
0.195494
0.184290
0.241102
0.285574
0.219319
0.221329
0.233867
0.253716
0.166808
0.194806
0.189907
0.226523
0.199385
0.170809
0.200903
0.205609
0.222578
0.213138
0.188424
0.191484
0.201950
0.207305
0.225477
0.182364
0.204505
0.220164
0.225520
0.232375
0.236817
0.188411
0.164161
0.215222
0.157733
0.260559
0.201809
0.229651
0.178223
0.263243
0.296224
0.297747
0.255717
0.210116
0.215261
0.187415
0.191109
0.193216
0.202174
0.224666
0.227307
0.226087
0.175457
0.201226
0.270498
0.232548
0.255447
0.179702
0.227955
0.171498
0.242398
0.185965
0.185042
0.190211
0.212227
0.196167
0.163774
0.204224
0.165809
0.189150
0.205578
0.143806
0.177498
0.200700
0.204348
0.196425
0.256875
0.195830
0.167789
0.154474
0.223232
0.239454
0.206568
0.283171
0.165272
0.199423
0.225782
0.192166
0.241026
0.201208
0.188887
0.194432
0.184838
0.302777
0.176814
0.186360
0.199138
0.215773
0.220299
0.208258
0.166874
0.285541
0.178386
0.271713
0.199771
0.230271
0.178239
0.195273
0.234259
0.216782
0.164628
0.203581
0.244492
0.196218
0.188580
0.219305
0.210888
0.211394
0.189656
0.185045
0.209393
0.209015
0.208080
0.291548
0.188741
0.180373
0.230403
0.174109
0.191515
0.185118
0.245125
0.173325
0.226399
0.203007
0.227215
0.228935
0.148152
0.210337
0.156128
0.224686
0.212041
0.252210
0.199682
0.145529
0.213938
0.227450
0.193607
0.208585
0.219461
0.192731
0.260523
0.164590
0.182783
0.188807
0.178448
0.160803
0.269709
0.154553
0.183986
0.179762
0.136691
0.187683
0.225451
0.191730
0.207057
0.180779
0.186772
0.153774
0.192501
0.188712
0.205919
0.259001
0.185847
0.260623
0.205819
0.226027
0.181090
0.209197
0.165019
0.234698
0.183387
0.157052
0.270126
0.222720
0.151034
0.221423
0.185524
0.204292
0.222464
0.193485
0.159083
0.205524
0.208234
0.201049
0.185364
0.216251
0.213991
0.149053
0.195191
0.248175
0.170351
0.227183
0.188618
0.206439
0.197669
0.205598
0.202383
0.156047
0.230957
0.230489
0.249893
0.197246
0.210582
0.186693
0.170683
0.236875
0.173381
0.226571
0.202825
0.183288
0.205613
0.219939
0.172220
0.161602
0.188665
0.192186
0.254028
0.165950
0.165402
0.201282
0.210016
0.199352
0.206915
0.115514
0.196372
0.209299
0.170570
0.204718
0.184998
0.168752
0.185648
0.190940
0.175377
0.197290
0.201443
0.158691
0.199746
0.226041
0.173496
0.170495
0.166012
0.183983
0.177574
0.237081
0.198774
0.255690
0.221193
0.230897
0.180787
0.172196
0.160872
0.205987
0.179866
0.233897
0.170059
0.159835
0.237788
0.218697
0.166789
0.192102
0.190808
0.222915
0.199714
0.192826
0.168163
0.222610
0.196379
0.204020
0.207312
0.156604
0.207156
0.203512
0.184046
0.219632
0.199939
0.205718
0.182010
0.191460
0.214393
0.202778
0.186190
0.199359
0.119671
0.193048
0.184600
0.216844
0.205488
0.176494
0.172562
0.200924
0.181601
0.177199
0.214637
0.230256
0.181159
0.157386
0.208598
0.222590
0.230989
0.208964
0.227381
0.193616
0.262461
0.170928
0.273399
0.172313
0.174014
0.236863
0.215562
0.196880
0.178743
0.201204
0.206736
0.223963
0.197020
0.189946
0.196312
0.228175
0.182260
0.184173
0.175754
0.198441
0.248292
0.214450
0.199518
0.163284
0.237636
0.203704
0.183920
0.216987
0.166705
0.182224
0.215240
0.179563
0.225671
0.174445
0.145705
0.244211
0.209379
0.155807
0.195481
0.184278
0.241096
0.285572
0.219307
0.221318
0.233857
0.253706
0.166804
0.194792
0.189899
0.226518
0.199378
0.170805
0.200901
0.205603
0.222571
0.213135
0.188419
0.191477
0.201942
0.207300
0.225463
0.182364
0.204498
0.220148
0.225510
0.232377
0.236819
0.188398
0.164151
0.215217
0.157730
0.260550
0.201797
0.229636
0.178217
0.263237
0.296216
0.297741
0.255710
0.210103
0.215255
0.187409
0.191105
0.193210
0.202169
0.224653
0.227292
0.226072
0.175466
0.201224
0.270489
0.232539
0.255430
0.179698
0.227947
0.171486
0.242390
0.185961
0.185041
0.190206
0.212214
0.196161
0.163765
0.204214
0.165816
0.189140
0.205572
0.143803
0.177493
0.200694
0.204351
0.196421
0.256867
0.195826
0.167791
0.154465
0.223230
0.239458
0.206567
0.283165
0.165259
0.199419
0.225765
0.192151
0.241025
0.201195
0.188883
0.194425
0.184837
0.302766
0.176806
0.186354
0.199136
0.215770
0.220288
0.208254
0.166860
0.285531
0.178375
0.271689
0.199769
0.230269
0.178228
0.195266
0.234254
0.216776
0.164616
0.203574
0.244497
0.196207
0.188576
0.219293
0.210884
0.211395
0.189650
0.185038
0.209388
0.209004
0.208076
0.291546
0.188734
0.180364
0.230393
0.174102
0.191499
0.185115
0.245122
0.173318
0.226389
0.202989
0.227215
0.228924
0.148154
0.210322
0.156119
0.224668
0.212029
0.252221
0.199656
0.145530
0.213922
0.227447
0.193600
0.208572
0.219454
0.192721
0.260511
0.164585
0.182783
0.188797
0.178446
0.160800
0.269701
0.154547
0.183980
0.179750
0.136689
0.187675
0.225438
0.191720
0.207057
0.180758
0.186762
0.153767
0.192493
0.188698
0.205906
0.258968
0.185843
0.260609
0.205811
0.226012
0.181082
0.209193
0.165017
0.234691
0.183378
0.157046
0.270106
0.222703
0.151035
0.221412
0.185520
0.204281
0.222478
0.193475
0.159083
0.205518
0.208219
0.201043
0.185354
0.216252
0.213985
0.149055
0.195187
0.248168
0.170344
0.227172
0.188613
0.206428
0.197667
0.205597
0.202383
0.156050
0.230942
0.230482
0.249883
0.197238
0.210569
0.186687
0.170677
0.236874
0.173374
0.226561
0.202816
0.183284
0.205606
0.219932
0.172211
0.161597
0.188660
0.192171
0.254025
0.165940
0.165396
0.201276
0.210011
0.199348
0.206905
0.115509
0.196366
0.209278
0.170565
0.204707
0.184989
0.168757
0.185633
0.190930
0.175377
0.197281
0.201428
0.158686
0.199743
0.226024
0.173499
0.170496
0.166002
0.183978
0.177561
0.237061
0.198768
0.255693
0.221200
0.230888
0.180785
0.172194
0.160873
0.205984
0.179855
0.233890
0.170053
0.159828
0.237789
0.218683
0.166786
0.192078
0.190812
0.222904
0.199707
0.192823
0.168154
0.222604
0.196373
0.204012
0.207302
0.156597
0.207140
0.203504
0.184040
0.219627
0.199933
0.205709
0.181996
0.191444
0.214378
0.202771
0.186183
0.199344
0.119670
0.193046
0.184589
0.216830
0.205484
0.176491
0.172552
0.200916
0.181603
0.177199
0.214633
0.230250
0.181158
0.157380
0.208595
0.222581
0.230978
0.208960
0.227375
0.193612
0.262435
0.170921
0.273372
0.172316
0.174008
0.236837
0.215544
0.196874
0.178742
0.201196
0.206726
0.223951
0.197007
0.189948
0.196305
0.228167
0.182253
0.184179
0.175746
0.198437
0.248283
0.214441
0.199502
0.163275
0.237630
0.203707
0.183906
0.216979
0.166704
0.182219
0.215235
0.179555
0.225667
0.174438
0.145701
0.244207
0.209373
0.155800
0.195471
0.184265
0.241080
0.285560
0.219297
0.221303
0.233847
0.253682
0.166798
0.194792
0.189882
0.226507
0.199368
0.170791
0.200896
0.205597
0.222566
0.213133
0.188405
0.191467
0.201938
0.207290
0.225447
0.182357
0.204487
0.220121
0.225499
0.232367
0.236825
0.188388
0.164147
0.215201
0.157715
0.260545
0.201793
0.229622
0.178210
0.263230
0.296198
0.297729
0.255693
0.210088
0.215252
0.187397
0.191103
0.193204
0.202165
0.224628
0.227282
0.226051
0.175460
0.201217
0.270467
0.232515
0.255414
0.179695
0.227934
0.171480
0.242381
0.185955
0.185031
0.190202
0.212206
0.196147
0.163750
0.204206
0.165809
0.189130
0.205569
0.143797
0.177477
0.200681
0.204331
0.196409
0.256862
0.195812
0.167782
0.154457
0.223211
0.239457
0.206558
0.283151
0.165252
0.199415
0.225753
0.192146
0.241007
0.201192
0.188874
0.194416
0.184830
0.302762
0.176801
0.186350
0.199121
0.215768
0.220272
0.208252
0.166851
0.285510
0.178370
0.271693
0.199776
0.230267
0.178225
0.195253
0.234244
0.216762
0.164621
0.203566
0.244489
0.196191
0.188576
0.219281
0.210858
0.211402
0.189642
0.185032
0.209376
0.208996
0.208069
0.291535
0.188727
0.180356
0.230386
0.174093
0.191491
0.185111
0.245104
0.173309
0.226382
0.202992
0.227208
0.228913
0.148148
0.210313
0.156104
0.224649
0.212007
0.252269
0.199644
0.145535
0.213915
0.227438
0.193593
0.208567
0.219445
0.192712
0.260498
0.164581
0.182787
0.188781
0.178437
0.160791
0.269694
0.154540
0.183976
0.179745
0.136682
0.187669
0.225427
0.191708
0.207054
0.180738
0.186752
0.153764
0.192487
0.188682
0.205895
0.258949
0.185834
0.260602
0.205806
0.226003
0.181080
0.209185
0.165005
0.234677
0.183370
0.157043
0.270091
0.222694
0.151033
0.221406
0.185511
0.204281
0.222476
0.193469
0.159075
0.205512
0.208208
0.201033
0.185340
0.216240
0.213971
0.149046
0.195195
0.248149
0.170340
0.227172
0.188608
0.206413
0.197665
0.205595
0.202370
0.156052
0.230938
0.230474
0.249875
0.197233
0.210561
0.186680
0.170666
0.236874
0.173358
0.226556
0.202807
0.183282
0.205607
0.219924
0.172202
0.161586
0.188652
0.192166
0.254015
0.165943
0.165383
0.201264
0.210003
0.199346
0.206897
0.115500
0.196353
0.209260
0.170561
0.204700
0.184970
0.168762
0.185620
0.190918
0.175376
0.197274
0.201418
0.158677
0.199733
0.226011
0.173505
0.170484
0.165999
0.183980
0.177560
0.237065
0.198763
0.255690
0.221189
0.230885
0.180776
0.172188
0.160863
0.205964
0.179838
0.233881
0.170048
0.159824
0.237782
0.218672
0.166781
0.192062
0.190809
0.222893
0.199699
0.192816
0.168147
0.222595
0.196363
0.204008
0.207296
0.156595
0.207129
0.203499
0.184027
0.219621
0.199918
0.205698
0.181983
0.191430
0.214375
0.202766
0.186173
0.199337
0.119664
0.193038
0.184560
0.216812
0.205475
0.176478
0.172541
0.200903
0.181589
0.177191
0.214622
0.230244
0.181144
0.157372
0.208586
0.222573
0.230964
0.208950
0.227370
0.193601
0.262412
0.170913
0.273354
0.172322
0.174001
0.236812
0.215532
0.196872
0.178745
0.201189
0.206723
0.223930
0.197002
0.189932
0.196298
0.228144
0.182244
0.184167
0.175740
0.198429
0.248268
0.214417
0.199505
0.163266
0.237628
0.203692
0.183900
0.216964
0.166694
0.182204
0.215220
0.179553
0.225657
0.174425
0.145698
0.244197
0.209370
0.155796
0.195463
0.184253
0.241077
0.285549
0.219278
0.221282
0.233840
0.253670
0.166796
0.194795
0.189871
0.226500
0.199360
0.170780
0.200883
0.205594
0.222562
0.213135
0.188403
0.191469
0.201930
0.207281
0.225429
0.182365
0.204485
0.220115
0.225488
0.232362
0.236818
0.188378
0.164136
0.215199
0.157706
0.260532
0.201779
0.229615
0.178207
0.263224
0.296184
0.297711
0.255681
0.210076
0.215242
0.187388
0.191092
0.193182
0.202154
0.224620
0.227265
0.226029
0.175456
0.201203
0.270450
0.232492
0.255403
0.179678
0.227931
0.171469
0.242370
0.185943
0.185021
0.190189
0.212200
0.196130
0.163742
0.204192
0.165811
0.189116
0.205555
0.143787
0.177472
0.200667
0.204325
0.196395
0.256843
0.195806
0.167768
0.154452
0.223199
0.239445
0.206550
0.283143
0.165254
0.199396
0.225746
0.192135
0.241004
0.201182
0.188870
0.194409
0.184824
0.302756
0.176793
0.186334
0.199115
0.215764
0.220271
0.208235
0.166830
0.285507
0.178364
0.271680
0.199762
0.230271
0.178219
0.195237
0.234238
0.216742
0.164606
0.203563
0.244480
0.196159
0.188576
0.219278
0.210846
0.211400
0.189636
0.185022
0.209368
0.208988
0.208067
0.291529
0.188716
0.180348
0.230377
0.174080
0.191474
0.185101
0.245095
0.173296
0.226365
0.202986
0.227192
0.228895
0.148144
0.210297
0.156078
0.224632
0.211986
0.252318
0.199609
0.145535
0.213903
0.227423
0.193590
0.208557
0.219442
0.192689
0.260477
0.164572
0.182774
0.188771
0.178422
0.160771
0.269680
0.154541
0.183959
0.179740
0.136673
0.187650
0.225409
0.191690
0.207035
0.180716
0.186737
0.153754
0.192466
0.188664
0.205880
0.258948
0.185819
0.260581
0.205782
0.225984
0.181064
0.209176
0.164998
0.234655
0.183361
0.157035
0.270061
0.222672
0.151035
0.221383
0.185494
0.204258
0.222465
0.193453
0.159066
0.205488
0.208200
0.201025
0.185323
0.216225
0.213974
0.149027
0.195188
0.248136
0.170327
0.227158
0.188592
0.206380
0.197660
0.205585
0.202351
0.156086
0.230918
0.230457
0.249853
0.197217
0.210549
0.186667
0.170650
0.236857
0.173347
0.226535
0.202793
0.183278
0.205600
0.219914
0.172186
0.161577
0.188645
0.192158
0.253998
0.165944
0.165368
0.201240
0.209990
0.199339
0.206888
0.115488
0.196336
0.209231
0.170535
0.204681
0.184943
0.168793
0.185618
0.190897
0.175375
0.197251
0.201399
0.158662
0.199725
0.225988
0.173496
0.170489
0.165985
0.183963
0.177547
0.237063
0.198747
0.255682
0.221187
0.230859
0.180753
0.172172
0.160850
0.205944
0.179826
0.233859
0.170034
0.159813
0.237763
0.218663
0.166771
0.192033
0.190840
0.222881
0.199679
0.192798
0.168139
0.222576
0.196344
0.204002
0.207293
0.156577
0.207116
0.203486
0.184023
0.219598
0.199916
0.205676
0.181970
0.191421
0.214372
0.202748
0.186169
0.199317
0.119659
0.193030
0.184532
0.216813
0.205460
0.176464
0.172530
0.200890
0.181578
0.177181
0.214619
0.230229
0.181126
0.157359
0.208588
0.222562
0.230945
0.208932
0.227361
0.193587
0.262385
0.170891
0.273339
0.172318
0.173991
0.236793
0.215511
0.196871
0.178727
0.201179
0.206710
0.223926
0.196996
0.189920
0.196303
0.228129
0.182229
0.184155
0.175725
0.198421
0.248235
0.214403
0.199508
0.163241
0.237626
0.203677
0.183889
0.216953
0.166698
0.182186
0.215198
0.179537
0.225640
0.174425
0.145671
0.244196
0.209367
0.155787
0.195446
0.184230
0.241062
0.285530
0.219247
0.221269
0.233839
0.253656
0.166772
0.194783
0.189848
0.226477
0.199344
0.170764
0.200870
0.205581
0.222564
0.213125
0.188399
0.191452
0.201916
0.207279
0.225391
0.182366
0.204465
0.220116
0.225471
0.232338
0.236827
0.188352
0.164129
0.215192
0.157686
0.260501
0.201778
0.229583
0.178205
0.263226
0.296171
0.297698
0.255665
0.210052
0.215246
0.187373
0.191080
0.193153
0.202132
0.224596
0.227244
0.226008
0.175467
0.201204
0.270428
0.232470
0.255370
0.179655
0.227919
0.171455
0.242360
0.185932
0.185020
0.190180
0.212170
0.196091
0.163731
0.204178
0.165784
0.189103
0.205561
0.143762
0.177454
0.200627
0.204319
0.196379
0.256836
0.195787
0.167755
0.154436
0.223181
0.239436
0.206531
0.283122
0.165243
0.199373
0.225723
0.192106
0.240991
0.201166
0.188864
0.194387
0.184829
0.302724
0.176783
0.186329
0.199111
0.215750
0.220272
0.208231
0.166817
0.285485
0.178357
0.271656
0.199762
0.230284
0.178209
0.195222
0.234215
0.216737
0.164595
0.203553
0.244479
0.196132
0.188568
0.219265
0.210834
0.211389
0.189625
0.185001
0.209364
0.208969
0.208056
0.291514
0.188702
0.180334
0.230361
0.174075
0.191451
0.185096
0.245077
0.173283
0.226357
0.202961
0.227189
0.228881
0.148135
0.210287
0.156063
0.224606
0.211929
0.252408
0.199592
0.145531
0.213878
0.227412
0.193563
0.208540
0.219445
0.192683
0.260459
0.164569
0.182760
0.188755
0.178405
0.160756
0.269653
0.154538
0.183933
0.179730
0.136660
0.187628
0.225393
0.191661
0.207028
0.180699
0.186708
0.153762
0.192451
0.188641
0.205851
0.258920
0.185810
0.260566
0.205766
0.225962
0.181043
0.209172
0.164975
0.234624
0.183341
0.157041
0.270043
0.222642
0.151043
0.221365
0.185480
0.204246
0.222465
0.193433
0.159054
0.205468
0.208189
0.201003
0.185311
0.216205
0.213969
0.149011
0.195186
0.248124
0.170307
0.227143
0.188576
0.206364
0.197653
0.205589
0.202354
0.156082
0.230896
0.230452
0.249845
0.197196
0.210541
0.186652
0.170642
0.236843
0.173330
0.226535
0.202789
0.183273
0.205588
0.219896
0.172178
0.161566
0.188632
0.192157
0.253987
0.165945
0.165355
0.201216
0.209972
0.199322
0.206873
0.115475
0.196329
0.209195
0.170524
0.204652
0.184911
0.168822
0.185602
0.190866
0.175361
0.197247
0.201372
0.158647
0.199707
0.225978
0.173489
0.170472
0.165969
0.183961
0.177530
0.237055
0.198713
0.255681
0.221180
0.230832
0.180741
0.172160
0.160840
0.205920
0.179814
0.233821
0.170006
0.159803
0.237754
0.218653
0.166740
0.191992
0.190859
0.222866
0.199663
0.192781
0.168137
0.222563
0.196324
0.203994
0.207288
0.156574
0.207092
0.203471
0.184018
0.219593
0.199921
0.205668
0.181959
0.191401
0.214370
0.202723
0.186166
0.199295
0.119649
0.193028
0.184511
0.216806
0.205453
0.176447
0.172534
0.200876
0.181557
0.177169
0.214606
0.230212
0.181121
0.157344
0.208579
0.222542
0.230923
0.208918
0.227354
0.193568
0.262340
0.170875
0.273298
0.172345
0.173962
0.236767
0.215495
0.196867
0.178715
0.201170
0.206686
0.223905
0.196990
0.189914
0.196316
0.228116
0.182218
0.184137
0.175713
0.198404
0.248215
0.214371
0.199507
0.163219
0.237620
0.203661
0.183882
0.216939
0.166685
0.182156
0.215192
0.179529
0.225645
0.174411
0.145665
0.244174
0.209356
0.155784
0.195426
0.184201
0.241047
0.285510
0.219210
0.221261
0.233845
0.253642
0.166760
0.194758
0.189836
0.226450
0.199333
0.170754
0.200868
0.205563
0.222563
0.213120
0.188387
0.191434
0.201899
0.207269
0.225363
0.182381
0.204437
0.220109
0.225457
0.232305
0.236821
0.188316
0.164116
0.215160
0.157656
0.260497
0.201748
0.229590
0.178197
0.263202
0.296150
0.297669
0.255635
0.210043
0.215237
0.187357
0.191081
0.193122
0.202132
0.224575
0.227238
0.226005
0.175450
0.201203
0.270413
0.232452
0.255365
0.179639
0.227919
0.171444
0.242338
0.185922
0.185013
0.190156
0.212151
0.196072
0.163719
0.204166
0.165775
0.189086
0.205541
0.143746
0.177428
0.200606
0.204319
0.196371
0.256821
0.195773
0.167746
0.154412
0.223158
0.239418
0.206526
0.283102
0.165242
0.199353
0.225713
0.192090
0.240984
0.201138
0.188852
0.194361
0.184810
0.302706
0.176771
0.186317
0.199093
0.215742
0.220274
0.208218
0.166792
0.285486
0.178348
0.271645
0.199753
0.230292
0.178184
0.195204
0.234207
0.216731
0.164593
0.203534
0.244453
0.196095
0.188551
0.219243
0.210822
0.211377
0.189603
0.184982
0.209351
0.208947
0.208038
0.291493
0.188681
0.180317
0.230343
0.174071
0.191435
0.185084
0.245066
0.173266
0.226324
0.202958
0.227175
0.228870
0.148129
0.210258
0.156032
0.224582
0.211860
0.252532
0.199573
0.145524
0.213854
0.227401
0.193558
0.208555
0.219460
0.192657
0.260447
0.164535
0.182748
0.188739
0.178394
0.160741
0.269639
0.154530
0.183899
0.179715
0.136645
0.187612
0.225363
0.191645
0.207027
0.180677
0.186676
0.153753
0.192444
0.188611
0.205822
0.258901
0.185789
0.260544
0.205744
0.225939
0.181035
0.209164
0.164968
0.234607
0.183323
0.157035
0.270015
0.222623
0.151056
0.221351
0.185462
0.204229
0.222467
0.193420
0.159036
0.205433
0.208196
0.200984
0.185287
0.216203
0.213948
0.149004
0.195180
0.248101
0.170290
0.227141
0.188555
0.206345
0.197642
0.205578
0.202347
0.156079
0.230888
0.230442
0.249830
0.197186
0.210547
0.186638
0.170646
0.236849
0.173314
0.226519
0.202787
0.183271
0.205592
0.219875
0.172167
0.161561
0.188615
0.192157
0.253983
0.165964
0.165329
0.201195
0.209968
0.199313
0.206858
0.115458
0.196308
0.209159
0.170502
0.204632
0.184881
0.168869
0.185583
0.190844
0.175340
0.197226
0.201359
0.158614
0.199699
0.225972
0.173493
0.170464
0.165962
0.183949
0.177520
0.237065
0.198683
0.255681
0.221155
0.230817
0.180720
0.172137
0.160819
0.205903
0.179783
0.233798
0.169990
0.159789
0.237750
0.218637
0.166725
0.191949
0.190860
0.222864
0.199647
0.192786
0.168134
0.222551
0.196307
0.203984
0.207286
0.156568
0.207060
0.203448
0.184014
0.219591
0.199913
0.205653
0.181941
0.191387
0.214366
0.202713
0.186160
0.199265
0.119641
0.193006
0.184481
0.216788
0.205432
0.176420
0.172512
0.200865
0.181549
0.177157
0.214597
0.230192
0.181103
0.157326
0.208578
0.222512
0.230900
0.208917
0.227343
0.193555
0.262298
0.170867
0.273260
0.172344
0.173958
0.236755
0.215480
0.196857
0.178697
0.201148
0.206670
0.223904
0.196974
0.189903
0.196312
0.228089
0.182190
0.184122
0.175691
0.198376
0.248183
0.214341
0.199526
0.163177
0.237619
0.203646
0.183856
0.216915
0.166676
0.182112
0.215175
0.179533
0.225633
0.174398
0.145657
0.244150
0.209350
0.155783
0.195412
0.184152
0.241027
0.285489
0.219161
0.221233
0.233827
0.253621
0.166741
0.194726
0.189818
0.226422
0.199290
0.170746
0.200841
0.205557
0.222548
0.213106
0.188379
0.191403
0.201879
0.207258
0.225299
0.182421
0.204416
0.220095
0.225448
0.232279
0.236808
0.188266
0.164111
0.215150
0.157634
0.260493
0.201723
0.229574
0.178182
0.263196
0.296132
0.297632
0.255600
0.210053
0.215229
0.187331
0.191068
0.193066
0.202127
0.224558
0.227223
0.225996
0.175430
0.201184
0.270381
0.232423
0.255350
0.179619
0.227928
0.171433
0.242319
0.185911
0.185004
0.190152
0.212129
0.196050
0.163707
0.204137
0.165758
0.189069
0.205533
0.143723
0.177408
0.200569
0.204308
0.196341
0.256796
0.195770
0.167731
0.154407
0.223133
0.239399
0.206526
0.283069
0.165231
0.199335
0.225700
0.192053
0.240948
0.201127
0.188854
0.194350
0.184797
0.302694
0.176760
0.186306
0.199095
0.215726
0.220266
0.208209
0.166759
0.285469
0.178338
0.271619
0.199742
0.230273
0.178163
0.195191
0.234205
0.216705
0.164569
0.203516
0.244465
0.196051
0.188551
0.219229
0.210785
0.211365
0.189575
0.184961
0.209344
0.208916
0.208024
0.291468
0.188653
0.180290
0.230324
0.174056
0.191410
0.185068
0.245050
0.173255
0.226312
0.202951
0.227170
0.228843
0.148128
0.210227
0.155987
0.224529
0.211791
0.252694
0.199552
0.145506
0.213828
0.227407
0.193552
0.208556
0.219471
0.192641
0.260396
0.164504
0.182725
0.188717
0.178367
0.160712
0.269607
0.154537
0.183853
0.179700
0.136631
0.187572
0.225323
0.191602
0.206988
0.180640
0.186651
0.153754
0.192421
0.188568
0.205778
0.258877
0.185766
0.260530
0.205705
0.225903
0.181021
0.209157
0.164944
0.234576
0.183295
0.157031
0.269978
0.222556
0.151067
0.221325
0.185444
0.204206
0.222492
0.193392
0.159011
0.205409
0.208174
0.200969
0.185270
0.216176
0.213933
0.148977
0.195184
0.248081
0.170269
0.227126
0.188525
0.206311
0.197651
0.205576
0.202334
0.156067
0.230873
0.230420
0.249801
0.197174
0.210541
0.186614
0.170627
0.236838
0.173294
0.226495
0.202762
0.183263
0.205594
0.219858
0.172133
0.161528
0.188589
0.192142
0.253968
0.165988
0.165316
0.201160
0.209952
0.199297
0.206841
0.115434
0.196289
0.209080
0.170472
0.204597
0.184827
0.168974
0.185571
0.190803
0.175305
0.197202
0.201315
0.158604
0.199684
0.225961
0.173495
0.170463
0.165952
0.183922
0.177506
0.237072
0.198653
0.255662
0.221159
0.230785
0.180707
0.172090
0.160792
0.205905
0.179764
0.233765
0.169949
0.159776
0.237744
0.218597
0.166687
0.191915
0.190850
0.222846
0.199608
0.192763
0.168139
0.222538
0.196287
0.203968
0.207256
0.156538
0.207031
0.203416
0.184023
0.219583
0.199907
0.205625
0.181916
0.191365
0.214345
0.202666
0.186163
0.199235
0.119639
0.192992
0.184430
0.216768
0.205425
0.176400
0.172490
0.200835
0.181507
0.177136
0.214581
0.230178
0.181078
0.157302
0.208587
0.222471
0.230847
0.208884
0.227324
0.193538
0.262247
0.170849
0.273221
0.172359
0.173940
0.236713
0.215453
0.196844
0.178686
0.201129
0.206654
0.223862
0.196961
0.189893
0.196301
0.228042
0.182163
0.184099
0.175660
0.198334
0.248192
0.214271
0.199552
0.163145
0.237605
0.203635
0.183818
0.216916
0.166640
0.182085
0.215134
0.179518
0.225618
0.174372
0.145636
0.244129
0.209325
0.155793
0.195357
0.184063
0.241018
0.285504
0.219100
0.221224
0.233829
0.253566
0.166728
0.194673
0.189784
0.226385
0.199282
0.170727
0.200808
0.205553
0.222534
0.213062
0.188375
0.191369
0.201867
0.207250
0.225237
0.182462
0.204386
0.220085
0.225450
0.232229
0.236782
0.188205
0.164109
0.215133
0.157601
0.260457
0.201701
0.229541
0.178157
0.263188
0.296106
0.297570
0.255535
0.210058
0.215210
0.187283
0.191056
0.193005
0.202113
0.224541
0.227213
0.225974
0.175409
0.201174
0.270346
0.232385
0.255342
0.179593
0.227936
0.171419
0.242292
0.185893
0.184996
0.190132
0.212090
0.196002
0.163704
0.204102
0.165746
0.189053
0.205508
0.143691
0.177379
0.200520
0.204280
0.196311
0.256756
0.195777
0.167723
0.154388
0.223101
0.239404
0.206502
0.283047
0.165209
0.199313
0.225668
0.192000
0.240928
0.201127
0.188820
0.194325
0.184775
0.302683
0.176746
0.186274
0.199092
0.215700
0.220243
0.208160
0.166716
0.285471
0.178335
0.271624
0.199716
0.230241
0.178113
0.195165
0.234166
0.216682
0.164555
0.203486
0.244481
0.195999
0.188561
0.219191
0.210738
0.211357
0.189537
0.184943
0.209347
0.208882
0.208009
0.291452
0.188623
0.180256
0.230310
0.174038
0.191366
0.185028
0.245017
0.173237
0.226282
0.202942
0.227150
0.228792
0.148126
0.210184
0.155913
0.224487
0.211695
0.252930
0.199517
0.145471
0.213805
0.227423
0.193561
0.208553
0.219495
0.192639
0.260383
0.164470
0.182711
0.188687
0.178323
0.160680
0.269570
0.154528
0.183797
0.179690
0.136615
0.187540
0.225262
0.191544
0.206975
0.180578
0.186593
0.153744
0.192391
0.188502
0.205710
0.258834
0.185735
0.260502
0.205650
0.225870
0.180990
0.209158
0.164919
0.234520
0.183256
0.157031
0.269919
0.222478
0.151118
0.221281
0.185409
0.204178
0.222506
0.193362
0.158972
0.205379
0.208154
0.200948
0.185247
0.216133
0.213889
0.148928
0.195156
0.248055
0.170245
0.227100
0.188460
0.206277
0.197664
0.205572
0.202324
0.156036
0.230869
0.230392
0.249771
0.197137
0.210537
0.186591
0.170596
0.236820
0.173262
0.226475
0.202741
0.183252
0.205595
0.219822
0.172094
0.161510
0.188558
0.192117
0.253969
0.166041
0.165288
0.201111
0.209922
0.199260
0.206807
0.115397
0.196260
0.208972
0.170431
0.204556
0.184735
0.169158
0.185556
0.190747
0.175226
0.197163
0.201273
0.158578
0.199656
0.225915
0.173501
0.170451
0.165948
0.183884
0.177462
0.237042
0.198608
0.255614
0.221140
0.230704
0.180712
0.172000
0.160739
0.205948
0.179718
0.233694
0.169911
0.159749
0.237732
0.218567
0.166632
0.191871
0.190827
0.222831
0.199585
0.192740
0.168120
0.222522
0.196254
0.203942
0.207229
0.156506
0.206973
0.203383
0.184031
