10.475216
9.832537
10.463825
9.172560
10.051001
9.669659
9.383675
12.676524
11.401471
13.931558
10.763013
9.512997
9.252724
8.662106
9.085064
10.078666
10.163367
9.634573
9.424179
8.341253
9.488271
9.445200
10.094820
9.970669
10.788116
9.330084
9.472086
9.846683
9.099683
9.481246
8.716014
9.235168
8.923006
9.595783
9.570588
8.061318
8.716743
9.271232
9.079734
9.735561
8.589222
8.215307
8.902340
7.821043
7.387719
8.209872
8.798329
8.482350
9.026180
9.095201
9.094049
8.533280
8.970276
8.764476
9.537177
10.652523
8.250569
8.572596
9.048505
9.987647
9.379294
9.770458
9.832314
9.559111
9.778576
8.925584
9.318407
8.461106
7.905566
7.541418
7.908642
10.400135
10.239487
10.237548
9.581484
10.080188
8.953430
9.431242
8.399794
8.532598
7.860392
8.056376
10.024788
9.813055
8.750441
8.405776
9.154808
10.000648
9.678234
10.123575
10.203147
7.444504
6.815953
7.753438
9.057151
7.908715
6.508005
7.611448
7.462151
9.502514
6.076201
7.673736
7.281321
8.495718
7.577446
7.606874
10.046359
7.038273
6.762933
7.852838
8.250829
9.494252
8.804352
8.130321
8.643923
7.079091
7.927910
6.346492
7.815105
7.850711
5.988839
5.378178
8.001176
10.344299
7.685718
11.554966
7.450686
10.162941
5.846756
7.412388
10.818333
1.909028
10.102069
6.460541
7.183148
10.664356
9.828351
7.249968
6.528370
9.693732
7.942403
8.111179
11.488969
8.274955
7.814388
7.714758
7.415397
8.528526
9.915050
5.738842
5.792477
1.535953
4.959551
8.773110
8.718999
7.627229
9.442618
8.974185
4.670154
8.448064
7.999332
7.279808
6.206319
8.297607
8.435189
5.527816
7.494051
8.396065
8.515491
10.542574
6.965237
9.478213
8.396685
6.275712
6.808626
4.016473
6.662945
1.886853
8.616168
8.111353
5.576616
6.396493
5.018004
5.239160
6.778151
7.175252
5.621809
4.196992
9.596432
6.837173
5.751944
6.176121
6.547639
6.897095
5.692472
6.610759
6.099654
6.715121
7.843800
3.394710
4.786186
6.117184
5.841155
6.618008
7.868992
8.372286
7.130099
5.528171
7.208979
6.222101
6.782652
5.722452
7.224139
4.557610
6.739780
7.703310
4.875219
6.713722
7.872825
5.364271
7.557422
7.683649
5.247468
5.821690
7.168730
6.528456
5.962489
4.871322
8.384615
7.354208
7.694772
5.441627
5.644810
3.782150
4.881020
6.704119
3.750436
7.536838
4.598340
6.351661
5.702483
6.224359
5.715605
7.033700
7.042251
6.036887
5.654388
1.732122
5.851774
5.889613
5.814368
5.006536
7.256171
7.087561
5.593755
6.496633
5.382637
5.371038
7.688270
4.597977
6.934742
6.178298
4.248687
5.073021
4.926460
5.908431
5.507397
4.477586
6.335349
5.583876
6.999683
6.089139
4.304853
5.394880
4.999382
7.379814
7.079243
4.136172
4.935010
5.403772
8.362449
5.424626
5.638390
6.353761
6.900406
6.012841
4.961486
5.788319
3.488283
6.668394
6.094418
4.312416
4.921885
5.051249
5.859001
5.498496
4.732869
5.048158
5.631447
4.731594
5.102028
4.273918
4.524686
5.023795
5.733623
3.758638
4.356112
5.940226
5.161959
2.482591
4.793408
3.793620
2.830549
5.283240
3.632610
4.533550
4.277168
3.966964
3.426326
2.358242
2.060698
3.598628
2.112456
3.458181
4.477201
3.539361
4.350702
2.424887
2.447475
3.052886
3.074203
6.071388
3.161773
2.359068
2.591707
2.062073
2.551574
2.278829
5.899084
2.028285
2.164525
2.321720
2.953252
4.233828
2.742138
5.261870
2.608933
2.173101
5.636879
5.134534
5.634800
4.644279
5.303150
4.956363
4.738740
7.140670
6.205732
8.182719
5.796267
4.805305
4.658257
4.290678
4.529803
5.317546
5.292777
4.949731
4.802331
4.034740
4.840211
4.817923
5.277244
5.236303
5.770299
4.752577
4.861600
5.129732
4.567763
4.860473
4.325277
4.702033
4.437949
4.920391
4.911481
3.835219
4.281313
4.704782
4.582607
5.037224
4.233895
4.009498
4.458949
3.725119
3.513732
4.036576
4.410769
4.171559
4.554145
4.625703
4.604023
4.244055
4.569762
4.415756
4.948080
5.741214
4.086397
4.271306
4.640495
5.253985
4.868093
5.098991
5.165600
5.013983
5.132471
4.590136
4.848837
4.232857
3.892901
3.631486
3.873479
5.607572
5.470671
5.546315
4.995449
5.340920
4.556629
4.936283
4.232989
4.329286
3.858161
3.928509
5.308078
5.173626
4.473071
4.236319
4.837392
5.362417
5.133246
5.491851
5.525410
3.634102
3.173143
3.802887
4.669873
4.004326
3.044974
3.783104
3.614066
5.094545
2.750264
3.804947
3.497566
4.356915
3.750920
3.777995
5.454646
3.347970
3.250711
3.984137
4.185832
5.121524
4.622794
4.164642
4.508957
3.504313
4.070014
2.938729
3.921094
3.975096
2.676348
2.222964
4.004998
5.826460
3.806277
6.626749
3.630996
5.603402
2.590507
3.735830
6.115219
0.316171
5.641858
2.989783
3.526271
6.001082
5.425321
3.595658
3.086929
5.407358
4.026819
4.244230
6.656227
4.277650
3.949520
3.962499
3.683055
4.479767
5.560882
2.662149
2.735972
0.191370
2.064454
4.703405
4.636383
3.857945
5.221208
4.875252
1.889552
4.505061
4.232509
3.715232
2.974843
4.362149
4.522752
2.438941
3.910568
4.506263
4.539382
6.063835
3.547328
5.280953
4.479648
2.993703
3.459886
1.493737
3.375716
0.352343
4.791548
4.352999
2.577927
3.119718
2.180158
2.410832
3.346164
3.823511
2.642687
1.751271
5.461461
3.594017
2.733483
3.059952
3.246611
3.519879
2.688812
3.322351
2.941903
3.419789
4.289421
1.188475
2.034981
3.026328
2.856277
3.542616
4.195280
4.592820
3.757805
2.670291
3.747848
3.077514
3.496816
2.795129
3.789240
2.140208
3.447096
4.155813
2.189955
3.525920
4.326740
2.551685
4.252192
4.181647
2.501120
2.864797
3.819323
3.349308
3.060844
2.204988
4.670450
3.929981
4.208522
2.698653
2.810401
1.573961
2.310220
3.529219
1.554992
4.134391
2.230837
3.241618
3.051784
3.125410
2.925416
3.761466
3.719958
3.060791
2.994739
0.351226
2.974592
2.947885
2.912185
2.351432
3.985861
3.922553
2.832127
3.429070
2.719037
2.620579
4.244921
2.060765
3.729218
3.225208
1.933846
2.653218
2.543570
3.044700
2.696615
2.083570
3.302552
2.871932
3.823333
3.178657
2.196880
4.271410
2.474726
4.079965
3.894800
1.893673
2.423210
2.816553
4.854007
2.824996
2.952283
3.419466
3.761956
3.090541
2.640988
2.988404
1.482334
3.614328
3.199342
1.999480
2.407063
2.557372
3.093100
2.759895
2.582759
2.463043
2.858713
2.270766
2.612758
2.011547
2.298976
2.471896
2.970170
1.701959
2.063834
3.112506
2.616830
1.113136
2.386795
1.694610
1.106956
2.689066
1.606930
2.213933
2.029829
1.833767
1.690531
0.769476
0.905996
1.800250
0.800397
1.739791
2.164484
1.744853
2.118091
1.143729
1.157640
1.383824
1.436865
3.434736
1.501235
0.971112
1.121515
1.047655
1.060753
0.953191
3.220062
0.873056
0.844862
1.020036
1.162989
2.220505
1.358530
2.916828
1.251952
0.934871
3.189000
2.794885
3.209596
2.439723
2.948993
2.632330
2.467986
4.246658
3.555859
5.148386
3.314613
2.508117
2.442673
2.232967
2.345299
2.990838
2.891079
2.678515
2.575766
2.028023
2.596392
2.588744
2.916032
2.932746
3.269997
2.557122
2.642738
2.836495
2.401865
2.632243
2.255222
2.533228
2.300500
2.650203
2.651360
1.873071
2.173211
2.504849
2.429179
2.743469
2.175542
2.052880
2.336874
1.841308
1.781532
2.098435
2.321136
2.133315
2.403152
2.474903
2.437529
2.214383
2.462380
2.341844
2.706845
3.276297
2.134978
2.223336
2.517252
2.904678
2.670269
2.789003
2.857094
2.787440
2.834562
2.511289
2.668830
2.217234
2.023987
1.831464
1.985282
3.196005
3.073608
3.201685
2.720560
2.958677
2.408328
2.718502
2.239312
2.308615
1.974126
1.956155
2.928456
2.845373
2.392252
2.227962
2.725275
3.027651
2.860855
3.157913
3.157974
1.861933
1.514604
1.930670
2.495167
2.160224
1.502962
1.987749
1.803384
2.896584
1.300279
1.974630
1.723996
2.337148
1.944337
1.967988
3.117750
1.629885
1.653315
2.139705
2.204538
2.926616
2.557748
2.246442
2.472525
1.851678
2.220834
1.397730
2.043646
2.108583
1.195819
0.849020
2.050354
3.510946
1.928597
4.025299
1.791063
3.252397
1.135114
1.989368
3.660312
0.000831
3.350840
1.378323
1.785003
3.565258
3.167014
1.851181
1.487359
3.224411
2.097513
2.346767
4.092187
2.287166
2.048588
2.137468
1.870113
2.447355
3.316581
1.295752
1.381872
0.014233
0.818277
2.646922
2.569415
2.005111
3.055497
2.792283
0.712657
2.526286
2.373452
1.993851
1.481225
2.382286
2.557174
1.038820
2.168355
2.551603
2.523749
3.700601
1.912919
3.108433
2.498524
1.448258
1.866962
0.467988
1.822099
0.003917
2.864905
2.470468
1.216907
1.565732
0.926867
1.162590
1.680818
2.211914
1.286148
0.760481
3.306160
2.051239
1.343929
1.601653
1.659566
1.878912
1.303569
1.739600
1.447649
1.829356
2.519183
0.344973
0.814827
1.570883
1.472358
2.094968
2.334233
2.657532
2.101421
1.366652
2.027454
1.573641
1.894279
1.438010
2.081252
1.131746
1.834212
2.366093
0.992475
1.981048
2.533808
1.262370
2.625336
2.414911
1.253253
1.470603
2.153516
1.799340
1.700525
1.005345
2.748051
2.205837
2.440311
1.440701
1.488171
0.681409
1.166785
1.968633
0.667289
2.414474
1.222433
1.720360
1.845963
1.609144
1.620343
2.123247
2.045969
1.623828
1.775221
0.009602
1.601780
1.529360
1.519585
1.127628
2.337230
2.345094
1.531078
1.916163
1.482891
1.323421
2.469469
0.907881
2.114952
1.783462
0.930195
1.576098
1.490838
1.659432
1.346552
1.019158
1.797136
1.586140
2.216589
1.753712
1.373715
1.499232
1.311603
2.381797
2.274807
0.921017
1.263853
1.604005
3.005814
1.601406
1.667898
1.962925
2.163583
1.639800
1.603492
1.619511
0.659051
2.067972
1.761281
0.961160
1.228500
1.392042
1.739223
1.423633
1.650642
1.230131
1.495397
1.121107
1.442342
0.996238
1.307754
1.254840
1.606243
0.823681
1.022125
1.700847
1.398663
0.703616
1.261742
0.780286
0.450072
1.431408
0.739705
1.143119
1.007669
0.889099
1.018477
0.197557
0.631878
1.072031
0.415786
1.074241
1.088331
1.024674
1.094913
0.774342
0.782283
0.745630
0.819382
2.127745
0.865557
0.522110
0.614734
0.853865
0.537567
0.542713
1.876262
0.577817
0.435266
0.621755
0.427086
1.329893
0.900625
1.795596
0.808130
0.573926
1.993763
1.673139
2.027869
1.408936
1.814113
1.517157
1.388468
2.736805
2.213123
3.539793
2.085691
1.405224
1.394963
1.292976
1.316949
1.863526
1.711083
1.587385
1.514377
1.117057
1.521098
1.522525
1.757865
1.813305
2.014004
1.510122
1.578625
1.720149
1.372246
1.558681
1.289654
1.498323
1.286530
1.543814
1.550934
0.976913
1.175539
1.442948
1.398343
1.615002
1.208257
1.154705
1.323766
0.991365
1.035047
1.208289
1.326545
1.173172
1.364392
1.435326
1.386191
1.256346
1.449647
1.351469
1.600265
2.014714
1.226019
1.247075
1.488221
1.718991
1.588001
1.628548
1.696742
1.682618
1.679666
1.503566
1.593333
1.254049
1.160917
1.014937
1.107145
1.956436
1.843128
2.006082
1.572433
1.735700
1.345611
1.607056
1.281336
1.331160
1.089890
1.010184
1.701054
1.652474
1.368922
1.253667
1.678653
1.826756
1.702054
1.955847
1.931963
1.045129
0.775183
1.043190
1.398456
1.290412
0.840374
1.149805
0.954002
1.779581
0.695732
1.109177
0.896792
1.339498
1.092710
1.113175
1.899121
0.836696
0.942489
1.257815
1.227523
1.801625
1.521386
1.310424
1.454215
1.096981
1.329882
0.718247
1.131564
1.203222
0.555525
0.281328
1.081841
2.293047
1.011484
2.608817
0.898340
2.006826
0.505676
1.158634
2.340773
0.154369
2.142603
0.637400
0.953874
2.254901
1.978152
1.015479
0.750690
2.085109
1.132147
1.402558
2.688037
1.277328
1.099662
1.240055
0.980257
1.405550
2.128054
0.711198
0.805023
0.247387
0.314242
1.583959
1.498471
1.080915
1.915028
1.708054
0.251818
1.512332
1.441219
1.155705
0.799229
1.364600
1.548589
0.419002
1.312156
1.548324
1.477735
2.414414
1.128044
1.952154
1.473358
0.722476
1.107751
0.098744
1.088516
0.099803
1.872928
1.508159
0.613119
0.828306
0.395859
0.634351
0.864547
1.431963
0.681181
0.406753
2.149566
1.315872
0.713408
0.923078
0.891609
1.073114
0.673228
0.972516
0.740832
1.055596
1.620879
0.084351
0.294066
0.887361
0.837422
1.415444
1.369271
1.640752
1.276084
0.783622
1.156674
0.851335
1.103337
0.815452
1.216333
0.747867
1.033471
1.442875
0.476553
1.225169
1.606393
0.681208
1.809784
1.503568
0.698677
0.814574
1.309737
1.034710
1.065901
0.480740
1.724927
1.318636
1.522114
0.873401
0.875941
0.364569
0.676441
1.190260
0.351839
1.525076
0.822400
0.966539
1.308592
0.857502
1.013578
1.286348
1.183802
0.924316
1.224514
0.063490
0.944607
0.840069
0.847537
0.571245
1.487585
1.543877
0.919661
1.158177
0.914972
0.712839
1.528801
0.395467
1.284110
1.070861
0.518796
1.113468
1.044314
0.983338
0.694110
0.562904
1.036491
0.976203
1.384964
1.046730
1.059785
0.913588
0.783256
1.484346
1.430644
0.522166
0.735842
1.038792
2.002236
1.027458
1.051517
1.227407
1.329819
0.907151
1.154884
0.942105
0.356845
1.267224
1.034555
0.509172
0.679368
0.851464
1.068238
0.764222
1.269003
0.640784
0.815691
0.587987
0.894374
0.554538
0.882092
0.673103
0.922812
0.474156
0.559505
0.982906
0.813432
0.674733
0.739552
0.402678
0.249215
0.816279
0.392919
0.655591
0.553112
0.487377
0.803958
0.051468
0.690341
0.817236
0.397101
0.861557
0.592352
0.773317
0.634370
0.763514
0.766823
0.548647
0.636140
1.469146
0.668750
0.453343
0.505664
0.959820
0.416172
0.498425
1.188717
0.611866
0.390056
0.583826
0.156149
0.951905
0.820116
1.257783
0.736316
0.558684
1.403485
1.132966
1.445902
0.930416
1.263409
0.979532
0.874909
1.926389
1.517292
2.660400
1.467272
0.873109
0.900366
0.872084
0.834719
1.312652
1.123449
1.060468
1.007456
0.713254
1.003646
1.010848
1.182387
1.264014
1.370205
1.009776
1.066025
1.171103
0.882456
1.038154
0.843029
1.003489
0.805641
0.998819
1.009580
0.575767
0.704023
0.926736
0.903066
1.052030
0.755824
0.749414
0.838866
0.618374
0.732863
0.806702
0.852582
0.722476
0.859103
0.929027
0.871347
0.805311
0.960485
0.877265
1.045592
1.352842
0.806553
0.780815
0.985179
1.107624
1.047421
1.033681
1.101507
1.125191
1.087318
1.012132
1.054796
0.792424
0.767802
0.653448
0.702797
1.302753
1.195276
1.381818
0.980441
1.091736
0.811589
1.039048
0.818600
0.854584
0.677093
0.554450
1.051090
1.025853
0.858659
0.776757
1.151518
1.192965
1.096837
1.320422
1.279636
0.674198
0.457133
0.622768
0.833535
0.881339
0.573605
0.761866
0.557783
1.198656
0.467313
0.700680
0.514235
0.839159
0.692531
0.710404
1.245404
0.475568
0.637688
0.834810
0.738614
1.210415
0.990819
0.848569
0.935297
0.759214
0.897891
0.431499
0.684246
0.760144
0.294604
0.070021
0.594116
1.633195
0.558389
1.811442
0.461278
1.326390
0.249170
0.763122
1.608260
0.435935
1.485985
0.302231
0.556208
1.526833
1.333380
0.613544
0.416585
1.473352
0.639805
0.924416
1.892780
0.753253
0.617169
0.792671
0.537712
0.857998
1.479094
0.477811
0.576579
0.576403
0.135223
1.019664
0.928322
0.611468
1.296283
1.127683
0.100398
0.979645
0.964455
0.743383
0.494088
0.827930
1.017834
0.155628
0.885642
1.020172
0.919805
1.690737
0.749256
1.317247
0.928398
0.383347
0.745258
0.004464
0.742985
0.325157
1.348766
1.004089
0.355610
0.478427
0.187794
0.427855
0.459358
1.051449
0.420838
0.319094
1.508667
0.964725
0.434132
0.610376
0.517022
0.672138
0.392753
0.597541
0.407034
0.675369
1.154555
0.056851
0.087092
0.567974
0.551170
1.098159
0.855095
1.090569
0.857420
0.531507
0.706075
0.502665
0.707081
0.534840
0.768497
0.630986
0.629200
0.953943
0.267797
0.850849
1.113630
0.426585
1.393426
1.020937
0.461430
0.507151
0.872707
0.651878
0.772292
0.262590
1.163156
0.850166
1.031994
0.624626
0.595921
0.287670
0.479754
0.794914
0.274991
1.052669
0.686698
0.586901
1.077712
0.478768
0.734317
0.848307
0.728063
0.580296
0.982669
0.237721
0.628862
0.501913
0.520962
0.324034
1.038122
1.127472
0.633678
0.770966
0.658365
0.426565
1.014920
0.176224
0.845290
0.713184
0.368261
0.927363
0.869016
0.649666
0.376445
0.380063
0.643747
0.686963
0.942777
0.690101
0.973535
0.639962
0.548810
0.995436
0.978155
0.376069
0.500522
0.777577
1.438862
0.759680
0.754243
0.847818
0.882299
0.528995
0.972063
0.601453
0.274309
0.841091
0.659130
0.322682
0.425711
0.603431
0.730132
0.433822
1.129625
0.358106
0.470521
0.343503
0.639400
0.372487
0.710821
0.394092
0.573506
0.354538
0.361744
0.609057
0.530717
0.774885
0.499735
0.262174
0.230177
0.511692
0.272873
0.438368
0.358342
0.328737
0.773970
0.068370
0.847825
0.758750
0.500963
0.831564
0.367055
0.716202
0.432975
0.871513
0.871374
0.527983
0.624686
1.130154
0.647466
0.519985
0.544313
1.146248
0.445845
0.580931
0.828116
0.747825
0.471213
0.669742
0.081431
0.803214
0.875988
0.998548
0.797707
0.658794
1.107437
0.871175
1.155079
0.710593
0.993643
0.718539
0.630249
1.477058
1.146668
2.163105
1.149471
0.614514
0.667378
0.689618
0.609780
1.040202
0.825467
0.804071
0.764605
0.541191
0.753085
0.764033
0.891416
0.990850
1.031740
0.769878
0.817448
0.897208
0.649148
0.783472
0.639006
0.766037
0.577577
0.726384
0.739427
0.401959
0.481532
0.673243
0.663769
0.765899
0.545604
0.571442
0.605847
0.462214
0.625240
0.630406
0.626233
0.511942
0.610754
0.679769
0.615987
0.593688
0.722396
0.649256
0.761959
0.995181
0.615613
0.557444
0.736265
0.783903
0.772235
0.720906
0.788270
0.837783
0.775656
0.769756
0.779779
0.570168
0.592522
0.499745
0.519374
0.947418
0.843754
1.046333
0.666983
0.742286
0.537650
0.741503
0.593352
0.619607
0.485836
0.333426
0.696107
0.686746
0.599486
0.540357
0.880329
0.848128
0.771485
0.974072
0.921450
0.509603
0.328764
0.423704
0.534766
0.689702
0.479775
0.584397
0.374423
0.887901
0.399115
0.508290
0.339518
0.583140
0.505302
0.521197
0.883192
0.314665
0.515379
0.630918
0.489150
0.890311
0.712293
0.617173
0.664420
0.612899
0.686507
0.319955
0.461940
0.540573
0.200296
0.009699
0.343252
1.263609
0.331009
1.346783
0.244577
0.941902
0.156451
0.574494
1.187370
0.713220
1.117005
0.154445
0.365204
1.108113
0.971847
0.419069
0.268646
1.134027
0.382541
0.676756
1.426557
0.473612
0.365990
0.565496
0.313696
0.561494
1.112582
0.397317
0.499314
0.882862
0.091659
0.710601
0.615056
0.367384
0.949212
0.806870
0.074820
0.691333
0.714488
0.537626
0.361975
0.536204
0.730015
0.051780
0.669278
0.733648
0.612608
1.269228
0.565097
0.956544
0.629475
0.226011
0.571665
0.015421
0.580750
0.555902
1.063190
0.732187
0.253347
0.312391
0.119261
0.360239
0.254752
0.863670
0.315663
0.332676
1.141100
0.796538
0.315285
0.468352
0.332227
0.469012
0.272455
0.412011
0.249703
0.485909
0.905644
0.109989
0.016482
0.419793
0.425653
0.951105
0.572311
0.782833
0.640103
0.428736
0.466464
0.333099
0.504592
0.411839
0.530185
0.620422
0.420590
0.686881
0.193533
0.662412
0.843482
0.320289
1.175572
0.757324
0.366654
0.363902
0.640057
0.456405
0.638114
0.180238
0.844018
0.595135
0.761908
0.520598
0.470234
0.301716
0.411166
0.589379
0.288641
0.793779
0.659515
0.391617
0.984692
0.283829
0.607723
0.612242
0.479669
0.408693
0.881258
0.422711
0.476311
0.333794
0.360680
0.218265
0.792932
0.904900
0.500789
0.568234
0.545430
0.293069
0.724543
0.088619
0.606333
0.529971
0.327560
0.862025
0.810981
0.482446
0.220116
0.316444
0.435447
0.549804
0.700160
0.506272
0.975713
0.513028
0.448725
0.719985
0.727654
0.336427
0.399311
0.658395
1.111478
0.635721
0.609845
0.646609
0.634183
0.328517
0.905960
0.426544
0.277021
0.607061
0.459894
0.253427
0.310076
0.491537
0.556085
0.264960
1.092172
0.221858
0.291112
0.233307
0.521848
0.305033
0.650659
0.259621
0.390504
0.329579
0.282856
0.408787
0.393081
0.900744
0.391395
0.222100
0.273606
0.358420
0.246516
0.344984
0.280300
0.275450
0.809105
0.135706
1.011726
0.773974
0.627697
0.866166
0.267160
0.731862
0.349163
1.000671
0.998062
0.568310
0.671240
0.950945
0.686984
0.619899
0.624785
1.328200
0.519825
0.691020
0.634200
0.894289
0.579922
0.781607
0.083014
0.754054
0.966899
0.873500
0.892152
0.779587
0.956838
0.743940
1.007859
0.611859
0.860615
0.591423
0.514197
1.220799
0.944104
1.873631
0.982760
0.488239
0.558506
0.615245
0.506159
0.903847
0.671430
0.678435
0.648113
0.473200
0.631032
0.644404
0.741290
0.852814
0.848617
0.654449
0.695913
0.758077
0.537846
0.657284
0.547621
0.651452
0.469353
0.587383
0.601862
0.330799
0.376604
0.546768
0.546960
0.616553
0.448649
0.496675
0.492838
0.402309
0.598862
0.556346
0.517330
0.413886
0.486346
0.554583
0.486444
0.494363
0.604567
0.538300
0.612211
0.793815
0.530041
0.449181
0.610095
0.605510
0.627488
0.549815
0.616695
0.684056
0.604843
0.647130
0.634224
0.461310
0.516366
0.438549
0.437271
0.744924
0.643750
0.857391
0.493281
0.543183
0.391312
0.578442
0.480873
0.500153
0.396960
0.223502
0.491840
0.493460
0.462283
0.419037
0.734356
0.650089
0.586989
0.774537
0.713400
0.438115
0.282754
0.327597
0.368003
0.598595
0.457788
0.503079
0.288804
0.711859
0.394934
0.415911
0.259555
0.445352
0.416231
0.430599
0.669547
0.243932
0.472001
0.529397
0.355074
0.705822
0.557254
0.495564
0.514546
0.551677
0.578765
0.283321
0.346158
0.426616
0.175675
0.009259
0.206568
1.041928
0.210859
1.056746
0.131787
0.708841
0.132221
0.481434
0.927638
0.954167
0.894186
0.090220
0.269843
0.849059
0.753692
0.320845
0.203768
0.931354
0.238743
0.539719
1.131886
0.313216
0.225963
0.442644
0.192984
0.388250
0.888584
0.379988
0.484243
1.145528
0.100807
0.527379
0.428636
0.230952
0.738004
0.614517
0.096550
0.522273
0.573099
0.428241
0.305994
0.364071
0.560560
0.016060
0.551553
0.564698
0.428449
1.001582
0.470328
0.732830
0.450633
0.150458
0.484118
0.062710
0.501289
0.763940
0.893238
0.572114
0.217395
0.229621
0.107842
0.349423
0.143397
0.764574
0.277039
0.381134
0.909712
0.711397
0.266271
0.402223
0.234566
0.357776
0.222014
0.313483
0.171833
0.384297
0.760164
0.186793
0.002084
0.348176
0.370643
0.880157
0.401200
0.593206
0.517015
0.390063
0.326690
0.244920
0.391996
0.357855
0.390889
0.649431
0.303024
0.525963
0.175160
0.559459
0.679894
0.277951
1.050540
0.598186
0.332602
0.293805
0.503508
0.347339
0.574465
0.154984
0.642724
0.441338
0.596782
0.478904
0.412326
0.347789
0.395615
0.471713
0.334244
0.636128
0.674585
0.281173
0.950522
0.173436
0.548262
0.470928
0.329041
0.315321
0.840331
0.595815
0.396918
0.242651
0.275313
0.173598
0.643846
0.772652
0.435566
0.450603
0.494994
0.227128
0.540899
0.056916
0.460998
0.426352
0.330856
0.846775
0.801152
0.390448
0.136213
0.302165
0.312277
0.480063
0.550967
0.401211
1.010638
0.450633
0.406469
0.545493
0.571852
0.339528
0.355885
0.601356
0.897182
0.574899
0.533490
0.527223
0.479236
0.209460
0.888480
0.326617
0.311475
0.462171
0.341245
0.233175
0.254588
0.438819
0.456132
0.168842
1.095735
0.150309
0.186698
0.181379
0.464266
0.285445
0.636568
0.188921
0.282801
0.342062
0.254214
0.287670
0.319559
1.027936
0.340045
0.222690
0.337793
0.272550
0.257377
0.304669
0.251609
0.265575
0.866687
0.217694
1.167483
0.814902
0.754863
0.922072
0.221826
0.772793
0.315932
1.125823
1.121272
0.627152
0.733890
0.848841
0.743513
0.720274
0.711040
1.488375
0.601323
0.798722
0.521606
1.025468
0.684066
0.887950
0.110302
0.744874
1.058041
0.809742
0.985555
0.891739
0.876233
0.679654
0.929541
0.567466
0.792151
0.526998
0.457491
1.065850
0.826810
1.695604
0.890628
0.424336
0.506766
0.587582
0.458066
0.832972
0.588248
0.615021
0.591091
0.449839
0.570115
0.585200
0.660921
0.780861
0.745470
0.598142
0.635383
0.685426
0.484389
0.593578
0.507887
0.595767
0.417999
0.514901
0.530373
0.304881
0.327522
0.482902
0.489739
0.537082
0.404982
0.468161
0.438227
0.383895
0.603249
0.528213
0.465480
0.369386
0.423925
0.491654
0.420543
0.448975
0.546630
0.485021
0.532675
0.679405
0.493911
0.397729
0.546564
0.506788
0.551474
0.456104
0.522715
0.602113
0.511490
0.586159
0.557895
0.409578
0.486493
0.418657
0.403421
0.630796
0.531357
0.752435
0.398535
0.431644
0.314854
0.490963
0.426921
0.441617
0.358633
0.171290
0.377486
0.386431
0.392216
0.359444
0.658624
0.540276
0.486148
0.664017
0.597366
0.411250
0.272481
0.284703
0.279178
0.558973
0.463016
0.469809
0.252744
0.617293
0.411528
0.375468
0.227135
0.375624
0.377910
0.391301
0.551070
0.217425
0.463029
0.483083
0.287890
0.606355
0.476696
0.436431
0.437358
0.531165
0.528555
0.278437
0.290833
0.372471
0.178343
0.027263
0.138005
0.919448
0.152823
0.891150
0.078481
0.579551
0.134863
0.440640
0.781879
1.123564
0.771790
0.067568
0.227628
0.704176
0.634556
0.276873
0.180667
0.822130
0.166375
0.471631
0.965687
0.230704
0.156182
0.383572
0.135284
0.298112
0.767122
0.386233
0.491839
1.324135
0.123239
0.431411
0.330763
0.163840
0.624998
0.513191
0.126409
0.435316
0.503162
0.377850
0.288210
0.275463
0.473665
0.010569
0.496200
0.478270
0.332852
0.855483
0.429018
0.613601
0.358671
0.120807
0.447259
0.106944
0.469296
0.904514
0.806954
0.491789
0.211455
0.195635
0.116538
0.358432
0.092318
0.720791
0.269365
0.425335
0.787106
0.675940
0.252312
0.378069
0.191661
0.306806
0.207124
0.270088
0.140657
0.339054
0.688982
0.247076
0.008402
0.320662
0.352922
0.853007
0.314967
0.496086
0.459155
0.381859
0.259060
0.207624
0.340373
0.340623
0.323657
0.680744
0.248557
0.446163
0.178669
0.513562
0.598661
0.267408
0.991831
0.519688
0.326826
0.267082
0.438248
0.298037
0.551477
0.154212
0.540157
0.366294
0.515255
0.468561
0.392638
0.387887
0.400252
0.417657
0.373912
0.559162
0.696644
0.231307
0.944310
0.123615
0.527581
0.403483
0.256289
0.275276
0.830148
0.707496
0.364811
0.203871
0.239807
0.161223
0.572137
0.710522
0.411507
0.396821
0.479282
0.202630
0.449826
0.051754
0.391679
0.380595
0.345349
0.850771
0.808181
0.351276
0.101584
0.306629
0.255619
0.453372
0.479759
0.354751
1.042672
0.428043
0.395130
0.460308
0.497136
0.353419
0.343846
0.581708
0.790099
0.553145
0.503117
0.472997
0.405332
0.155484
0.890687
0.283272
0.342299
0.394054
0.287629
0.233751
0.235768
0.421509
0.412881
0.127704
1.109239
0.122659
0.141060
0.164459
0.444246
0.286169
0.640257
0.161725
0.235434
0.360166
0.249904
0.233023
0.290813
1.108220
0.323317
0.234151
0.383743
0.237061
0.274332
0.293847
0.247072
0.271212
0.908850
0.273067
1.262846
0.849828
0.834840
0.964535
0.206961
0.807748
0.307936
1.209731
1.204061
0.672610
0.782746
0.797064
0.790036
0.793887
0.775884
1.598930
0.663213
0.877105
0.460032
1.123324
0.764201
0.969518
0.140111
0.750801
1.129665
0.779897
1.058883
0.977568
0.832532
0.647252
0.887358
0.548806
0.756743
0.494397
0.430211
0.970308
0.757348
1.583863
0.838536
0.391840
0.482681
0.580202
0.436435
0.795416
0.542076
0.582579
0.563046
0.445244
0.539281
0.555497
0.616417
0.742169
0.684935
0.570301
0.604549
0.646055
0.458415
0.560379
0.491439
0.568090
0.393336
0.475363
0.491490
0.297946
0.304281
0.449241
0.460695
0.492347
0.385397
0.459197
0.410844
0.381973
0.617365
0.519385
0.439890
0.348955
0.390812
0.458133
0.384891
0.427763
0.516512
0.458154
0.487212
0.609204
0.479061
0.371990
0.512228
0.447479
0.508201
0.400233
0.466588
0.554476
0.455687
0.553296
0.514076
0.383199
0.475632
0.414865
0.389651
0.559782
0.461513
0.687826
0.341147
0.362196
0.270407
0.438573
0.398460
0.409826
0.341274
0.143942
0.305527
0.319653
0.351902
0.326602
0.614127
0.471214
0.423465
0.594264
0.523588
0.401692
0.274862
0.263504
0.224765
0.540053
0.476490
0.455406
0.236290
0.558434
0.433140
0.355735
0.213177
0.334573
0.359611
0.372253
0.474479
0.207589
0.465919
0.458789
0.248373
0.543294
0.427349
0.402643
0.390373
0.525441
0.501139
0.284074
0.259611
0.342069
0.189430
0.049539
0.096947
0.838907
0.119383
0.778873
0.048409
0.493708
0.145760
0.419620
0.683699
1.256981
0.690664
0.059753
0.205385
0.606290
0.555562
0.253220
0.172367
0.750246
0.121636
0.429993
0.851461
0.178290
0.113124
0.348393
0.101067
0.239770
0.685479
0.399369
0.505963
1.465437
0.148367
0.368407
0.266284
0.122221
0.549148
0.445964
0.156996
0.378704
0.459181
0.348449
0.283143
0.217396
0.416814
0.014626
0.462878
0.421609
0.269258
0.753918
0.406050
0.532035
0.297507
0.106490
0.427476
0.148243
0.453118
1.018492
0.749742
0.439032
0.214832
0.177802
0.130933
0.373053
0.061468
0.695442
0.271304
0.466543
0.701959
0.656769
0.249410
0.367411
0.166757
0.275753
0.203432
0.244710
0.124544
0.312225
0.642386
0.300442
0.020705
0.307200
0.346891
0.839775
0.256706
0.429491
0.422426
0.382985
0.214801
0.186483
0.308259
0.334754
0.279536
0.711957
0.214123
0.392309
0.188564
0.485593
0.543572
0.266480
0.953916
0.466546
0.329495
0.253634
0.395141
0.267163
0.540818
0.160630
0.468148
0.315429
0.459339
0.467524
0.384364
0.425777
0.410729
0.382753
0.411457
0.506468
0.720544
0.199516
0.946292
0.091797
0.518309
0.357924
0.206587
0.250907
0.828938
0.800939
0.346538
0.180380
0.218840
0.158218
0.522958
0.668761
0.399331
0.361483
0.473572
0.190051
0.385312
0.054215
0.344033
0.351315
0.363119
0.860334
0.820092
0.327020
0.080863
0.316490
0.217588
0.438794
0.430258
0.324616
1.073974
0.416583
0.392480
0.399638
0.444647
0.370552
0.340566
0.572429
0.711955
0.542159
0.485313
0.436359
0.353132
0.118961
0.898503
0.255074
0.372719
0.346202
0.251209
0.240207
0.226841
0.413757
0.384537
0.101011
1.125894
0.106614
0.110700
0.156898
0.434196
0.292601
0.649040
0.145902
0.203525
0.380387
0.252255
0.195233
0.273645
1.178006
0.315703
0.249015
0.426122
0.214421
0.293546
0.290870
0.249099
0.281353
0.948139
0.322910
1.344551
0.882339
0.904153
1.003327
0.201257
0.840175
0.307469
1.279491
1.272941
0.712927
0.825058
0.764837
0.829919
0.853652
0.829188
1.685726
0.714283
0.940086
0.422222
1.198256
0.826581
1.032887
0.166877
0.760671
1.185920
0.764470
1.116194
1.043583
0.808455
0.630860
0.864284
0.541767
0.738268
0.477829
0.417260
0.910796
0.715615
1.513273
0.808615
0.375272
0.471838
0.580739
0.427241
0.775345
0.516120
0.565975
0.549430
0.447605
0.523739
0.540719
0.591524
0.721234
0.649088
0.556741
0.588934
0.624612
0.446092
0.543120
0.485591
0.554569
0.381860
0.453737
0.470295
0.298524
0.293728
0.431571
0.446157
0.467102
0.377291
0.458320
0.397399
0.385877
0.632205
0.518556
0.427626
0.340192
0.373392
0.440423
0.365713
0.418422
0.501088
0.444935
0.461296
0.566427
0.474003
0.359498
0.493863
0.412071
0.483717
0.367147
0.433318
0.526982
0.422615
0.535850
0.489153
0.370158
0.473163
0.417206
0.385175
0.516263
0.418780
0.648649
0.306888
0.319702
0.244949
0.407688
0.383883
0.392966
0.334245
0.130090
0.261246
0.278893
0.329179
0.308961
0.588531
0.428857
0.385447
0.551414
0.477983
0.399867
0.281167
0.253721
0.192322
0.531803
0.490318
0.450216
0.229690
0.522909
0.452477
0.346869
0.208239
0.311151
0.351692
0.363815
0.426793
0.205412
0.472410
0.446734
0.225927
0.504785
0.398181
0.384074
0.362795
0.525989
0.486886
0.292350
0.242744
0.325749
0.201392
0.069121
0.073334
0.788361
0.100945
0.706668
0.032247
0.439508
0.157516
0.409604
0.621058
1.352251
0.639633
0.058701
0.194487
0.543803
0.505947
0.241332
0.170939
0.705452
0.095341
0.405804
0.777766
0.146736
0.087938
0.328571
0.081893
0.204136
0.633947
0.412456
0.519715
1.565899
0.169604
0.329539
0.226402
0.097918
0.501493
0.404182
0.181901
0.344142
0.433223
0.332423
0.283701
0.181807
0.382044
0.021379
0.444134
0.386943
0.229856
0.688615
0.394333
0.480352
0.259726
0.100645
0.417895
0.180305
0.445978
1.100094
0.714606
0.406924
0.220992
0.169491
0.144589
0.386855
0.044257
0.681973
0.276432
0.498441
0.647689
0.647480
0.251205
0.363909
0.153532
0.258328
0.204655
0.231138
0.117281
0.297646
0.614321
0.340531
0.032786
0.301705
0.346454
0.834420
0.220639
0.387732
0.401025
0.387388
0.188249
0.175687
0.289972
0.334354
0.253047
0.736827
0.194224
0.359159
0.198875
0.470077
0.509556
0.269387
0.931595
0.433835
0.334831
0.247973
0.369249
0.249605
0.537036
0.168486
0.422517
0.284209
0.424666
0.470265
0.382161
0.455046
0.421298
0.362370
0.440469
0.473940
0.740237
0.181226
0.951024
0.073474
0.515352
0.330217
0.176046
0.237634
0.831449
0.867985
0.337401
0.167676
0.207851
0.159468
0.492715
0.643570
0.394306
0.340657
0.472942
0.184731
0.344570
0.059135
0.314780
0.334578
0.378456
0.870068
0.831420
0.313680
0.069926
0.326398
0.194834
0.432025
0.399668
0.307226
1.098467
0.411912
0.393809
0.361398
0.411980
0.385350
0.341439
0.569204
0.661766
0.537757
0.476255
0.414451
0.320606
0.097118
0.906887
0.238894
0.396504
0.316607
0.229403
0.247631
0.223768
0.411478
0.368213
0.085804
1.140239
0.098656
0.092973
0.154710
0.430306
0.299943
0.657978
0.138056
0.184704
0.397106
0.256781
0.172382
0.264849
1.228496
0.313408
0.262043
0.457904
0.201862
0.309520
0.291705
0.253341
0.291122
0.977778
0.359739
1.403098
0.907335
0.954239
1.032594
0.200178
0.865090
0.309948
1.329850
1.322693
0.743197
0.856684
0.745630
0.859874
0.897158
0.868284
1.747651
0.751843
0.985761
0.399165
1.252069
0.871830
1.078802
0.187828
0.770096
1.226967
0.756633
1.157954
1.091267
