0.073111
0.062943
0.037003
0.041428
0.033284
0.039982
0.030071
0.039051
0.032763
0.039767
0.030099
0.039098
0.032766
0.039743
0.030051
0.039012
0.032677
0.039636
0.029938
0.038896
0.032605
0.039544
0.029852
0.038809
0.032542
0.039444
0.029770
0.038707
0.032438
0.039325
0.029694
0.038590
0.032336
0.039191
0.029585
0.038445
0.032232
0.039062
0.029495
0.038333
0.032147
0.038948
0.029404
0.038211
0.032045
0.038824
0.029310
0.038089
0.031942
0.038690
0.029212
0.037958
0.031833
0.038539
0.029103
0.037819
0.031723
0.038391
0.029007
0.037688
0.031622
0.038257
0.028913
0.037548
0.031515
0.038118
0.028817
0.037404
0.031409
0.037980
0.028723
0.037261
0.031304
0.037839
0.028629
0.037118
0.031198
0.037695
0.028534
0.036974
0.031089
0.037553
0.028439
0.036832
0.030978
0.037413
0.028342
0.036690
0.030867
0.037279
0.028253
0.036561
0.030769
0.037149
0.028167
0.036430
0.030672
0.037015
0.028083
0.036301
0.030578
0.036884
0.028000
0.036174
0.030483
0.036756
0.027916
0.036051
0.030391
0.036636
0.027837
0.035935
0.030302
0.036518
0.027760
0.035821
0.030214
0.036399
0.027684
0.035710
0.030129
0.036281
0.027609
0.035600
0.030045
0.036166
0.027537
0.035491
0.029962
0.036053
0.027464
0.035385
0.029879
0.035941
0.027393
0.035280
0.029797
0.035831
0.027322
0.035177
0.029716
0.035721
0.027252
0.035074
0.029637
0.035612
0.027182
0.034973
0.029559
0.035505
0.027113
0.034873
0.029482
0.035399
0.027045
0.034775
0.029406
0.035293
0.026977
0.034680
0.029329
0.035187
0.026910
0.034584
0.029253
0.035083
0.026844
0.034490
0.029178
0.034981
0.026778
0.034396
0.029105
0.034880
0.026712
0.034304
0.029032
0.034779
0.026645
0.034214
0.028959
0.034678
0.026580
0.034125
0.028886
0.034579
0.026515
0.034037
0.028815
0.034481
0.026450
0.033951
0.028745
0.034383
0.026386
0.033865
0.028676
0.034287
0.026323
0.033780
