0.233263
0.222432
0.212365
0.205806
0.201157
0.199129
0.198924
0.197391
0.198017
0.196144
0.196262
0.197789
0.202910
0.197430
0.196665
0.198066
0.198831
0.211323
0.197701
0.198774
0.197338
0.197596
0.199150
0.198302
0.197279
0.196755
0.197903
0.199560
0.198407
0.196362
0.198189
0.196870
0.196316
0.196938
0.196874
0.197184
0.196343
0.196230
0.196717
0.195478
0.195420
0.195347
0.194768
0.194470
0.194406
0.194304
0.194221
0.225261
0.217560
0.209969
0.203963
0.199383
0.197325
0.197097
0.195543
0.196154
0.194265
0.194369
0.195886
0.200970
0.195505
0.194732
0.196124
0.196881
0.209310
0.195742
0.196810
0.195369
0.195622
0.197173
0.196326
0.195299
0.194768
0.195913
0.197570
0.196415
0.194370
0.196194
0.194878
0.194326
0.194952
0.194879
0.195185
0.194350
0.194232
0.194723
0.193480
0.193423
0.193344
0.192767
0.192470
0.192405
0.192302
0.192218
0.223215
0.215538
0.207960
0.201959
0.197380
0.195323
0.195094
0.193541
0.194151
0.192262
0.192367
0.193882
0.198953
0.193502
0.192730
0.194120
0.194877
0.207244
0.193738
0.194804
0.193367
0.193618
0.195170
0.194318
0.193296
0.192763
0.193910
0.195563
0.194408
0.192369
0.194192
0.192876
0.192323
0.192949
0.192875
0.193181
0.192348
0.192231
0.192717
0.191481
0.191427
0.191346
0.190771
0.190474
0.190410
0.190307
0.190224
0.221246
0.213552
0.205960
0.199958
0.195381
0.193326
0.193098
0.191546
0.192157
0.190270
0.190374
0.191887
0.196949
0.191508
0.190738
0.192127
0.192880
0.205157
0.191741
0.192806
0.191373
0.191624
0.193176
0.192321
0.191300
0.190766
0.191920
0.193559
0.192415
0.190380
0.192197
0.190882
0.190331
0.190961
0.190879
0.191189
0.190357
0.190241
0.190726
0.189487
0.189438
0.189359
0.188783
0.188489
0.188425
0.188322
0.188240
0.219272
0.211572
0.203967
0.197968
0.193393
0.191340
0.191112
0.189562
0.190172
0.188287
0.188392
0.189904
0.194958
0.189525
0.188756
0.190143
0.190893
0.203096
0.189755
0.190812
0.189390
0.189637
0.191177
0.190326
0.189312
0.188774
0.189931
0.191564
0.190427
0.188399
0.190218
0.188900
0.188349
0.188985
0.188896
0.189205
0.188376
0.188259
0.188745
0.187507
0.187464
0.187380
0.186807
0.186514
0.186452
0.186348
0.186267
0.217329
0.209604
0.201985
0.195984
0.191414
0.189364
0.189136
0.187588
0.188198
0.186315
0.186420
0.187931
0.192972
0.187552
0.186784
0.188166
0.188916
0.200991
0.187772
0.188824
0.187408
0.187655
0.189186
0.188332
0.187327
0.186786
0.187952
0.189562
0.188438
0.186424
0.188244
0.186922
0.186367
0.187008
0.186911
0.187221
0.186396
0.186282
0.186761
0.185531
0.185496
0.185409
0.184840
0.184549
0.184488
0.184384
0.184303
0.215439
0.207666
0.200012
0.194008
0.189441
0.187395
0.187168
0.185624
0.186234
0.184354
0.184459
0.185969
0.191001
0.185591
0.184823
0.186204
0.186947
0.198918
0.185800
0.186840
0.185436
0.185681
0.187206
0.186355
0.185343
0.184810
0.185976
0.187567
0.186455
0.184461
0.186270
0.184947
0.184397
0.185036
0.184935
0.185248
0.184427
0.184316
0.184790
0.183563
0.183535
0.183450
0.182882
0.182595
0.182533
0.182431
0.182351
0.213539
0.205729
0.198050
0.192043
0.187478
0.185436
0.185210
0.183669
0.184279
0.182402
0.182507
0.184017
0.189039
0.183639
0.182872
0.184248
0.184986
0.196767
0.183832
0.184858
0.183468
0.183713
0.185217
0.184369
0.183367
0.182833
0.184010
0.185564
0.184472
0.182501
0.184307
0.182983
0.182428
0.183069
0.182961
0.183270
0.182463
0.182354
0.182816
0.181603
0.181584
0.181494
0.180935
0.180651
0.180589
0.180487
0.180408
0.211685
0.203810
0.196091
0.190079
0.185519
0.183484
0.183258
0.181722
0.182331
0.180460
0.180565
0.182073
0.187079
0.181695
0.180931
0.182302
0.183036
0.194566
0.181870
0.182875
0.181504
0.181748
0.183230
0.182390
0.181393
0.180867
0.182052
0.183562
0.182501
0.180552
0.182353
0.181023
0.180473
0.181104
0.180994
0.181303
0.180505
0.180402
0.180852
0.179650
0.179638
0.179551
0.178996
0.178716
0.178654
0.178553
0.178477
0.209794
0.201885
0.194138
0.188125
0.183570
0.181542
0.181316
0.179785
0.180393
0.178529
0.178634
0.180138
0.185111
0.179761
0.178999
0.180363
0.181090
0.192288
0.179916
0.180902
0.179550
0.179795
0.181248
0.180409
0.179431
0.178906
0.180099
0.181565
0.180529
0.178609
0.180401
0.179073
0.178522
0.179146
0.179035
0.179338
0.178555
0.178458
0.178890
0.177707
0.177704
0.177614
0.177067
0.176792
0.176730
0.176630
0.176555
0.207939
0.199974
0.192191
0.186176
0.181628
0.179607
0.179382
0.177857
0.178463
0.176607
0.176712
0.178211
0.183153
0.177835
0.177076
0.178434
0.179152
0.189969
0.177974
0.178942
0.177610
0.177853
0.179280
0.178449
0.177484
0.176962
0.178162
0.179585
0.178575
0.176679
0.178465
0.177137
0.176587
0.177201
0.177090
0.177385
0.176619
0.176525
0.176942
0.175776
0.175779
0.175689
0.175149
0.174878
0.174817
0.174718
0.174643
0.206055
0.198057
0.190253
0.184238
0.179696
0.177682
0.177456
0.175939
0.176542
0.174696
0.174800
0.176292
0.181198
0.175916
0.175160
0.176508
0.177216
0.187548
0.176032
0.176983
0.175677
0.175918
0.177320
0.176497
0.175546
0.175030
0.176235
0.177618
0.176636
0.174761
0.176539
0.175212
0.174663
0.175266
0.175158
0.175444
0.174695
0.174606
0.175009
0.173859
0.173866
0.173776
0.173242
0.172975
0.172913
0.172815
0.172741
0.204147
0.196136
0.188323
0.182311
0.177776
0.175768
0.175542
0.174031
0.174630
0.172794
0.172898
0.174382
0.179237
0.174008
0.173258
0.174595
0.175294
0.185124
0.174111
0.175045
0.173756
0.173998
0.175374
0.174554
0.173624
0.173113
0.174316
0.175666
0.174706
0.172852
0.174621
0.173299
0.172754
0.173343
0.173241
0.173514
0.172783
0.172698
0.173088
0.171953
0.171962
0.171873
0.171346
0.171082
0.171021
0.170923
0.170850
0.202262
0.194228
0.186399
0.180390
0.175865
0.173863
0.173637
0.172133
0.172728
0.170903
0.171006
0.172482
0.177282
0.172109
0.171364
0.172692
0.173382
0.182677
0.172200
0.173119
0.171851
0.172094
0.173441
0.172633
0.171715
0.171209
0.172416
0.173733
0.172795
0.170957
0.172718
0.171398
0.170857
0.171435
0.171336
0.171601
0.170884
0.170803
0.171181
0.170061
0.170070
0.169982
0.169461
0.169201
0.169139
0.169043
0.168970
0.200360
0.192318
0.184485
0.178482
0.173964
0.171970
0.171742
0.170245
0.170837
0.169022
0.169125
0.170592
0.175332
0.170221
0.169480
0.170798
0.171481
0.180217
0.170301
0.171210
0.169956
0.170199
0.171524
0.170722
0.169819
0.169320
0.170523
0.171817
0.170895
0.169072
0.170827
0.169508
0.168974
0.169540
0.169445
0.169701
0.168999
0.168921
0.169288
0.168181
0.168191
0.168103
0.167586
0.167330
0.167268
0.167172
0.167100
0.198455
0.190412
0.182581
0.176585
0.172077
0.170087
0.169859
0.168369
0.168956
0.167152
0.167254
0.168712
0.173380
0.168343
0.167607
0.168914
0.169590
0.177742
0.168414
0.169314
0.168077
0.168320
0.169622
0.168829
0.167937
0.167442
0.168648
0.169916
0.169011
0.167200
0.168949
0.167631
0.167100
0.167658
0.167567
0.167816
0.167125
0.167050
0.167408
0.166313
0.166323
0.166236
0.165723
0.165469
0.165407
0.165312
0.165240
0.196537
0.188505
0.180682
0.174696
0.170198
0.168215
0.167986
0.166502
0.167085
0.165291
0.165393
0.166841
0.171432
0.166474
0.165745
0.167041
0.167709
0.175294
0.166541
0.167432
0.166208
0.166452
0.167737
0.166948
0.166070
0.165580
0.166781
0.168033
0.167141
0.165339
0.167082
0.165766
0.165240
0.165789
0.165702
0.165945
0.165264
0.165192
0.165541
0.164457
0.164466
0.164380
0.163871
0.163619
0.163557
0.163462
0.163391
0.194613
0.186599
0.178792
0.172819
0.168332
0.166354
0.166125
0.164647
0.165225
0.163441
0.163543
0.164982
0.169489
0.164616
0.163892
0.165177
0.165839
0.172865
0.164681
0.165564
0.164352
0.164596
0.165867
0.165081
0.164214
0.163729
0.164926
0.166163
0.165282
0.163489
0.165225
0.163912
0.163391
0.163932
0.163849
0.164087
0.163414
0.163344
0.163687
0.162613
0.162620
0.162536
0.162030
0.161780
0.161717
0.161624
0.161552
0.192687
0.184696
0.176910
0.170951
0.166475
0.164504
0.164274
0.162802
0.163376
0.161601
0.161702
0.163132
0.167549
0.162768
0.162050
0.163324
0.163980
0.170487
0.162833
0.163709
0.162508
0.162753
0.164010
0.163228
0.162372
0.161890
0.163081
0.164308
0.163434
0.161650
0.163378
0.162069
0.161553
0.162088
0.162007
0.162242
0.161576
0.161508
0.161844
0.160780
0.160786
0.160703
0.160200
0.159951
0.159888
0.159795
0.159724
0.190756
0.182795
0.175036
0.169095
0.164632
0.162665
0.162435
0.160968
0.161538
0.159773
0.159873
0.161294
0.165607
0.160931
0.160219
0.161482
0.162132
0.168126
0.160996
0.161867
0.160676
0.160922
0.162168
0.161389
0.160541
0.160063
0.161246
0.162467
0.161597
0.159822
0.161543
0.160237
0.159726
0.160256
0.160178
0.160410
0.159748
0.159682
0.160014
0.158958
0.158961
0.158880
0.158380
0.158132
0.158069
0.157977
0.157906
0.188824
0.180896
0.173171
0.167248
0.162798
0.160837
0.160607
0.159145
0.159712
0.157954
0.158054
0.159466
0.163672
0.159104
0.158398
0.159650
0.160295
0.165797
0.159170
0.160037
0.158857
0.159102
0.160340
0.159562
0.158723
0.158247
0.159424
0.160641
0.159776
0.158006
0.159719
0.158418
0.157911
0.158435
0.158361
0.158590
0.157933
0.157868
0.158195
0.157147
0.157149
0.157070
0.156571
0.156324
0.156261
0.156169
0.156099
0.186894
0.179005
0.171316
0.165412
0.160976
0.159021
0.158791
0.157333
0.157896
0.156146
0.156245
0.157648
0.161739
0.157288
0.156588
0.157829
0.158469
0.163507
0.157356
0.158219
0.157050
0.157292
0.158523
0.157748
0.156916
0.156442
0.157612
0.158825
0.157965
0.156201
0.157906
0.156609
0.156107
0.156626
0.156555
0.156783
0.156127
0.156064
0.156389
0.155346
0.155347
0.155270
0.154772
0.154526
0.154463
0.154372
0.154302
0.184977
0.177121
0.169469
0.163586
0.159164
0.157214
0.156985
0.155531
0.156092
0.154349
0.154447
0.155843
0.159809
0.155483
0.154788
0.156019
0.156655
0.161271
0.155553
0.156413
0.155253
0.155495
0.156719
0.155946
0.155120
0.154649
0.155811
0.157023
0.156164
0.154407
0.156105
0.154812
0.154314
0.154828
0.154761
0.154986
0.154334
0.154271
0.154594
0.153558
0.153555
0.153481
0.152985
0.152739
0.152676
0.152585
0.152515
0.183068
0.175250
0.167635
0.161773
0.157364
0.155420
0.155190
0.153741
0.154298
0.152562
0.152659
0.154048
0.157884
0.153689
0.152999
0.154221
0.154854
0.159085
0.153762
0.154619
0.153466
0.153708
0.154927
0.154156
0.153335
0.152866
0.154021
0.155232
0.154375
0.152624
0.154314
0.153025
0.152532
0.153042
0.152977
0.153202
0.152550
0.152489
0.152811
0.151780
0.151775
0.151702
0.151207
0.150963
0.150900
0.150809
0.150739
0.181175
0.173391
0.165812
0.159970
0.155575
0.153636
0.153407
0.151961
0.152516
0.150786
0.150883
0.152265
0.155968
0.151906
0.151221
0.152434
0.153064
0.156939
0.151983
0.152837
0.151692
0.151936
0.153151
0.152376
0.151563
0.151095
0.152247
0.153455
0.152600
0.150852
0.152538
0.151251
0.150761
0.151268
0.151205
0.151431
0.150780
0.150719
0.151039
0.150012
0.150005
0.149935
0.149441
0.149196
0.149134
0.149043
0.148974
0.179294
0.171545
0.164004
0.158180
0.153799
0.151864
0.151635
0.150193
0.150746
0.149020
0.149117
0.150494
0.154062
0.150134
0.149455
0.150660
0.151288
0.154850
0.150214
0.151066
0.149928
0.150171
0.151381
0.150609
0.149800
0.149334
0.150479
0.151689
0.150835
0.149091
0.150769
0.149487
0.149001
0.149504
0.149443
0.149669
0.149018
0.148958
0.149278
0.148255
0.148245
0.148177
0.147684
0.147440
0.147378
0.147288
0.147219
0.177436
0.169715
0.162204
0.156400
0.152032
0.150102
0.149873
0.148435
0.148986
0.147265
0.147362
0.148733
0.152164
0.148374
0.147699
0.148897
0.149522
0.152810
0.148456
0.149306
0.148174
0.148418
0.149623
0.148853
0.148049
0.147584
0.148724
0.149935
0.149081
0.147341
0.149013
0.147735
0.147251
0.147752
0.147693
0.147919
0.147268
0.147209
0.147528
0.146508
0.146497
0.146431
0.145939
0.145695
0.145633
0.145543
0.145474
0.175592
0.167899
0.160418
0.154631
0.150276
0.148351
0.148123
0.146688
0.147237
0.145521
0.145618
0.146984
0.150278
0.146625
0.145954
0.147146
0.147770
0.150814
0.146710
0.147557
0.146431
0.146675
0.147876
0.147109
0.146308
0.145845
0.146979
0.148190
0.147337
0.145601
0.147269
0.145993
0.145512
0.146010
0.145953
0.146179
0.145529
0.145470
0.145790
0.144772
0.144759
0.144694
0.144204
0.143960
0.143898
0.143809
0.143740
0.173767
0.166098
0.158644
0.152874
0.148531
0.146610
0.146384
0.144952
0.145500
0.143788
0.143884
0.145246
0.148402
0.144887
0.144220
0.145406
0.146029
0.148858
0.144974
0.145820
0.144700
0.144943
0.146141
0.145376
0.144578
0.144116
0.145247
0.146459
0.145606
0.143872
0.145535
0.144262
0.143785
0.144279
0.144225
0.144451
0.143801
0.143743
0.144061
0.143047
0.143032
0.142969
0.142479
0.142236
0.142174
0.142085
0.142016
0.171955
0.164309
0.156881
0.151127
0.146797
0.144881
0.144656
0.143226
0.143773
0.142064
0.142161
0.143520
0.146545
0.143160
0.142496
0.143678
0.144300
0.146942
0.143249
0.144093
0.142979
0.143221
0.144418
0.143654
0.142858
0.142398
0.143525
0.144738
0.143886
0.142153
0.143814
0.142542
0.142067
0.142559
0.142507
0.142733
0.142083
0.142025
0.142344
0.141332
0.141316
0.141254
0.140765
0.140522
0.140460
0.140372
0.140303
0.170163
0.162572
0.155190
0.149475
0.145175
0.143282
0.143076
0.141664
0.142224
0.140532
0.140639
0.142003
0.144861
0.141662
0.141010
0.142193
0.142820
0.145185
0.141787
0.142632
0.141526
0.141774
0.142969
0.142210
0.141420
0.140964
0.142087
0.143306
0.142453
0.140725
0.142381
0.141116
0.140644
0.141137
0.141087
0.141315
0.140665
0.140607
0.140930
0.139918
0.139901
0.139841
0.139351
0.139109
0.139047
0.138959
0.138891
0.168668
0.161063
0.153683
0.147960
0.143652
0.141745
0.141522
0.140098
0.140643
0.138942
0.139038
0.140390
0.143133
0.140031
0.139373
0.140546
0.141167
0.143428
0.140125
0.140964
0.139859
0.140105
0.141296
0.140535
0.139744
0.139286
0.140409
0.141625
0.140772
0.139041
0.140695
0.139430
0.138957
0.139446
0.139397
0.139624
0.138973
0.138915
0.139236
0.138226
0.138209
0.138149
0.137659
0.137417
0.137355
0.137267
0.137199
0.166909
0.159319
0.151957
0.146248
0.141951
0.140048
0.139826
0.138405
0.138949
0.137250
0.137346
0.138696
0.141322
0.138337
0.137681
0.138851
0.139470
0.141611
0.138431
0.139271
0.138168
0.138413
0.139603
0.138843
0.138055
0.137597
0.138720
0.139935
0.139082
0.137353
0.139005
0.137740
0.137269
0.137757
0.137710
0.137936
0.137286
0.137228
0.137549
0.136540
0.136522
0.136463
0.135975
0.135732
0.135671
0.135583
0.135515
0.165162
0.157588
0.150242
0.144546
0.140259
0.138359
0.138139
0.136720
0.137264
0.135567
0.135664
0.137011
0.139521
0.136652
0.135999
0.137165
0.137785
0.139824
0.136748
0.137586
0.136486
0.136732
0.137919
0.137161
0.136376
0.135919
0.137039
0.138254
0.137401
0.135675
0.137324
0.136061
0.135592
0.136078
0.136031
0.136258
0.135608
0.135551
0.135871
0.134864
0.134847
0.134788
0.134300
0.134058
0.133997
0.133910
0.133842
0.163428
0.155867
0.148538
0.142854
0.138578
0.136682
0.136462
0.135046
0.135589
0.133895
0.133992
0.135337
0.137736
0.134979
0.134328
0.135491
0.136110
0.138056
0.135075
0.135912
0.134815
0.135062
0.136247
0.135491
0.134708
0.134251
0.135371
0.136586
0.135733
0.134008
0.135655
0.134393
0.133925
0.134410
0.134365
0.134591
0.133942
0.133885
0.134204
0.133200
0.133181
0.133123
0.132636
0.132395
0.132334
0.132247
0.132179
0.161705
0.154159
0.146846
0.141173
0.136907
0.135015
0.134796
0.133383
0.133925
0.132234
0.132331
0.133674
0.135969
0.133316
0.132667
0.133827
0.134446
0.136308
0.133413
0.134249
0.133154
0.133402
0.134585
0.133831
0.133050
0.132593
0.133712
0.134927
0.134074
0.132351
0.133997
0.132736
0.132269
0.132752
0.132708
0.132934
0.132286
0.132229
0.132548
0.131545
0.131527
0.131469
0.130983
0.130742
0.130681
0.130594
0.130527
0.159995
0.152462
0.145164
0.139504
0.135247
0.133358
0.133141
0.131730
0.132272
0.130583
0.130680
0.132022
0.134215
0.131663
0.131016
0.132174
0.132793
0.134582
0.131762
0.132596
0.131505
0.131753
0.132934
0.132182
0.131403
0.130947
0.132065
0.133280
0.132427
0.130705
0.132349
0.131089
0.130624
0.131106
0.131063
0.131288
0.130641
0.130584
0.130902
0.129902
0.129883
0.129825
0.129340
0.129099
0.129039
0.128952
0.128885
0.158296
0.150777
0.143494
0.137845
0.133597
0.131713
0.131496
0.130088
0.130629
0.128943
0.129040
0.130379
0.132475
0.130022
0.129376
0.130532
0.131150
0.132844
0.130121
0.130954
0.129865
0.130114
0.131293
0.130542
0.129766
0.129310
0.130427
0.131642
0.130788
0.129069
0.130710
0.129453
0.128988
0.129468
0.129427
0.129652
0.129005
0.128949
0.129267
0.128268
0.128249
0.128192
0.127707
0.127467
0.127407
0.127320
0.127254
0.156609
0.149101
0.141834
0.136196
0.131958
0.130078
0.129862
0.128456
0.128996
0.127313
0.127410
0.128748
0.130755
0.128390
0.127747
0.128900
0.129518
0.131143
0.128490
0.129323
0.128235
0.128486
0.129664
0.128913
0.128140
0.127685
0.128801
0.130016
0.129162
0.127444
0.129085
0.127827
0.127364
0.127843
0.127803
0.128027
0.127381
0.127326
0.127642
0.126645
0.126626
0.126569
0.126085
0.125845
0.125785
0.125699
0.125633
0.154935
0.147441
0.140186
0.134560
0.130331
0.128453
0.128239
0.126835
0.127375
0.125693
0.125791
0.127128
0.129047
0.126770
0.126128
0.127279
0.127897
0.129452
0.126871
0.127702
0.126616
0.126869
0.128044
0.127295
0.126524
0.126069
0.127184
0.128399
0.127545
0.125829
0.127468
0.126212
0.125749
0.126227
0.126188
0.126413
0.125767
0.125712
0.126027
0.125033
0.125013
0.124957
0.124473
0.124234
0.124174
0.124088
0.124022
0.153272
0.145790
0.138549
0.132934
0.128713
0.126839
0.126626
0.125224
0.125763
0.124084
0.124182
0.125517
0.127353
0.125160
0.124519
0.125668
0.126286
0.127797
0.125261
0.126091
0.125008
0.125262
0.126435
0.125689
0.124918
0.124464
0.125579
0.126793
0.125940
0.124225
0.125862
0.124607
0.124145
0.124622
0.124584
0.124809
0.124164
0.124109
0.124424
0.123430
0.123411
0.123355
0.122872
0.122633
0.122573
0.122488
0.122422
0.151619
0.144152
0.136924
0.131319
0.127107
0.125236
0.125024
0.123625
0.124163
0.122486
0.122584
0.123918
0.125675
0.123561
0.122922
0.124068
0.124687
0.126114
0.123662
0.124492
0.123410
0.123665
0.124837
0.124091
0.123323
0.122868
0.123984
0.125199
0.124345
0.122631
0.124267
0.123013
0.122552
0.123028
0.122990
0.123215
0.122571
0.122516
0.122830
0.121839
0.121819
0.121764
0.121281
0.121042
0.120983
0.120898
0.120833
0.149976
0.142523
0.135308
0.129714
0.125510
0.123643
0.123432
0.122035
0.122573
0.120898
0.120996
0.122329
0.124013
0.121972
0.121334
0.122478
0.123097
0.124463
0.122074
0.122903
0.121824
0.122078
0.123250
0.122505
0.121739
0.121285
0.122400
0.123615
0.122760
0.121048
0.122681
0.121429
0.120969
0.121444
0.121407
0.121631
0.120988
0.120934
0.121247
0.120257
0.120238
0.120183
0.119701
0.119462
0.119404
0.119318
0.119254
0.148344
0.140905
0.133704
0.128120
0.123925
0.122060
0.121850
0.120456
0.120993
0.119321
0.119418
0.120750
0.122362
0.120393
0.119757
0.120900
0.121518
0.122818
0.120496
0.121323
0.120246
0.120502
0.121670
0.120926
0.120164
0.119709
0.120824
0.122037
0.121183
0.119475
0.121108
0.119855
0.119396
0.119869
0.119834
0.120058
0.119417
0.119363
0.119675
0.118687
0.118668
0.118612
0.118131
0.117893
0.117834
0.117749
0.117685
0.146729
0.139302
0.132112
0.126538
0.122350
0.120489
0.120280
0.118887
0.119425
0.117754
0.117852
0.119183
0.120728
0.118826
0.118191
0.119332
0.119951
0.121183
0.118928
0.119754
0.118680
0.118935
0.120102
0.119359
0.118599
0.118145
0.119259
0.120472
0.119618
0.117912
0.119545
0.118291
0.117834
0.118306
0.118272
0.118496
0.117856
0.117802
0.118112
0.117126
0.117107
0.117052
0.116572
0.116334
0.116275
0.116190
0.116127
0.145127
0.137712
0.130532
0.124967
0.120787
0.118928
0.118720
0.117329
0.117866
0.116197
0.116295
0.117625
0.119106
0.117269
0.116635
0.117775
0.118393
0.119551
0.117372
0.118198
0.117124
0.117383
0.118547
0.117806
0.117047
0.116594
0.117707
0.118919
0.118066
0.116361
0.117990
0.116740
0.116282
0.116753
0.116720
0.116943
0.116305
0.116251
0.116561
0.115576
0.115557
0.115502
0.115023
0.114785
0.114727
0.114642
0.114579
0.143529
0.136129
0.128960
0.123405
0.119233
0.117377
0.117170
0.115781
0.116318
0.114651
0.114750
0.116078
0.117499
0.115722
0.115090
0.116227
0.116846
0.117930
0.115826
0.116651
0.115578
0.115837
0.116997
0.116259
0.115501
0.115050
0.116161
0.117372
0.116521
0.114818
0.116447
0.115197
0.114740
0.115211
0.115178
0.115401
0.114765
0.114712
0.115020
0.114037
0.114018
0.113963
0.113484
0.113247
0.113190
0.113105
0.113042
0.141948
0.134561
0.127403
0.121855
0.117690
0.115838
0.115631
0.114245
0.114781
0.113116
0.113214
0.114542
0.115904
0.114186
0.113555
0.114691
0.115310
0.116309
0.114292
0.115119
0.114046
0.114306
0.115469
0.114734
0.113974
0.113523
0.114633
0.115849
0.114994
0.113288
0.114913
0.113666
0.113211
0.113681
0.113648
0.113872
0.113233
0.113180
0.113489
0.112507
0.112489
0.112435
0.111957
0.111720
0.111662
0.111578
0.111515
0.140364
0.132996
0.125852
0.120315
0.116158
0.114308
0.114102
0.112718
0.113254
0.111590
0.111689
0.113016
0.114320
0.112661
0.112030
0.113165
0.113784
0.114715
0.112768
0.113593
0.112521
0.112783
0.113943
0.113210
0.112452
0.112001
0.113111
0.114325
0.113472
0.111767
0.113389
0.112145
0.111690
0.112160
0.112127
0.112350
0.111714
0.111660
0.111969
0.110989
0.110970
0.110917
0.110439
0.110203
0.110145
0.110061
0.109999
0.138797
0.131444
0.124313
0.118785
0.114636
0.112789
0.112584
0.111202
0.111737
0.110076
0.110175
0.111500
0.112749
0.111145
0.110516
0.111649
0.112268
0.113146
0.111251
0.112076
0.111006
0.111268
0.112423
0.111696
0.110938
0.110489
0.111595
0.112811
0.111958
0.110256
0.111878
0.110634
0.110179
0.110648
0.110618
0.110840
0.110206
0.110152
0.110460
0.109481
0.109463
0.109408
0.108932
0.108696
0.108639
0.108555
0.108493
0.137245
0.129909
0.122787
0.117268
0.113125
0.111281
0.111077
0.109697
0.110232
0.108572
0.108671
0.109996
0.111194
0.109641
0.109013
0.110145
0.110764
0.111552
0.109749
0.110574
0.109503
0.109768
0.110923
0.110194
0.109440
0.108990
0.110098
0.111311
0.110458
0.108757
0.110376
0.109134
0.108681
0.109149
0.109118
0.109341
0.108707
0.108653
0.108960
0.107983
0.107965
0.107912
0.107436
0.107200
0.107143
0.107059
0.106998
0.135702
0.128381
0.121272
0.115761
0.111626
0.109784
0.109580
0.108202
0.108736
0.107078
0.107178
0.108502
0.109646
0.108147
0.107519
0.108651
0.109269
0.109967
0.108254
0.109079
0.108009
0.108274
0.109427
0.108702
0.107948
0.107498
0.108604
0.109819
0.108964
0.107266
0.108884
0.107643
0.107191
0.107659
0.107629
0.107852
0.107218
0.107165
0.107471
0.106496
0.106478
0.106425
0.105950
0.105714
0.105658
0.105574
0.105513
0.134172
0.126865
0.119767
0.114265
0.110136
0.108297
0.108094
0.106717
0.107252
0.105595
0.105695
0.107018
0.108113
0.106663
0.106037
0.107167
0.107786
0.108437
0.106771
0.107594
0.106527
0.106794
0.107942
0.107219
0.106466
0.106018
0.107122
0.108338
0.107484
0.105788
0.107405
0.106165
0.105713
0.106179
0.106151
0.106372
0.105743
0.105689
0.105994
0.105020
0.105002
0.104948
0.104474
0.104239
0.104182
0.104099
0.104038
0.132652
0.125362
0.118273
0.112779
0.108656
0.106820
0.106619
0.105243
0.105777
0.104122
0.104222
0.105545
0.106595
0.105191
0.104565
0.105695
0.106314
0.106881
0.105297
0.106119
0.105055
0.105323
0.106468
0.105744
0.104997
0.104548
0.105651
0.106863
0.106011
0.104320
0.105936
0.104696
0.104245
0.104709
0.104682
0.104905
0.104276
0.104223
0.104526
0.103553
0.103536
0.103482
0.103009
0.102774
0.102718
0.102635
0.102575
0.131148
0.123872
0.116793
0.111306
0.107189
0.105355
0.105154
0.103780
0.104314
0.102660
0.102761
0.104083
0.105087
0.103728
0.103104
0.104232
0.104850
0.105287
0.103836
0.104658
0.103593
0.103861
0.105003
0.104283
0.103537
0.103088
0.104188
0.105402
0.104549
0.102860
0.104473
0.103236
0.102787
0.103250
0.103225
0.103445
0.102818
0.102766
0.103069
0.102098
0.102081
0.102027
0.101555
0.101320
0.101264
0.101181
0.101121
0.129652
0.122391
0.115322
0.109842
0.105731
0.103899
0.103699
0.102327
0.102861
0.101209
0.101309
0.102630
0.103589
0.102277
0.101653
0.102779
0.103399
0.103781
0.102385
0.103210
0.102141
0.102413
0.103557
0.102841
0.102092
0.101644
0.102744
0.103958
0.103104
0.101414
0.103025
0.101790
0.101340
0.101806
0.101778
0.101999
0.101372
0.101319
0.101622
0.100652
0.100636
0.100583
0.100110
0.099876
0.099820
0.099737
0.099678
0.128160
0.120917
0.113859
0.108388
0.104283
0.102455
0.102255
0.100885
0.101418
0.099767
0.099868
0.101189
0.102104
0.100834
0.100212
0.101338
0.101957
0.102241
0.100945
0.101766
0.100703
0.100972
0.102111
0.101397
0.100650
0.100205
0.101301
0.102519
0.101661
0.099976
0.101583
0.100350
0.099903
0.100366
0.100342
0.100562
0.099937
0.099884
0.100187
0.099218
0.099201
0.099148
0.098677
0.098442
0.098387
0.098304
0.098245
0.126684
0.119457
0.112410
0.106946
0.102847
0.101021
0.100821
0.099453
0.099986
0.098337
0.098437
0.099757
0.100629
0.099404
0.098782
0.099907
0.100527
0.100763
0.099515
0.100337
0.099273
0.099546
0.100685
0.099972
0.099225
0.098779
0.099877
0.101092
0.100236
0.098550
0.100156
0.098924
0.098478
0.098941
0.098915
0.099136
0.098511
0.098458
0.098761
0.097793
0.097777
0.097725
0.097253
0.097019
0.096964
0.096882
0.096823
0.125216
0.118006
0.110970
0.105514
0.101421
0.099597
0.099398
0.098031
0.098564
0.096916
0.097017
0.098337
0.099170
0.097983
0.097363
0.098487
0.099106
0.099238
0.098095
0.098918
0.097852
0.098126
0.099261
0.098550
0.097806
0.097361
0.098455
0.099673
0.098815
0.097133
0.098736
0.097507
0.097061
0.097524
0.097500
0.097720
0.097097
0.097043
0.097346
0.096380
0.096364
0.096311
0.095841
0.095607
0.095552
0.095470
0.095412
0.123762
0.116569
0.109543
0.104092
0.100006
0.098183
0.097986
0.096620
0.097153
0.095506
0.095608
0.096926
0.097719
0.096573
0.095953
0.097077
0.097695
0.097730
0.096685
0.097507
0.096443
0.096717
0.097851
0.097144
0.096400
0.095955
0.097046
0.098264
0.097406
0.095726
0.097327
0.096100
0.095656
0.096117
0.096094
0.096314
0.095692
0.095640
0.095941
0.094977
0.094961
0.094908
0.094438
0.094205
0.094150
0.094068
0.094010
