0.001548
0.094473
596.688965
48105276.000000
168074944.000000
0.002611
0.002985
0.002434
0.002358
0.002644
0.003669
0.002983
0.003998
0.002820
0.003790
0.002537
0.002669
0.002623
0.002766
0.003109
0.002959
0.003118
0.003036
0.003362
0.003659
0.003317
0.002619
0.002585
0.002908
0.003583
0.002094
0.003044
0.002595
0.002786
0.003171
0.003670
0.002577
0.002857
0.002349
0.002996
0.003515
0.003020
0.002711
0.002819
0.003310
0.003747
0.003706
0.002833
0.003069
0.003224
0.003519
0.002642
0.002945
0.003038
0.002759
0.002895
0.002637
0.002932
0.002576
0.003044
0.003565
0.002641
0.003400
0.004036
0.002969
0.002934
0.002596
0.003490
0.003492
0.003462
0.003557
0.003921
0.002790
0.003379
0.003373
0.002614
0.003228
0.003359
0.003184
0.002834
0.002747
0.002706
0.002372
0.003091
0.003664
0.002595
0.003071
0.003488
0.002556
0.003396
0.003301
0.003610
0.002951
0.002755
0.003402
0.002705
0.003221
0.002654
0.003267
0.003282
0.002762
0.002970
0.002338
0.002593
0.003105
0.003072
0.003093
0.003037
0.003693
0.003119
0.003314
0.002253
0.003358
0.003441
0.003049
0.003238
0.003538
0.002958
0.002546
0.003410
0.002875
0.002483
0.003140
0.002153
0.002823
0.003767
0.003028
0.002775
0.003174
0.002881
0.002904
0.002735
0.003833
0.002909
0.002941
0.002961
0.002829
0.002831
0.002582
0.003474
0.002968
0.003051
0.002985
0.002932
0.002315
0.003287
0.003577
0.003096
0.003196
0.002715
0.002530
0.002743
0.002902
0.003315
0.002886
0.003737
0.003220
0.002634
0.002000
0.002817
0.002835
0.002240
0.002847
0.002737
0.003410
0.002929
0.002452
0.002439
0.002371
0.003175
0.002466
0.002867
0.003383
0.002110
0.002768
0.002380
0.002891
0.003144
0.003400
0.002821
0.002645
0.003509
0.002550
0.003183
0.003889
0.003020
0.002984
0.002558
0.002774
0.002864
0.002907
0.002588
0.003005
0.003409
0.002082
0.003007
0.002424
0.002904
0.002897
0.002850
0.002492
0.002385
0.002401
0.002935
0.002713
0.003046
0.002641
0.003167
0.002393
0.002546
0.002989
0.002430
0.003444
0.002422
0.002885
0.002605
0.002768
0.002976
0.002980
0.002704
0.002694
0.002531
0.002015
0.003281
0.002505
0.002979
0.003017
0.002692
0.002800
0.002611
0.002997
0.002560
0.002473
0.003281
0.002436
0.003085
0.002963
0.002240
0.002620
0.003144
0.002776
0.002624
0.002743
0.002452
0.002979
0.002728
0.002472
0.002628
0.003555
0.002111
0.002824
0.002143
0.002622
0.002289
0.002756
0.001940
0.003074
0.002625
0.001935
0.002197
0.003117
0.002174
0.002675
0.002297
0.002803
0.002632
0.002229
0.002405
0.002514
0.001927
0.002801
0.002689
0.002250
0.002495
0.002693
0.003011
0.002989
0.002279
0.002072
0.002122
0.002262
0.002486
0.003418
0.002047
0.001882
0.002246
0.002622
0.003180
0.002518
0.002447
0.002042
0.002588
0.002748
0.002324
0.002908
0.002172
0.002261
0.002988
0.003509
0.002402
0.003440
0.002624
0.002769
0.002868
0.002515
0.002252
0.002604
0.002170
0.002427
0.002731
0.002207
0.002720
0.002107
0.002650
0.002224
0.002676
0.002846
0.002800
0.002211
0.002451
0.002672
0.002198
0.003074
0.002721
0.002748
0.002001
0.002709
0.002469
0.002425
0.002420
0.002146
0.002779
0.002539
0.002914
0.003029
0.001827
0.002478
0.002258
0.002042
0.002104
0.002170
0.002724
0.001943
0.002592
0.003215
0.002203
0.002596
0.001806
0.002094
0.002390
0.002467
0.002173
0.002575
0.002015
0.002318
0.001881
0.001803
0.002031
0.002908
0.002297
0.002193
0.002241
0.002984
0.001913
0.002029
0.002002
0.002150
0.002389
0.002278
0.002410
0.002323
0.002602
0.002884
0.002571
0.002005
0.001970
0.002211
0.002825
0.001596
0.002326
0.001950
0.002113
0.002440
0.002884
0.001944
0.002220
0.001766
0.002251
0.002719
0.002333
0.002045
0.002120
0.002616
0.002911
0.002890
0.002167
0.002361
0.002543
0.002708
0.001965
0.002264
0.002328
0.002083
0.002191
0.001998
0.002215
0.001924
0.002339
0.002785
0.002002
0.002618
0.003134
0.002249
0.002253
0.001916
0.002688
0.002710
0.002680
0.002762
0.003028
0.002132
0.002608
0.002588
0.001983
0.002494
0.002555
0.002478
0.002157
0.002054
0.002006
0.001736
0.002371
0.002834
0.001955
0.002310
0.002619
0.001932
0.002637
0.002468
0.002902
0.002197
0.002049
0.002603
0.002023
0.002458
0.001984
0.002479
0.002537
0.002086
0.002210
0.001701
0.001939
0.002324
0.002322
0.002368
0.002275
0.002880
0.002330
0.002546
0.001650
0.002548
0.002650
0.002288
0.002483
0.002726
0.002250
0.001899
0.002610
0.002191
0.001843
0.002398
0.001584
0.002118
0.002887
0.002252
0.002075
0.002441
0.002173
0.002220
0.002101
0.002996
0.002177
0.002244
0.002245
0.002161
0.002121
0.002010
0.002703
0.002316
0.002326
0.002294
0.002241
0.001754
0.002548
0.002811
0.002351
0.002480
0.002089
0.001922
0.002188
0.002268
0.002653
0.002215
0.002938
0.002494
0.002009
0.001499
0.002182
0.002211
0.001735
0.002206
0.002177
0.002679
0.002260
0.001871
0.001879
0.001853
0.002475
0.001895
0.002243
0.002695
0.001642
0.002171
0.001863
0.002236
0.002475
0.002683
0.002217
0.002103
0.002834
0.001949
0.002560
0.003106
0.002395
0.002380
0.001976
0.002194
0.002269
0.002301
0.002040
0.002382
0.002720
0.001617
0.002400
0.001936
0.002370
0.002306
0.002277
0.001984
0.001849
0.001888
0.002361
0.002203
0.002470
0.002085
0.002549
0.001886
0.002024
0.002447
0.001924
0.002771
0.001935
0.002327
0.002095
0.002190
0.002412
0.002376
0.002156
0.002167
0.002017
0.001593
0.002689
0.001990
0.002423
0.002407
0.002206
0.002250
0.002079
0.002437
0.002061
0.002012
0.002720
0.001967
0.002520
0.002423
0.001799
0.002142
0.002609
0.002291
0.002117
0.002237
0.001955
0.002456
0.002214
0.002009
0.002150
0.002941
0.001698
0.002301
0.001728
0.002150
0.001862
0.002251
0.001544
0.002564
0.002162
0.001546
0.001809
0.002624
0.001796
0.002189
0.001882
0.002299
0.002165
0.001821
0.001980
0.002064
0.001562
0.002277
0.002224
0.001836
0.002061
0.002199
0.002479
0.002469
0.001873
0.001693
0.001726
0.001869
0.002051
0.002861
0.001685
0.001533
0.001830
0.002169
0.002666
0.002081
0.001993
0.001697
0.002159
0.002276
0.001920
0.002436
0.001779
0.001908
0.002505
0.002984
0.001999
0.002953
0.002220
0.002291
0.002397
0.002113
0.001892
0.002204
0.001808
0.002027
0.002266
0.001867
0.002280
0.001754
0.002233
0.001858
0.002255
0.002396
0.002358
0.001865
0.002039
0.002247
0.001868
0.002621
0.002277
0.002319
0.001684
0.002276
0.002077
0.002032
0.002036
0.001812
0.002319
0.002131
0.002483
0.002601
0.001525
0.002129
0.001908
0.001717
0.001779
0.001839
0.002335
0.001642
0.002222
0.002735
0.001849
0.002204
0.001511
0.001764
0.002029
0.002079
0.001833
0.002168
0.001697
0.001965
0.001591
0.001522
0.001714
0.002490
0.001951
0.001866
0.001931
0.002552
0.001612
0.001695
0.001689
0.001830
0.002024
0.001941
0.002055
0.001965
0.002214
0.002477
0.002187
0.001700
0.001674
0.001866
0.002430
0.001368
0.001983
0.001648
0.001788
0.002100
0.002498
0.001652
0.001922
0.001503
0.001898
0.002320
0.002013
0.001739
0.001801
0.002287
0.002516
0.002499
0.001855
0.002031
0.002216
0.002324
0.001672
0.001956
0.002019
0.001775
0.001874
0.001715
0.001896
0.001638
0.002017
0.002422
0.001728
0.002270
0.002722
0.001945
0.001949
0.001626
0.002329
0.002354
0.002329
0.002404
0.002623
0.001845
0.002267
0.002237
0.001719
0.002188
0.002203
0.002179
0.001881
0.001767
0.001731
0.001477
0.002072
0.002467
0.001697
0.001995
0.002251
0.001686
0.002324
0.002125
0.002609
0.001903
0.001765
0.002277
0.001752
0.002152
0.001739
0.002152
0.002223
0.001813
0.001913
0.001463
0.001693
0.002008
0.002021
0.002073
0.001970
0.002544
0.002008
0.002222
0.001430
0.002213
0.002326
0.001990
0.002193
0.002403
0.001967
0.001658
0.002286
0.001922
0.001596
0.002105
0.001373
0.001851
0.002517
0.001943
0.001797
0.002142
0.001885
0.001943
0.001848
0.002657
0.001890
0.001970
0.001956
0.001898
0.001840
0.001780
0.002375
0.002049
0.002030
0.002016
0.001962
0.001535
0.002249
0.002484
0.002045
0.002190
0.001836
0.001691
0.001963
0.002000
0.002373
0.001942
0.002596
0.002195
0.001760
0.001298
0.001915
0.001951
0.001535
0.001932
0.001946
0.002364
0.001975
0.001641
0.001649
0.001638
0.002178
0.001663
0.001987
0.002389
0.001460
0.001925
0.001650
0.001953
0.002192
0.002363
0.001959
0.001869
0.002523
0.001699
0.002292
0.002749
0.002117
0.002115
0.001732
0.001941
0.002009
0.002041
0.001800
0.002102
0.002408
0.001423
0.002130
0.001724
0.002128
0.002041
0.002026
0.001765
0.001628
0.001665
0.002102
0.001973
0.002215
0.001841
0.002262
0.001671
0.001793
0.002208
0.001703
0.002456
0.001729
0.002074
0.001864
0.001929
0.002159
0.002103
0.001913
0.001930
0.001794
0.001414
0.002409
0.001763
0.002169
0.002130
0.001989
0.002001
0.001844
0.002179
0.001834
0.001798
0.002452
0.001751
0.002254
0.002166
0.001608
0.001920
0.002355
0.002057
0.001883
0.001999
0.001722
0.002207
0.001974
0.001798
0.001933
0.002641
0.001517
0.002050
0.001538
0.001925
0.001670
0.002011
0.001374
0.002318
0.001938
0.001373
0.001627
0.002380
0.001619
0.001950
0.001688
0.002059
0.001943
0.001636
0.001780
0.001852
0.001396
0.002025
0.001999
0.001641
0.001851
0.001957
0.002218
0.002213
0.001681
0.001514
0.001542
0.001681
0.001839
0.002579
0.001513
0.001376
0.001631
0.001950
0.002403
0.001869
0.001769
0.001534
0.001948
0.002043
0.001722
0.002201
0.001588
0.001736
0.002260
0.002712
0.001795
0.002706
0.002018
0.002050
0.002160
0.001920
0.001720
0.002006
0.001630
0.001827
0.002034
0.001703
0.002058
0.001580
0.002024
0.001670
0.002044
0.002168
0.002133
0.001693
0.001836
0.002022
0.001702
0.002381
0.002049
0.002101
0.001526
0.002059
0.001878
0.001832
0.001844
0.001647
0.002077
0.001926
0.002262
0.002375
0.001380
0.001954
0.001731
0.001551
0.001614
0.001676
0.002133
0.001490
0.002028
0.002482
0.001670
0.001998
0.001365
0.001591
0.001844
0.001875
0.001658
0.001959
0.001535
0.001785
0.001446
0.001382
0.001551
0.002268
0.001776
0.001698
0.001767
0.002320
0.001465
0.001520
0.001530
0.001661
0.001839
0.001768
0.001873
0.001778
0.002009
0.002254
0.001977
0.001539
0.001523
0.001683
0.002211
0.001253
0.001805
0.001492
0.001618
0.001924
0.002290
0.001498
0.001765
0.001369
0.001711
0.002100
0.001842
0.001578
0.001633
0.002111
0.002305
0.002284
0.001685
0.001852
0.002034
0.002113
0.001520
0.001789
0.001855
0.001609
0.001703
0.001566
0.001724
0.001486
0.001841
0.002221
0.001581
0.002081
0.002493
0.001784
0.001780
0.001470
0.002130
0.002153
0.002132
0.002206
0.002395
0.001687
0.002078
0.002039
0.001575
0.002022
0.002007
0.002016
0.001732
0.001611
0.001588
0.001338
0.001909
0.002258
0.001559
0.001822
0.002046
0.001555
0.002151
0.001938
0.002445
0.001748
0.001610
0.002096
0.001603
0.001984
0.001607
0.001969
0.002046
0.001662
0.001752
0.001336
0.001560
0.001830
0.001853
0.001908
0.001800
0.002353
0.001827
0.002036
0.001311
0.002023
0.002142
0.001828
0.002035
0.002223
0.001807
0.001528
0.002104
0.001772
0.001460
0.001942
0.001260
0.001704
0.002303
0.001769
0.001641
0.001972
0.001721
0.001786
0.001704
0.002464
0.001731
0.001817
0.001790
0.001748
0.001683
0.001648
0.002184
0.001896
0.001861
0.001860
0.001803
0.001414
0.002080
0.002293
0.001869
0.002024
0.001691
0.001564
0.001833
0.001844
0.002209
0.001786
0.002397
0.002023
0.001620
0.001185
0.001760
0.001801
0.001423
0.001772
0.001812
0.002181
0.001808
0.001514
0.001519
0.001515
0.002005
0.001532
0.001841
0.002207
0.001357
0.001784
0.001527
0.001789
0.002030
0.002170
0.001807
0.001732
0.002336
0.001556
0.002135
0.002536
0.001952
0.001958
0.001591
0.001793
0.001857
0.001889
0.001659
0.001937
0.002220
0.001313
0.001970
0.001601
0.001984
0.001883
0.001880
0.001637
0.001503
0.001535
0.001947
0.001834
0.002065
0.001699
0.002090
0.001547
0.001658
0.002068
0.001575
0.002265
0.001610
0.001922
0.001726
0.001774
0.002007
0.001941
0.001768
0.001790
0.001665
0.001312
0.002238
0.001630
0.002018
0.001965
0.001862
0.001853
0.001707
0.002026
0.001700
0.001667
0.002286
0.001622
0.002092
0.002008
0.001497
0.001786
0.002199
0.001913
0.001742
0.001855
0.001582
0.002055
0.001830
0.001673
0.001805
0.002455
0.001411
0.001897
0.001427
0.001788
0.001556
0.001865
0.001277
0.002167
0.001801
0.001271
0.001517
0.002227
0.001512
0.001804
0.001571
0.001914
0.001809
0.001528
0.001660
0.001725
0.001299
0.001871
0.001862
0.001524
0.001723
0.001809
0.002058
0.002057
0.001566
0.001404
0.001434
0.001568
0.001709
0.002403
0.001408
0.001283
0.001509
0.001818
0.002237
0.001739
0.001632
0.001436
0.001818
0.001901
0.001602
0.002056
0.001471
0.001630
0.002108
0.002539
0.001668
0.002550
0.001892
0.001900
0.002015
0.001803
0.001617
0.001884
0.001521
0.001705
0.001893
0.001603
0.001920
0.001475
0.001895
0.001553
0.001913
0.002025
0.001993
0.001587
0.001713
0.001880
0.001601
0.002227
0.001906
0.001965
0.001430
0.001926
0.001755
0.001708
0.001727
0.001546
0.001924
0.001800
0.002125
0.002231
0.001294
0.001847
0.001624
0.001447
0.001512
0.001576
0.002006
0.001398
0.001906
0.002323
0.001559
0.001869
0.001276
0.001481
0.001730
0.001745
0.001549
0.001829
0.001435
0.001673
0.001357
0.001297
0.001450
0.002128
0.001669
0.001593
0.001662
0.002171
0.001377
0.001412
0.001432
0.001555
0.001725
0.001660
0.001760
0.001661
0.001880
0.002109
0.001842
0.001437
0.001429
0.001569
0.002069
0.001181
0.001693
0.001395
0.001513
0.001814
0.002157
0.001401
0.001666
0.001286
0.001593
0.001959
0.001734
0.001477
0.001529
0.001999
0.002172
0.002146
0.001577
0.001738
0.001916
0.001976
0.001426
0.001682
0.001752
0.001504
0.001595
0.001473
0.001616
0.001391
0.001727
0.002091
0.001488
0.001960
0.002344
0.001683
0.001672
0.001373
0.002002
0.002021
0.002003
0.002078
0.002248
0.001586
0.001955
0.001911
0.001483
0.001918
0.001882
0.001911
0.001637
0.001513
0.001500
0.001249
0.001804
0.002120
0.001472
0.001713
0.001916
0.001472
0.002041
0.001820
0.002339
0.001652
0.001510
0.001979
0.001508
0.001877
0.001526
0.001852
0.001930
0.001567
0.001649
0.001256
0.001476
0.001715
0.001746
0.001802
0.001691
0.002228
0.001710
0.001913
0.001237
0.001898
0.002021
0.001726
0.001935
0.002108
0.001702
0.001445
0.001985
0.001674
0.001374
0.001838
0.001190
0.001610
0.002164
0.001657
0.001541
0.001860
0.001615
0.001683
0.001610
0.002339
0.001630
0.001720
0.001682
0.001650
0.001582
0.001561
0.002057
0.001795
0.001751
0.001760
0.001700
0.001338
0.001970
0.002167
0.001755
0.001917
0.001596
0.001484
0.001748
0.001741
0.002100
0.001684
0.002266
0.001911
0.001529
0.001114
0.001659
0.001702
0.001351
0.001667
0.001724
0.002061
0.001699
0.001433
0.001434
0.001436
0.001890
0.001448
0.001745
0.002086
0.001291
0.001693
0.001447
0.001682
0.001924
0.002040
0.001707
0.001642
0.002211
0.001463
0.002031
0.002393
0.001842
0.001853
0.001499
0.001695
0.001757
0.001790
0.001566
0.001827
0.002093
0.001241
0.001863
0.001519
0.001887
0.001779
0.001783
0.001553
0.001423
0.001451
0.001843
0.001741
0.001967
0.001606
0.001976
0.001465
0.001568
0.001976
0.001491
0.002136
0.001533
0.001820
0.001632
0.001670
0.001905
0.001833
0.001671
0.001696
0.001580
0.001246
0.002122
0.001543
0.001917
0.001856
0.001777
0.001755
0.001616
0.001924
0.001610
0.001579
0.002171
0.001536
0.001982
0.001901
0.001424
0.001697
0.002093
0.001814
0.001648
0.001759
0.001489
0.001951
0.001734
0.001590
0.001720
0.002328
0.001342
0.001793
0.001353
0.001696
0.001480
0.001767
0.001216
0.002065
0.001709
0.001204
0.001443
0.002123
0.001440
0.001705
0.001492
0.001816
0.001719
0.001456
0.001580
0.001640
0.001236
0.001769
0.001770
0.001446
0.001636
0.001708
0.001951
0.001951
0.001489
0.001331
0.001364
0.001492
0.001620
0.002283
0.001338
0.001223
0.001427
0.001730
0.002123
0.001651
0.001539
0.001370
0.001730
0.001804
0.001521
0.001957
0.001393
0.001559
0.002003
0.002419
0.001583
0.002441
0.001806
0.001798
0.001917
0.001724
0.001548
0.001802
0.001446
0.001622
0.001797
0.001536
0.001825
0.001404
0.001807
0.001472
0.001825
0.001929
0.001898
0.001515
0.001631
0.001781
0.001533
0.002120
0.001808
0.001873
0.001365
0.001836
0.001672
0.001624
0.001648
0.001478
0.001819
0.001715
0.002033
0.002132
0.001236
0.001774
0.001551
0.001376
0.001443
0.001509
0.001919
0.001335
0.001822
0.002213
0.001485
0.001781
0.001216
0.001404
0.001653
0.001655
0.001473
0.001741
0.001368
0.001597
0.001298
0.001240
0.001381
0.002031
0.001597
0.001522
0.001589
0.002068
0.001319
0.001339
0.001368
0.001482
0.001648
0.001585
0.001684
0.001583
0.001792
0.002007
0.001748
0.001368
0.001365
0.001490
0.001970
0.001134
0.001616
0.001330
0.001442
0.001740
0.002065
0.001334
0.001599
0.001230
0.001513
0.001861
0.001660
0.001408
0.001459
0.001923
0.002081
0.002050
0.001502
0.001660
0.001833
0.001882
