12.986310
12.963799
12.852994
12.843421
13.102451
12.685920
12.962969
12.526470
13.090815
12.503928
12.242471
12.927612
12.544949
12.021104
11.651722
11.224602
10.649086
9.642947
8.531408
6.843525
5.264153
3.583932
1.943639
0.807170
0.372531
0.695758
0.627520
0.236552
0.218336
0.253668
0.173928
0.278386
0.179777
0.204935
0.317057
0.251905
0.224329
0.213987
0.211427
0.237248
0.229726
0.221393
0.184321
0.197524
0.227781
0.192794
0.203976
0.194370
0.199001
0.252233
0.224664
0.206411
0.163634
0.237913
0.201036
0.190038
0.237843
0.174243
0.189596
0.220742
0.172844
0.221203
0.175017
0.146432
0.236972
0.208979
0.152161
0.198131
0.190928
0.260908
0.297365
0.215789
0.246452
0.248337
0.261482
0.169061
0.203364
0.197271
0.227059
0.201871
0.165913
0.183582
0.206229
0.231802
0.218367
0.198934
0.208979
0.208651
0.211697
0.211142
0.184902
0.197092
0.225380
0.226195
0.224677
0.240434
0.184774
0.180873
0.229771
0.142413
0.262051
0.204163
0.224937
0.186007
0.263136
0.296085
0.297404
0.249031
0.219176
0.231615
0.187700
0.184773
0.187154
0.192301
0.218722
0.236962
0.235383
0.176369
0.197506
0.260646
0.245302
0.253816
0.185288
0.226277
0.165575
0.227407
0.201171
0.184395
0.211412
0.221424
0.198799
0.170985
0.197276
0.162886
0.189398
0.203240
0.139976
0.195277
0.201020
0.211258
0.190673
0.254962
0.195472
0.178534
0.166193
0.219183
0.248567
0.208876
0.286981
0.175042
0.208531
0.226032
0.185322
0.247097
0.196297
0.187617
0.202704
0.193044
0.292637
0.178297
0.191333
0.212976
0.195714
0.240130
0.210023
0.180072
0.281544
0.180075
0.262320
0.209520
0.236295
0.180141
0.200484
0.233581
0.213364
0.160656
0.211508
0.250108
0.183028
0.192799
0.228279
0.220262
0.193566
0.183289
0.174630
0.222655
0.204564
0.205850
0.290011
0.195638
0.174091
0.228213
0.177636
0.189511
0.174566
0.261421
0.181714
0.224142
0.206300
0.224220
0.233832
0.142796
0.200903
0.154279
0.214053
0.208137
0.268691
0.197114
0.156061
0.213658
0.230091
0.189710
0.205411
0.200325
0.194848
0.256887
0.161315
0.183035
0.183388
0.173422
0.150812
0.276880
0.148661
0.185296
0.177409
0.137712
0.173146
0.232904
0.191978
0.207796
0.180796
0.185710
0.155949
0.192882
0.188482
0.208239
0.263448
0.185373
0.261863
0.217605
0.241995
0.176391
0.197673
0.175947
0.234006
0.189864
0.166392
0.259515
0.220559
0.159604
0.217141
0.190683
0.199505
0.209847
0.191815
0.165416
0.203540
0.213943
0.195007
0.184343
0.204679
0.213677
0.157582
0.197155
0.249386
0.178634
0.227648
0.195013
0.203029
0.188575
0.206134
0.182716
0.172650
0.246997
0.237443
0.246860
0.198696
0.187945
0.179191
0.170824
0.235650
0.174475
0.229121
0.197437
0.185916
0.204704
0.208373
0.175616
0.153071
0.191336
0.191373
0.269387
0.169022
0.160927
0.211407
0.201568
0.202719
0.220126
0.113812
0.186897
0.215872
0.188163
0.199142
0.190533
0.172802
0.181573
0.181979
0.189935
0.207393
0.204093
0.155136
0.211029
0.225082
0.177647
0.165696
0.160055
0.190486
0.177780
0.236354
0.204229
0.248063
0.227255
0.221022
0.179817
0.183798
0.168928
0.205081
0.178795
0.226285
0.171565
0.162577
0.220757
0.219942
0.165281
0.184044
0.184169
0.219355
0.188730
0.186216
0.164015
0.214377
0.192218
0.209348
0.219131
0.160208
0.218529
0.206570
0.189411
0.220125
0.194383
0.201136
0.173751
0.189274
0.213784
0.195266
0.195836
0.198629
0.125020
0.199846
0.180553
0.211163
0.205673
0.165640
0.177292
0.204065
0.180415
0.176329
0.217303
0.228614
0.184029
0.158833
0.206531
0.219090
0.229706
0.201823
0.224921
0.191245
0.254597
0.169041
0.264859
0.179798
0.173835
0.248511
0.212648
0.198592
0.186178
0.185663
0.207440
0.213635
0.209993
0.167869
0.188767
0.218589
0.184329
0.193871
0.189770
0.179744
0.252086
0.223488
0.207305
0.164215
0.238598
0.199471
0.186207
0.234214
0.166121
0.184992
0.219938
0.171828
0.219759
0.173189
0.145047
0.233037
0.204673
0.151721
0.198130
0.189949
0.260438
0.297101
0.215627
0.246024
0.245679
0.260681
0.168741
0.202368
0.197252
0.227483
0.201578
0.166169
0.182583
0.205817
0.229871
0.216979
0.199142
0.209036
0.208393
0.211159
0.211386
0.183951
0.196971
0.225331
0.226209
0.224675
0.240561
0.184979
0.180787
0.229586
0.142408
0.261885
0.204218
0.224913
0.186024
0.263161
0.296024
0.297599
0.251926
0.214369
0.227936
0.187231
0.184708
0.187365
0.191996
0.218125
0.235417
0.234738
0.177239
0.197520
0.260261
0.245209
0.253911
0.184860
0.226061
0.165703
0.227086
0.201059
0.184030
0.211109
0.218275
0.196779
0.171465
0.197207
0.162523
0.188611
0.202675
0.140198
0.195577
0.201481
0.210572
0.190427
0.254918
0.191402
0.178455
0.166295
0.219252
0.248442
0.208874
0.286862
0.175046
0.208521
0.225859
0.185343
0.246710
0.196288
0.187589
0.202698
0.192919
0.292640
0.178187
0.191209
0.212906
0.195699
0.240103
0.210029
0.180064
0.281534
0.180025
0.262293
0.209461
0.236267
0.180167
0.200480
0.233566
0.213337
0.160650
0.211486
0.250077
0.183022
0.192822
0.228278
0.220276
0.193593
0.183307
0.174590
0.222628
0.204562
0.205856
0.290008
0.195644
0.174126
0.228198
0.177614
0.189520
0.174566
0.261414
0.181716
0.224180
0.206284
0.224231
0.233868
0.142754
0.200909
0.154284
0.214032
0.207894
0.275338
0.197062
0.157583
0.213782
0.230331
0.189806
0.206143
0.201966
0.195398
0.256622
0.160555
0.183081
0.183458
0.173428
0.150893
0.276536
0.149202
0.184856
0.177700
0.137820
0.173037
0.232815
0.191979
0.207716
0.180879
0.185704
0.155874
0.192792
0.188484
0.208319
0.263484
0.185348
0.261844
0.217618
0.241988
0.176389
0.197651
0.175959
0.233994
0.189859
0.166393
0.259517
0.220560
0.159571
0.217137
0.190694
0.199514
0.209816
0.191821
0.165398
0.203554
0.213915
0.195037
0.184349
0.204636
0.213647
0.157583
0.197178
0.249372
0.178566
0.227655
0.195025
0.203018
0.188557
0.206142
0.182679
0.172718
0.246913
0.237441
0.246874
0.198670
0.187942
0.179174
0.170836
0.235660
0.174463
0.229128
0.197435
0.185917
0.204713
0.208370
0.175612
0.153072
0.191321
0.191380
0.269361
0.169022
0.160902
0.211400
0.201568
0.202718
0.220118
0.113812
0.186898
0.215874
0.188181
0.199147
0.190554
0.172732
0.181579
0.181976
0.189929
0.207409
0.204154
0.155127
0.210993
0.225056
0.177602
0.165692
0.160062
0.190497
0.177793
0.236396
0.204186
0.248100
0.227257
0.221020
0.179798
0.183787
0.168933
0.205119
0.178789
0.226310
0.171606
0.163323
0.220821
0.220024
0.165402
0.184206
0.184780
0.219484
0.188310
0.185942
0.163847
0.215206
0.192281
0.209115
0.219030
0.160221
0.218409
0.206899
0.188776
0.219631
0.194075
0.201065
0.173739
0.189247
0.213752
0.195261
0.195672
0.198689
0.124914
0.199706
0.180636
0.211186
0.205667
0.165638
0.177294
0.204050
0.180419
0.176326
0.217340
0.228625
0.183998
0.158810
0.206544
0.219069
0.229650
0.201834
0.224925
0.191208
0.254578
0.169042
0.264899
0.173098
0.171624
0.249001
0.212618
0.198463
0.187000
0.186342
0.207398
0.212314
0.208387
0.167985
0.188079
0.218630
0.184265
0.193938
0.189651
0.180492
0.251729
0.223314
0.207068
0.164078
0.238512
0.199462
0.186217
0.234188
0.166247
0.185097
0.219885
0.171796
0.219656
0.173161
0.145050
0.233039
0.204723
0.151692
0.198092
0.189975
0.260432
0.297015
0.215635
0.246024
0.245682
0.260680
0.168734
0.202423
0.197220
0.227508
0.201570
0.166175
0.182571
0.205816
0.229880
0.217023
0.199099
0.209113
0.210275
0.213209
0.210871
0.184220
0.196852
0.225319
0.227180
0.224145
0.239122
0.183748
0.181129
0.229992
0.142412
0.261746
0.204434
0.224580
0.185667
0.263012
0.295921
0.291835
0.248027
0.217717
0.229701
0.187246
0.184547
0.186876
0.192526
0.218900
0.237093
0.235350
0.176492
0.197494
0.260378
0.245134
0.252313
0.189188
0.227418
0.165432
0.227512
0.201042
0.183655
0.211416
0.217476
0.195879
0.172190
0.197764
0.162753
0.188767
0.202686
0.140230
0.195669
0.201686
0.210270
0.190205
0.254645
0.191597
0.178387
0.166324
0.219240
0.248506
0.208876
0.287099
0.174917
0.208433
0.225825
0.185358
0.246665
0.196293
0.187631
0.202709
0.192804
0.292668
0.178136
0.191180
0.212912
0.195709
0.240162
0.210071
0.180044
0.281521
0.179980
0.262279
0.209456
0.236339
0.180249
0.200458
0.233545
0.213301
0.160650
0.211455
0.250056
0.182994
0.192885
0.228286
0.220310
0.193650
0.183308
0.174532
0.222583
0.204562
0.205882
0.290033
0.195656
0.174161
0.228164
0.176583
0.190710
0.175064
0.259988
0.181702
0.224739
0.206044
0.224729
0.235614
0.141150
0.201510
0.154795
0.214388
0.208215
0.268870
0.197061
0.156952
0.214141
0.229783
0.189701
0.205161
0.199949
0.194805
0.256872
0.161143
0.183057
0.183491
0.173431
0.150753
0.277034
0.148492
0.185350
0.177387
0.137723
0.173103
0.232829
0.191959
0.207833
0.180762
0.185719
0.155953
0.192885
0.188483
0.208229
0.263471
0.185318
0.261879
0.217572
0.241989
0.176394
0.197670
0.175946
0.234004
0.189864
0.166383
0.259510
0.220557
0.159591
0.217125
0.190666
0.199500
0.209815
0.191820
0.165389
0.203574
0.213887
0.195054
0.184352
0.204606
0.213630
0.157593
0.197227
0.249379
0.178485
0.227664
0.195043
0.203008
0.188542
0.206158
0.182634
0.172789
0.246830
0.237442
0.246894
0.198636
0.187934
0.179178
0.170847
0.235642
0.174441
0.229136
0.197446
0.185909
0.204718
0.208361
0.175610
0.153070
0.191300
0.191397
0.269334
0.169021
0.160885
0.211396
0.201568
0.202698
0.220114
0.113813
0.186899
0.215879
0.188184
0.199158
0.190580
0.172655
0.181586
0.181973
0.189921
0.207432
0.204238
0.155123
0.210957
0.225034
0.177551
0.165687
0.160067
0.190515
0.177793
0.236443
0.204147
0.248132
0.227069
0.222939
0.184751
0.182811
0.169229
0.205389
0.178857
0.225694
0.172427
0.164242
0.221291
0.220358
0.165667
0.185128
0.184457
0.219492
0.188225
0.185891
0.163842
0.215724
0.192348
0.208942
0.218825
0.160201
0.218412
0.206967
0.188565
0.219448
0.193933
0.201025
0.173733
0.189231
0.213762
0.195261
0.195637
0.198699
0.124888
0.199680
0.180632
0.211188
0.205660
0.165639
0.177297
0.204045
0.180422
0.176324
0.217355
0.228635
0.183971
0.158789
0.206565
0.219041
0.229594
0.201841
0.224933
0.191177
0.254580
0.169050
0.263659
0.179090
0.173567
0.248535
0.212635
0.198534
0.186211
0.185726
0.207420
0.213442
0.209793
0.167870
0.188719
0.218588
0.184349
0.193917
0.189724
0.179911
0.251994
0.223450
0.207265
0.164202
0.238605
0.199482
0.186248
0.234199
0.166203
0.185045
0.219910
0.171817
0.219726
0.173188
0.145046
0.233087
0.204773
0.151682
0.198075
0.189976
0.260262
0.302688
0.216128
0.245904
0.246317
0.260706
0.168738
0.201324
0.198116
0.226709
0.201906
0.165933
0.183101
0.205946
0.230280
0.217007
0.199221
0.208962
0.208504
0.211442
0.211202
0.184484
0.197033
0.225348
0.226140
0.224695
0.240546
0.184941
0.180797
0.229621
0.142412
0.261962
0.204154
0.224969
0.186073
0.263176
0.295919
0.297637
0.247788
0.218853
0.231363
0.190999
0.184292
0.189092
0.191835
0.218116
0.236401
0.235590
0.175731
0.197694
0.262033
0.246233
0.254878
0.183940
0.225958
0.165658
0.227407
0.201277
0.184584
0.210963
0.223157
0.200744
0.170410
0.196576
0.162448
0.188945
0.203094
0.139974
0.195249
0.200888
0.211815
0.191127
0.255560
0.191140
0.178434
0.166497
0.219468
0.248019
0.208928
0.285992
0.175368
0.208684
0.225919
0.185339
0.246611
0.196293
0.187531
0.202699
0.193027
0.292628
0.178262
0.191313
0.212997
0.195719
0.240208
0.210088
0.180033
0.281519
0.179993
0.262303
0.209559
0.236544
0.180429
0.200433
0.233507
0.213261
0.160653
0.211430
0.250072
0.182930
0.192994
0.228292
0.220371
0.193746
0.183343
0.174437
0.222524
0.204562
0.205907
0.290056
0.195663
0.174222
0.228175
0.177499
0.189536
0.174570
0.261392
0.181717
0.224264
0.206247
0.224261
0.234018
0.142565
0.200949
0.154311
0.214084
0.208150
0.268626
0.197098
0.156279
0.213812
0.229966
0.189699
0.205307
0.200187
0.194851
0.256849
0.161171
0.183044
0.183425
0.173433
0.150799
0.276914
0.148589
0.185283
0.177404
0.137722
0.173110
0.232852
0.191965
0.207778
0.180796
0.185716
0.155924
0.192873
0.188481
0.208204
0.263454
0.185323
0.261862
0.217577
0.241996
0.176386
0.197662
0.175947
0.234005
0.189865
0.166367
0.259512
0.220560
0.159565
0.217121
0.190658
0.199500
0.209797
0.191827
0.165376
0.203594
0.213844
0.195097
0.184363
0.204542
0.213588
0.157602
0.197280
0.249380
0.178373
0.227707
0.195071
0.202985
0.188512
0.206169
0.182574
0.172909
0.246699
0.237431
0.246920
0.198589
0.187917
0.179156
0.170843
0.235618
0.174399
0.229146
0.197453
0.185910
0.204719
0.208359
0.175607
0.153063
0.191272
0.191402
0.269289
0.169014
0.160854
0.211395
0.201568
0.202707
0.220100
0.113813
0.186899
0.215877
0.188197
0.199185
0.190619
0.172545
0.181594
0.181968
0.189905
0.207459
0.204323
0.155121
0.210902
0.224988
0.177474
0.165678
0.160070
0.190536
0.177804
0.236495
0.204058
0.248208
0.227301
0.221000
0.179725
0.183772
0.168945
0.205210
0.178771
0.226410
0.171545
0.163271
0.220802
0.220022
0.165403
0.184280
0.184624
0.219467
0.188314
0.185954
0.163852
0.215163
0.192272
0.209107
0.218997
0.160222
0.218410
0.206890
0.188752
0.219654
0.194133
0.201076
0.173745
0.189306
0.213662
0.195250
0.195637
0.198674
0.124957
0.199827
0.180468
0.211130
0.205682
0.165667
0.177305
0.204048
0.180421
0.176325
0.217331
0.228628
0.183982
0.158817
0.206630
0.218999
0.229538
0.201853
0.224946
0.191157
0.254599
0.169070
0.264993
0.172830
0.171566
0.249027
0.212620
0.198451
0.187066
0.186421
0.207406
0.212173
0.208244
0.167995
0.188056
0.218625
0.184289
0.193986
0.189608
0.180701
0.251645
0.223278
0.207029
0.164077
0.238518
0.199466
0.186265
0.234191
0.166345
0.185146
0.219847
0.171782
0.219609
0.173155
0.145046
0.233096
0.204851
0.151643
0.198025
0.190011
0.260455
0.296904
0.215634
0.246013
0.245716
0.260672
0.168749
0.202538
0.197147
0.227580
0.201555
0.166202
0.182546
0.205816
0.229944
0.217252
0.198999
0.209120
0.208309
0.211013
0.211451
0.183833
0.196980
0.225344
0.226127
0.224748
0.240735
0.185179
0.180721
0.229474
0.142418
0.261842
0.204185
0.224966
0.186098
0.263214
0.295884
0.297812
0.252165
0.214087
0.227730
0.187230
0.184723
0.187428
0.191957
0.218082
0.235270
0.234693
0.177249
0.197519
0.260271
0.245256
0.253958
0.189334
0.227562
0.165413
0.227723
0.201118
0.183798
0.211338
0.217564
0.195941
0.172146
0.197773
0.162785
0.188828
0.202727
0.140189
0.195632
0.201629
0.210305
0.190219
0.254655
0.191581
0.178379
0.166336
0.219257
0.248465
0.208878
0.287047
0.174896
0.208416
0.225768
0.185329
0.247034
0.196301
0.187702
0.202719
0.192786
0.292655
0.178207
0.191307
0.213025
0.195737
0.240293
0.210143
0.180009
0.281496
0.179906
0.264175
0.213749
0.239944
0.181606
0.200407
0.233592
0.213597
0.160754
0.212258
0.252036
0.182240
0.194033
0.228343
0.220480
0.193732
0.183301
0.174723
0.222968
0.204613
0.206227
0.290094
0.195698
0.174312
0.228166
0.177523
0.189518
0.174567
0.261605
0.181742
0.224391
0.206212
0.224273
0.234060
0.142550
0.200940
0.154296
0.214055
0.208133
0.268734
0.197092
0.156345
0.213840
0.229947
0.189704
0.205304
0.200195
0.194857
0.256837
0.161140
0.183050
0.183431
0.173429
0.150796
0.276915
0.148589
0.185275
0.177408
0.137724
0.173106
0.232849
0.191964
0.207777
0.180795
0.185714
0.155923
0.192871
0.188481
0.208201
0.263457
0.185318
0.261863
0.217575
0.241995
0.176388
0.197660
0.175947
0.234004
0.189865
0.166366
0.259512
0.220561
0.159561
0.217119
0.190653
0.199499
0.209793
0.191828
0.165373
0.203596
0.213840
0.195106
0.184365
0.204529
0.213580
0.157604
0.197288
0.249377
0.178354
0.227697
0.195079
0.202982
0.188506
0.206171
0.182566
0.172932
0.246680
0.237427
0.246924
0.198582
0.187915
0.179156
0.170840
0.235631
0.174394
0.229147
0.197452
0.185908
0.204719
0.208351
0.175603
0.153063
0.191265
0.191400
0.269277
0.169012
0.160851
0.211396
0.201568
0.202706
0.220098
0.113813
0.186899
0.215876
0.188205
0.199188
0.190625
0.172522
0.181596
0.181967
0.189902
0.207467
0.204337
0.155115
0.210888
0.224982
0.177459
0.165676
0.160071
0.190538
0.177810
0.236510
0.204049
0.248221
0.227301
0.220998
0.179716
0.183772
0.168945
0.205221
0.178776
0.226414
0.171528
0.163260
0.220795
0.220026
0.165403
0.184283
0.184606
0.219469
0.188330
0.185952
0.163856
0.215162
0.192272
0.209105
0.218994
0.160222
0.218410
0.206887
0.188749
0.219657
0.194135
0.201074
0.173746
0.189313
0.213650
0.195248
0.195633
0.198672
0.124962
0.199842
0.180445
0.211120
0.205698
0.165658
0.177306
0.204049
0.180421
0.176325
0.217330
0.228628
0.183980
0.158818
0.206640
0.218994
0.229527
0.201850
0.224950
0.191156
0.254601
0.169068
0.265003
0.172800
0.171560
0.249030
0.212619
0.198450
0.187072
0.186436
0.207409
0.212160
0.208229
0.167997
0.188053
0.218624
0.184291
0.193989
0.189599
0.180724
0.251637
0.223272
0.207026
0.164076
0.238518
0.199466
0.186272
0.234183
0.166360
0.185167
0.219843
0.171778
0.219603
0.173154
0.145046
0.233103
0.204863
0.151642
0.198031
0.190013
0.260454
0.296891
0.215634
0.246011
0.245719
0.260676
0.168749
0.202555
0.197131
0.227583
0.201554
0.166204
0.182544
0.205815
0.229950
0.217273
0.198991
0.209129
0.208302
0.210998
0.211457
0.183820
0.196981
0.225342
0.226118
0.224754
0.240640
0.190732
0.180620
0.228321
0.142577
0.261610
0.203869
0.225893
0.187297
0.263903
0.294789
0.300204
0.253728
0.213193
0.227295
0.187247
0.184825
0.187699
0.191868
0.217915
0.234772
0.234557
0.177517
0.197523
0.260249
0.245293
0.254098
0.184425
0.225935
0.165775
0.226954
0.201035
0.184023
0.211096
0.218369
0.196939
0.171315
0.197091
0.162478
0.188577
0.202675
0.140184
0.195554
0.201455
0.210627
0.190470
0.255021
0.191284
0.178497
0.166251
0.219243
0.248428
0.208878
0.286818
0.175018
0.208513
0.225863
0.185339
0.246775
0.196291
0.187657
0.202711
0.192759
0.292665
0.178159
0.191244
0.212996
0.195724
0.240283
0.210146
0.180003
0.281495
0.179921
0.262274
0.209515
0.236568
0.180489
0.200416
0.233497
0.213226
0.160649
0.211396
0.250023
0.182925
0.193023
0.228293
0.220400
0.193800
0.183369
0.174392
0.222483
0.204563
0.205910
0.290043
0.195670
0.174264
0.228165
0.177480
0.189541
0.174573
0.261381
0.181720
0.224290
0.206230
0.224267
0.234061
0.142517
0.200960
0.154320
0.214092
0.208153
0.268606
0.197095
0.156325
0.213846
0.229941
0.189699
0.205281
0.200150
0.194850
0.256840
0.161140
0.183050
0.183433
0.173425
0.150793
0.276922
0.148572
0.185284
0.177401
0.137723
0.173105
0.232848
0.191964
0.207774
0.180794
0.185713
0.155923
0.192872
0.188479
0.208192
0.263455
0.185313
0.261862
0.217572
0.241995
0.176388
0.197659
0.175947
0.234003
0.189867
0.166365
0.259508
0.220562
0.159556
0.217091
0.188835
0.197386
0.211799
0.191731
0.165675
0.203204
0.214691
0.193890
0.184300
0.205951
0.215114
0.158355
0.197932
0.249365
0.178366
0.227624
0.194925
0.203156
0.188962
0.206874
0.182182
0.173435
0.246443
0.237423
0.246915
0.198662
0.188017
0.179071
0.170873
0.235585
0.174304
0.229197
0.197460
0.185916
0.204714
0.208367
0.175666
0.153076
0.191201
0.191421
0.269186
0.169020
0.160845
0.211391
0.201561
0.202701
0.220108
0.113814
0.186901
0.215890
0.188224
0.199194
0.190640
0.172473
0.181599
0.181966
0.189910
0.207495
0.204393
0.155105
0.210865
0.224969
0.177427
0.165672
0.160074
0.190541
0.177812
0.236532
0.204025
0.248243
0.227305
0.220985
0.179694
0.183771
0.168945
0.205247
0.178772
0.226429
0.171513
0.163251
0.220804
0.220028
0.165403
0.184298
0.184580
0.219454
0.188339
0.185957
0.163862
0.215157
0.192272
0.209101
0.218985
0.160221
0.218411
0.206881
0.188743
