10.487762
9.827363
10.463190
9.197179
10.048734
9.661033
9.363022
12.621670
11.392742
13.833462
10.723117
9.409181
9.165888
8.486643
9.048339
9.967246
10.032897
9.451320
9.295872
8.220881
9.286305
9.243522
9.894161
9.725069
10.527789
9.014919
9.120863
9.367226
8.747359
9.045087
8.248402
8.770926
8.389938
9.043323
8.950707
7.422282
8.063471
8.525913
8.321906
8.917366
7.738435
7.301851
7.965157
6.830010
6.405537
7.116044
7.423212
7.152369
7.606200
7.688480
7.573870
7.145709
7.511392
7.145033
7.905325
8.695050
6.516926
6.812970
7.172020
7.866810
7.428878
7.512157
7.596265
7.260155
7.463157
6.616363
7.009117
6.108363
5.630315
5.231799
5.611681
7.466025
7.395371
7.301018
6.808197
7.101605
6.126127
6.379532
5.311051
5.442591
5.065348
5.291276
6.505563
6.197111
5.395054
5.302651
5.593912
6.220909
6.255142
6.160618
6.338432
4.256920
3.618363
4.489698
5.028220
4.460714
3.521695
4.279370
4.214167
5.237429
2.801616
3.929279
3.598325
4.578329
3.832252
4.172898
5.606895
3.079296
3.160554
3.434085
4.216425
4.737181
4.353827
4.028520
4.285634
3.215303
3.715154
2.697693
3.505771
3.481869
2.478698
1.582569
4.301265
5.128077
3.137666
5.297814
2.738497
5.219463
1.913546
2.988149
5.145650
0.160456
4.922007
2.020294
2.638233
4.532676
4.336513
2.719456
1.760278
4.242323
2.784950
3.061678
2.537934
3.172218
2.574617
2.668796
2.778707
3.142503
4.132483
1.798120
1.882464
0.009336
1.203091
3.297143
2.757924
2.547704
3.615739
3.464264
1.129164
3.012596
2.688602
2.358542
1.870263
2.607149
3.512921
1.383214
2.398155
2.459111
2.910749
3.885909
2.109123
2.957791
2.778073
1.719958
1.966651
2.069426
0.143960
2.781801
2.608455
1.348829
1.623278
0.861617
1.140538
1.568375
2.172850
1.182934
0.652910
3.072212
1.915029
1.386227
1.465725
1.527783
1.700475
1.287060
1.613160
1.322825
1.407976
2.249908
0.400989
0.646712
1.338065
1.212434
1.896954
1.538621
2.322262
1.829025
1.171477
1.710444
1.333663
1.510159
1.108461
1.590406
0.773350
1.401629
1.960347
0.690673
1.555040
2.025355
0.911744
2.201733
1.863963
1.055619
0.965869
1.568097
1.349998
1.265574
0.678259
2.003256
1.503686
1.893037
0.975648
1.070976
0.295580
0.792938
1.321721
0.394421
1.715724
0.930188
1.005485
1.341322
0.934146
1.161807
1.449317
1.292523
1.122250
1.164543
0.084772
0.996638
0.872226
0.903325
0.576751
1.684811
1.565181
0.836646
1.126182
0.766679
0.710781
1.582311
0.401647
0.875858
1.043306
0.637223
1.164350
0.997756
0.929487
0.551114
0.477435
1.033042
0.895837
1.341504
0.977284
0.665544
0.840997
0.700733
1.361274
1.268142
0.438878
0.717905
0.911731
1.784794
0.816485
0.905582
1.054119
1.005839
0.662320
1.178854
0.750163
0.337736
1.109652
0.857441
0.230529
0.518202
0.701296
0.863022
0.503173
1.121826
0.551276
0.552101
0.362481
0.764233
0.428983
0.792454
0.541610
0.635748
0.502738
0.649661
0.620618
0.644797
0.847001
0.542569
0.285329
0.318069
0.561607
0.321032
0.461093
0.436037
0.416939
0.666042
0.105734
0.483205
0.774556
0.685645
0.888795
0.381850
0.712446
0.476073
0.756661
0.812224
0.412935
0.356155
1.039318
0.546066
0.477816
0.548327
0.871394
0.413437
0.740722
1.004700
0.665806
0.459260
0.536926
0.163569
0.768473
0.781325
1.482859
0.744901
0.843052
1.153247
0.893020
1.197376
0.730135
1.028319
0.745792
0.657066
1.518203
1.190105
2.211103
1.185874
0.630358
0.686976
0.703625
0.628837
1.048212
0.832543
0.801457
0.769033
0.555600
0.735857
0.769881
0.888386
0.974517
1.016879
0.763536
0.790908
0.902492
0.623106
0.743955
0.618943
0.745395
0.549033
0.697136
0.695592
0.383336
0.456873
0.636071
0.626550
0.702234
0.529253
0.548155
0.565740
0.457374
0.600781
0.586736
0.588168
0.465057
0.568463
0.618827
0.537560
0.540717
0.620636
0.574395
0.686769
0.873624
0.511092
0.502407
0.657511
0.668036
0.698926
0.614588
0.653138
0.713959
0.681582
0.657191
0.651847
0.494034
0.523994
0.447583
0.456892
0.762597
0.702271
0.888512
0.540710
0.622172
0.432157
0.575015
0.474379
0.517733
0.388880
0.300974
0.495992
0.471728
0.413522
0.436371
0.684641
0.623058
0.617079
0.696669
0.709187
0.358290
0.354189
0.378661
0.319093
0.600098
0.359034
0.762317
0.321733
0.615966
0.348522
0.401529
0.232761
0.406998
0.441819
0.422833
0.641781
0.280707
0.435382
0.873688
0.339445
0.586535
0.458781
0.490289
0.471820
0.519127
0.532357
0.424098
0.308101
0.439718
0.147653
0.056420
0.364661
0.937061
0.146008
0.729382
0.048036
0.759335
0.188394
0.441537
0.800463
3.225106
0.844542
0.148846
0.227922
0.587152
0.641452
0.439522
0.908323
0.809574
0.127737
0.467879
0.997011
0.240243
0.101204
0.347607
0.199030
0.273462
0.750841
0.460188
0.511718
1.340065
0.324580
0.497055
0.198517
0.161488
0.599977
0.535606
0.118586
0.432245
0.508920
0.365455
0.200569
0.211904
0.600792
0.008417
0.480334
0.565577
0.348165
0.759775
0.415114
0.526961
0.359671
0.108888
0.425921
0.529026
0.484004
0.768745
0.492485
0.176994
0.188055
0.111997
0.374415
0.056504
0.655874
0.200428
0.452085
0.676051
0.674488
0.257213
0.372064
0.170993
0.285426
0.153758
0.232489
0.116734
0.453597
0.617415
0.560345
0.019692
0.306461
0.270258
0.853271
0.175958
0.451459
0.439712
0.316381
0.253029
0.210045
0.375020
0.376178
0.284836
0.404762
0.201576
0.415115
0.240247
0.473255
0.544159
0.272903
0.967938
0.454240
0.395247
0.543869
0.359013
0.285786
0.534833
0.163180
0.418437
0.277077
0.465302
0.448738
0.339844
0.244167
0.375904
0.369718
0.441364
0.546346
0.894800
0.170143
0.831531
0.068767
0.586973
0.364314
0.184796
0.256628
0.468207
0.177916
0.322333
0.189492
0.498705
0.164911
0.531766
0.658435
0.328590
0.322278
0.433815
0.191211
0.379600
0.061419
0.348991
0.319006
0.099276
0.897583
0.877702
0.389647
0.041801
0.251771
0.208242
0.479509
0.392815
0.291064
0.201348
0.424076
0.454573
0.374366
0.429517
0.396144
0.454487
0.557315
0.650542
0.492938
0.448128
0.396891
0.246489
0.069887
0.968491
0.232168
0.434374
0.327226
0.233812
0.299830
0.239291
0.538320
0.359996
0.065582
1.031547
0.117165
0.078362
0.144195
0.443561
0.293323
0.698753
0.156976
0.306517
0.580789
0.691044
0.127967
0.307667
1.331685
0.315596
0.377251
0.691648
0.213183
0.030676
0.386655
0.253297
0.358555
0.816610
0.258746
0.924466
0.937435
1.361575
1.112148
0.204293
0.892328
0.396950
1.109541
1.318479
0.543069
0.466256
0.501049
0.710019
0.850084
0.910785
1.462046
0.741592
1.176148
0.473041
1.207975
0.812563
0.885526
0.448426
0.597754
1.158824
1.474753
1.059965
1.309345
0.827072
0.627280
0.882538
0.533733
0.750287
0.483283
0.424833
0.939536
0.742453
1.561458
0.834771
0.387035
0.485463
0.598775
0.434136
0.783313
0.528227
0.571985
0.555226
0.457409
0.515865
0.558509
0.603785
0.722164
0.661437
0.572927
0.587163
0.677950
0.440028
0.534133
0.492607
0.563356
0.386412
0.464567
0.469827
0.308524
0.303601
0.440554
0.449842
0.453039
0.401557
0.471349
0.400170
0.414754
0.622389
0.509815
0.465256
0.353192
0.404964
0.443871
0.359308
0.409261
0.445772
0.432329
0.455947
0.559636
0.417916
0.363715
0.485941
0.403397
0.486031
0.373605
0.399421
0.503148
0.434329
0.506612
0.444314
0.373241
0.460441
0.417826
0.374291
0.478834
0.413328
0.628437
0.292704
0.341253
0.243979
0.366813
0.382100
0.408389
0.304965
0.171667
0.232362
0.238192
0.268155
0.299939
0.537210
0.383201
0.366672
0.462840
0.449098
0.311702
0.382623
0.294864
0.154546
0.537832
0.380146
0.734063
0.240686
0.437791
0.440124
0.352359
0.199488
0.267119
0.396228
0.327190
0.387763
0.296808
0.456407
0.911108
0.206098
0.414141
0.314624
0.387237
0.329782
0.514752
0.462296
0.465258
0.228742
0.376085
0.170113
0.176736
0.177193
0.713582
0.070374
0.450970
0.003385
0.487508
0.258891
0.404767
0.532836
3.891531
0.604353
0.184301
0.192014
0.353893
0.436709
0.410719
1.057116
0.629033
0.042137
0.387339
1.046791
0.111243
0.027262
0.290112
0.106007
0.141012
0.550677
0.516371
0.561055
1.728484
0.430536
0.358057
0.087316
0.069636
0.426207
0.370364
0.193068
0.306160
0.431060
0.308830
0.182495
0.099910
0.421192
0.020902
0.421974
0.508113
0.203902
0.542038
0.376519
0.392962
0.225154
0.074634
0.398588
0.499752
0.691396
0.675600
0.384353
0.186811
0.162567
0.171724
0.430216
0.015827
0.612785
0.223396
0.572502
0.516310
0.659565
0.254760
0.372445
0.136338
0.241763
0.144247
0.190002
0.094841
0.462122
0.538332
0.707244
0.065218
0.299164
0.272853
0.841639
0.122391
0.332062
0.379935
0.323028
0.181858
0.179904
0.342104
0.393111
0.227660
0.465330
0.155258
0.323709
0.286677
0.438269
0.457197
0.291790
0.910108
0.372796
0.407923
0.585717
0.299754
0.243724
0.534104
0.188789
0.306863
0.210004
0.371565
0.468675
0.332738
0.322646
0.406801
0.331468
0.529385
0.478638
0.970516
0.142921
0.844941
0.035828
0.590218
0.301594
0.118277
0.220098
0.452423
0.261881
0.307627
0.172860
0.516748
0.181160
0.452757
0.610034
0.330184
0.285403
0.456215
0.189018
0.289558
0.080590
0.343648
0.287744
0.091051
0.923298
0.921331
0.379148
0.034435
0.279644
0.159699
0.481978
0.327331
0.258085
0.195796
0.423902
0.475386
0.300884
0.374173
0.440892
0.470746
0.561487
0.555444
0.499860
0.437524
0.360422
0.196518
0.040487
0.987057
0.211137
0.490748
0.271653
0.197820
0.351225
0.246005
0.559300
0.337317
0.050673
1.060344
0.101750
0.057445
0.155234
0.441212
0.313968
0.724346
0.145126
0.301290
0.626861
0.732060
0.100630
0.299752
1.427596
0.320779
0.422353
0.772413
0.200877
0.025740
0.409677
0.261745
0.383110
0.868196
0.310675
1.014047
0.990189
1.481107
1.171442
0.210388
0.945031
0.415030
1.183065
1.410997
0.586622
0.506803
0.458508
0.756640
0.922489
0.981732
1.561124
0.806815
1.254654
0.428472
1.298937
0.878372
0.950352
0.505374
0.597787
1.225915
1.494032
1.118193
1.385090
0.807088
0.614159
0.863612
0.528543
0.735564
0.470247
0.415115
0.890945
0.708375
1.504647
0.810963
0.375092
0.478050
0.602247
0.427131
0.768034
0.508117
0.560396
0.545181
0.460820
0.504682
0.548151
0.584505
0.706562
0.633085
0.564324
0.576742
0.664895
0.431702
0.522343
0.491129
0.554682
0.379890
0.449003
0.454959
0.312651
0.297499
0.428984
0.440469
0.434087
0.398303
0.474535
0.391479
0.422099
0.638390
0.512246
0.461343
0.350752
0.395533
0.432705
0.347556
0.403628
0.434160
0.424973
0.436624
0.528778
0.416778
0.356219
0.473861
0.378405
0.467956
0.351466
0.375336
0.484815
0.410727
0.496486
0.425894
0.366810
0.462135
0.424187
0.372827
0.448691
0.382267
0.601401
0.267074
0.310691
0.226589
0.346359
0.378333
0.402023
0.302193
0.162122
0.202942
0.213023
0.255855
0.288836
0.524374
0.356432
0.338159
0.436633
0.418777
0.313390
0.395597
0.290741
0.138056
0.536814
0.391709
0.738385
0.236490
0.418665
0.462203
0.352771
0.202232
0.253379
0.396927
0.320120
0.356278
0.306686
0.467005
0.924467
0.192632
0.394759
0.299489
0.378355
0.314787
0.520934
0.458273
0.478456
0.222838
0.372662
0.179970
0.201784
0.154164
0.685184
0.064740
0.413982
0.002398
0.451331
0.275618
0.404814
0.497014
4.001184
0.572493
0.195283
0.191861
0.323091
0.410260
0.411508
1.085546
0.605881
0.033902
0.379838
1.059484
0.096264
0.020746
0.286048
0.096499
0.125470
0.524795
0.529373
0.572948
1.791297
0.450688
0.341332
0.074754
0.059926
0.404213
0.349587
0.208145
0.291134
0.423216
0.304125
0.183530
0.086757
0.397836
0.026413
0.416767
0.502995
0.185595
0.512513
0.374121
0.375970
0.207996
0.072764
0.397752
0.498575
0.726713
0.664499
0.370876
0.191526
0.161782
0.184115
0.441994
0.012557
0.609114
0.229983
0.594293
0.494220
0.660152
0.257242
0.375338
0.133730
0.237717
0.145492
0.186079
0.094092
0.466073
0.528631
0.732647
0.074582
0.300509
0.275659
0.842271
0.116615
0.316336
0.373240
0.326276
0.173400
0.177575
0.339342
0.397804
0.221195
0.476545
0.150368
0.312025
0.295686
0.435037
0.446108
0.296583
0.903471
0.362450
0.411742
0.593958
0.292545
0.239215
0.535825
0.194454
0.291785
0.201615
0.359108
0.473437
0.333371
0.336286
0.413191
0.327303
0.544502
0.469769
0.983735
0.140331
0.848570
0.032357
0.592242
0.293603
0.109700
0.216036
0.451485
0.275988
0.306810
0.171735
0.520854
0.184955
0.442204
0.604094
0.331748
0.281108
0.460883
0.189949
0.277247
0.084713
0.344073
0.284232
0.091000
0.928463
0.929332
0.378659
0.034446
0.285313
0.153006
0.483541
0.317867
0.253885
0.196021
0.424988
0.479859
0.290073
0.366279
0.449226
0.474449
0.563216
0.541049
0.502015
0.436816
0.355489
0.189364
0.036665
0.991096
0.208657
0.500961
0.263466
0.192845
0.360596
0.248028
0.563683
0.334482
0.049098
1.066023
0.100064
0.054840
0.157903
0.441685
0.318218
0.729453
0.143949
0.301215
0.635321
0.739711
0.096767
0.299174
1.444473
0.322384
0.430783
0.786923
0.199612
0.025680
0.414245
0.263875
0.387857
0.877381
0.319797
1.029339
0.999632
1.501445
1.181873
0.212037
0.954424
0.418892
1.197221
1.429088
0.595508
0.515232
0.450538
0.766393
0.937911
0.996835
1.582817
0.821508
1.271614
0.420677
1.317114
0.892945
0.964856
0.518048
0.598371
1.240551
1.498535
1.130121
1.400512
0.803283
0.612129
0.860438
0.527963
0.733184
0.468177
0.413652
0.882184
0.702322
1.494305
0.806811
0.373189
0.476995
0.603258
0.426146
0.765478
0.504650
0.558536
0.543615
0.461806
0.502902
0.546526
0.581188
0.703930
0.628048
0.563026
0.575096
0.662741
0.430464
0.520446
0.491179
0.553353
0.378993
0.446397
0.452478
0.313767
0.296688
0.427133
0.439035
0.430840
0.397990
0.475479
0.390162
0.423814
0.641721
0.513055
0.460972
0.350642
0.394110
0.430971
0.345721
0.402920
0.432361
0.423981
0.433178
0.523424
0.416866
0.355138
0.471942
0.374122
0.464939
0.347701
0.371215
0.481749
0.406689
0.494853
0.422802
0.365915
0.462700
0.425646
0.372831
0.443373
0.376849
0.596704
0.262647
0.305359
0.223668
0.342875
0.377907
0.401118
0.301946
0.160632
0.197809
0.208668
0.253856
0.287055
0.522269
0.351779
0.333185
0.432081
0.413470
0.313942
0.398207
0.290226
0.135281
0.536856
0.394050
0.739214
0.235950
0.415400
0.466434
0.353061
0.202946
0.251106
0.397261
0.319041
0.350768
0.308684
0.469113
0.926934
0.190519
0.391435
0.296937
0.376936
0.312259
0.522256
0.457745
0.481116
0.221857
0.372177
0.182216
0.207193
0.149501
0.679307
0.063742
0.406227
0.002393
0.443707
0.279425
0.405022
0.489508
4.024734
0.565864
0.197830
0.192015
0.316661
0.404773
0.411831
1.091580
0.601828
0.032542
0.378616
1.062055
0.093282
0.019522
0.285343
0.094634
0.122326
0.519467
0.532293
0.575699
1.806250
0.455421
0.337646
0.072012
0.057844
0.399315
0.344978
0.211720
0.287848
0.421567
0.303190
0.183897
0.083922
0.392703
0.027779
0.415727
0.501978
0.181651
0.506102
0.373714
0.372373
0.204384
0.072478
0.397686
0.498436
0.734350
0.662242
0.368123
0.192633
0.161724
0.186831
0.444571
0.011976
0.608446
0.231459
0.598935
0.489722
0.660367
0.257854
0.376033
0.133280
0.236969
0.145843
0.185351
0.094027
0.467006
0.526721
0.738091
0.076924
0.300923
0.276427
0.842500
0.115305
0.312592
0.371682
0.327156
0.171413
0.177090
0.338747
0.399027
0.219702
0.479344
0.149260
0.309264
0.297943
0.434322
0.443499
0.297814
0.901898
0.360032
0.412725
0.595985
0.290916
0.238206
0.536295
0.195866
0.288270
0.199696
0.356237
0.474612
0.333579
0.339520
0.414733
0.326393
0.548050
0.467802
0.986830
0.139790
0.849459
0.031606
0.592760
0.291789
0.107746
0.215138
0.451314
0.279331
0.306670
0.171523
0.521860
0.185895
0.439776
0.602745
0.332159
0.280157
0.462016
0.190213
0.274414
0.085716
0.344214
0.283461
0.091032
0.929674
0.931165
0.378597
0.034493
0.286595
0.151593
0.483922
0.315856
0.253014
0.196109
0.425259
0.480860
0.287778
0.364618
0.451043
0.475272
0.563614
0.538004
0.502500
0.436694
0.354475
0.187890
0.035898
0.991953
0.208172
0.503098
0.261806
0.191849
0.362548
0.248468
0.564596
0.333932
0.048805
1.067183
0.099753
0.054340
0.158469
0.441800
0.319104
0.730492
0.143740
0.301226
0.637049
0.741268
0.096035
0.299087
1.447874
0.322733
0.432476
0.789811
0.199391
0.025693
0.415179
0.264326
0.388838
0.879269
0.321687
1.032504
1.001140
1.505685
1.184089
0.212411
0.956449
0.419706
1.200083
1.432740
0.597373
0.517021
0.448969
0.768484
0.941132
1.000045
1.587386
0.824700
1.276041
0.417851
1.323883
0.898175
0.970151
0.522051
0.598595
1.244708
1.500016
1.134451
1.406817
0.801793
0.611200
0.858908
0.527707
0.731939
0.467070
0.412871
0.877159
0.698892
1.488491
0.804597
0.372225
0.476500
0.603795
0.425708
0.764296
0.503072
0.557725
0.542966
0.462256
0.502189
0.545898
0.579894
0.702939
0.626189
0.562575
0.574539
0.662002
0.430077
0.519857
0.491200
0.552925
0.378743
0.445665
0.451800
0.314074
0.296484
0.426633
0.438641
0.430230
0.397874
0.475691
0.389871
0.424200
0.642432
0.513181
0.460870
0.350588
0.393760
0.430570
0.345284
0.402693
0.431919
0.423712
0.432530
0.522370
0.416879
0.354940
0.471591
0.373358
0.464415
0.347065
0.370540
0.481263
0.406073
0.494581
0.422361
0.365796
0.462758
0.425831
0.372834
0.442724
0.376202
0.596149
0.262163
0.304797
0.223372
0.342535
0.377864
0.401029
0.301912
0.160524
0.197405
0.208332
0.253709
0.286930
0.522126
0.351473
0.332871
0.431807
0.413166
0.313975
0.398349
0.290203
0.135148
0.536863
0.394159
0.739241
0.235930
0.415266
0.466622
0.353078
0.202979
0.251016
0.397280
0.319003
0.350560
0.308764
0.469210
0.927160
0.190334
0.391321
0.296852
0.376893
0.312177
0.522304
0.457733
0.481204
0.221832
0.372167
0.182284
0.207362
0.149313
0.679078
0.063707
0.405977
0.002393
0.443546
0.279496
0.405018
0.489372
4.024870
0.566268
0.197673
0.192005
0.317057
0.405109
0.411831
1.091416
0.601452
0.032417
0.378504
1.062293
0.093036
0.019424
0.285289
0.094485
0.122073
0.519044
0.532532
0.575939
1.807690
0.456419
0.336977
0.071445
0.057397
0.398252
0.343978
0.212502
0.287141
0.421219
0.302998
0.183981
0.083330
0.391636
0.028066
0.415522
0.501779
0.180869
0.504849
0.373641
0.371702
0.203725
0.072432
0.397680
0.498417
0.735643
0.661866
0.367667
0.192819
0.161718
0.187274
0.444992
0.011886
0.608342
0.231701
0.599692
0.488989
0.660408
0.257959
0.376153
0.133211
0.236847
0.145905
0.185236
0.094020
0.467160
0.526391
0.738977
0.077275
0.300988
0.276548
0.842545
0.115109
0.312024
0.371454
0.327291
0.171120
0.177021
0.338663
0.399212
0.219484
0.479760
0.149099
0.308861
0.298277
0.434220
0.443121
0.297995
0.901674
0.359692
0.412865
0.596270
0.290692
0.238070
0.536363
0.196061
0.287794
0.199441
0.355861
0.474765
0.333608
0.339930
0.414931
0.326279
0.548503
0.467548
0.987231
0.139722
0.849577
0.031508
0.592833
0.291545
0.107488
0.215021
0.451294
0.279767
0.306653
0.171496
0.521993
0.186021
0.439452
0.602566
0.332214
0.280033
0.462165
0.190249
0.274045
0.085847
0.344233
0.283362
0.091037
0.929826
0.931397
0.378589
0.034500
0.286761
0.151408
0.483971
0.315596
0.252903
0.196120
0.425294
0.480988
0.287486
0.364410
0.451269
0.475376
0.563666
0.537625
0.502562
0.436683
0.354355
0.187715
0.035809
0.992058
0.208118
0.503341
0.261619
0.191741
0.362761
0.248519
0.564703
0.333869
0.048774
1.067323
0.099717
0.054284
0.158537
0.441816
0.319208
0.730620
0.143715
0.301227
0.637263
0.741470
0.095929
0.299072
1.448355
0.322789
0.432756
0.790306
0.199352
0.025697
0.415359
0.264417
0.389041
0.879669
0.322113
1.033252
1.001339
1.506809
1.184717
0.212529
0.957102
0.419990
1.201083
1.434082
0.598093
0.517524
0.448758
0.768787
0.941648
1.000576
1.588030
0.825191
1.276760
0.417439
1.325010
0.899157
0.971322
0.524066
0.598741
1.248421
1.501213
1.137789
1.411609
0.800666
0.610491
0.857709
0.527530
0.730929
0.466158
0.412228
0.872826
0.695952
1.483485
0.802725
0.371429
0.476101
0.604266
0.425357
0.763317
0.501787
0.557070
0.542449
0.462628
0.501629
0.545401
0.578886
0.702174
0.624767
0.562239
0.574126
0.661491
0.429799
0.519443
0.491213
0.552695
0.378577
0.445192
0.451369
0.314274
0.296362
0.426377
0.438472
0.429597
0.397822
0.475810
0.389712
0.424393
0.642790
0.513293
0.460863
0.350606
0.393647
0.430420
0.345147
0.402704
0.431816
0.423678
0.432234
0.521920
0.416896
0.354864
0.471460
0.373087
0.464242
0.346875
0.370359
0.481148
0.405953
0.494495
0.422312
0.365785
0.462730
0.425821
0.372827
0.442795
0.376283
0.596256
0.262274
0.304963
0.223485
0.342692
0.377892
0.401089
0.301942
0.160603
0.197737
0.208641
0.253861
0.287071
0.522304
0.351878
0.333325
0.432242
0.413695
0.313914
0.398065
0.290256
0.135457
0.536855
0.393881
0.739008
0.235992
0.415662
0.466093
0.353039
0.202886
0.251300
0.397234
0.319139
0.351266
0.308500
0.468931
0.926781
0.190623
0.391757
0.297189
0.377082
0.312518
0.522120
0.457805
0.480837
0.221947
0.372219
0.181996
0.206671
0.150079
0.679771
0.063822
0.406905
0.002390
0.444469
0.279025
0.404995
0.490302
4.022130
0.566589
0.197553
0.191996
0.317342
0.405356
0.411809
1.091097
0.601668
0.032494
0.378571
1.062127
0.093201
0.019489
0.285326
0.094587
0.122246
0.519349
0.532352
0.575768
1.806834
0.456133
0.337102
0.071613
0.057543
0.398601
0.344319
0.212222
0.287391
0.421343
0.303065
0.183946
0.083560
0.392060
0.027946
0.415604
0.501860
0.181220
0.505435
0.373673
0.372049
0.204085
0.072458
0.397680
0.498427
0.734787
0.662108
0.367973
0.192687
0.161721
0.186951
0.444672
0.011954
0.608414
0.231508
0.599067
0.489693
0.660371
0.257867
0.376049
0.133271
0.236948
0.145853
0.185332
0.094026
0.467027
0.526650
0.738220
0.076980
0.300926
0.276444
0.842510
0.115291
0.312548
0.371663
0.327171
0.171357
0.177074
0.338724
0.399057
0.219657
0.479384
0.149275
0.309184
0.298001
0.434294
0.443430
0.297844
0.901814
0.359980
0.412741
0.596011
0.290888
0.238188
0.536290
0.195865
0.288433
0.199679
0.356221
0.474613
0.333580
0.339509
0.414729
0.326395
0.548042
0.467797
0.986822
0.139789
0.849450
0.031601
0.592757
0.291770
0.107738
0.215132
0.451294
0.279278
0.306695
0.171554
0.521707
0.185751
0.440142
0.602950
0.332094
0.280303
0.461838
0.190171
0.274857
0.085555
0.344191
0.283584
0.091026
0.929474
0.930864
0.378606
0.034484
0.286390
0.151813
0.483860
0.316173
0.253154
0.196094
0.425213
0.480694
0.288155
0.364895
0.450731
0.475131
0.563546
0.538522
0.502415
0.436715
0.354654
0.188153
0.036037
0.991793
0.208262
0.502688
0.262119
0.192041
0.362161
0.248378
0.564408
0.334040
0.048863
1.066938
0.099819
0.054447
0.158350
0.441775
0.318919
0.730272
0.143783
0.301222
0.636710
0.740963
0.096179
0.299105
1.447230
0.322666
0.432166
0.789299
0.199429
0.025691
0.415033
0.264259
0.388701
0.879028
0.321464
1.032175
1.000815
1.505397
1.183999
0.212404
0.956451
0.419726
1.200236
1.433008
0.597562
0.517252
0.448723
0.768858
0.941789
1.000793
1.588610
0.825670
1.277396
0.417104
1.325882
0.899869
0.972099
0.524832
0.598815
1.249638
1.501761
1.139441
1.413965
0.800126
0.610159
0.857110
0.527460
0.730455
0.465740
0.411938
0.870796
0.694578
1.481134
0.801848
0.371060
0.475922
0.604512
0.425202
0.762863
0.501166
0.556770
0.542210
0.462828
0.501365
0.545165
0.578398
0.701811
0.624064
0.562086
0.573935
0.661248
0.429669
0.519243
0.491237
0.552583
0.378502
0.444948
0.451150
0.314387
0.296304
0.426236
0.438368
0.429359
0.397809
0.475890
0.389633
0.424518
0.643027
0.513360
0.460849
0.350610
0.393572
0.430325
0.345049
0.402671
0.431723
0.423631
0.432071
0.521660
0.416907
0.354823
0.471387
0.372924
0.464139
0.346758
0.370246
0.481078
0.405872
0.494478
0.422275
0.365781
0.462744
0.425836
0.372832
0.442795
0.376297
0.596296
0.262316
0.305033
0.223534
0.342761
0.377902
0.401113
0.301949
0.160649
0.197905
0.208796
0.253936
0.287143
0.522395
0.352087
0.333561
0.432468
0.413973
0.313883
0.397918
0.290285
0.135623
0.536853
0.393731
0.738987
0.236026
0.415876
0.465814
0.353018
0.202836
0.251455
0.397210
0.319213
0.351653
0.308357
0.468780
0.926663
0.190781
0.391997
0.297375
0.377188
0.312705
0.522029
0.457850
0.480662
0.222012
0.372258
0.181854
0.206342
0.150160
0.680148
0.063886
0.407413
0.002389
0.444982
0.278765
0.404982
0.490828
4.020585
0.567024
0.197378
0.191985
0.317784
0.405740
0.411791
1.090687
0.602005
0.032604
0.378676
1.061947
0.093408
0.019576
0.285378
0.094725
0.122485
0.519762
0.532126
0.575560
1.805738
0.455711
0.337406
0.071837
0.057712
0.399003
0.344703
0.211923
0.287666
0.421483
0.303148
0.183916
0.083802
0.392508
0.027823
0.415701
0.501957
0.181580
0.506030
0.373715
0.372396
0.204438
0.072485
0.397690
0.498442
0.733998
0.662346
0.368260
0.192571
0.161727
0.186665
0.444414
0.012011
0.608488
0.231367
0.598651
0.489981
0.660357
0.257819
0.375995
0.133307
0.237010
0.145824
0.185394
0.094031
0.466954
0.526818
0.737778
0.076812
0.300906
0.276399
0.842497
0.115350
0.312719
0.371743
0.327123
0.171491
0.177111
0.338774
0.398975
0.219768
0.479218
0.149309
0.309390
0.297835
0.434358
0.443626
0.297750
0.901985
0.360168
0.412666
0.595861
0.291017
0.238272
0.536265
0.195769
0.288512
0.199837
0.356463
0.474513
0.333562
0.339225
0.414596
0.326474
0.547735
0.467968
0.986569
0.139834
0.849388
0.031663
0.592724
0.291921
0.107895
0.215209
0.451329
0.279053
0.306681
0.171539
0.521780
0.185823
0.439956
0.602846
0.332126
0.280232
0.461923
0.190192
0.274641
0.085630
0.344200
0.283526
0.091028
0.929528
0.930882
0.378627
0.034479
0.286259
0.151956
0.483824
0.316382
0.253247
0.196085
0.425186
0.480587
0.288407
0.365081
0.450529
0.475042
0.563505
0.538867
0.502363
0.436732
0.354773
0.188327
0.036129
0.991699
0.208322
0.502433
0.262323
0.192164
0.361926
0.248330
0.564316
0.334104
0.048897
1.066833
0.099847
0.054494
0.158295
0.441769
0.318835
0.730186
0.143800
0.301222
0.636552
0.740838
0.096218
0.299104
1.447005
0.322649
0.432115
0.789246
0.199428
0.025691
0.415042
0.264266
0.388722
0.879072
0.321531
1.032313
1.000741
1.505678
1.184179
0.212442
0.956677
0.419831
1.200630
1.433582
0.597893
0.517603
0.448388
0.769331
0.942571
1.001640
1.589892
0.826642
1.278643
0.416491
1.327492
0.901196
0.973559
0.526269
0.598919
1.251687
1.502505
1.141552
1.417071
0.799392
0.609698
0.856331
0.527366
0.729806
0.465155
0.411532
0.867911
0.692602
1.477751
0.800581
0.370537
0.475668
0.604865
0.424978
0.762207
0.500271
0.556328
0.541861
0.463113
0.500978
0.544821
0.577682
0.701273
0.623042
0.561860
0.573653
0.660880
0.429479
0.518950
0.491274
0.552398
0.378394
0.444601
0.450839
0.314551
0.296223
0.426034
0.438221
0.429021
0.397774
0.475999
0.389522
0.424693
0.643357
0.513434
0.460821
0.350613
0.393464
0.430192
0.344912
0.402626
0.431596
0.423564
0.431852
0.521315
0.416921
0.354769
0.471294
0.372720
0.464015
0.346616
0.370113
0.481002
0.405791
0.494433
0.422251
0.365782
0.462739
0.425840
0.372841
0.442836
0.376384
0.596400
0.262431
0.305200
0.223641
0.342907
0.377920
0.401158
0.301961
0.160734
0.198220
0.209079
0.254073
0.287271
0.522554
0.352455
0.333972
0.432861
0.414450
0.313828
0.397662
0.290335
0.135903
0.536846
0.393481
0.738839
0.236082
0.416233
0.465339
0.352983
0.202753
0.251711
0.397170
0.319336
0.352292
0.308119
0.468526
0.926355
0.191044
0.392393
0.297681
0.377359
0.313013
0.521867
0.457917
0.480343
0.222118
0.372310
0.181603
0.205746
0.150655
0.680776
0.063991
0.408249
0.002387
0.445815
0.278339
0.404957
0.491674
4.017884
0.567768
0.197087
0.191966
0.318507
0.406362
0.411749
1.089965
0.602547
0.032785
0.378840
1.061604
0.093766
0.019723
0.285460
0.094952
0.122872
0.520423
0.531759
0.575225
1.804050
0.455190
0.337822
0.072144
0.057945
0.399558
0.345227
0.211508
0.288042
0.421672
0.303254
0.183870
0.084133
0.393114
0.027656
0.415823
0.502078
0.182061
0.506823
0.373763
0.372852
0.204902
0.072521
0.397696
0.498459
0.732963
0.662649
0.368632
0.192418
0.161733
0.186288
0.444056
0.012090
0.608579
0.231160
0.598005
0.490600
0.660326
0.257733
0.375897
0.133368
0.237112
0.145774
0.185493
0.094039
0.466826
0.527085
0.737031
0.076523
0.300854
0.276304
0.842468
0.115505
0.313163
0.371926
0.327016
0.171727
0.177167
0.338844
0.398825
0.219947
0.478877
0.149441
0.309723
0.297559
0.434444
0.443942
0.297598
0.902184
0.360465
0.412543
0.595606
0.291219
0.238397
0.536205
0.195590
0.288955
0.200080
0.356830
0.474359
0.333533
0.338800
0.414393
0.326592
0.547269
0.468223
0.986168
0.139903
0.849274
0.031759
0.592656
0.292153
0.108145
0.215324
0.451351
0.278618
0.306698
0.171566
0.521653
0.185701
0.440266
0.603022
0.332074
0.280353
0.461780
0.190158
0.275005
0.085500
0.344185
0.283626
0.091025
0.929412
0.930769
0.378611
0.034482
0.286326
0.151880
0.483845
0.316270
0.253199
0.196090
0.425201
0.480642
0.288279
0.364991
0.450625
0.475086
0.563526
0.538704
0.502388
0.436726
0.354722
0.188256
0.036094
0.991737
0.208301
0.502522
0.262252
0.192124
0.362002
0.248348
0.564352
0.334082
0.048885
1.066880
0.099835
0.054473
0.158318
0.441774
0.318872
0.730231
0.143791
0.301223
0.636634
0.740917
0.096179
0.299099
1.447200
0.322672
0.432229
0.789456
0.199410
0.025692
0.415126
0.264309
0.388822
0.879277
0.321748
1.032704
1.000826
1.506297
1.184538
0.212509
0.957061
0.419998
1.201248
1.434429
0.598355
0.518073
0.447953
0.769940
0.943558
1.002685
1.591465
0.827810
1.280195
0.415614
1.329674
0.902984
0.975469
0.528092
0.599050
1.254139
1.503375
1.143937
1.420510
0.798608
0.609222
0.855506
0.527242
0.729256
0.464559
0.411124
0.864940
0.690581
1.474255
0.799276
0.369993
0.475406
0.605247
0.424744
0.761499
0.499307
0.555852
0.541477
0.463435
0.500547
0.544442
0.576872
0.700654
0.621851
0.561592
0.573315
0.660438
0.429248
0.518588
0.491309
0.552165
0.378251
0.444147
0.450421
0.314765
0.296106
0.425749
0.438009
0.428539
0.397730
0.476147
0.389353
0.424941
0.643813
0.513547
0.460781
0.350609
0.393286
0.429975
0.344683
0.402542
0.431380
0.423446
0.431471
0.520706
0.416938
0.354661
0.471103
0.372301
0.463738
0.346288
0.369777
0.480770
0.405508
0.494311
0.422071
0.365737
0.462759
0.425906
0.372844
0.442639
0.376206
0.596270
0.262334
0.305110
0.223610
0.342888
0.377921
0.401162
0.301963
0.160752
0.198301
0.209168
0.254123
0.287322
0.522621
0.352623
0.334171
0.433063
0.414709
0.313798
0.397513
0.290364
0.136073
0.536843
0.393324
0.738738
0.236119
0.416467
0.465027
0.352961
0.202698
0.251884
0.397142
0.319419
0.352728
0.307956
0.468352
0.926147
0.191226
0.392669
0.297897
0.377481
0.313233
0.521752
0.457965
0.480113
0.222194
0.372348
0.181421
0.205314
0.151015
0.681233
0.064069
0.408863
0.002387
0.446436
0.278018
0.404939
0.492317
4.015829
0.568333
0.196867
0.191952
0.319057
0.406836
0.411719
1.089422
0.602963
0.032926
0.378969
1.061354
0.094043
0.019836
0.285528
0.095127
0.123170
0.520938
0.531480
0.574970
1.802746
0.454844
0.338047
0.072311
0.058072
0.399857
0.345514
0.211277
0.288251
0.421778
0.303315
0.183844
0.084326
0.393472
0.027556
0.415898
0.502153
0.182362
0.507327
0.373796
0.373155
0.205218
0.072546
0.397702
0.498471
0.732214
0.662869
0.368905
0.192305
0.161738
0.186007
0.443789
0.012149
0.608647
0.231006
0.597523
0.491060
0.660303
0.257669
0.375824
0.133413
0.237189
0.145737
0.185567
0.094045
0.466731
0.527283
0.736472
0.076309
0.300816
0.276235
0.842446
0.115617
0.313483
0.372059
0.326938
0.171899
0.177209
0.338896
0.398716
0.220078
0.478625
0.149539
0.309969
0.297353
0.434507
0.444178
0.297484
0.902326
0.360689
0.412449
0.595413
0.291373
0.238494
0.536158
0.195451
0.289297
0.200270
0.357120
0.474237
0.333511
0.338458
0.414230
0.326687
0.546894
0.468427
0.985844
0.139958
0.849183
0.031835
0.592603
0.292335
0.108341
0.215415
0.451368
0.278273
0.306712
0.171587
0.521551
0.185606
0.440508
0.603157
0.332032
0.280450
0.461663
0.190131
0.275294
0.085395
0.344170
0.283706
0.091021
0.929283
0.930574
0.378617
0.034477
0.286193
0.152025
0.483805
0.316476
0.253289
0.196081
0.425172
0.480536
0.288521
0.365169
0.450426
0.474996
0.563482
0.539035
0.502333
0.436739
0.354837
0.188425
0.036183
0.991633
0.208359
0.502260
0.262454
0.192247
0.361756
0.248292
0.564237
0.334150
0.048921
1.066733
0.099874
0.054535
0.158247
0.441760
0.318762
0.730102
0.143816
0.301221
0.636427
0.740734
0.096262
0.299109
1.446821
0.322635
0.432053
0.789171
0.199430
0.025691
0.415049
0.264274
0.388750
0.879148
0.321634
1.032538
1.000677
1.506160
1.184498
0.212507
0.957074
0.420014
1.201339
1.434596
0.598471
0.518212
0.447810
0.770155
0.943933
1.003109
1.592143
0.828345
1.280921
0.415215
1.330720
0.903862
0.976438
0.529046
0.599123
1.255501
1.503870
1.145381
1.422577
0.798151
0.608935
0.855026
0.527228
0.728746
0.464205
0.410881
0.863122
0.689351
1.472113
0.798475
0.369666
0.475252
0.605490
0.424605
0.761067
0.498718
0.555563
0.541243
0.463635
0.500286
0.544211
0.576378
0.700274
0.621131
0.561428
0.573108
0.660164
0.429107
0.518368
0.491326
0.552023
0.378165
0.443878
0.450174
0.314887
0.296037
0.425580
0.437885
0.428259
0.397692
0.476225
0.389254
0.425075
0.644056
0.513602
0.460755
0.350604
0.393185
0.429851
0.344554
0.402494
0.431257
0.423378
0.431261
0.520371
0.416945
0.354602
0.471000
0.372084
0.463595
0.346126
0.369614
0.480661
0.405384
0.494238
0.422001
0.365719
0.462748
0.425916
0.372840
0.442608
0.376192
0.596270
0.262356
0.305160
0.223650
0.342949
0.377928
0.401183
0.301969
0.160798
0.198477
0.209331
0.254204
0.287400
0.522719
0.352855
0.334436
0.433320
0.415027
0.313761
0.397336
0.290398
0.136268
0.536836
0.393146
0.738597
0.236159
0.416722
0.464679
0.352934
0.202637
0.252071
0.397109
0.319508
0.353204
0.307778
0.468158
0.925895
0.191422
0.392965
0.298124
0.377606
0.313462
0.521627
0.458014
0.479868
0.222274
0.372385
0.181230
0.204858
0.151406
0.681714
0.064150
0.409496
0.002387
0.447072
0.277692
0.404920
0.492969
4.013690
0.568906
0.196644
0.191938
0.319615
0.407317
0.411686
1.088851
0.603384
0.033068
0.379097
1.061080
0.094325
0.019952
0.285593
0.095307
0.123479
0.521464
0.531182
0.574691
1.801339
0.454366
0.338445
0.072607
0.058298
0.400395
0.346025
0.210873
0.288619
0.421962
0.303419
0.183800
0.084652
0.394068
0.027393
0.416019
0.502272
0.182839
0.508113
0.373844
0.373609
0.205682
0.072582
0.397707
0.498487
0.731168
0.663171
0.369283
0.192148
0.161744
0.185617
0.443408
0.012238
0.608756
0.230776
0.596789
0.491783
0.660269
0.257569
0.375711
0.133485
0.237309
0.145679
0.185684
0.094055
0.466583
0.527597
0.735596
0.075970
0.300756
0.276125
0.842412
0.115801
0.314008
0.372277
0.326813
0.172178
0.177277
0.338979
0.398541
0.220290
0.478224
0.149697
0.310363
0.297028
0.434609
0.444551
0.297305
0.902553
0.361040
0.412304
0.595114
0.291612
0.238642
0.536088
0.195241
0.289820
0.200557
0.357552
0.474057
0.333479
0.337960
0.413992
0.326827
0.546346
0.468729
0.985366
0.140040
0.849046
0.031948
0.592523
0.292609
0.108637
0.215551
0.451394
0.277761
0.306733
0.171619
0.521397
0.185464
0.440874
0.603361
0.331969
0.280594
0.461490
0.190090
0.275726
0.085240
0.344148
0.283825
0.091016
0.929093
0.930288
0.378626
0.034469
0.285995
0.152241
0.483746
0.316785
0.253423
0.196067
0.425129
0.480379
0.288878
0.365429
0.450137
0.474863
0.563417
0.539516
0.502254
0.436757
0.354999
0.188664
0.036309
0.991486
0.208439
0.501898
0.262732
0.192415
0.361419
0.248214
0.564071
0.334245
0.048973
1.066516
0.099930
0.054624
0.158147
0.441734
0.318603
0.729910
0.143852
0.301216
0.636116
0.740449
0.096407
0.299130
1.446184
0.322567
0.431716
0.788599
0.199473
0.025688
0.414870
0.264189
0.388567
0.878805
0.321294
1.031982
1.000340
1.505461
1.184150
0.212450
0.956779
0.419900
1.200967
1.434147
0.598260
0.518025
0.447958
0.769966
0.943666
1.002869
1.591848
0.828174
1.280756
0.415275
1.330607
0.903814
0.976430
0.529077
0.599128
1.255625
1.503927
1.145577
1.422894
0.798070
0.608884
0.854927
0.527220
0.728660
0.464128
0.410828
0.862710
0.689074
1.471629
0.798298
0.369593
0.475219
0.605543
0.424575
0.760972
0.498592
0.555502
0.541195
0.463676
0.500232
0.544164
0.576279
0.700201
0.620991
0.561399
0.573073
0.660119
0.429084
0.518333
0.491333
0.552003
0.378153
0.443839
0.450141
0.314904
0.296030
0.425562
0.437872
0.428232
0.397688
0.476232
0.389247
0.425085
0.644072
0.513606
0.460757
0.350604
0.393181
0.429847
0.344549
0.402493
0.431255
0.423378
0.431260
0.520374
0.416945
0.354605
0.471007
0.372104
0.463613
0.346153
0.369650
0.480694
0.405432
0.494255
0.422049
0.365734
0.462737
0.425891
0.372841
0.442715
0.376312
0.596384
0.262468
0.305304
0.223733
0.343054
0.377940
0.401212
0.301976
0.160850
0.198664
0.209496
0.254281
0.287471
0.522805
0.353053
0.334654
0.433526
0.415274
0.313733
0.397207
0.290423
0.136409
0.536833
0.393023
0.738540
0.236187
0.416897
0.464446
0.352916
0.202595
0.252203
0.397090
0.319568
0.353511
0.307665
0.468040
0.925760
0.191548
0.393153
0.298272
0.377690
0.313612
0.521551
0.458048
0.479718
0.222326
0.372412
0.181112
0.204577
0.151631
0.682029
0.064201
0.409896
0.002387
0.447471
0.277490
0.404909
0.493374
4.012428
0.569263
0.196507
0.191930
0.319961
0.407615
0.411669
1.088520
0.603644
0.033155
0.379177
1.060930
0.094494
0.020021
0.285636
0.095413
0.123658
0.521775
0.531016
0.574542
1.800564
0.454135
0.338584
0.072709
0.058374
0.400573
0.346194
0.210740
0.288740
0.422024
0.303455
0.183786
0.084761
0.394269
0.027338
0.416062
0.502315
0.183002
0.508384
0.373863
0.373769
0.205846
0.072596
0.397712
0.498496
0.730800
0.663285
0.369417
0.192096
0.161749
0.185489
0.443296
0.012259
0.608773
0.230723
0.596635
0.491914
0.660261
0.257551
0.375691
0.133498
0.237331
0.145669
0.185705
0.094057
0.466556
0.527652
0.735440
0.075912
0.300746
0.276107
0.842404
0.115831
0.314093
0.372313
0.326793
0.172224
0.177288
0.338993
0.398511
0.220326
0.478155
0.149723
0.310430
0.296972
0.434626
0.444616
0.297273
0.902586
0.361103
0.412278
0.595058
0.291655
0.238669
0.536074
0.195201
0.289917
0.200611
0.357636
0.474021
0.333472
0.337858
0.413942
0.326855
0.546231
0.468788
0.985256
0.140057
0.849008
0.031974
0.592501
0.292674
0.108697
0.215577
0.451396
0.277659
0.306736
0.171625
0.521364
0.185436
0.440944
0.603399
0.331956
0.280622
0.461454
0.190081
0.275811
0.085209
0.344142
0.283849
0.091014
0.929044
0.930214
0.378624
0.034466
0.285939
0.152321
0.483733
0.316898
0.253463
0.196062
0.425117
0.480344
0.288949
0.365480
0.450076
0.474834
0.563403
0.539613
0.502237
0.436760
0.355033
0.188715
0.036336
0.991454
0.208457
0.501818
0.262794
0.192452
0.361345
0.248198
0.564037
0.334264
0.048983
1.066480
0.099939
0.054641
0.158125
0.441728
0.318571
0.729874
0.143861
0.301217
0.636053
0.740393
0.096430
0.299135
1.446073
0.322557
0.431669
0.788526
0.199478
0.025688
0.414854
0.264182
0.388554
0.878782
0.321280
1.031970
1.000270
1.505484
1.184175
0.212457
0.956828
0.419926
1.201061
1.434294
0.598353
0.518126
0.447859
0.770104
0.943896
1.003121
1.592217
0.828443
1.281066
0.415120
1.331017
0.904160
0.976814
0.529458
0.599153
1.256146
1.504120
1.146087
1.423615
0.797906
0.608797
0.854756
0.527207
0.728521
0.464003
0.410744
0.862062
0.688632
1.470856
0.798011
0.369478
0.475165
0.605637
0.424528
0.760818
0.498378
0.555402
0.541112
0.463755
0.500140
0.544081
0.576101
0.700067
0.620727
0.561345
0.573003
0.660028
0.429036
0.518258
0.491345
0.551957
0.378125
0.443743
0.450054
0.314953
0.296008
0.425506
0.437831
0.428132
0.397680
0.476267
0.389216
0.425140
0.644177
0.513634
0.460750
0.350605
0.393146
0.429805
0.344508
0.402481
0.431216
0.423358
0.431188
0.520262
0.416950
0.354590
0.470977
0.372035
0.463571
0.346104
0.369603
0.480666
0.405401
0.494240
0.422037
0.365734
0.462737
0.425895
0.372844
0.442727
0.376331
0.596413
0.262499
0.305351
0.223765
0.343099
0.377948
0.401227
0.301981
0.160878
0.198766
0.209589
0.254328
0.287515
0.522861
0.353179
0.334796
0.433663
0.415442
0.313716
0.397120
0.290442
0.136509
0.536834
0.392935
0.738493
0.236210
0.417028
0.464282
0.352908
0.202570
0.252291
0.397081
0.319615
0.353740
0.307582
0.467953
0.925659
0.191646
0.393301
0.298387
0.377757
0.313728
0.521495
0.458075
0.479603
0.222367
0.372435
0.181021
0.204357
0.151816
0.682247
0.064242
0.410216
0.002387
0.447792
0.277326
0.404900
0.493703
4.011384
0.569552
0.196395
0.191923
0.320243
0.407858
0.411654
1.088240
0.603857
0.033227
0.379243
1.060798
0.094636
0.020080
0.285669
0.095503
0.123811
0.522037
0.530871
0.574407
1.799878
0.453913
0.338753
0.072834
0.058469
0.400798
0.346408
0.210571
0.288894
0.422102
0.303499
0.183767
0.084899
0.394520
0.027269
0.416113
0.502366
0.183204
0.508718
0.373884
0.373964
0.206045
0.072612
0.397715
0.498503
0.730349
0.663417
0.369581
0.192029
0.161752
0.185323
0.443137
0.012294
0.608812
0.230631
0.596344
0.492189
0.660242
0.257509
0.375643
0.133527
0.237378
0.145644
0.185756
0.094060
0.466496
0.527770
0.735094
0.075777
0.300717
0.276061
0.842400
0.115913
0.314310
0.372393
0.326746
0.172327
0.177313
0.339024
0.398447
0.220405
0.478007
0.149782
0.310576
0.296852
0.434664
0.444755
0.297207
0.902676
0.361234
0.412224
0.594948
0.291745
0.238725
0.536048
0.195122
0.290114
0.200720
0.357800
0.473954
0.333460
0.337669
0.413853
0.326908
0.546028
0.468903
0.985091
0.140088
0.848969
0.032014
0.592478
0.292766
0.108806
0.215629
0.451409
0.277467
0.306745
0.171638
0.521310
0.185383
0.441083
0.603479
0.331934
0.280677
0.461391
0.190067
0.275974
0.085151
0.344136
0.283894
0.091013
0.928984
0.930123
0.378632
0.034465
0.285881
0.152366
0.483713
0.316963
0.253501
0.196059
0.425105
0.480289
0.289086
0.365581
0.449968
0.474787
0.563381
0.539800
0.502209
0.436769
0.355097
0.188809
0.036386
0.991402
0.208489
0.501680
0.262903
0.192519
0.361218
0.248170
0.563984
0.334303
0.049002
1.066410
0.099960
0.054673
0.158090
0.441727
0.318519
0.729816
0.143873
0.301218
0.635964
0.740321
0.096455
0.299132
1.445945
0.322547
0.431636
0.788477
0.199481
0.025687
0.414845
0.264178
0.388548
0.878776
0.321278
1.031976
1.000233
1.505526
1.184210
0.212465
0.956877
0.419949
1.201159
1.434438
0.598433
0.518213
0.447777
0.770227
0.944103
1.003346
1.592581
0.828731
1.281496
0.414881
1.331624
0.904653
0.977339
0.529956
0.599195
1.256839
1.504365
1.146786
1.424641
0.797679
0.608660
0.854524
0.527185
0.728335
0.463841
0.410634
0.861223
0.688061
1.469859
0.797641
0.369325
0.475094
0.605757
0.424464
0.760614
0.498096
0.555263
0.540999
0.463858
0.500012
0.543968
0.575851
0.699874
0.620356
0.561261
0.572897
0.659883
0.428963
0.518140
0.491358
0.551879
0.378078
0.443591
0.449910
0.315030
0.295969
0.425407
0.437757
0.427959
0.397662
0.476322
0.389153
0.425234
0.644348
0.513675
0.460737
0.350604
0.393077
0.429722
0.344420
0.402449
0.431130
0.423312
0.431037
0.520017
0.416958
0.354545
0.470896
0.371859
0.463452
0.345961
0.369452
0.480559
0.405267
0.494175
0.421945
0.365710
0.462744
0.425931
0.372845
0.442603
0.376211
0.596314
0.262416
0.305260
0.223721
0.343052
0.377943
0.401219
0.301979
0.160866
0.198733
0.209568
0.254321
0.287511
0.522859
0.353181
0.334805
0.433679
0.415469
0.313712
0.397099
0.290446
0.136537
0.536834
0.392908
0.738439
0.236217
0.417073
0.464220
0.352904
0.202560
0.252326
0.397076
0.319632
0.353830
0.307548
0.467916
0.925599
0.191685
0.393360
0.298434
0.377784
0.313777
0.521469
0.458087
0.479549
0.222385
0.372444
0.180979
0.204257
0.151899
0.682354
0.064261
0.410362
0.002387
0.447943
0.277247
0.404895
0.493865
4.010805
0.569694
0.196340
0.191920
0.320381
0.407979
0.411643
1.088073
0.603964
0.033265
0.379274
1.060700
0.094716
0.020115
0.285686
0.095556
0.123901
0.522186
0.530776
0.574314
1.799423
0.453738
0.338967
0.072939
0.058529
0.400929
0.346523
0.210478
0.288977
0.422143
0.303522
0.183757
0.084973
0.394658
0.027231
0.416142
0.502395
0.183319
0.508910
0.373896
0.374078
0.206164
0.072622
0.397718
0.498509
0.730073
0.663500
0.369682
0.191988
0.161755
0.185220
0.443041
0.012317
0.608840
0.230576
0.596174
0.492356
0.660239
0.257490
0.375622
0.133543
0.237405
0.145635
0.185777
0.094064
0.466465
0.527844
0.734905
0.075706
0.300710
0.276041
0.842384
0.115941
0.314407
0.372444
0.326718
0.172392
0.177329
0.339044
0.398405
0.220455
0.477912
0.149819
0.310669
0.296774
0.434687
0.444845
0.297164
0.902722
0.361319
0.412188
0.594872
0.291804
0.238761
0.536029
0.195069
0.290245
0.200793
0.357911
0.473905
0.333450
0.337536
0.413787
0.326945
0.545873
0.468993
0.984951
0.140110
0.848929
0.032045
0.592453
0.292839
0.108883
0.215663
0.451413
0.277335
0.306750
0.171646
0.521269
0.185346
0.441175
0.603529
0.331917
0.280713
0.461346
0.190057
0.276083
0.085112
0.344130
0.283925
0.091012
0.928932
0.930044
0.378633
0.034463
0.285828
0.152422
0.483695
0.317043
0.253536
0.196054
0.425091
0.480243
0.289183
0.365651
0.449888
0.474748
0.563360
0.539930
0.502184
0.436773
0.355140
0.188874
0.036420
0.991357
0.208511
0.501576
0.262982
0.192566
0.361121
0.248147
0.563934
0.334328
0.049016
1.066347
0.099976
0.054698
0.158061
0.441718
0.318473
0.729758
0.143882
0.301215
0.635869
0.740234
0.096499
0.299140
1.445752
0.322528
0.431531
0.788294
0.199495
0.025687
0.414786
0.264151
0.388490
0.878662
0.321171
1.031798
1.000079
1.505295
1.184079
0.212441
0.956742
0.419889
1.200963
1.434196
0.598317
0.518110
0.447860
0.770121
0.943949
1.003207
1.592404
0.828626
1.281384
0.414924
1.331531
0.904601
0.977304
0.529942
0.599195
1.256852
1.504372
1.146820
1.424704
0.797657
0.608649
0.854503
0.527177
0.728305
0.463813
0.410615
0.861080
0.687963
1.469687
0.797577
0.369299
0.475082
0.605776
0.424452
0.760580
0.498049
0.555239
0.540981
0.463873
0.499992
0.543950
0.575814
0.699845
0.620303
0.561250
0.572882
0.659864
0.428954
0.518126
0.491359
0.551869
0.378073
0.443576
0.449897
0.315034
0.295965
0.425397
0.437750
0.427948
0.397654
0.476317
0.389147
0.425224
0.644321
0.513670
0.460741
0.350600
0.393073
0.429716
0.344414
0.402445
0.431127
0.423309
0.431035
0.520017
0.416956
0.354545
0.470898
0.371867
0.463458
0.345972
0.369467
0.480571
0.405286
0.494175
0.421962
0.365714
0.462731
0.425912
0.372838
0.442655
0.376266
0.596357
0.262465
0.305323
0.223756
0.343097
0.377948
0.401229
0.301981
0.160889
0.198816
0.209641
0.254355
0.287542
0.522895
0.353270
0.334903
0.433771
0.415580
0.313699
0.397037
0.290457
0.136601
0.536829
0.392848
0.738393
0.236228
0.417153
0.464095
0.352888
0.202532
0.252416
0.397059
0.319657
0.353977
0.307492
0.467853
0.925518
0.191744
0.393448
0.298502
0.377820
0.313846
0.521425
0.458098
0.479464
0.222408
0.372453
0.180909
0.204067
0.152128
0.682645
0.064311
0.410747
0.002388
0.448322
0.277058
0.404886
0.494243
4.009662
0.570029
0.196212
0.191913
0.320707
0.408258
0.411629
1.087781
0.604205
0.033346
0.379350
1.060583
0.094867
0.020175
0.285725
0.095650
0.124060
0.522462
0.530638
0.574192
1.798775
0.453554
0.339027
0.073037
0.058624
0.401164
0.346754
0.210299
0.289144
0.422227
0.303571
0.183738
0.085119
0.394924
0.027160
0.416196
0.502449
0.183527
0.509249
0.373918
0.374271
0.206359
0.072637
0.397722
0.498516
0.729650
0.663625
0.369835
0.191927
0.161758
0.185068
0.442897
0.012349
0.608877
0.230494
0.595913
0.492609
0.660227
0.257456
0.375583
0.133568
0.237448
0.145615
0.185818
0.094067
0.466414
0.527953
0.734599
0.075589
0.300689
0.276002
0.842369
0.116006
0.314593
0.372520
0.326673
0.172491
0.177353
0.339071
0.398340
0.220530
0.477762
0.149879
0.310816
0.296656
0.434721
0.444981
0.297101
0.902798
0.361441
0.412137
0.594769
0.291886
0.238812
0.536005
0.194998
0.290423
0.200890
0.358057
0.473845
0.333440
0.337370
0.413708
0.326991
0.545690
0.469088
0.984785
0.140139
0.848877
0.032087
0.592423
0.292935
0.108983
0.215710
0.451422
0.277161
0.306757
0.171657
0.521217
0.185298
0.441300
0.603598
0.331896
0.280763
0.461287
0.190043
0.276230
0.085059
0.344121
0.283965
0.091010
0.928863
0.929941
0.378634
0.034461
0.285751
0.152519
0.483676
0.317160
0.253581
0.196050
0.425079
0.480195
0.289298
0.365736
0.449796
0.474707
0.563343
0.540087
0.502162
0.436781
0.355194
0.188952
0.036462
0.991316
0.208538
0.501464
0.263070
0.192620
0.361018
0.248125
0.563889
0.334359
0.049032
1.066289
0.099992
0.054724
0.158032
0.441715
0.318429
0.729710
0.143894
0.301217
0.635790
0.740166
0.096527
0.299141
1.445613
0.322514
0.431477
0.788214
0.199500
0.025686
0.414766
0.264141
0.388470
0.878628
0.321138
1.031751
1.000035
1.505256
1.184078
0.212445
0.956774
0.419910
1.201018
1.434249
0.598327
0.518119
0.447848
0.770141
0.943988
1.003254
1.592482
0.828690
1.281477
0.414872
1.331668
0.904718
0.977435
0.530072
0.599206
1.257042
1.504446
1.147020
1.425009
0.797598
0.608601
0.854432
0.527176
0.728252
0.463766
0.410583
0.860832
0.687793
1.469397
0.797469
0.369256
0.475061
0.605811
0.424433
0.760520
0.497968
0.555199
0.540947
0.463903
0.499956
0.543917
0.575743
0.699790
0.620197
0.561225
0.572852
0.659820
0.428932
0.518091
0.491356
0.551846
0.378058
0.443537
0.449858
0.315050
0.295954
0.425370
0.437731
0.427905
0.397648
0.476329
0.389134
0.425251
0.644373
0.513669
0.460727
0.350593
0.393055
0.429699
0.344392
0.402432
0.431103
0.423294
0.431000
0.519963
0.416950
0.354532
0.470877
0.371830
0.463431
0.345943
0.369438
0.480548
0.405263
0.494160
0.421947
0.365708
0.462725
0.425908
0.372837
0.442649
0.376260
0.596350
0.262465
0.305326
0.223759
0.343103
0.377948
0.401231
0.301982
0.160895
0.198840
0.209663
0.254367
0.287553
0.522909
0.353304
0.334942
0.433810
0.415629
0.313693
0.397009
0.290462
0.136631
0.536828
0.392821
0.738370
0.236235
0.417193
0.464047
0.352887
0.202526
0.252422
0.397056
0.319672
0.354057
0.307460
0.467814
0.925468
0.191780
0.393507
0.298540
0.377839
0.313883
0.521405
0.458106
0.479428
0.222421
0.372458
0.180887
0.204035
0.152091
0.682619
0.064299
0.410653
0.002388
0.448235
0.277098
0.404887
0.494163
4.009844
0.569956
0.196237
0.191912
0.320641
0.408202
0.411626
1.087811
0.604166
0.033332
0.379335
1.060591
0.094842
0.020165
0.285716
0.095633
0.124034
0.522416
0.530655
0.574204
1.798851
0.453565
0.339073
0.073061
0.058622
0.401128
0.346715
0.210328
0.289116
0.422214
0.303563
0.183741
0.085098
0.394886
0.027170
0.416189
0.502442
0.183503
0.509213
0.373916
0.374255
0.206345
0.072636
0.397721
0.498516
0.729663
0.663620
0.369831
0.191928
0.161758
0.185070
0.442897
0.012349
0.608874
0.230493
0.595906
0.492609
0.660218
0.257449
0.375568
0.133574
0.237462
0.145608
0.185824
0.094066
0.466403
0.527952
0.734576
0.075567
0.300684
0.275982
0.842376
0.116050
0.314718
0.372574
0.326645
0.172558
0.177370
0.339094
0.398303
0.220580
0.477677
0.149913
0.310902
0.296583
0.434749
0.445067
0.297059
0.902863
0.361526
0.412104
0.594700
0.291944
0.238850
0.535990
0.194947
0.290551
0.200961
0.358163
0.473803
0.333434
0.337251
0.413654
0.327026
0.545568
0.469158
0.984691
0.140157
0.848855
0.032110
0.592412
0.292996
0.109054
0.215744
0.451431
0.277037
0.306764
0.171665
0.521182
0.185263
0.441391
0.603651
0.331882
0.280799
0.461247
0.190034
0.276337
0.085022
0.344118
0.283995
0.091009
0.928826
0.929885
0.378640
0.034460
0.285715
0.152549
0.483664
0.317224
0.253615
0.196047
0.425070
0.480157
0.289387
0.365801
0.449725
0.474676
0.563328
0.540207
0.502143
0.436786
0.355235
0.189012
0.036493
0.991281
0.208558
0.501375
0.263140
0.192663
0.360935
0.248106
0.563851
0.334383
0.049045
1.066240
0.100006
0.054746
0.158008
0.441711
0.318392
0.729666
0.143903
0.301217
0.635718
0.740102
0.096557
0.299144
1.445478
0.322500
0.431411
0.788102
0.199509
0.025686
0.414732
0.264125
0.388436
0.878566
0.321075
1.031651
0.999970
1.505140
1.184026
0.212436
0.956738
0.419899
1.200999
1.434270
0.598368
0.518166
0.447804
0.770201
0.944087
1.003359
1.592641
0.828808
1.281629
0.414793
1.331869
0.904882
0.977610
0.530239
0.599218
1.257263
1.504525
1.147223
1.425308
0.797537
0.608560
0.854365
0.527167
0.728194
0.463715
0.410542
0.860583
0.687621
1.469097
0.797353
0.369205
0.475035
0.605834
0.424398
0.760453
0.497880
0.555141
0.540903
0.463905
0.499922
0.543875
0.575661
0.699723
0.620079
0.561185
0.572801
0.659754
0.428900
0.518034
0.491318
0.551848
0.378044
0.443488
0.449817
0.315079
0.295945
0.425344
0.437711
0.427852
0.397646
0.476355
0.389117
0.425289
0.644449
0.513698
0.460729
0.350604
0.393039
0.429675
0.344371
0.402432
0.431084
0.423287
0.430957
0.519889
0.416962
0.354523
0.470859
0.371778
0.463399
0.345901
0.369395
0.480522
0.405226
0.494152
0.421925
0.365705
0.462741
0.425932
0.372844
0.442606
0.376223
0.596331
0.262443
0.305303
0.223750
0.343094
0.377949
0.401231
0.301982
0.160894
0.198838
0.209664
0.254368
0.287555
0.522913
0.353314
0.334956
0.433825
0.415649
0.313690
0.396996
0.290464
0.136647
0.536825
0.392802
0.738372
0.236238
0.417223
0.464016
0.352884
0.202521
0.252433
0.397058
0.319681
0.354096
0.307448
0.467806
0.925465
0.191793
0.393524
0.298561
0.377854
0.313906
0.521396
0.458112
0.479407
0.222429
0.372462
0.180864
0.203963
0.152209
0.682751
0.064329
0.410890
0.002388
0.448470
0.276982
0.404882
0.494398
4.009171
0.570164
0.196159
0.191910
0.320839
0.408373
0.411622
1.087648
0.604307
0.033380
0.379382
1.060519
0.094935
0.020203
0.285742
0.095694
0.124135
0.522593
0.530565
0.574125
1.798432
0.453444
0.339111
0.073099
0.058671
0.401275
0.346860
0.210215
0.289221
0.422267
0.303593
0.183729
0.085189
0.395052
0.027125
0.416224
0.502476
0.183633
0.509426
0.373930
0.374376
0.206467
0.072646
0.397724
0.498521
0.729401
0.663699
0.369927
0.191890
0.161760
0.184976
0.442809
0.012369
0.608901
0.230443
0.595754
0.492762
0.660220
0.257435
0.375559
0.133584
0.237474
0.145603
0.185843
0.094070
0.466383
0.528020
0.734417
0.075518
0.300677
0.275980
0.842367
0.116044
0.314700
0.372566
0.326649
0.172548
0.177368
0.339091
0.398309
0.220573
0.477689
0.149907
0.310889
0.296593
0.434746
0.445054
0.297064
0.902855
0.361516
0.412108
0.594708
0.291938
0.238846
0.535992
0.194953
0.290537
0.200954
0.358154
0.473807
0.333434
0.337260
0.413659
0.327024
0.545578
0.469151
0.984700
0.140155
0.848858
0.032107
0.592414
0.292990
0.109047
0.215741
0.451430
0.277048
0.306763
0.171664
0.521186
0.185267
0.441382
0.603646
0.331883
0.280795
0.461250
0.190035
0.276327
0.085025
0.344119
0.283992
0.091010
0.928829
0.929889
0.378640
0.034460
0.285719
0.152544
0.483665
0.317217
0.253612
0.196048
0.425070
0.480160
0.289380
0.365797
0.449729
0.474678
0.563329
0.540199
0.502144
0.436785
0.355233
0.189010
0.036492
0.991281
0.208558
0.501377
0.263138
0.192662
0.360936
0.248107
0.563851
0.334383
0.049044
1.066241
0.100006
0.054745
0.158008
0.441711
0.318392
0.729666
0.143902
0.301217
0.635720
0.740104
0.096556
0.299144
1.445483
0.322501
0.431417
0.788114
0.199508
0.025686
0.414738
0.264128
0.388443
0.878580
0.321092
1.031682
0.999992
1.505190
1.184054
0.212442
0.956770
0.419914
1.201046
1.434332
0.598405
0.518199
0.447777
0.770229
0.944096
1.003271
1.592504
0.828712
1.281522
0.414841
1.331760
0.904804
0.977539
0.530182
0.599214
1.257215
1.504509
1.147217
1.425286
0.797541
0.608561
0.854368
0.527168
0.728197
0.463718
0.410549
0.860569
0.687612
1.469079
0.797352
0.369207
0.475039
0.605851
0.424414
0.760455
0.497878
0.555157
0.540911
0.463937
0.499918
0.543883
0.575668
0.699736
0.620086
0.561203
0.572824
0.659783
0.428914
0.518060
0.491366
0.551830
0.378048
0.443494
0.449823
0.315075
0.295947
0.425348
0.437714
0.427861
0.397649
0.476352
0.389121
0.425283
0.644437
0.513696
0.460730
0.350604
0.393044
0.429682
0.344378
0.402435
0.431091
0.423291
0.430971
0.519912
0.416961
0.354528
0.470868
0.371799
0.463414
0.345921
0.369418
0.480540
0.405250
0.494162
0.421945
0.365712
0.462736
0.425922
0.372844
0.442645
0.376264
0.596370
0.262478
0.305348
0.223775
0.343126
0.377952
0.401241
0.301985
0.160909
0.198889
0.209708
0.254389
0.287575
0.522938
0.353365
0.335011
0.433876
0.415710
0.313686
0.396969
0.290472
0.136681
0.536831
0.392780
0.738366
0.236247
0.417258
0.463974
0.352887
0.202517
0.252461
0.397056
0.319697
0.354165
0.307424
0.467783
0.925438
0.191824
0.393570
0.298597
0.377875
0.313942
0.521383
0.458123
0.479378
0.222442
0.372473
0.180845
0.203937
0.152168
0.682694
0.064320
0.410816
0.002388
0.448399
0.277015
0.404882
0.494331
4.009308
0.570105
0.196180
0.191910
0.320782
0.408325
0.411620
1.087673
0.604273
0.033368
0.379368
1.060521
0.094915
0.020195
0.285733
0.095680
0.124114
0.522552
0.530573
0.574124
1.798442
0.453402
0.339176
0.073135
0.058695
0.401331
0.346910
0.210174
0.289256
0.422284
0.303603
0.183725
0.085221
0.395111
0.027109
0.416235
0.502487
0.183681
0.509506
0.373935
0.374423
0.206516
0.072650
0.397725
0.498523
0.729288
0.663731
0.369967
0.191873
0.161761
0.184934
0.442769
0.012378
0.608911
0.230420
0.595681
0.492831
0.660216
0.257425
0.375548
0.133591
0.237485
0.145598
0.185855
0.094071
0.466368
0.528050
0.734330
0.075485
0.300671
0.275968
0.842364
0.116062
0.314752
0.372587
0.326637
0.172575
0.177374
0.339098
0.398291
0.220594
0.477650
0.149922
0.310926
0.296562
0.434754
0.445091
0.297047
0.902871
0.361549
0.412094
0.594678
0.291961
0.238860
0.535984
0.194932
0.290588
0.200982
0.358196
0.473789
0.333431
0.337209
0.413634
0.327037
0.545521
0.469181
0.984645
0.140164
0.848839
0.032119
0.592403
0.293019
0.109079
0.215754
0.451430
0.276993
0.306764
0.171667
0.521163
0.185249
0.441421
0.603662
0.331872
0.280810
0.461222
0.190026
0.276392
0.085007
0.344113
0.284004
0.091008
0.928801
0.929848
0.378639
0.034459
0.285694
0.152568
0.483652
0.317251
0.253626
0.196044
0.425060
0.480135
0.289427
0.365824
0.449692
0.474657
0.563314
0.540253
0.502129
0.436782
0.355250
0.189036
0.036506
0.991254
0.208565
0.501326
0.263174
0.192681
0.360889
0.248093
0.563820
0.334397
0.049052
1.066204
0.100011
0.054757
0.157995
0.441702
0.318369
0.729632
0.143907
0.301213
0.635663
0.740047
0.096592
0.299151
1.445341
0.322485
0.431319
0.787942
0.199523
0.025685
0.414679
0.264100
0.388381
0.878466
0.320972
1.031485
0.999899
1.504933
1.183925
0.212419
0.956653
0.419866
1.200896
1.434146
0.598309
0.518115
0.447844
0.770152
0.944019
1.003301
1.592572
0.828771
1.281598
0.414801
1.331860
0.904886
0.977627
0.530266
0.599221
1.257324
1.504546
1.147317
1.425423
0.797510
0.608542
0.854337
0.527163
0.728168
0.463690
0.410529
0.860443
0.687524
1.468929
0.797296
0.369184
0.475029
0.605870
0.424406
0.760425
0.497835
0.555136
0.540894
0.463953
0.499898
0.543865
0.575629
0.699706
0.620028
0.561191
0.572808
0.659761
0.428902
0.518041
0.491369
0.551817
0.378041
0.443470
0.449802
0.315087
0.295941
0.425334
0.437703
0.427835
0.397645
0.476360
0.389111
0.425296
0.644463
0.513701
0.460728
0.350603
0.393033
0.429669
0.344365
0.402430
0.431078
0.423284
0.430947
0.519875
0.416962
0.354522
0.470856
0.371773
0.463397
0.345900
0.369396
0.480524
0.405231
0.494151
0.421932
0.365708
0.462736
0.425927
0.372845
0.442628
0.376249
0.596356
0.262468
0.305337
0.223770
0.343121
0.377952
0.401240
0.301985
0.160908
0.198888
0.209709
0.254390
0.287576
0.522940
0.353370
0.335018
0.433884
0.415720
0.313684
0.396962
0.290474
0.136688
0.536831
0.392773
0.738343
0.236249
0.417269
0.463956
0.352886
0.202515
0.252469
0.397054
0.319701
0.354187
0.307415
0.467772
0.925400
0.191833
0.393586
0.298608
0.377879
0.313954
0.521368
0.458122
0.479347
0.222446
0.372473
0.180822
0.203868
0.152276
0.682837
0.064345
0.411007
0.002388
0.448587
0.276914
0.404868
0.494537
4.008518
0.570943
0.195861
0.191893
0.321608
0.409030
0.411582
1.086906
0.604876
0.033572
0.379555
1.060175
0.095306
0.020356
0.285830
0.095925
0.124524
0.523249
0.530211
0.573800
1.796773
0.452894
0.339537
0.073416
0.058912
0.401845
0.347396
0.209799
0.289603
0.422458
0.303702
0.183687
0.085518
0.395647
0.026967
0.416344
0.502593
0.184087
0.510163
0.373977
0.374787
0.206879
0.072679
0.397733
0.498538
0.728542
0.663954
0.370237
0.191766
0.161768
0.184672
0.442521
0.012436
0.608977
0.230278
0.595233
0.493270
0.660197
0.257367
0.375482
0.133636
0.237559
0.145565
0.185926
0.094078
0.466282
0.528240
0.733811
0.075282
0.300636
0.275903
0.842344
0.116176
0.315077
0.372723
0.326561
0.172748
0.177417
0.339151
0.398186
0.220724
0.477409
0.150019
0.311166
0.296367
0.434818
0.445317
0.296941
0.903015
0.361758
0.412011
0.594506
0.292101
0.238947
0.535945
0.194812
0.290888
0.201146
0.358440
0.473691
0.333414
0.336940
0.413506
0.327115
0.545226
0.469348
0.984392
0.140210
0.848770
0.032183
0.592362
0.293173
0.109243
0.215831
0.451448
0.276714
0.306778
0.171686
0.521086
0.185173
0.441626
0.603782
0.331843
0.280891
0.461137
0.190009
0.276611
0.084925
0.344105
0.284070
0.091007
0.928709
0.929707
0.378647
0.034455
0.285590
0.152686
0.483627
0.317420
0.253700
0.196039
0.425043
0.480060
0.289612
0.365964
0.449547
0.474596
0.563289
0.540506
0.502095
0.436798
0.355335
0.189158
0.036569
0.991196
0.208607
0.501164
0.263305
0.192761
0.360742
0.248063
0.563760
0.334439
0.049074
1.066124
0.100037
0.054796
0.157952
0.441700
0.318304
0.729562
0.143924
0.301216
0.635545
0.739947
0.096631
0.299153
1.445137
0.322465
0.431239
0.787809
0.199531
0.025684
0.414636
0.264079
0.388335
0.878374
0.320882
1.031327
0.999858
1.504707
1.183801
0.212397
0.956533
0.419815
1.200714
1.433905
0.598182
0.517990
0.447956
0.769997
0.943776
1.003051
1.592210
0.828512
1.281272
0.414967
1.331447
0.904558
0.977285
0.529946
0.599197
1.256915
1.504407
1.146942
1.424902
0.797616
0.608612
0.854446
0.527177
0.728261
0.463773
0.410587
0.860859
0.687811
1.469429
0.797483
0.369262
0.475064
0.605807
0.424437
0.760530
0.497981
0.555207
0.540955
0.463898
0.499965
0.543925
0.575760
0.699806
0.620226
0.561235
0.572864
0.659840
0.428942
0.518105
0.491362
0.551861
0.378067
0.443555
0.449879
0.315045
0.295962
0.425389
0.437745
0.427933
0.397660
0.476328
0.389147
0.425243
0.644363
0.513680
0.460735
0.350605
0.393073
0.429716
0.344415
0.402448
0.431127
0.423311
0.431036
0.520019
0.416958
0.354547
0.470903
0.371878
0.463469
0.345988
0.369489
0.480591
0.405315
0.494196
0.421992
0.365724
0.462734
0.425903
0.372844
0.442714
0.376334
0.596429
0.262530
0.305407
0.223806
0.343160
0.377956
0.401249
0.301987
0.160921
0.198928
0.209739
0.254402
0.287586
0.522951
0.353390
0.335036
0.433896
0.415730
0.313684
0.396963
0.290474
0.136687
0.536831
0.392777
0.738395
0.236248
0.417261
0.463973
0.352887
0.202517
0.252461
0.397057
0.319698
0.354164
0.307426
0.467785
0.925449
0.191823
0.393567
0.298594
0.377874
0.313939
0.521386
0.458123
0.479385
0.222441
0.372472
0.180850
0.203948
0.152158
0.682682
0.064318
0.410799
0.002388
0.448379
0.277027
0.404884
0.494308
4.009423
0.570084
0.196190
0.191912
0.320761
0.408305
0.411625
1.087716
0.604248
0.033361
0.379364
1.060548
0.094898
0.020188
0.285732
0.095671
0.124097
0.522527
0.530595
0.574149
1.798561
0.453467
0.339112
0.073100
0.058672
0.401279
0.346864
0.210212
0.289223
0.422268
0.303594
0.183729
0.085191
0.395055
0.027124
0.416224
0.502476
0.183633
0.509426
0.373930
0.374374
0.206465
0.072646
0.397724
0.498521
0.729409
0.663696
0.369923
0.191891
0.161760
0.184980
0.442812
0.012369
0.608899
0.230445
0.595760
0.492756
0.660220
0.257436
0.375560
0.133583
0.237472
0.145603
0.185842
0.094070
0.466383
0.528017
0.734420
0.075520
0.300676
0.275979
0.842359
0.116044
0.314701
0.372564
0.326647
0.172548
0.177366
0.339087
0.398305
0.220573
0.477682
0.149909
0.310895
0.296590
0.434741
0.445053
0.297063
0.902845
0.361513
0.412107
0.594705
0.291935
0.238843
0.535987
0.194951
0.290539
0.200952
0.358149
0.473806
0.333433
0.337264
0.413659
0.327021
0.545576
0.469148
0.984686
0.140155
0.848849
0.032111
0.592405
0.292993
0.109046
0.215738
0.451427
0.277054
0.306762
0.171663
0.521185
0.185268
0.441376
0.603641
0.331883
0.280793
0.461251
0.190035
0.276321
0.085027
0.344118
0.283990
0.091009
0.928826
0.929884
0.378637
0.034460
0.285714
0.152553
0.483658
0.317221
0.253610
0.196047
0.425069
0.480160
0.289374
0.365792
0.449732
0.474677
0.563327
0.540191
0.502142
0.436783
0.355229
0.189005
0.036490
0.991276
0.208556
0.501376
0.263139
0.192659
0.360935
0.248104
0.563844
0.334383
0.049045
1.066231
0.100005
0.054746
0.158008
0.441706
0.318390
0.729657
0.143902
0.301214
0.635704
0.740083
0.096576
0.299150
1.445413
0.322491
0.431356
0.788006
0.199516
0.025685
0.414700
0.264110
0.388403
0.878505
0.321013
1.031549
0.999981
1.505010
1.183960
0.212425
0.956680
0.419876
1.200926
1.434176
0.598322
0.518124
0.447839
0.770156
0.944020
1.003296
1.592557
0.828754
1.281569
0.414820
1.331808
0.904839
0.977571
0.530209
0.599216
1.257239
1.504516
1.147243
1.425300
0.797537
0.608558
0.854365
0.527166
0.728195
0.463717
0.410547
0.860568
0.687610
1.469076
0.797350
0.369206
0.475039
0.605851
0.424413
0.760454
0.497877
0.555156
0.540911
0.463937
0.499917
0.543882
0.575666
0.699734
0.620083
0.561202
0.572823
0.659782
0.428913
0.518058
0.491366
0.551829
0.378047
0.443491
0.449820
0.315077
0.295946
0.425346
0.437713
0.427857
0.397652
0.476352
0.389119
0.425284
0.644439
0.513698
0.460729
0.350602
0.393041
0.429678
0.344373
0.402432
0.431087
0.423287
0.430965
0.519906
0.416958
0.354525
0.470863
0.371792
0.463407
0.345914
0.369409
0.480532
0.405241
0.494163
0.421937
0.365708
0.462739
0.425923
0.372843
0.442631
0.376251
0.596355
0.262466
0.305332
0.223766
0.343114
0.377950
0.401236
0.301983
0.160903
0.198871
0.209693
0.254381
0.287567
0.522928
0.353347
0.334991
0.433857
0.415688
0.313687
0.396979
0.290469
0.136668
0.536829
0.392789
0.738387
0.236244
0.417242
0.463988
0.352885
0.202517
0.252454
0.397056
0.319691
0.354144
0.307432
0.467790
0.925448
0.191812
0.393552
0.298583
0.377867
0.313928
0.521387
0.458119
0.479389
0.222438
0.372469
0.180854
0.203958
0.152154
0.682696
0.064315
0.410775
0.002388
0.448359
0.277036
0.404885
0.494291
4.009473
0.570069
0.196195
0.191912
0.320746
0.408294
0.411626
1.087733
0.604239
0.033358
0.379361
1.060558
0.094892
0.020186
0.285731
0.095668
0.124091
0.522519
0.530604
0.574159
1.798610
0.453505
0.339063
0.073063
0.058644
0.401211
0.346800
0.210261
0.289178
0.422245
0.303582
0.183734
0.085154
0.394989
0.027142
0.416211
0.502463
0.183586
0.509352
0.373925
0.374336
0.206428
0.072643
0.397723
0.498519
0.729474
0.663676
0.369900
0.191900
0.161760
0.185001
0.442832
0.012364
0.608893
0.230456
0.595793
0.492720
0.660219
0.257439
0.375563
0.133580
0.237466
0.145605
0.185837
0.094068
0.466384
0.528006
0.734440
0.075523
0.300676
0.275975
0.842367
0.116059
0.314744
0.372584
0.326637
0.172573
0.177373
0.339095
0.398287
0.220593
0.477636
0.149929
0.310940
0.296561
0.434750
0.445086
0.297048
0.902866
0.361545
0.412095
0.594680
0.291957
0.238857
0.535984
0.194934
0.290581
0.200978
0.358189
0.473789
0.333429
0.337212
0.413628
0.327039
0.545495
0.469236
0.984604
0.140183
0.848836
0.032143
0.592399
0.293083
0.109147
0.215788
0.451444
0.276879
0.306772
0.171676
0.521137
0.185218
0.441509
0.603718
0.331862
0.280845
0.461192
0.190021
0.276476
0.084972
0.344112
0.284033
0.091008
0.928768
0.929795
0.378643
0.034457
0.285651
0.152618
0.483645
0.317323
0.253658
0.196043
0.425056
0.480108
0.289502
0.365885
0.449634
0.474635
0.563308
0.540361
0.502118
0.436792
0.355287
0.189088
0.036533
0.991236
0.208584
0.501262
0.263227
0.192715
0.360832
0.248083
0.563803
0.334413
0.049060
1.066178
0.100023
0.054772
0.157978
0.441705
0.318345
0.729611
0.143914
0.301216
0.635628
0.740021
0.096596
0.299149
1.445304
0.322482
0.431324
0.787956
0.199520
0.025685
0.414686
0.264103
0.388389
0.878479
0.320986
1.031506
0.999969
1.504956
1.183936
0.212420
0.956659
0.419867
1.200903
1.434147
0.598307
0.518111
0.447849
0.770144
0.944004
1.003281
1.592541
0.828745
1.281562
0.414823
1.331808
0.904840
0.977575
0.530214
0.599217
1.257257
1.504525
1.147273
1.425342
0.797532
0.608556
0.854357
0.527167
0.728188
0.463710
0.410545
0.860531
0.687588
1.469039
0.797337
0.369201
0.475037
0.605856
0.424412
0.760448
0.497867
0.555152
0.540907
0.463941
0.499913
0.543878
0.575658
0.699728
0.620070
0.561200
0.572819
0.659778
0.428911
0.518055
0.491367
0.551828
0.378046
0.443487
0.449817
0.315079
0.295945
0.425344
0.437711
0.427853
0.397653
0.476353
0.389118
0.425286
0.644442
0.513700
0.460728
0.350603
0.393041
0.429677
0.344372
0.402431
0.431086
0.423287
0.430964
0.519902
0.416959
0.354524
0.470862
0.371790
0.463407
0.345913
0.369409
0.480532
0.405242
0.494166
0.421938
0.365709
0.462740
0.425923
0.372843
0.442635
0.376255
0.596361
0.262471
0.305339
0.223770
0.343120
0.377950
0.401238
0.301984
0.160906
0.198882
0.209702
0.254386
0.287572
0.522934
0.353359
0.335005
0.433870
0.415704
0.313685
0.396971
0.290471
0.136677
0.536829
0.392780
0.738390
0.236245
0.417254
0.463973
0.352884
0.202515
0.252464
0.397053
0.319695
0.354165
0.307424
0.467782
0.925444
0.191821
0.393566
0.298593
0.377872
0.313939
0.521382
0.458121
0.479379
0.222441
0.372471
0.180846
0.203940
0.152168
0.682690
0.064319
0.410806
0.002388
0.448389
0.277019
0.404883
0.494322
4.009346
0.570096
0.196183
0.191909
0.320777
0.408320
0.411622
1.087690
0.604261
0.033366
0.379366
1.060531
0.094910
0.020193
0.285734
0.095677
0.124107
0.522544
0.530586
0.574141
1.798528
0.453471
0.339095
0.073081
0.058656
0.401231
0.346820
0.210244
0.289192
0.422252
0.303585
0.183732
0.085166
0.395011
0.027135
0.416215
0.502468
0.183604
0.509381
0.373927
0.374353
0.206446
0.072645
0.397723
0.498520
0.729434
0.663688
0.369915
0.191894
0.161760
0.184986
0.442818
0.012367
0.608897
0.230448
0.595769
0.492745
0.660220
0.257437
0.375561
0.133582
0.237470
0.145604
0.185840
0.094070
0.466384
0.528012
0.734424
0.075520
0.300675
0.275976
0.842361
0.116052
0.314703
0.372559
0.326651
0.172540
0.177366
0.339088
0.398313
0.220568
0.477700
0.149903
0.310878
0.296602
0.434743
0.445045
0.297069
0.902844
0.361507
0.412112
0.594714
0.291932
0.238842
0.535993
0.194957
0.290527
0.200948
0.358146
0.473810
0.333435
0.337266
0.413662
0.327022
0.545585
0.469147
0.984704
0.140154
0.848859
0.032105
0.592415
0.292985
0.109042
0.215738
0.451430
0.277056
0.306763
0.171664
0.521186
0.185269
0.441375
0.603641
0.331884
0.280793
0.461252
0.190035
0.276321
0.085027
0.344118
0.283991
0.091009
0.928827
0.929886
0.378639
0.034460
0.285719
0.152541
0.483662
0.317214
0.253610
0.196046
0.425067
0.480154
0.289385
0.365796
0.449724
0.474671
0.563322
0.540205
0.502139
0.436783
0.355232
0.189009
0.036492
0.991276
0.208557
0.501372
0.263139
0.192662
0.360931
0.248104
0.563842
0.334381
0.049046
1.066231
0.100007
0.054747
0.158004
0.441703
0.318383
0.729646
0.143906
0.301215
0.635688
0.740065
0.096583
0.299151
1.445364
0.322486
0.431341
0.787977
0.199515
0.025685
0.414671
0.264093
0.388350
0.878401
0.320898
1.031362
0.999892
1.504769
1.183841
0.212405
0.956577
0.419836
1.200792
1.434015
0.598246
0.518055
0.447894
0.770085
0.943918
1.003203
1.592437
0.828681
1.281492
0.414851
1.331741
0.904798
0.977542
0.530192
0.599216
1.257242
1.504523
1.147270
1.425351
0.797525
0.608551
0.854347
0.527166
0.728179
0.463701
0.410538
0.860482
0.687553
1.468981
0.797315
0.369192
0.475032
0.605860
0.424407
0.760435
0.497852
0.555141
0.540900
0.463941
0.499904
0.543871
0.575644
0.699714
0.620056
0.561188
0.572809
0.659764
0.428904
0.518045
0.491355
0.551817
0.378037
0.443484
0.449809
0.315068
0.295940
0.425336
0.437705
0.427854
0.397643
0.476338
0.389112
0.425268
0.644400
0.513683
0.460727
0.350592
0.393037
0.429674
0.344369
0.402426
0.431082
0.423283
0.430963
0.519904
0.416953
0.354523
0.470860
0.371797
0.463410
0.345921
0.369419
0.480537
0.405253
0.494164
0.421946
0.365709
0.462727
0.425904
0.372835
0.442675
0.376284
0.596379
0.262497
0.305371
0.223788
0.343141
0.377953
0.401244
0.301985
0.160917
0.198921
0.209737
0.254402
0.287587
0.522951
0.353401
0.335051
0.433914
0.415756
0.313680
0.396941
0.290476
0.136707
0.536827
0.392754
0.738371
0.236252
0.417292
0.463919
0.352880
0.202506
0.252493
0.397048
0.319708
0.354231
0.307399
0.467754
0.925397
0.191849
0.393607
0.298625
0.377890
0.313971
0.521362
0.458127
0.479339
0.222452
0.372475
0.180817
0.203872
0.152229
0.682765
0.064330
0.410894
0.002388
0.448476
0.276972
0.404877
0.494412
4.008916
0.570240
0.196151
0.191907
0.320852
0.408387
0.411612
1.087584
0.604339
0.033386
0.379383
1.060485
0.094952
0.020209
0.285743
0.095701
0.124147
0.522612
0.530547
0.574104
1.798342
0.453414
0.339129
0.073113
0.058682
0.401294
0.346877
0.210197
0.289234
0.422272
0.303595
0.183726
0.085203
0.395078
0.027117
0.416227
0.502478
0.183658
0.509469
0.373930
0.374403
0.206498
0.072649
0.397722
0.498520
0.729312
0.663719
0.369956
0.191874
0.161759
0.184934
0.442752
0.012386
0.608926
0.230397
0.595586
0.492997
0.660203
0.257407
0.375526
0.133603
0.237502
0.145587
0.185871
0.094073
0.466343
0.528094
0.734191
0.075429
0.300659
0.275946
0.842350
0.116105
0.314848
0.372617
0.326618
0.172615
0.177384
0.339110
0.398267
0.220624
0.477595
0.149945
0.310982
0.296516
0.434770
0.445144
0.297022
0.902907
0.361599
0.412074
0.594637
0.291994
0.238881
0.535975
0.194903
0.290661
0.201022
0.358257
0.473764
0.333427
0.337141
0.413602
0.327057
0.545447
0.469223
0.984583
0.140175
0.848823
0.032135
0.592394
0.293055
0.109118
0.215773
0.451435
0.276925
0.306767
0.171672
0.521144
0.185231
0.441471
0.603691
0.331865
0.280830
0.461200
0.190022
0.276451
0.084986
0.344111
0.284021
0.091008
0.928778
0.929815
0.378641
0.034458
0.285670
0.152596
0.483648
0.317291
0.253644
0.196043
0.425057
0.480117
0.289471
0.365860
0.449652
0.474638
0.563304
0.540330
0.502118
0.436786
0.355272
0.189068
0.036523
0.991241
0.208577
0.501284
0.263206
0.192703
0.360850
0.248085
0.563804
0.334406
0.049058
1.066171
0.100023
0.054773
0.157977
0.441703
0.318344
0.729604
0.143914
0.301216
0.635624
0.740013
0.096609
0.299154
1.445269
0.322477
0.431288
0.787895
0.199525
0.025685
0.414668
0.264095
0.388371
0.878447
0.320957
1.031460
0.999948
1.504909
1.183914
0.212418
0.956650
0.419866
1.200899
1.434152
0.598316
0.518124
0.447834
0.770167
0.944047
1.003333
1.592624
0.828813
1.281655
0.414769
1.331944
0.904956
0.977705
0.530343
0.599226
1.257430
1.504581
1.147445
1.425557
0.797505
0.608544
0.854337
0.527169
0.728171
0.463692
0.410534
0.860427
0.687507
1.468850
0.797232
0.369157
0.475018
0.605891
0.424394
0.760389
0.497784
0.555113
0.540874
0.463971
0.499875
0.543846
0.575587
0.699673
0.619964
0.561178
0.572790
0.659740
0.428890
0.518022
0.491372
0.551809
0.378033
0.443445
0.449778
0.315100
0.295934
0.425317
0.437691
0.427807
0.397651
0.476370
0.389101
0.425312
0.644491
0.513714
0.460726
0.350604
0.393025
0.429656
0.344352
0.402425
0.431064
0.423277
0.430923
0.519837
0.416964
0.354515
0.470844
0.371746
0.463379
0.345879
0.369374
0.480509
0.405213
0.494159
0.421921
0.365705
0.462747
0.425932
0.372845
0.442616
0.376238
0.596351
0.262462
0.305332
0.223769
0.343121
0.377952
0.401241
0.301986
0.160910
0.198896
0.209717
0.254394
0.287581
0.522946
0.353384
0.335035
0.433901
0.415742
0.313682
0.396951
0.290476
0.136703
0.536831
0.392760
0.738394
0.236252
0.417289
0.463935
0.352885
0.202511
0.252484
0.397053
0.319709
0.354223
0.307403
0.467761
0.925426
0.191849
0.393607
0.298626
0.377893
0.313972
0.521369
0.458131
0.479350
0.222453
0.372479
0.180821
0.203880
0.152216
0.682756
0.064330
0.410899
0.002388
0.448484
0.276971
0.404881
0.494421
4.009049
0.570184
0.196151
0.191909
0.320857
0.408390
0.411619
1.087613
0.604324
0.033387
0.379387
1.060494
0.094952
0.020211
0.285744
0.095707
0.124157
0.522628
0.530538
0.574096
1.798291
0.453375
0.339192
0.073160
0.058718
0.401386
0.346967
0.210130
0.289298
0.422306
0.303616
0.183720
0.085260
0.395182
0.027090
0.416251
0.502503
0.183740
0.509603
0.373941
0.374481
0.206576
0.072655
0.397726
0.498526
0.729151
0.663773
0.370018
0.191853
0.161763
0.184883
0.442721
0.012390
0.608923
0.230392
0.595594
0.492916
0.660213
0.257414
0.375535
0.133600
0.237499
0.145591
0.185868
0.094072
0.466351
0.528086
0.734227
0.075446
0.300664
0.275956
0.842350
0.116083
0.314810
0.372611
0.326620
0.172609
0.177381
0.339103
0.398262
0.220624
0.477578
0.149957
0.310988
0.296519
0.434762
0.445134
0.297026
0.902892
0.361590
0.412076
0.594641
0.291989
0.238877
0.535975
0.194907
0.290650
0.201016
0.358249
0.473765
0.333426
0.337145
0.413600
0.327053
0.545429
0.469278
0.984558
0.140176
0.848807
0.032136
0.592382
0.293055
0.109116
0.215770
0.451432
0.276932
0.306766
0.171671
0.521144
0.185233
0.441463
0.603684
0.331863
0.280828
0.461197
0.190018
0.276476
0.084990
0.344113
0.284019
0.091009
0.928788
0.929827
0.378642
0.034458
0.285676
0.152591
0.483653
0.317284
0.253641
0.196045
0.425061
0.480126
0.289458
0.365854
0.449666
0.474649
0.563315
0.540306
0.502127
0.436790
0.355270
0.189064
0.036521
0.991249
0.208576
0.501294
0.263202
0.192701
0.360859
0.248089
0.563815
0.334405
0.049056
1.066195
0.100018
0.054765
0.157986
0.441707
0.318358
0.729626
0.143910
0.301217
0.635654
0.740047
0.096583
0.299147
1.445365
0.322489
0.431359
0.788020
0.199514
0.025685
0.414711
0.264116
0.388418
0.878536
0.321049
1.031617
1.000035
1.505129
1.184033
0.212439
0.956761
0.419912
1.201066
1.434367
0.598426
0.518231
0.447739
0.770297
0.944249
1.003538
1.592919
0.829020
1.281912
0.414640
1.332266
0.905208
0.977964
0.530581
0.599244
1.257739
1.504690
1.147744
1.425981
0.797392
0.608484
0.854224
0.527154
0.728080
0.463611
0.410477
0.860008
0.687225
1.468409
0.797105
0.369104
0.474994
0.605934
0.424372
0.760317
0.497685
0.555063
0.540836
0.464009
0.499831
0.543805
0.575498
0.699604
0.619829
0.561148
0.572752
0.659688
0.428863
0.517978
0.491378
0.551781
0.378015
0.443385
0.449722
0.315130
0.295920
0.425279
0.437662
0.427737
0.397646
0.476392
0.389076
0.425350
0.644561
0.513734
0.460721
0.350604
0.392999
0.429623
0.344316
0.402412
0.431029
0.423259
0.430860
0.519734
0.416968
0.354497
0.470810
0.371669
0.463326
0.345815
0.369305
0.480460
0.405150
0.494132
0.421877
0.365694
0.462754
0.425952
0.372846
0.442549
0.376171
0.596296
0.262413
0.305274
0.223740
0.343087
0.377949
0.401233
0.301983
0.160899
0.198857
0.209686
0.254381
0.287570
0.522935
0.353360
0.335011
0.433881
0.415722
0.313684
0.396959
0.290475
0.136696
0.536832
0.392764
0.738390
0.236252
0.417286
0.463939
0.352885
0.202511
0.252483
0.397053
0.319709
0.354222
0.307403
0.467761
0.925430
0.191849
0.393608
0.298627
0.377894
0.313974
0.521368
0.458132
0.479347
0.222454
0.372480
0.180818
0.203873
0.152221
0.682763
0.064332
0.410911
0.002388
0.448499
0.276963
0.404881
0.494440
4.009010
0.570200
0.196145
0.191909
0.320873
0.408404
0.411620
1.087606
0.604337
0.033391
0.379392
1.060497
0.094959
0.020214
0.285748
0.095711
0.124165
0.522646
0.530534
0.574095
1.798275
0.453397
0.339144
0.073123
0.058690
0.401319
0.346904
0.210179
0.289254
0.422284
0.303604
0.183725
0.085223
0.395116
0.027107
0.416238
0.502490
0.183692
0.509527
0.373937
0.374441
0.206537
0.072652
0.397726
0.498524
0.729223
0.663751
0.369992
0.191863
0.161762
0.184907
0.442744
0.012384
0.608918
0.230405
0.595636
0.492875
0.660215
0.257420
0.375542
0.133596
0.237493
0.145595
0.185861
0.094072
0.466360
0.528069
0.734279
0.075466
0.300668
0.275964
0.842362
0.116071
0.314776
0.372598
0.326631
0.172590
0.177378
0.339104
0.398282
0.220606
0.477628
0.149932
0.310950
0.296543
0.434762
0.445113
0.297036
0.902892
0.361572
0.412085
0.594659
0.291977
0.238871
0.535980
0.194917
0.290626
0.201003
0.358230
0.473775
0.333429
0.337169
0.413615
0.327049
0.545478
0.469206
0.984614
0.140170
0.848834
0.032128
0.592400
0.293038
0.109099
0.215765
0.451435
0.276956
0.306767
0.171670
0.521158
0.185242
0.441446
0.603682
0.331872
0.280821
0.461219
0.190028
0.276405
0.084997
0.344115
0.284014
0.091009
0.928795
0.929836
0.378642
0.034459
0.285683
0.152583
0.483654
0.317272
0.253637
0.196045
0.425063
0.480132
0.289446
0.365846
0.449674
0.474653
0.563317
0.540291
0.502128
0.436789
0.355266
0.189058
0.036518
0.991252
0.208575
0.501300
0.263197
0.192698
0.360864
0.248090
0.563817
0.334403
0.049055
1.066197
0.100017
0.054764
0.157988
0.441707
0.318360
0.729629
0.143910
0.301216
0.635660
0.740052
0.096579
0.299147
1.445377
0.322491
0.431369
0.788039
0.199513
0.025686
0.414719
0.264120
0.388427
0.878554
0.321071
1.031654
1.000013
1.505183
1.184059
0.212444
0.956784
0.419919
1.201080
1.434367
0.598418
0.518225
0.447742
0.770297
0.944254
1.003549
1.592945
0.829045
1.281953
0.414617
1.332334
0.905269
0.978033
0.530652
0.599251
1.257847
1.504736
1.147855
1.426162
0.797346
0.608458
0.854172
0.527150
0.728040
0.463581
0.410459
0.859858
0.687127
1.468239
0.797042
0.369079
0.474982
0.605954
0.424361
0.760281
0.497637
0.555039
0.540816
0.464027
0.499810
0.543786
0.575456
0.699572
0.619767
0.561132
0.572733
0.659662
0.428851
0.517959
0.491380
0.551765
0.378007
0.443361
0.449699
0.315142
0.295914
0.425262
0.437650
0.427710
0.397640
0.476397
0.389066
0.425361
0.644579
0.513732
0.460713
0.350595
0.392983
0.429609
0.344300
0.402400
0.431012
0.423246
0.430837
0.519701
0.416961
0.354488
0.470794
0.371647
0.463309
0.345798
0.369288
0.480445
0.405135
0.494116
0.421865
0.365688
0.462743
0.425941
0.372837
0.442569
0.376168
0.596289
0.262414
0.305278
0.223743
0.343092
0.377950
0.401235
0.301984
0.160903
0.198875
0.209703
0.254390
0.287578
0.522945
0.353384
0.335039
0.433909
0.415757
0.313680
0.396939
0.290479
0.136719
0.536832
0.392744
0.738365
0.236257
0.417315
0.463899
0.352882
0.202505
0.252504
0.397050
0.319719
0.354277
0.307383
0.467740
0.925396
0.191872
0.393643
0.298654
0.377909
0.314001
0.521354
0.458138
0.479318
0.222464
0.372485
0.180796
0.203819
0.152266
0.682820
0.064342
0.410987
0.002388
0.448577
0.276924
0.404879
0.494520
4.008734
0.570270
0.196118
0.191907
0.320942
0.408464
0.411616
1.087533
0.604390
0.033409
0.379408
1.060462
0.094994
0.020229
0.285756
0.095734
0.124204
0.522714
0.530494
0.574056
1.798086
0.453334
0.339192
0.073159
0.058717
0.401381
0.346960
0.210134
0.289294
0.422304
0.303614
0.183720
0.085258
0.395181
0.027089
0.416251
0.502503
0.183745
0.509615
0.373942
0.374492
0.206590
0.072657
0.397726
0.498526
0.729101
0.663787
0.370036
0.191845
0.161763
0.184862
0.442701
0.012394
0.608928
0.230381
0.595558
0.492949
0.660211
0.257409
0.375530
0.133603
0.237505
0.145589
0.185874
0.094073
0.466344
0.528101
0.734185
0.075431
0.300661
0.275951
0.842351
0.116090
0.314831
0.372620
0.326618
0.172619
0.177385
0.339110
0.398261
0.220628
0.477580
0.149948
0.310990
0.296504
0.434765
0.445153
0.297012
0.902892
0.361614
0.412057
0.594599
0.292022
0.238886
0.535959
0.194885
0.290698
0.201036
0.358277
0.473751
0.333423
0.337110
0.413586
0.327064
0.545412
0.469239
0.984542
0.140179
0.848804
0.032142
0.592381
0.293071
0.109140
0.215779
0.451428
0.276884
0.306764
0.171677
0.521114
0.185206
0.441585
0.603697
0.331860
0.280836
0.461196
0.190022
0.276450
0.084980
0.344111
0.284026
0.091008
0.928769
0.929799
0.378642
0.034458
0.285659
0.152608
0.483645
0.317309
0.253651
0.196043
0.425057
0.480113
0.289484
0.365873
0.449642
0.474636
0.563307
0.540342
0.502118
0.436790
0.355282
0.189083
0.036531
0.991232
0.208583
0.501257
0.263228
0.192716
0.360824
0.248080
0.563796
0.334413
0.049061
1.066165
0.100024
0.054775
0.157974
0.441701
0.318338
0.729597
0.143914
0.301214
0.635607
0.739993
0.096605
0.299144
1.445196
0.322463
0.431192
0.787727
0.199538
0.025684
0.414615
0.264070
0.388318
0.878347
0.320860
1.031305
0.999837
1.504724
1.183828
0.212404
0.956582
0.419841
1.200824
1.434070
0.598282
0.518099
0.447850
0.770152
0.944033
1.003332
1.592643
0.828840
1.281708
0.414735
1.332045
0.905050
0.977816
0.530459
0.599237
1.257615
1.504657
1.147650
1.425889
0.797404
0.608487
0.854227
0.527154
0.728081
0.463615
0.410481
0.860032
0.687245
1.468445
0.797119
0.369110
0.474995
0.605924
0.424372
0.760322
0.497699
0.555067
0.540841
0.463997
0.499837
0.543810
0.575513
0.699614
0.619856
0.561149
0.572757
0.659695
0.428867
0.517987
0.491372
0.551785
0.378017
0.443402
0.449737
0.315117
0.295923
0.425289
0.437670
0.427762
0.397641
0.476377
0.389083
0.425327
0.644517
0.513717
0.460720
0.350601
0.393009
0.429635
0.344329
0.402414
0.431042
0.423265
0.430887
0.519781
0.416963
0.354505
0.470826
0.371711
0.463355
0.345853
0.369348
0.480491
0.405193
0.494144
0.421910
0.365702
0.462740
0.425929
0.372842
0.442618
0.376243
0.596356
0.262473
0.305349
0.223781
0.343137
0.377953
0.401246
0.301986
0.160921
0.198939
0.209757
0.254414
0.287599
0.522968
0.353440
0.335098
0.433963
0.415819
0.313673
0.396908
0.290484
0.136750
0.536829
0.392716
0.738355
0.236262
0.417351
0.463847
0.352876
0.202494
0.252531
0.397041
0.319730
0.354348
0.307357
0.467710
0.925358
0.191897
0.393681
0.298682
0.377922
0.314028
0.521334
0.458140
0.479283
0.222473
0.372485
0.180768
0.203743
0.152368
0.682934
0.064356
0.411064
0.002389
0.448642
0.276891
0.404877
0.494584
4.008534
0.570326
0.196096
0.191906
0.320996
0.408510
0.411613
1.087484
0.604429
0.033422
0.379420
1.060441
0.095019
0.020239
0.285762
0.095749
0.124230
0.522757
0.530473
0.574038
1.797988
0.453303
0.339216
0.073176
0.058730
0.401415
0.346995
0.210108
0.289319
0.422317
0.303622
0.183718
0.085280
0.395221
0.027079
0.416260
0.502511
0.183775
0.509664
0.373946
0.374520
0.206617
0.072659
0.397728
0.498528
0.729044
0.663804
0.370057
0.191837
0.161764
0.184842
0.442682
0.012399
0.608934
0.230370
0.595524
0.492983
0.660210
0.257405
0.375525
0.133607
0.237511
0.145586
0.185879
0.094074
0.466338
0.528116
0.734149
0.075416
0.300659
0.275947
0.842356
0.116099
0.314854
0.372631
0.326612
0.172631
0.177388
0.339116
0.398256
0.220638
0.477568
0.149955
0.311008
0.296495
0.434777
0.445169
0.297010
0.902920
0.361625
0.412063
0.594613
0.292013
0.238893
0.535969
0.194886
0.290704
0.201047
0.358295
0.473747
0.333424
0.337092
0.413579
0.327070
0.545392
0.469251
0.984529
0.140183
0.848800
0.032147
0.592376
0.293091
0.109150
0.215785
0.451435
0.276875
0.306768
0.171674
0.521127
0.185217
0.441502
0.603707
0.331856
0.280846
0.461183
0.190017
0.276486
0.084971
0.344108
0.284032
0.091008
0.928757
0.929781
0.378641
0.034457
0.285645
0.152622
0.483634
0.317331
0.253657
0.196041
0.425052
0.480101
0.289502
0.365885
0.449622
0.474623
0.563294
0.540378
0.502108
0.436786
0.355290
0.189096
0.036538
0.991218
0.208586
0.501233
0.263245
0.192726
0.360799
0.248070
0.563771
0.334438
0.049067
1.066144
0.100027
0.054779
0.157970
0.441696
0.318330
0.729583
0.143916
0.301211
0.635576
0.739956
0.096643
0.299157
1.445100
0.322461
0.431219
0.787783
0.199532
0.025684
0.414637
0.264081
0.388342
0.878392
0.320908
1.031385
0.999873
1.504834
1.183884
0.212415
0.956637
0.419864
1.200900
1.434171
0.598335
0.518150
0.447804
0.770212
0.944126
1.003427
1.592772
0.828933
1.281815
0.414676
1.332162
0.905118
0.977827
0.530445
0.599236
1.257607
1.504656
1.147653
1.425892
0.797404
0.608487
0.854226
0.527154
0.728079
0.463613
0.410480
0.860019
0.687236
1.468429
0.797114
0.369108
0.474996
0.605930
0.424374
0.760323
0.497695
0.555068
0.540840
0.464004
0.499836
0.543810
0.575510
0.699614
0.619852
0.561153
0.572759
0.659697
0.428869
0.517989
0.491376
0.551787
0.378020
0.443403
0.449739
0.315121
0.295925
0.425292
0.437672
0.427763
0.397645
0.476382
0.389086
0.425333
0.644529
0.513723
0.460722
0.350603
0.393009
0.429637
0.344331
0.402416
0.431045
0.423266
0.430890
0.519787
0.416962
0.354505
0.470827
0.371717
0.463358
0.345860
0.369355
0.480495
0.405201
0.494147
0.421916
0.365702
0.462737
0.425922
0.372840
0.442635
0.376257
0.596366
0.262485
0.305364
0.223789
0.343148
0.377955
0.401249
0.301987
0.160926
0.198957
0.209773
0.254421
0.287606
0.522977
0.353458
0.335119
0.433982
0.415841
0.313671
0.396896
0.290487
0.136763
0.536829
0.392706
0.738355
0.236265
0.417367
0.463827
0.352876
0.202492
0.252541
0.397042
0.319735
0.354367
0.307346
0.467694
0.925339
0.191917
0.393701
0.298696
0.377929
0.314042
0.521328
0.458145
0.479271
0.222478
0.372489
0.180762
0.203738
0.152334
0.682903
0.064356
0.411096
0.002389
0.448680
0.276870
0.404874
0.494622
4.008346
0.570369
0.196075
0.191902
0.321078
0.408538
0.411611
1.087447
0.604454
0.033430
0.379428
1.060426
0.095035
0.020245
0.285766
0.095759
0.124247
0.522787
0.530457
0.574023
1.797912
0.453279
0.339234
0.073190
0.058741
0.401440
0.347018
0.210089
0.289336
0.422325
0.303627
0.183716
0.085295
0.395248
0.027071
0.416265
0.502517
0.183797
0.509700
0.373948
0.374541
0.206639
0.072661
0.397728
0.498529
0.728997
0.663818
0.370075
0.191830
0.161764
0.184825
0.442665
0.012402
0.608938
0.230361
0.595494
0.493011
0.660208
0.257401
0.375520
0.133610
0.237516
0.145584
0.185884
0.094074
0.466331
0.528128
0.734110
0.075402
0.300656
0.275941
0.842346
0.116107
0.314879
0.372639
0.326604
0.172644
0.177390
0.339117
0.398245
0.220647
0.477542
0.149963
0.311029
0.296474
0.434777
0.445187
0.296999
0.902924
0.361642
0.412054
0.594596
0.292022
0.238898
0.535963
0.194875
0.290728
0.201059
0.358313
0.473736
0.333420
0.337067
0.413562
0.327078
0.545343
0.469308
0.984484
0.140195
0.848806
0.032157
0.592379
0.293093
0.109156
0.215790
0.451438
0.276860
0.306771
0.171676
0.521129
0.185215
0.441514
0.603719
0.331861
0.280848
0.461187
0.190020
0.276485
0.084968
0.344111
0.284037
0.091008
0.928759
0.929783
0.378643
0.034457
0.285646
0.152623
0.483644
0.317330
0.253662
0.196043
0.425055
0.480102
0.289513
0.365894
0.449620
0.474628
0.563305
0.540381
0.502114
0.436793
0.355296
0.189103
0.036542
0.991224
0.208590
0.501232
0.263250
0.192730
0.360801
0.248076
0.563787
0.334421
0.049065
1.066159
0.100027
0.054780
0.157969
0.441702
0.318331
0.729593
0.143916
0.301215
0.635600
0.739995
0.096603
0.299147
1.445234
0.322471
0.431263
0.787821
0.199531
0.025684
0.414646
0.264085
0.388351
0.878410
0.320926
1.031417
0.999905
1.504881
1.183910
0.212419
0.956662
0.419875
1.200942
1.434223
0.598362
0.518176
0.447781
0.770245
0.944179
1.003480
1.592854
0.828990
1.281891
0.414641
1.332274
0.905229
0.977999
0.530628
0.599244
1.257810
1.504726
1.147821
1.426100
0.797365
0.608467
0.854187
0.527151
0.728049
0.463587
0.410463
0.859888
0.687146
1.468273
0.797056
0.369085
0.474985
0.605950
0.424364
0.760290
0.497649
0.555046
0.540821
0.464022
0.499816
0.543792
0.575469
0.699583
0.619789
0.561138
0.572741
0.659675
0.428857
0.517969
0.491379
0.551775
0.378011
0.443375
0.449713
0.315135
0.295918
0.425274
0.437659
0.427730
0.397645
0.476393
0.389075
0.425351
0.644563
0.513735
0.460721
0.350604
0.392998
0.429623
0.344316
0.402412
0.431030
0.423260
0.430862
0.519740
0.416967
0.354499
0.470814
0.371681
0.463336
0.345829
0.369323
0.480475
0.405172
0.494140
0.421897
0.365700
0.462749
0.425940
0.372845
0.442597
0.376223
0.596345
0.262460
0.305336
0.223775
0.343132
0.377954
0.401246
0.301987
0.160921
0.198938
0.209758
0.254415
0.287601
0.522972
0.353446
0.335107
0.433972
0.415831
0.313672
0.396903
0.290487
0.136759
0.536831
0.392709
0.738367
0.236265
0.417365
0.463835
0.352878
0.202494
0.252540
0.397045
0.319736
0.354363
0.307352
0.467706
0.925366
0.191907
0.393696
0.298695
0.377932
0.314042
0.521333
0.458147
0.479278
0.222478
0.372492
0.180764
0.203742
0.152331
0.682903
0.064356
0.411096
0.002389
0.448685
0.276869
0.404876
0.494629
4.008410
0.570366
0.196081
0.191906
0.321035
0.408544
0.411611
1.087446
0.604459
0.033433
0.379430
1.060422
0.095040
0.020247
0.285767
0.095762
0.124253
0.522796
0.530451
0.574019
1.797886
0.453270
0.339241
0.073195
0.058744
0.401448
0.347026
0.210083
0.289342
0.422329
0.303629
0.183715
0.085301
0.395259
0.027068
0.416268
0.502520
0.183807
0.509717
0.373949
0.374551
0.206650
0.072662
0.397729
0.498529
0.728970
0.663827
0.370085
0.191826
0.161764
0.184815
0.442656
0.012405
0.608941
0.230355
0.595477
0.493029
0.660208
0.257399
0.375518
0.133611
0.237519
0.145583
0.185887
0.094074
0.466329
0.528136
0.734094
0.075395
0.300656
0.275941
0.842355
0.116110
0.314887
0.372644
0.326605
0.172649
0.177392
0.339122
0.398246
0.220651
0.477544
0.149965
0.311033
0.296474
0.434784
0.445192
0.296998
0.902942
0.361647
0.412054
0.594595
0.292028
0.238902
0.535965
0.194872
0.290738
0.201066
0.358324
0.473736
0.333422
0.337060
0.413564
0.327080
0.545359
0.469272
0.984511
0.140188
0.848805
0.032153
0.592383
0.293098
0.109164
0.215795
0.451441
0.276845
0.306772
0.171677
0.521126
0.185211
0.441526
0.603726
0.331859
0.280853
0.461182
0.190019
0.276499
0.084963
0.344110
0.284040
0.091008
0.928754
0.929775
0.378644
0.034457
0.285640
0.152630
0.483642
0.317340
0.253666
0.196042
0.425053
0.480097
0.289525
0.365903
0.449611
0.474625
0.563303
0.540398
0.502111
0.436794
0.355302
0.189111
0.036546
0.991220
0.208593
0.501220
0.263260
0.192736
0.360789
0.248073
0.563783
0.334425
0.049067
1.066153
0.100029
0.054783
0.157966
0.441703
0.318326
0.729589
0.143918
0.301216
0.635596
0.739995
0.096606
0.299150
1.445259
0.322479
0.431311
0.787943
0.199520
0.025685
0.414691
0.264107
0.388400
0.878505
0.321022
1.031580
0.999977
1.505105
1.184030
0.212440
0.956774
0.419921
1.201104
1.434431
0.598468
0.518279
0.447691
0.770368
0.944370
1.003672
1.593128
0.829181
1.282130
0.414526
1.332566
0.905456
0.978234
0.530842
0.599265
1.258101
1.504826
1.148105
1.426509
0.797267
0.608415
0.854088
0.527143
0.727979
0.463528
0.410423
0.859580
0.686937
1.467908
0.796918
0.369028
0.474959
0.605994
0.424340
0.760212
0.497542
0.554991
0.540777
0.464062
0.499765
0.543747
0.575370
0.699505
0.619637
0.561101
0.572692
0.659608
0.428821
0.517914
0.491376
0.551738
0.377987
0.443307
0.449646
0.315164
0.295898
0.425223
0.437621
0.427649
0.397632
0.476412
0.389041
0.425386
0.644624
0.513747
0.460713
0.350597
0.392961
0.429578
0.344268
0.402392
0.430984
0.423232
0.430781
0.519609
0.416966
0.354473
0.470768
0.371582
0.463266
0.345744
0.369232
0.480406
0.405086
0.494096
0.421831
0.365680
0.462749
0.425957
0.372839
0.442515
0.376123
0.596254
0.262383
0.305244
0.223726
0.343075
0.377948
0.401231
0.301983
0.160899
0.198864
0.209696
0.254388
0.287577
0.522945
0.353387
0.335045
0.433918
0.415770
0.313678
0.396930
0.290481
0.136731
0.536831
0.392732
0.738354
0.236260
0.417335
0.463872
0.352880
0.202500
0.252520
0.397048
0.319727
0.354316
0.307368
0.467723
0.925375
0.191889
0.393669
0.298675
0.377921
0.314023
0.521342
0.458143
0.479295
0.222472
0.372489
0.180777
0.203774
0.152303
0.682868
0.064350
0.411052
0.002389
0.448644
0.276888
0.404877
0.494593
4.008482
0.570334
0.196093
0.191906
0.321004
0.408518
0.411610
1.087452
0.604441
0.033428
0.379422
1.060404
0.095049
0.020245
0.285763
0.095756
0.124242
0.522777
0.530456
0.574020
1.797908
0.453274
0.339245
0.073188
0.058738
0.401430
0.347010
0.210093
0.289330
0.422322
0.303625
0.183716
0.085292
0.395244
0.027072
0.416264
0.502516
0.183797
0.509703
0.373947
0.374545
0.206644
0.072661
0.397726
0.498528
0.728970
0.663824
0.370083
0.191825
0.161763
0.184812
0.442647
0.012406
0.608932
0.230341
0.595407
0.493172
0.660203
0.257380
0.375496
0.133626
0.237544
0.145571
0.185911
0.094077
0.466298
0.528201
0.733912
0.075325
0.300643
0.275918
0.842345
0.116149
0.314998
0.372690
0.326578
0.172708
0.177407
0.339138
0.398207
0.220696
0.477455
0.149999
0.311119
0.296403
0.434803
0.445273
0.296960
0.902985
0.361722
0.412022
0.594529
0.292078
0.238933
0.535949
0.194827
0.290848
0.201125
0.358414
0.473697
0.333414
0.336955
0.413512
0.327108
0.545238
0.469338
0.984397
0.140206
0.848769
0.032180
0.592361
0.293161
0.109226
0.215823
0.451444
0.276739
0.306776
0.171684
0.521092
0.185182
0.441601
0.603767
0.331846
0.280882
0.461145
0.190011
0.276587
0.084932
0.344105
0.284065
0.091007
0.928710
0.929710
0.378644
0.034456
0.285594
0.152680
0.483626
0.317409
0.253694
0.196039
0.425043
0.480062
0.289598
0.365956
0.449550
0.474595
0.563287
0.540495
0.502093
0.436796
0.355334
0.189160
0.036572
0.991185
0.208609
0.501143
0.263318
0.192770
0.360718
0.248056
0.563743
0.334444
0.049078
1.066100
0.100041
0.054802
0.157944
0.441695
0.318291
0.729543
0.143926
0.301214
0.635523
0.739927
0.096643
0.299156
1.445108
0.322464
0.431222
0.787779
0.199534
0.025684
0.414634
0.264080
0.388341
0.878393
0.320908
1.031391
0.999885
1.504858
1.183904
0.212418
0.956661
0.419875
1.200951
1.434239
0.598373
0.518189
0.447767
0.770267
0.944218
1.003523
1.592926
0.829045
1.281969
0.414602
1.332385
0.905321
0.978101
0.530726
0.599257
1.257970
1.504783
1.147999
1.426367
