12.995469
12.943067
12.830656
12.718581
13.031198
12.565647
13.025241
12.524121
13.248440
12.718392
12.517874
13.354376
13.050562
12.812059
12.676865
12.832409
12.874144
12.645441
12.665886
12.395127
12.536900
12.849287
12.996268
13.215166
12.519991
12.354972
12.790846
12.851929
12.252096
12.180255
12.339010
12.230935
12.971354
12.576967
12.348263
12.299958
12.637033
12.919918
12.868647
12.720680
12.469335
12.320513
12.708362
12.301169
12.734520
12.500044
12.366054
12.669049
11.708577
12.618046
12.552134
12.510103
12.352269
12.468474
12.293209
12.555614
12.479123
12.681117
12.818260
12.489631
12.595064
12.370277
12.473245
12.695312
12.319400
12.169568
12.572991
12.528105
12.212854
12.379055
12.905973
12.337590
12.365590
12.654620
12.475231
12.429318
12.888936
12.290592
12.876692
12.581298
12.801853
12.476892
12.756003
12.007864
11.922447
12.667706
12.224843
12.323901
12.530946
12.004366
12.784679
12.304412
12.262337
12.172452
12.492686
12.767886
12.822915
12.488244
12.315982
12.626703
12.307014
12.825666
12.396580
12.295304
12.503499
12.819567
11.906329
11.905925
12.785974
12.903231
12.247365
12.443606
12.502852
12.246101
12.272091
12.220093
12.102445
12.743533
12.385749
12.082414
12.296922
12.094000
12.715380
12.329445
12.142104
12.496408
12.357222
12.531505
12.400905
12.865973
12.869980
12.347381
12.498733
12.579181
12.463000
12.586781
12.674119
12.696540
12.868482
12.392509
12.444901
12.311562
12.952330
12.271574
12.726137
12.624874
12.319292
12.533949
11.978459
12.595792
12.511579
12.550766
12.258234
12.982044
12.495531
12.699501
12.560675
12.128496
12.691702
12.308678
12.196282
12.380368
12.386635
11.994846
12.062687
12.054152
12.164059
12.303467
12.075381
12.510062
12.839127
12.570431
12.349898
12.446405
12.386341
12.557347
12.493575
12.081183
12.869517
12.169065
12.516432
12.276232
12.075374
12.224998
12.503557
12.664287
12.334190
12.639206
12.467525
12.550697
12.670019
12.548072
12.366900
12.562669
12.510269
12.159195
12.396718
12.253219
12.598505
12.191416
11.998233
12.619325
12.020714
11.948627
11.766736
11.902754
12.893758
11.931253
12.497806
12.432622
12.052205
12.274331
12.053409
11.892966
12.138313
12.343315
12.715469
12.317167
12.129545
12.293427
12.395275
12.028119
12.733308
11.926508
12.589625
12.380566
12.148437
12.073858
12.241207
12.648647
11.985620
12.201244
12.300191
12.370792
12.296155
11.912723
12.071438
12.605325
11.952643
12.410685
12.324674
12.098864
12.084029
12.289641
11.961252
12.088132
12.400544
12.009177
12.049484
12.702655
12.130367
11.886720
11.837486
12.420194
12.096347
12.790757
12.463425
11.973997
12.723455
12.408930
12.080247
12.015277
12.041421
11.896484
12.300712
12.538949
11.927634
11.898528
12.086512
12.263139
12.602453
11.742476
12.707747
11.807360
12.212173
12.451187
11.981464
11.996532
12.422770
12.004293
12.274897
12.470667
12.105204
12.241933
12.288999
12.009829
12.414262
12.659469
12.225167
12.011142
12.292620
11.652357
12.210075
12.441759
12.378826
12.610196
12.076620
12.016176
12.184341
12.242710
11.950593
11.908307
11.962136
11.771602
12.576273
11.945718
11.984302
12.648695
12.358974
12.640488
12.273911
12.267914
12.402375
11.991344
12.300486
12.278288
12.278304
12.266810
12.012468
12.529725
11.900640
12.043409
12.170544
12.537616
11.836289
12.040467
12.586854
12.128886
12.410266
12.126122
12.016913
12.073052
12.223486
12.112397
11.501517
12.538699
12.050256
12.015122
11.974161
12.034123
12.448408
12.131927
12.019026
11.911867
11.986183
12.307649
11.663593
12.436708
12.480256
12.427257
12.316221
12.204935
12.510532
12.054688
12.503368
12.011966
12.720810
12.199674
12.004284
12.822747
12.525582
12.291869
12.158365
12.310225
12.351285
12.126966
12.147013
11.882113
12.021253
12.325721
12.469141
12.684548
12.004037
11.842633
12.268683
12.329058
11.741092
11.672030
11.825768
11.721794
12.444426
12.058625
11.836084
11.788094
12.117912
12.394283
12.344560
12.199868
11.954021
11.807991
12.187404
11.789035
12.213867
11.983541
11.852436
12.148909
11.209032
12.100805
12.035271
11.993983
11.838589
11.953834
11.781567
12.038206
11.964234
12.160645
12.295380
11.974446
12.076657
11.857718
11.957530
12.174338
11.808405
11.660879
12.054741
12.011688
11.703236
11.867286
12.383833
11.825961
11.853538
12.136662
11.961593
11.914775
12.365563
11.779565
12.354073
12.064167
12.279670
11.962072
12.235710
11.503831
11.419911
12.149094
11.715552
11.812895
12.015427
11.500423
12.263369
11.793878
11.752940
11.665183
11.978798
12.248431
12.301092
11.973220
11.805688
12.108418
11.797766
12.304083
11.884890
11.784812
11.990485
12.300539
11.406956
11.405179
12.265797
12.380573
11.738376
11.930120
11.988524
11.737457
11.763247
11.712750
11.597375
12.224006
11.874168
11.578858
11.787892
11.589868
12.196465
11.819785
11.635297
11.983399
11.846394
12.016993
11.889071
12.344902
12.348269
11.836516
11.985311
12.063246
11.950158
12.071625
12.155917
12.178791
12.347353
11.881682
11.932618
11.803398
12.429459
11.762658
12.207220
12.109436
11.810655
12.020286
11.478369
12.080300
11.998315
12.037239
11.750340
12.459737
11.982884
12.182308
12.046683
11.623517
12.176934
11.799496
11.689623
11.870358
11.876447
11.493763
11.559610
11.550555
11.660263
11.794449
11.573065
11.997384
12.320521
12.056176
11.840751
11.936285
11.876713
12.043315
11.981665
11.578611
12.349188
11.663479
12.004110
11.769213
11.572469
11.718368
11.991179
12.149401
11.825737
12.124512
11.958147
12.037807
12.154248
12.036022
11.857508
12.049438
11.997989
11.655910
11.886902
11.747447
12.084915
11.687219
11.497979
12.104360
11.519632
11.448118
11.271477
11.404282
12.375062
11.431845
11.985551
11.923115
11.551178
11.767845
11.551998
11.394941
11.634683
11.836687
12.199071
11.809800
11.626080
11.786643
11.885727
11.529026
12.216703
11.427523
12.076669
11.871137
11.644783
11.572855
11.736127
12.135151
11.485448
11.696691
11.793127
11.862686
11.789867
11.414886
11.571120
12.092581
11.455445
11.902538
11.818892
11.596828
11.582506
11.783469
11.463305
11.586535
11.891654
11.510643
11.549409
12.187302
11.628438
11.389624
11.341902
11.912348
11.594881
12.273939
11.954526
11.475791
12.209036
11.900959
11.579874
11.516088
11.540578
11.399670
11.796421
12.028316
11.430649
11.401587
11.586035
11.758449
12.090934
11.248865
12.193485
11.313673
11.709917
11.944001
11.483278
11.498163
11.914956
11.505203
11.771366
11.961834
11.605288
11.738589
11.784165
11.511484
11.907187
12.146694
11.721105
11.512532
11.788193
11.162999
11.706863
11.933514
11.873072
12.099399
11.576798
11.518156
11.680695
11.739627
11.454075
11.412105
11.465303
11.278380
12.065763
11.449070
11.486842
12.136882
11.853630
12.129572
11.769780
11.765038
11.896893
11.493502
11.795966
11.774355
11.774582
11.763565
11.515817
12.021309
11.406500
11.545910
11.670479
12.028803
11.342327
11.541703
12.077507
11.628734
11.905432
11.625735
11.518812
11.575010
11.722257
11.612657
11.014997
12.030371
11.553000
11.518012
11.477876
11.536152
11.942550
11.632181
11.522156
11.417351
11.489292
11.805231
11.174634
11.930771
11.974177
11.921667
11.813183
11.703765
12.003403
11.557935
11.996552
11.515479
12.209521
11.697838
11.507961
12.309169
12.018832
11.790206
11.658607
11.807197
11.847877
11.628128
11.647915
11.389003
11.525763
11.822582
11.962695
12.174638
11.508741
11.351034
11.767473
11.827176
11.251034
11.184789
11.333610
11.233677
11.938946
11.561495
11.345157
11.297458
11.620261
11.890211
11.842028
11.700631
11.460140
11.316895
11.688079
11.298315
11.714789
11.488610
11.360388
11.650427
10.730718
11.605136
11.539996
11.499455
11.346392
11.460751
11.291437
11.542401
11.470924
11.661922
11.794157
11.480864
11.579937
11.366612
11.463392
11.675091
11.318992
11.173686
11.558185
11.516866
11.215053
11.376983
11.883403
11.335853
11.363035
11.640353
11.469507
11.421840
11.863996
11.290061
11.853198
11.568727
11.779167
11.468788
11.737038
11.021083
10.938719
11.652089
11.227728
11.323295
11.521387
11.017793
11.763679
11.304793
11.264935
11.179317
11.486406
11.750559
11.800971
11.479701
11.316797
11.611689
11.310040
11.804365
11.394683
11.295764
11.498940
11.803107
10.928802
10.925671
11.767311
11.879622
11.250848
11.438177
11.495730
11.250231
11.275787
11.226870
11.113634
11.726024
11.383957
11.096550
11.300269
11.107043
11.699089
11.331553
11.149817
11.491911
11.356987
11.523957
11.398621
11.845505
11.848256
11.347014
11.493392
11.568916
11.458730
11.577947
11.659234
11.682580
11.847857
11.392279
11.441694
11.316586
11.928140
11.275053
11.709981
11.615552
11.323310
11.528051
10.999420
11.586218
11.506491
11.545155
11.263724
11.959022
11.491671
11.686563
11.554116
11.139917
11.683727
11.311728
11.204266
11.381715
11.387674
11.013732
11.077756
11.068104
11.177675
11.306718
11.091913
11.506052
11.823464
11.563396
11.352876
11.447414
11.388464
11.550717
11.491080
11.097257
11.850423
11.179158
11.513208
11.283444
11.090707
11.233047
11.500249
11.655926
11.338568
11.631273
11.470229
11.546265
11.659931
11.545301
11.369375
11.557536
11.507036
11.173764
11.398390
11.262987
11.592664
11.204280
11.018819
11.610745
11.039747
10.968657
10.797179
10.926874
11.877852
10.953547
11.494661
11.434923
11.071261
11.282641
11.071694
10.917940
11.152198
11.351254
11.704129
11.323642
11.143725
11.301074
11.397389
11.051032
11.721522
10.949588
11.585093
11.382985
11.162271
11.092992
11.252122
11.642966
11.006342
11.213325
11.307242
11.375772
11.304743
10.938055
11.091862
11.601107
10.979175
11.415628
11.334230
11.115921
11.102109
11.298469
10.986322
11.105926
11.404008
11.033141
11.070334
11.693272
11.147640
10.913462
10.867160
11.425765
11.114466
11.778536
11.466808
10.998521
11.715996
11.414075
11.100528
11.037888
11.060731
10.923867
11.313276
11.538935
10.954642
10.925621
11.106546
11.274879
11.600656
10.776070
11.700492
10.840917
11.228700
11.457936
11.005966
11.020748
11.428367
11.027036
11.288894
11.474185
11.126289
11.256243
11.300436
11.034075
11.421365
11.655069
11.238180
11.034801
11.304841
10.694359
11.224752
11.446448
11.388418
11.609803
11.097982
11.041080
11.198029
11.257495
10.978345
10.936786
10.989361
10.805975
11.576509
10.973321
11.010187
11.646189
11.369359
11.639822
11.286685
11.283174
11.412524
11.016613
11.312533
11.291488
11.291820
11.281281
11.040138
11.534122
10.933139
11.069283
11.191228
11.541142
10.869223
11.063890
11.589290
11.149477
11.421548
11.146350
11.041594
11.097854
11.241971
11.133882
10.549022
11.543128
11.076585
11.041817
11.002505
11.059064
11.457797
11.153356
11.046155
10.943587
11.013281
11.323734
10.706328
11.445893
11.489158
11.437152
11.331143
11.223452
11.517312
11.081980
11.510736
11.039833
11.719404
11.216983
11.032397
11.816717
11.533126
11.309462
11.179816
11.325170
11.365487
11.150197
11.169700
10.916646
11.051025
11.340405
11.477249
11.685814
11.034209
10.880157
11.287155
11.346222
10.781603
10.718121
10.862125
10.766192
11.454548
11.085222
10.874891
10.827439
11.143420
11.407117
11.360433
11.222178
10.986985
10.846455
11.209527
10.828291
11.236544
11.014400
10.889003
11.172772
10.272869
11.130264
11.065569
11.025642
10.874938
10.988336
10.821951
11.067324
10.998300
11.183990
11.313807
11.008028
11.103961
10.896214
10.989995
11.196612
10.850106
10.706918
11.082372
11.042714
10.747431
10.907269
11.403812
10.866385
10.893104
11.164770
10.998073
10.949510
11.383189
10.821206
11.373160
11.093926
11.299470
10.996212
11.259189
10.558829
10.477967
11.175797
10.760448
10.854277
11.048028
10.555640
11.284807
10.836297
10.797425
10.713914
11.014671
11.273468
11.321622
11.006845
10.848454
11.135750
10.842789
11.325320
10.925070
10.827250
11.027988
11.326329
10.470936
10.466534
11.289560
11.399526
10.783786
10.966872
11.023561
10.783496
10.808803
10.761340
10.650334
11.248776
10.914359
10.634614
10.833132
10.644605
11.222474
10.863820
10.684775
11.020927
10.888062
11.051530
10.928779
11.366738
11.368898
10.878022
11.022003
11.095117
10.987838
11.104869
11.183283
11.207042
11.369081
10.923347
10.971373
10.850219
11.447620
10.807963
11.233354
11.142182
10.856456
11.056461
10.540744
11.112761
11.035270
11.073646
10.797608
11.479094
11.020983
11.211392
11.082114
10.676585
11.211017
10.844412
10.739304
10.913575
10.919303
10.554029
10.616191
10.606090
10.715404
10.839437
10.631062
11.035188
11.347069
11.091116
10.885492
10.979034
10.920653
11.078636
11.020981
10.636172
11.372343
10.715182
11.042772
10.818067
10.629249
10.768024
11.029749
11.183060
10.871876
11.158566
11.002601
11.075266
11.186159
11.075059
10.901710
11.086205
11.036607
10.711897
10.930305
10.798834
11.120894
10.741563
10.559935
11.137646
10.580002
10.509469
10.342998
10.469625
11.401252
10.495403
11.024133
10.967096
10.611577
10.817725
10.611553
10.461072
10.689988
10.886166
11.229680
10.857870
10.681642
10.835777
10.929547
10.593168
11.246875
10.491796
11.113934
10.915227
10.700030
10.633217
10.788418
11.171288
10.547367
10.750234
10.841691
10.909224
10.839905
10.481455
10.632800
11.130085
10.523001
10.948990
10.869852
10.655132
10.641888
10.833762
10.529445
10.645570
10.936742
10.575706
10.611465
11.219728
10.686985
10.457425
10.412528
10.959460
10.654223
11.303606
10.999400
10.541371
11.243360
10.947611
10.641243
10.579827
10.601081
10.468074
10.850334
11.069901
10.498667
10.469688
10.647230
10.811533
11.130742
10.323323
11.227904
10.388108
10.767639
10.992063
10.548786
10.563403
10.962020
10.568968
10.826652
11.006786
10.667414
10.794079
10.836928
10.576710
10.955770
11.183914
10.775394
10.577195
10.841696
10.245605
10.762818
10.979650
10.923923
11.140483
10.639201
10.584065
10.735554
10.795543
10.522653
10.481483
10.533404
10.353526
11.107490
10.517574
10.553650
11.175833
10.905277
11.170375
10.823771
10.821438
10.948318
10.559746
10.849251
10.828785
10.829288
10.819248
10.584375
11.067127
10.479790
10.612672
10.732143
11.073756
10.415975
10.606097
11.121317
10.690325
10.957910
10.687000
10.584364
10.640628
10.781836
10.675153
10.102883
11.076177
10.620128
10.585569
10.547099
10.601978
10.993131
10.694574
10.590084
10.489815
10.557241
10.862389
10.257839
10.981171
11.024302
10.972750
10.869171
10.763254
11.051344
10.625968
11.045113
10.584079
11.249558
10.756121
10.576810
11.344633
11.067574
10.848748
10.721051
10.863212
10.903175
10.692154
10.711459
10.464161
10.596263
10.878263
11.011926
11.217326
10.579631
10.429034
10.826914
10.885332
10.332019
10.271225
10.410503
10.318484
10.990155
10.628903
10.424412
10.377262
10.686475
10.944045
10.898813
10.763704
10.533738
10.395826
10.750989
10.378040
10.778308
10.560021
10.437421
10.715059
9.834436
10.675231
10.610885
10.571674
10.423256
10.535791
10.372212
10.612150
10.545484
10.725936
10.853448
10.554930
10.647877
10.445526
10.536384
10.738142
10.400990
10.259916
10.626394
10.588458
10.299534
10.457353
10.944228
10.416607
10.442935
10.709066
10.546420
10.496974
10.922505
10.371999
10.913133
10.639006
10.839802
10.543365
10.801181
10.116110
10.036681
10.719338
10.312796
10.405028
10.594484
10.113003
10.825855
10.387453
10.349662
10.268149
10.562664
10.816213
10.862200
10.553829
10.399838
10.679565
10.395203
10.866225
10.475127
10.378439
10.576770
10.869527
10.032467
10.026833
10.831689
10.939243
10.336415
10.515258
10.571096
10.336369
10.361520
10.315516
10.206623
10.791407
10.464434
10.192259
10.385659
10.201726
10.765616
10.415717
10.239346
10.569741
10.438861
10.598827
10.478515
10.907891
10.909521
10.428699
10.570331
10.641074
10.536674
10.651575
10.727089
10.751313
10.910152
10.474115
10.520643
10.403489
10.987020
10.360411
10.776550
10.688583
10.409185
10.604482
10.101491
10.659021
10.583667
10.621784
10.351066
11.019002
10.569919
10.756050
10.629830
10.232800
10.758076
10.396661
10.293818
10.464998
10.470572
10.113804
10.174104
10.163507
10.272673
10.391726
10.189706
10.584077
10.890373
10.638560
10.437659
10.530205
10.472400
10.626244
10.570559
10.194506
10.914021
10.270700
10.591928
10.372200
10.187181
10.322574
10.578869
10.729803
10.424638
10.705497
10.554561
10.623854
10.732108
10.624469
10.453583
10.634479
10.585709
10.269456
10.481771
10.354140
10.668759
10.298357
10.120372
10.684237
10.139644
10.069602
9.908082
10.031728
10.944363
10.056565
10.573253
10.518816
10.171218
10.372307
10.170881
10.023611
10.247189
10.440578
10.774962
10.411551
10.239025
10.389978
10.481112
10.154647
10.791890
10.053376
10.662284
10.466957
10.257255
10.192867
10.344155
10.719181
10.107759
10.306524
10.395582
10.462194
10.394543
10.044005
10.193027
10.678647
10.086063
10.501860
10.424934
10.213772
10.200979
10.388477
10.091931
10.204533
10.488888
10.137532
10.171874
10.765759
10.245770
10.020602
9.977055
10.512589
10.213263
10.848270
10.551525
10.103486
10.790340
10.500545
10.201344
10.140992
10.160680
10.031566
10.406758
10.620317
10.061949
10.033006
10.207217
10.367527
10.680366
9.889682
10.774899
9.954475
10.325924
10.545702
10.110800
10.125320
10.515119
10.130242
10.383770
10.558873
10.227864
10.351281
10.392804
10.138581
10.509567
10.732262
10.331927
10.138724
10.397886
9.815868
10.320167
10.532220
10.478834
10.690687
10.199671
10.146220
10.292445
10.352876
10.086125
10.045360
10.096603
9.920156
10.657958
10.081023
10.116231
10.725006
10.460517
10.720406
10.380164
10.379019
10.503460
10.122060
10.405315
10.385320
10.385987
10.376426
10.147797
10.619558
10.045484
10.175253
10.292279
10.625728
9.981847
10.167518
10.672772
10.250340
10.513578
10.246861
10.146307
10.202664
10.340820
10.235557
9.675673
10.628557
10.182831
10.148499
10.110776
10.163993
10.547859
10.255029
10.153201
10.055074
10.120317
10.420204
9.828298
10.535791
10.578736
10.527624
10.426432
10.322254
10.604714
10.189123
10.598799
10.147453
10.799146
10.314502
10.140326
10.891948
10.621368
10.407263
10.281403
10.420513
10.460044
10.253326
10.272383
10.030668
10.160500
10.435316
10.565932
10.768093
10.144073
9.996905
10.385812
10.443627
9.901318
9.843197
9.977874
9.889658
10.545104
10.191635
9.992932
9.946074
10.248690
10.500227
10.456484
10.324378
10.099452
9.964131
10.311578
9.946755
10.339124
10.124725
10.004812
10.276417
9.414734
10.239261
10.175317
10.136734
9.990597
10.102205
9.941397
10.175969
10.111715
10.287063
10.412210
10.120861
10.210850
10.013810
10.101796
10.298774
9.970767
9.831717
10.189465
10.153224
9.870483
10.026330
10.503690
9.985791
10.011692
10.272386
10.113656
10.063423
10.480837
9.941695
10.472150
10.203090
10.399120
10.109528
10.362318
9.692120
9.614131
10.282007
9.884026
9.974609
10.159842
9.689131
10.385965
9.957503
9.920697
9.841162
10.129647
10.378028
10.421845
10.119720
9.970082
10.242454
9.966438
10.426206
10.044136
9.948399
10.144493
10.431675
9.612740
9.605792
10.392873
10.498130
9.907807
10.082517
10.137590
9.908049
9.933004
9.888389
9.781593
10.353025
10.033349
9.768544
9.956943
9.777535
10.327857
9.986435
9.812629
10.137379
10.008443
10.165042
10.047207
10.468083
10.469157
9.998161
10.137590
10.206048
10.104362
10.217151
10.289911
10.314569
10.470294
10.043690
10.088813
9.975453
10.545475
9.931679
10.338720
10.253884
9.980699
10.171398
9.680834
10.224211
10.150945
10.188742
9.923221
10.578020
10.137793
10.319616
10.196406
9.807692
10.324011
9.967697
9.867164
10.035206
10.040651
9.692078
9.750692
9.739533
9.848547
9.962753
9.766912
10.151672
10.452697
10.204839
10.008554
10.100176
10.042951
10.192721
10.138932
9.771495
10.474715
9.844899
10.159935
9.945087
9.763792
9.895759
10.146817
10.295445
9.996188
10.271288
10.125333
10.191281
10.296852
10.192608
10.024219
10.201507
10.153646
9.845698
10.051948
9.928124
10.235463
9.873696
9.699363
10.249712
9.717922
9.648313
9.491633
9.612297
10.506449
9.636268
10.141158
10.089289
9.749452
9.945543
9.748781
9.604518
9.822992
10.013603
10.339099
9.983916
9.814902
9.962863
10.051435
9.734654
10.355798
9.633351
10.229517
10.037399
9.832997
9.771027
9.918482
10.285805
9.686736
9.881443
9.968159
10.033765
9.967815
9.625076
9.771807
10.245992
9.667588
10.073404
9.998592
9.790901
9.778635
9.961811
9.672800
9.782035
10.059751
9.717864
9.750789
10.330636
9.822999
9.602216
9.560027
10.084389
9.790877
10.411809
10.122264
9.684060
10.356015
10.072124
9.779890
9.720703
9.738846
9.613482
9.981730
10.189528
9.643633
9.614716
9.785638
9.942130
10.248677
9.474394
10.340627
9.539169
9.902716
10.117899
9.691300
9.705654
10.086811
9.709892
9.959368
10.129609
9.806796
9.926994
9.967191
9.718897
10.081961
10.299309
9.907084
9.718809
9.972613
9.404432
9.896043
10.103486
10.052295
10.259521
9.778598
9.726794
9.867789
9.928723
9.668023
9.627575
9.678257
9.505080
10.227040
9.662797
9.697220
10.292814
10.034328
10.289062
9.955081
9.955019
10.077208
9.702748
9.979849
9.960422
9.961252
9.952104
9.729555
10.190571
9.629542
9.756203
9.870844
10.196292
9.566050
9.747260
10.242841
9.828785
10.087717
9.825135
9.726642
9.782996
9.918338
9.814441
9.266619
10.199520
9.763918
9.729782
9.692761
9.744450
10.121012
9.833761
9.734668
9.638660
9.701728
9.996488
9.416923
10.108871
10.151646
10.101027
10.002187
9.899632
10.176661
9.770593
10.171003
9.729178
10.367291
9.891305
9.722145
10.457891
10.193666
9.984223
9.860154
9.996183
10.035385
9.832837
9.851696
9.615475
9.743072
10.010887
10.138386
10.337413
9.726847
9.583009
9.963104
10.020349
9.488815
9.433321
9.563445
9.478933
10.118498
9.772701
9.579646
9.533016
9.829170
10.074842
10.032537
9.903332
9.683456
9.550617
9.890533
9.533641
9.918283
9.707672
9.590380
9.856080
9.012959
9.821541
9.757965
9.720045
9.576084
9.686804
9.528719
9.758173
9.696102
9.866492
9.989349
9.705021
9.792076
9.600278
9.685424
9.877683
9.558683
9.421658
9.770803
9.736176
9.459520
9.613426
10.081505
9.573039
9.598589
9.853951
9.699135
9.648069
10.057518
9.529484
10.049583
9.785373
9.976878
9.693876
9.941675
9.286088
9.209559
9.862810
9.473305
9.562295
9.743498
9.283195
9.964397
9.545603
9.509770
9.432218
9.714743
9.958080
9.999839
9.703715
9.558349
9.823522
9.555737
10.004434
9.631124
9.536550
9.730293
10.012052
9.210759
9.202617
9.972254
10.075268
9.497237
9.667904
9.722221
9.497737
9.522496
9.479290
9.374531
9.932920
9.620316
9.362752
9.546289
9.371243
9.908208
9.575228
9.403914
9.723117
9.596107
9.749390
9.633913
10.046506
10.047013
9.585743
9.722924
9.789080
9.690149
9.800931
9.870911
9.895932
10.048594
9.631275
9.675051
9.565429
10.122170
9.520951
9.919048
9.837370
9.570207
9.756385
9.278006
9.807492
9.736278
9.773892
9.513371
10.155213
9.723702
9.901340
9.781074
9.400496
9.908006
9.556725
9.458405
9.623446
9.628707
9.288256
9.345090
9.333485
9.442317
9.551831
9.361976
9.737376
10.033128
9.789212
9.597447
9.688191
9.631454
9.777252
9.725344
9.366273
10.053499
9.436977
9.745958
9.535840
9.358206
9.486932
9.732790
9.879179
9.585655
9.855158
9.713988
9.776708
9.879770
9.778810
9.612817
9.786653
9.739572
9.439747
9.640101
9.519951
9.820203
9.466931
9.296159
9.833176
9.313907
9.244798
9.092844
9.210623
10.086535
9.233759
9.727036
9.677707
9.345452
9.536644
9.344393
9.203220
9.416606
9.604523
9.921230
9.574188
9.408649
9.553586
9.639712
9.332317
9.937731
9.231111
9.814736
9.625724
9.426590
9.366930
9.510674
9.870503
9.283362
9.474198
9.558613
9.623245
9.558950
9.223795
9.368294
9.831263
9.266896
9.662812
9.590129
9.385830
9.374035
9.552977
9.271338
9.377277
9.648493
9.315912
9.347389
9.913497
9.417983
9.201502
9.160630
9.674078
9.386209
9.993382
9.710897
9.282316
9.939790
9.661580
9.376173
9.318048
9.334734
9.212924
9.574518
9.776567
9.242949
9.214104
9.381782
9.534504
9.834878
9.076692
9.924384
9.141437
9.497217
9.707921
9.289410
9.303657
9.676350
9.307236
9.552703
9.718232
9.403373
9.520452
9.559347
9.316864
9.672158
9.884257
9.499945
9.316451
9.565096
9.010419
9.489648
9.692532
9.643548
9.846302
9.375196
9.324967
9.460943
9.522301
9.267477
9.227413
9.277477
9.107592
9.814053
9.262194
9.295835
9.878516
9.625878
9.875618
9.547702
9.548768
9.668642
9.301068
9.572131
9.553227
9.554141
9.545537
9.328867
9.779352
9.231091
9.354714
9.467031
9.784643
9.167789
9.344673
9.830729
9.424866
9.679588
9.421070
9.324601
9.381006
9.513446
9.410954
8.874895
9.788254
9.362543
9.328643
9.292356
9.342480
9.711996
9.430234
9.333693
9.239758
9.300723
9.590523
9.022989
9.699731
9.742364
9.692154
9.595605
9.494681
9.766307
9.369617
9.760985
9.328413
9.953313
9.485755
9.321537
10.041747
9.783629
9.578759
9.456478
9.589538
9.628469
9.429953
9.448557
9.217690
9.343150
9.604095
9.728621
9.924572
9.327037
9.186544
9.558006
9.614668
9.093760
9.040735
9.166449
9.085617
9.709592
9.371252
9.183728
9.137421
9.427217
9.667115
9.626221
9.499889
9.284864
9.154510
9.487019
9.137876
9.515011
9.308073
9.193373
9.453321
8.628337
9.421280
9.358094
9.320860
9.179008
9.288898
9.133448
9.357738
9.297950
9.463416
9.584151
9.306598
9.390851
9.204076
9.286496
9.474163
9.163899
9.028874
9.369678
9.336602
9.065882
9.217913
9.676888
9.177694
9.202845
9.453003
9.301978
9.250093
9.651855
9.134620
9.644472
9.385129
9.572136
9.295580
9.538646
8.897289
8.822092
9.461185
9.079872
9.167343
9.344471
8.894457
9.560334
9.151059
9.116190
9.040571
9.317198
9.555635
9.595311
9.305194
9.163961
9.422125
9.162291
9.600190
9.235562
9.141942
9.333452
9.609894
8.825933
8.816597
9.569161
9.669978
9.104009
9.270687
9.324189
9.104744
9.129289
9.087426
8.984657
9.530266
9.224658
8.974182
9.152858
8.982168
9.506081
9.181235
9.012411
9.326198
9.201059
9.351063
9.237955
9.642434
9.642402
9.190585
9.325563
9.389545
9.293264
9.401992
9.469311
9.494759
9.644447
9.236211
9.278577
9.172685
9.716359
9.127435
9.516856
9.438121
9.176908
9.358735
8.892263
9.408154
9.338950
9.376286
9.120723
9.749934
9.326893
9.500442
9.383041
9.010416
9.509355
9.162951
9.066817
9.228928
9.234062
8.901451
8.956611
8.944527
9.053195
9.158078
8.974183
9.340354
9.630955
9.390878
9.203580
9.293397
9.237184
9.379045
9.329001
8.978195
9.649828
9.046208
9.349295
9.143762
8.969745
9.095176
9.336014
9.480186
9.192311
9.456357
9.319889
9.379425
9.479918
9.382214
9.218560
9.389033
9.342792
9.050838
9.245477
9.128944
9.422209
9.077268
8.909959
9.433977
8.926996
8.858294
8.710956
8.825933
9.684111
8.848269
9.330186
9.283303
8.958461
9.144897
8.957077
8.818849
9.027314
9.212576
9.520751
9.181579
9.019462
9.161482
9.245145
8.947060
9.537019
8.845882
9.417200
9.231314
9.037216
8.979881
9.120010
9.472405
8.896976
9.084011
9.166198
9.229913
9.167173
8.839499
8.981778
9.433791
8.882945
9.269372
9.198770
8.997766
8.986498
9.161301
8.886858
8.989561
9.254382
8.930853
8.960997
9.513670
9.030008
8.817732
8.778114
9.280854
8.998561
9.592219
9.316655
8.897474
9.540679
9.268142
8.989413
8.932343
8.947576
8.829390
9.184310
9.380778
8.859209
8.830350
8.994942
9.143940
9.438310
8.695819
9.525362
8.760556
9.108720
9.315067
8.904452
8.918564
9.283015
8.921467
9.163070
9.323897
9.016845
9.130944
9.168566
8.931707
9.279422
9.486380
9.109754
8.931072
9.174629
8.633172
9.100280
9.298669
9.251880
9.450153
8.988723
8.940096
9.071022
9.132869
8.883794
8.844101
8.893563
8.726810
9.418128
8.878475
8.911366
9.481355
9.234503
9.479260
9.157320
9.159467
9.277116
8.916224
9.181447
9.163011
9.164098
9.155931
8.945111
9.385232
8.849437
8.970106
9.080158
9.390076
8.786269
8.958949
9.435636
9.037900
9.288478
9.033904
8.939384
8.995799
9.125499
9.024335
8.499824
9.394077
8.978032
8.944303
8.908738
8.957320
9.319944
9.043553
8.949506
8.857606
8.916521
9.201385
8.645706
9.307552
9.350050
9.300279
9.205956
9.106642
9.372988
8.985444
9.367964
8.944478
9.556371
9.097070
8.937689
9.642755
9.390709
9.190244
9.069715
9.199849
9.238361
9.043868
9.062292
8.836657
8.960039
9.214199
9.335802
9.528783
8.944080
8.806787
9.169794
9.225906
8.715317
8.664792
8.786174
8.708899
9.317581
8.986648
8.804480
8.758471
9.042060
9.276327
9.236761
9.113300
8.903044
8.775101
9.100370
8.758765
9.128553
8.925238
8.813077
9.067380
8.260125
9.037816
8.974972
8.938327
8.798554
8.907583
8.754812
8.974116
8.916455
9.077178
9.195704
8.924872
9.006346
8.824577
8.904277
9.087407
8.785773
8.652732
8.985273
8.953759
8.688867
8.839005
9.289075
8.798962
8.823730
9.068812
8.921482
8.868825
9.262983
8.756422
9.256285
9.001594
9.184184
8.914008
9.152315
8.524957
8.451133
9.076302
8.703022
8.788933
8.962251
8.522225
9.173096
8.773095
8.739177
8.665412
8.936367
9.169951
9.207600
8.923291
8.786122
9.037375
8.785441
9.212759
8.856552
8.763921
8.953236
9.224523
8.457438
8.446932
9.182793
9.281492
8.727235
8.890093
8.942826
8.728271
8.752623
8.712092
8.611261
9.144346
8.845572
8.601990
8.776009
8.609554
9.120664
8.803842
8.637398
8.945878
8.822574
8.969429
8.858558
9.255120
9.254560
8.811998
8.944849
9.006660
8.912961
9.019738
9.084429
9.110249
9.256993
8.857689
8.898693
8.796396
9.327332
8.750485
9.131308
9.055573
8.800167
8.977658
8.522855
9.025456
8.958253
8.995301
8.744586
9.361346
8.946669
9.116245
9.001593
8.636806
9.127288
8.785684
8.691680
8.850900
8.855848
8.531050
8.584510
8.571972
8.680490
8.780824
8.602703
8.959952
9.245453
9.009121
8.826183
8.915078
8.859428
8.997478
8.949175
8.606494
9.262770
8.671891
8.969107
8.768176
8.597610
8.719941
8.955795
9.097789
8.815454
9.074127
8.942296
8.998669
9.096745
9.002208
8.840850
9.008008
8.962543
8.678331
8.867373
8.754355
9.040807
8.704004
8.540021
9.051328
8.556360
8.488068
8.345284
8.457525
9.298272
8.479016
8.949837
8.905372
8.587798
8.769567
8.586081
8.450753
8.654384
8.837056
9.136817
8.805399
8.646654
8.785768
8.867035
8.577928
9.152870
8.476854
9.036128
8.853312
8.664213
8.609124
8.745621
9.090875
8.526917
8.710151
8.790151
8.852959
8.791807
8.471415
8.611539
9.052846
8.515355
8.892362
8.823716
8.626001
8.615188
8.785958
8.518575
8.618134
8.876715
8.562081
8.590875
9.130363
8.658279
8.450105
8.411758
8.904003
8.627189
9.207637
8.938878
8.528878
9.158177
8.891111
8.618932
8.562838
8.576643
8.462003
8.810456
9.001409
8.491634
8.462782
8.624318
8.769675
9.058171
8.331053
9.142776
8.395785
8.736507
8.938553
8.535725
8.549666
8.905991
8.551964
8.789699
8.945998
8.646607
8.757700
8.794068
8.562784
8.903076
9.105025
8.735983
8.561864
8.800440
8.271936
8.727147
8.921187
8.876505
9.070439
8.618485
8.571358
8.697449
8.759745
8.516287
8.476926
8.525797
8.362185
9.038632
8.510860
8.542977
9.100635
8.859372
9.099353
8.783257
8.786507
8.901878
8.547563
8.807003
8.789100
8.790286
8.782581
8.577444
9.007471
8.483886
8.601647
8.709421
9.011943
8.420866
8.589415
9.056947
8.667109
8.913630
8.662964
8.570318
8.626801
8.753755
8.653942
8.140699
9.016197
8.609646
8.576121
8.541261
8.588320
8.944177
8.673020
8.581460
8.491571
8.548473
8.828570
8.284393
8.931708
8.974022
8.924710
8.832538
8.734814
8.995978
8.617407
8.991222
8.576644
9.175811
8.724668
8.569998
9.260168
9.014014
8.817895
8.699051
8.826384
8.864553
8.673936
8.692138
8.471672
8.592933
8.840552
8.959288
9.149302
8.577185
8.443010
8.797771
8.853309
8.352863
8.304771
8.421900
8.348106
8.941889
8.618114
8.441300
8.395466
8.673020
8.901773
8.863501
8.742863
8.537246
8.411671
8.729810
8.395692
8.758285
8.558448
8.448771
8.697533
7.907661
8.670418
8.607909
8.571863
8.434141
8.542395
8.392129
8.606535
8.551031
8.707058
8.823425
8.559184
8.637893
8.461020
8.538075
8.716835
8.423599
8.292418
8.616923
8.586936
8.327741
8.476011
8.917427
8.436180
8.460570
8.700669
8.556931
8.503505
8.890253
8.394098
8.884180
8.634113
8.812428
8.548411
8.782124
8.168442
8.095895
8.707440
8.342073
8.426507
8.595917
8.165745
8.801930
8.411030
8.378043
8.306084
8.571449
8.800291
8.835987
8.557403
8.424199
8.668742
8.424438
8.841405
8.493432
8.401795
8.588917
8.855156
8.104682
8.093006
8.812531
8.909064
8.366383
8.525401
8.577455
8.367652
8.391770
8.352548
8.253647
8.774463
8.482354
8.245575
8.414979
8.252677
8.751265
8.442260
8.278215
8.581499
8.459976
8.603717
8.495098
8.883922
8.882760
8.449301
8.580009
8.639727
8.548573
8.653402
8.715515
8.741717
8.885659
8.494995
8.534705
8.435932
8.954426
8.389332
8.761787
8.688977
8.439237
8.612476
8.169126
8.658704
8.593415
8.630197
8.384254
8.988871
8.582314
8.747958
8.636093
8.278941
8.761165
8.424284
8.332333
8.488734
8.493533
8.176315
8.228145
8.215148
8.323458
8.419374
8.246935
8.595385
8.875937
8.643312
8.464593
8.552676
8.497479
8.631769
8.585247
8.250453
8.891758
8.313281
8.604822
8.408330
8.241213
8.360395
8.591434
8.731313
8.454370
8.707766
8.580472
8.633804
8.729432
8.638023
8.478910
8.642826
8.598149
8.321524
8.505026
8.395466
8.675273
8.346388
8.185763
8.684596
8.201360
8.133515
7.995158
8.104693
8.928416
8.125379
8.585378
8.543216
8.232758
8.409969
8.230699
8.098249
8.297122
8.477256
8.768829
8.444953
8.289474
8.425785
8.504729
8.224607
8.784596
8.123449
8.670952
8.491073
8.306874
8.253970
8.386986
8.725130
8.172434
8.352019
8.429873
8.491755
8.432115
8.118903
8.256907
8.687693
8.163269
8.531067
8.464394
8.269892
8.259486
8.426315
8.165842
8.262291
8.514785
8.208847
8.236328
8.762927
8.302233
8.098030
8.060914
8.542942
8.271413
8.838946
8.576798
8.175819
8.791489
8.529784
8.263999
8.208954
8.221346
8.110104
8.452240
8.637828
8.139561
8.110768
8.269254
8.411077
8.693774
7.981741
8.776098
8.046453
8.379889
8.577768
8.182509
8.196321
8.544747
8.197955
8.432021
8.583836
8.291899
8.400104
8.435274
8.209359
8.542370
8.739444
8.377782
8.208164
8.441890
7.926053
8.369644
8.559424
8.516807
8.706487
8.263746
8.218158
8.339460
8.402196
8.164260
8.125225
8.173532
8.012944
8.674865
8.158747
8.190124
8.735658
8.499899
8.735164
8.424786
8.429059
8.542298
8.194407
8.448234
8.430766
8.432082
8.424800
8.225236
8.645402
8.133780
8.248668
8.354285
8.649457
8.070855
8.235367
8.693968
8.311810
8.554409
8.307519
8.216767
8.273269
8.397556
8.299030
7.796844
8.654033
8.256714
8.223372
8.189210
8.234826
8.584010
8.318019
8.228880
8.140930
8.195834
8.471238
7.938409
8.571395
8.613620
8.564688
8.474689
8.378467
8.634590
8.264785
8.630114
8.224215
8.811003
8.367739
8.217669
8.893291
8.652952
8.461072
8.343893
8.468438
8.506286
8.319475
8.337497
8.122015
8.241302
8.482437
8.598372
8.785543
8.225656
8.094571
8.441259
8.496241
8.005691
7.959960
8.072949
8.002591
8.581783
8.265017
8.093366
8.047773
8.319416
8.542775
8.505789
8.387839
8.186795
8.063537
8.374749
8.047896
8.403442
8.207043
8.099775
8.343132
7.570254
8.318401
8.256204
8.220773
8.085047
8.192449
8.044698
8.254296
8.200905
8.352342
8.466668
8.208823
8.284856
8.112763
8.187226
8.361667
8.076635
7.947307
8.263971
8.235477
7.981849
8.128312
8.561213
8.088642
8.112684
8.347875
8.207748
8.153543
8.533002
8.047035
8.527529
8.281967
8.456045
8.198152
8.427282
7.827018
7.755771
8.353970
7.996319
8.079293
8.244950
7.824383
8.446198
8.064195
8.032093
7.961922
8.221800
8.446060
8.479793
8.206819
8.077518
8.315415
8.078626
8.485450
8.145581
8.054887
8.239980
8.501169
7.766903
7.754125
8.457607
8.552114
8.020683
8.176009
8.227295
8.022166
8.046123
8.008183
7.911142
8.419962
8.134403
7.904224
8.069145
7.910855
8.397217
8.095881
7.934159
8.232358
8.112584
8.253280
8.146829
8.527971
8.526412
8.101809
8.230473
8.288100
8.199420
8.302361
8.361948
8.388521
8.529670
8.147481
8.185962
8.090622
8.596930
8.043354
8.407641
8.337643
8.093472
8.262601
7.830382
8.307217
8.243806
8.280368
8.039052
8.631788
8.233152
8.395027
8.285814
7.936149
8.410310
8.077995
7.988086
8.141708
8.146369
7.836576
7.886827
7.873360
7.981524
8.073081
7.906199
8.246036
8.521744
8.292676
8.118176
8.205384
8.150674
8.281323
8.236517
7.909404
8.536055
7.969747
8.255731
8.063589
7.899828
8.015996
8.242241
8.380055
8.108410
8.356662
8.233781
8.284153
8.377403
8.288989
8.132115
8.292815
8.248932
7.979712
8.157818
8.051663
8.324935
8.003858
7.846453
8.333124
7.861358
7.793932
7.659893
7.766813
8.573820
7.786650
8.236009
8.196220
7.892701
8.065420
7.890289
7.760642
7.954865
8.132537
8.416058
8.099624
7.947336
8.080880
8.157557
7.886012
8.431602
7.784949
8.320911
8.143963
7.964535
7.913795
8.043388
8.374630
7.832901
8.008869
8.084634
8.145629
8.087491
7.781273
7.917213
8.337723
7.826078
8.184873
8.120128
7.928729
7.918751
8.081732
7.828023
7.921423
8.167925
7.870514
7.896698
8.410674
7.961119
7.760829
7.724927
8.196902
7.930591
8.485462
8.229822
7.837664
8.439952
8.183520
7.924019
7.869945
7.880981
7.773072
8.109035
8.289359
7.802353
7.773567
7.929121
8.067457
8.344541
7.647215
8.424543
7.711894
8.038234
8.232002
7.844164
7.857859
8.198512
7.858879
8.089289
8.236672
7.952106
8.057449
8.091429
7.870818
8.196717
8.388932
8.034534
7.869359
8.098312
7.594881
8.027096
8.212667
8.172063
8.357628
7.923914
7.879818
7.996436
8.059545
7.827051
7.788334
7.836082
7.678492
8.326160
7.821463
7.852123
8.385804
8.155397
8.386045
8.081279
8.086566
8.197683
7.856056
8.104383
8.087351
8.088838
8.081974
7.887829
8.298322
7.798398
7.910524
8.013982
8.301974
7.735620
7.896164
8.346002
7.971411
8.210135
7.966933
7.878062
7.934566
8.056259
7.958954
7.467597
8.306828
7.918627
7.885441
7.851959
7.896118
8.238832
7.977888
7.891088
7.805035
7.858031
8.128798
7.607049
8.226099
8.268171
8.219648
8.131722
8.037024
8.288192
7.926942
8.283970
7.886632
8.461214
8.025697
7.880168
8.541524
8.306852
8.119151
8.003596
8.125393
8.162927
7.979874
7.997634
7.787100
7.904387
8.139239
8.252398
8.436740
7.888893
7.760817
8.099596
8.154045
7.673199
7.629794
7.738723
7.671688
8.236557
7.926679
7.760082
7.714740
7.980567
8.198637
8.162945
8.047635
7.851072
7.730064
8.034472
7.714746
8.063350
7.870335
7.765465
8.003510
7.247292
7.981097
7.919261
7.884374
7.750625
7.857251
7.711921
7.916822
7.865481
8.012427
8.124717
7.873144
7.946578
7.779133
7.851090
8.021270
7.744322
7.616813
7.925748
7.898714
7.650553
7.795307
8.219811
7.755730
7.779437
8.009829
7.873176
7.818233
8.190577
7.714566
8.185695
7.944565
8.114509
7.862542
8.087256
7.500094
7.430089
8.015255
7.665152
7.746687
7.908674
7.497494
8.105224
7.731946
7.700740
7.632338
7.886827
8.106573
8.138400
7.870898
7.745385
7.976839
7.747401
8.144282
7.812330
7.722562
7.905609
8.161906
7.443508
7.429642
8.117464
8.209921
7.689562
7.841238
7.891831
7.691234
7.715029
7.678341
7.583088
8.080192
7.801028
7.577309
7.737852
7.583511
8.057902
7.764071
7.604602
7.897814
7.779760
7.917486
7.813165
8.186874
8.184766
7.768859
7.895515
7.951106
7.864878
7.965972
8.023089
8.050041
8.188428
7.814598
7.851790
7.759806
8.254185
7.711913
8.068167
8.000927
7.762189
7.927279
7.506036
7.970391
7.908798
7.945128
7.708353
8.289439
7.898626
8.056743
7.950158
7.607808
8.074045
7.746219
7.658300
7.809269
7.813733
7.511209
7.559913
7.545990
7.654019
7.741289
7.579851
7.911257
8.182254
7.956707
7.786227
7.872622
7.818395
7.945465
7.902333
7.582806
8.195078
7.640700
7.921170
7.733304
7.572811
7.686015
7.907651
8.043400
7.776953
8.020144
7.901590
7.949041
8.040013
7.954565
7.799826
7.957410
7.914250
7.652303
7.825121
7.722289
7.989144
7.675706
7.521469
7.996189
7.535692
7.468680
7.338887
7.443202
8.233894
7.462294
7.901250
7.863669
7.566987
7.735327
7.564237
7.437335
7.627033
7.802227
8.077929
7.768731
7.619547
7.750396
7.824834
7.561784
8.093203
7.460770
7.985433
7.811331
7.636589
7.587921
7.714159
8.038656
7.507652
7.680132
7.753824
7.813979
7.757278
7.457934
7.591816
8.002255
7.503150
7.853115
7.790275
7.601892
7.592371
7.751540
7.504456
7.594878
7.835519
7.546441
7.571367
8.072985
7.634312
7.437871
7.403132
7.865292
7.604085
8.146575
7.897285
7.513745
8.103003
7.851687
7.598300
7.545204
7.554890
7.450286
7.780172
7.955362
7.479367
7.450610
7.603301
7.738240
8.009770
7.326894
8.087517
7.391564
7.710887
7.900635
7.520068
7.533634
7.866682
7.534042
7.760891
7.903984
7.626559
7.729160
7.761949
7.546511
7.865449
8.052958
7.705649
7.544806
7.769072
7.277781
7.698867
7.880346
7.841719
8.023173
7.598343
7.555679
7.667714
7.731288
7.504055
7.465644
7.512848
7.358175
7.991917
7.498373
7.528329
8.050407
7.825253
8.051380
7.752093
7.758358
7.867425
7.531954
7.774875
7.758311
7.759909
7.753447
7.564642
7.965666
7.477190
7.586587
7.687944
7.968899
7.414539
7.571173
8.012472
7.645257
7.880190
7.640616
7.553530
7.610080
7.729229
7.633111
7.152375
7.974040
7.594717
7.561709
7.528870
7.571646
7.908038
7.651958
7.567462
7.483303
7.534409
7.800660
7.289757
7.895127
7.937072
7.888905
7.803039
7.709823
7.956138
7.603308
7.952184
7.563170
8.125834
7.697940
7.556797
8.204215
7.975107
7.791465
7.677506
7.796625
7.833810
7.654395
7.672009
7.466297
7.581601
7.810255
7.920771
8.102338
7.566248
7.441136
7.772160
7.826083
7.354732
7.313587
7.418545
7.354784
7.905642
7.602509
7.440886
7.395761
7.655915
7.868795
7.834354
7.721652
7.529435
7.410641
7.708374
7.395639
7.737472
7.547783
7.445192
7.678072
6.938147
7.657912
7.596416
7.562088
7.430243
7.536111
7.393172
7.593478
7.544130
7.686696
7.796975
7.551558
7.622432
7.459558
7.529015
7.695056
7.426008
7.300260
7.601656
7.576046
7.333233
7.476253
7.892603
7.436851
7.460186
7.685886
7.552658
7.497000
7.862345
7.396095
7.858074
7.621228
7.787148
7.540990
7.761350
7.187044
7.118262
7.690626
7.347935
7.428073
7.586428
7.184481
7.778427
7.413686
7.383345
7.316647
7.565884
7.781180
7.811182
7.549013
7.427256
7.652341
7.430118
7.817287
7.493059
7.404211
7.585258
7.836782
7.133910
7.118963
7.791454
7.881927
7.372360
7.520465
7.570365
7.374280
7.397857
7.362388
7.268935
7.754529
7.481632
7.264307
7.420494
7.270040
7.732666
7.446202
7.288953
7.577276
7.460920
7.595691
7.493478
7.859898
7.857287
7.449865
7.574560
7.628182
7.544329
7.643600
7.698336
7.725619
7.861328
7.495611
7.531595
7.442936
7.925616
7.394363
7.742773
7.678250
7.444838
7.605980
7.195444
7.647564
7.587777
7.623875
7.391541
7.961252
7.578040
7.732487
7.628512
7.293305
7.751830
7.428379
7.342416
7.490716
7.495060
7.199645
7.246768
7.232443
7.340311
7.423424
7.267304
7.590434
7.856815
7.634710
7.468204
7.553798
7.500030
7.623591
7.582088
7.269955
7.868176
7.325455
7.600611
7.416872
7.259633
7.369888
7.586998
7.720744
7.459368
7.697627
7.583346
7.627905
7.716581
7.634062
7.481417
7.635950
7.593514
7.338669
7.506319
7.406733
7.667333
7.361357
7.210245
7.673251
7.223780
7.157161
7.031531
7.133305
7.908024
7.151618
7.580403
7.545033
7.255000
7.419047
7.251943
7.127700
7.312946
7.485761
7.753736
7.451660
7.305564
7.433744
7.506012
7.251306
7.768800
7.150274
7.663897
7.492570
7.322397
7.275807
7.398739
7.716599
7.196180
7.365170
7.436853
7.496160
7.440902
7.148238
7.280123
7.680712
7.193866
7.535199
7.474184
7.288796
7.279698
7.435167
7.194553
7.282073
7.516980
7.236060
7.259760
7.749271
7.321262
7.128577
7.094999
7.547528
7.291314
7.821666
7.578601
7.203502
7.779968
7.533699
7.286329
7.234165
7.242514
7.141146
7.465083
7.635219
7.170018
7.141298
7.291149
7.422752
7.688882
7.020154
7.764423
7.084764
7.397277
7.583076
7.209598
7.223060
7.548676
7.222875
7.446216
7.585092
7.314720
7.414565
7.446200
7.235856
7.547984
7.730886
7.390474
7.233880
7.453592
6.974194
7.384369
7.561823
7.525120
7.702601
7.286454
7.245207
7.352744
7.416703
7.194636
7.156539
7.203225
7.051405
7.671499
7.188876
7.218144
7.728879
7.508872
7.730563
7.436635
7.443878
7.550913
7.221462
7.459089
7.442967
7.444674
7.438621
7.255030
7.646797
7.169540
7.276262
7.375540
7.649634
7.106971
7.259830
7.692728
7.332753
7.563967
7.327973
7.242634
7.299201
7.415829
7.320931
6.850579
7.655021
7.284396
7.251562
7.219363
7.260727
7.590931
7.339669
7.257430
7.175126
7.224317
7.486186
6.985889
7.577902
7.619689
7.571929
7.488066
7.396245
7.637854
7.293218
7.634140
7.253292
7.804285
7.383800
7.247008
7.880774
7.657088
7.477442
7.365048
7.481554
7.518404
7.342574
7.359965
7.158978
7.272396
7.494962
7.602846
7.781711
7.257171
7.134915
7.458365
7.511772
7.049703
7.010820
7.111852
7.051318
7.588452
7.291907
7.135113
7.090243
7.344807
7.552641
7.519405
7.409246
7.221293
7.104687
7.395883
7.089976
7.425197
7.238719
7.138420
7.366194
6.642237
7.348274
7.287086
7.253336
7.123334
7.228422
7.087841
7.283657
7.236279
7.374522
7.482849
7.243453
7.311830
7.153399
7.220440
7.382454
7.121120
6.997120
7.291118
7.266895
7.029294
7.170695
7.578979
7.131369
7.154382
7.375495
7.245584
7.189205
7.547754
7.091037
7.544034
7.311432
7.473372
7.232898
7.449029
6.887287
6.819688
7.379551
7.044088
7.122854
7.277706
6.884738
7.465213
7.108844
7.079327
7.014262
7.258383
7.469330
7.497519
7.240601
7.122470
7.341361
7.126200
7.503838
7.187200
7.099265
7.278333
7.525188
6.837531
6.821497
7.478982
7.567497
7.068511
7.213136
7.262331
7.070625
7.094056
7.059748
6.968043
7.442407
7.175644
6.964531
7.116485
6.969803
7.420972
7.141686
6.986598
7.270171
7.155436
7.287362
7.187181
7.546457
7.543379
7.144297
7.267035
7.318703
7.237178
7.334695
7.387030
7.414677
7.547744
7.190010
7.224801
7.139363
7.610595
7.090170
7.430897
7.369022
7.140832
7.298089
6.898052
7.338185
7.280165
7.316029
7.088032
7.646610
7.270874
7.421716
7.320239
6.992040
7.442990
7.123881
7.039830
7.185499
7.189706
6.901253
6.946887
6.932134
7.039842
7.118867
6.967949
7.283015
7.544853
7.326097
7.163524
7.248296
7.194983
7.315102
7.275195
6.970330
7.554787
7.023465
7.293401
7.113744
6.959655
7.067066
7.279693
7.411497
7.155066
7.388511
7.278389
7.320126
7.406575
7.326905
7.176310
7.327879
7.286167
7.038256
7.200875
7.104425
7.358907
7.060241
6.912197
7.363744
6.925044
6.858794
6.737245
6.836530
7.595584
6.854136
7.272900
7.239685
6.956204
7.116011
6.952820
6.831181
7.012074
7.182559
7.443015
7.147860
7.004751
7.130391
7.200490
6.953917
7.457839
6.852898
7.355705
7.187105
7.021412
6.976842
7.096537
7.407925
6.897778
7.063435
7.133132
7.191622
7.137740
6.851661
6.981608
7.372541
6.897624
7.230535
7.171349
6.988873
6.980182
7.132035
6.897749
6.982395
7.211720
6.938764
6.961254
7.438951
7.021364
6.832343
6.799890
7.243000
6.991674
7.510152
7.273169
6.906320
7.470278
7.228937
6.987446
6.936216
6.943271
6.845026
7.163164
7.328372
6.873745
6.845052
6.992151
7.120491
7.381299
6.726377
7.454689
6.791001
7.096803
7.278753
6.912243
6.925566
7.243894
6.924778
7.144722
7.279511
7.015946
7.113129
7.143651
6.938295
7.243744
7.422103
7.088516
6.936060
7.151287
6.683511
7.082994
7.256527
7.221730
7.395288
6.987635
6.947764
7.050929
7.115320
6.898279
6.860489
6.906635
6.757617
7.364364
6.892417
6.920984
7.420616
7.205653
7.423003
7.134332
7.142534
7.247596
6.924008
7.156471
7.140773
7.142620
7.136962
6.958474
7.341130
6.874858
6.978958
7.076225
7.343608
6.812409
6.961559
7.386239
7.033330
7.260920
7.028398
6.944786
7.001366
7.115554
7.021802
6.561594
7.349249
6.987116
6.954433
6.922879
6.962902
7.286951
7.040457
6.960421
6.879879
6.927290
7.184842
6.694933
7.273820
7.315480
7.268107
7.186194
7.095795
7.332749
6.996134
7.329297
6.956424
7.496003
7.082777
6.950210
7.570615
7.352224
7.176484
7.065632
7.179549
7.216129
7.043766
7.060995
6.864623
6.976148
7.192813
7.298099
7.474349
6.961039
6.841621
7.157644
7.210535
6.757565
6.720849
6.818083
6.760661
7.284397
6.994294
6.842268
6.797595
7.046714
7.249571
7.217519
7.109871
6.926124
6.811636
7.096428
6.797225
7.125931
6.942637
6.844541
7.067349
6.358989
7.051623
6.990727
6.957492
6.829335
6.933708
6.795404
6.986808
6.941314
7.075362
7.181782
6.948262
7.014186
6.860177
6.924820
7.082855
6.829060
6.706751
6.993542
6.970666
6.738208
6.877934
7.278391
6.838764
6.861425
7.078071
6.951397
6.894339
7.246198
6.798841
7.243042
7.014552
7.172629
6.937745
7.149683
6.600263
6.533856
7.081436
6.753073
6.830470
6.981863
6.597729
7.165010
6.816803
6.788116
6.724694
6.963777
7.170479
7.196869
6.945089
6.830526
7.043356
6.835059
7.203420
6.894190
6.807102
6.984217
7.226527
6.553753
6.536695
7.179484
7.266099
6.777500
6.918673
6.967226
6.779798
6.803030
6.769896
6.679914
7.143229
6.882467
6.677370
6.825280
6.682302
7.122220
6.849964
6.696998
6.975907
6.862761
6.991886
6.893728
7.246006
7.242460
6.851512
6.972342
7.022092
6.942886
7.038635
7.088670
7.116653
7.247140
6.897240
6.930840
6.848564
7.308597
6.798738
7.131956
7.072674
6.849595
7.003036
6.613187
7.041703
6.985412
7.021018
6.797316
7.344941
6.976505
7.123851
7.024848
6.703514
7.147027
6.832128
6.749915
6.893077
6.897129
6.615492
6.659673
6.644494
6.752028
6.827084
6.681252
6.988413
7.245809
7.030342
6.871584
6.955582
6.902707
7.019461
6.981153
6.683341
7.254345
6.734173
6.998982
6.823332
6.672312
6.776934
6.985210
7.115112
6.863542
7.092228
6.986098
7.025179
7.109468
7.032547
6.884021
7.032619
6.991593
6.750501
6.908149
6.814825
7.063277
6.771789
6.626644
7.067051
6.638913
6.573052
6.455455
6.552340
7.296089
6.569179
6.978192
6.947090
6.669981
6.825720
6.666281
6.547210
6.723845
6.892054
7.145118
6.856782
6.716612
6.839680
6.907686
6.668998
7.159718
6.568085
7.060327
6.894365
6.733061
6.690445
6.807042
7.112048
6.611985
6.774343
6.842106
6.899778
6.847270
6.567583
6.695648
7.077131
6.614004
6.938615
6.881160
6.701550
6.693260
6.841537
6.613474
6.695355
6.919176
6.654068
6.675344
7.141413
6.734063
6.548642
6.517282
6.951170
6.704630
7.211485
6.980460
6.621729
7.173401
6.936887
6.701157
6.650815
6.656625
6.561439
6.873888
7.034275
6.589972
6.561294
6.705693
6.830842
7.086462
6.445075
7.157725
6.509648
6.808918
6.987101
6.627415
6.640608
6.951823
6.639254
6.855839
6.986580
6.729764
6.824315
6.853744
6.653231
6.952138
7.126105
6.799164
6.650735
6.861608
6.405209
6.794252
6.963930
6.930975
7.100738
6.701355
6.662850
6.761704
6.826478
6.614398
6.576907
6.622544
6.476266
7.069923
6.608451
6.636357
7.125106
6.915050
7.128170
6.844655
6.853775
6.956870
6.639081
6.866478
6.851199
6.853143
6.847849
6.674392
7.048156
6.592617
6.694163
6.789465
7.050231
6.530269
6.675747
7.092408
6.746437
6.970459
6.741348
6.659421
6.716019
6.827810
6.735205
6.284965
7.056069
6.702315
6.669784
6.638840
6.677544
6.995651
6.753736
6.675891
6.597095
6.642732
6.896041
6.416286
6.982382
7.023885
6.976890
6.896891
6.807866
7.040270
6.711543
7.037069
6.671979
7.200392
6.794301
6.665875
7.273198
7.060003
6.888122
6.778706
6.890125
6.926387
6.757453
6.774488
6.582613
6.692358
6.903178
7.005964
7.179616
6.677352
6.560679
6.869474
6.921858
6.477792
6.443177
6.536682
6.482326
6.992925
6.709151
6.561747
6.517294
6.761090
6.959092
6.928215
6.822978
6.643333
6.530906
6.809465
6.516778
6.839161
6.658952
6.563026
6.780971
6.087883
6.767342
6.706773
6.674062
6.547715
6.651357
6.515279
6.702368
6.658755
6.788696
6.893236
6.665488
6.728994
6.579258
6.641576
6.795707
6.549321
6.428678
6.708374
6.686837
6.459394
6.597498
6.990311
6.558473
6.580792
6.793053
6.669596
6.611835
6.957154
6.518926
6.954515
6.730104
6.884388
6.654943
6.862795
6.325413
6.260150
6.795745
6.474310
6.550399
6.698399
6.322903
6.877263
6.537052
6.509185
6.447366
6.681522
6.884044
6.908713
6.661937
6.550865
6.757761
6.556222
6.915426
6.613479
6.527242
6.702537
6.940290
6.282090
6.264027
6.892445
6.977183
6.498669
6.636519
6.684427
6.501185
6.524275
6.492266
6.403951
6.856485
6.601616
6.402480
6.546312
6.406981
6.835865
6.570517
6.419600
6.693933
6.582370
6.708767
6.612532
6.957974
6.953955
6.570992
6.689992
6.737874
6.660898
6.754939
6.802701
6.831031
6.958984
6.616699
6.649178
6.569982
7.019040
6.519559
6.845388
6.788666
6.570569
6.720305
6.340512
6.757529
6.702946
6.738351
6.518778
7.055737
6.694483
6.838362
6.741751
6.427148
6.863414
6.552627
6.472222
6.612888
6.616817
6.341823
6.384568
6.368989
6.476408
6.547498
6.406660
6.706113
6.959115
6.746896
6.591880
6.675128
6.622679
6.736138
6.699363
6.408495
6.966312
6.457053
6.716831
6.545099
6.397080
6.498996
6.703006
6.831022
6.584189
6.808291
6.706160
6.742509
6.824652
6.750431
6.603900
6.749637
6.709292
6.474868
6.627679
6.537368
6.779972
6.495456
6.353261
6.782676
6.364861
6.299364
6.185688
6.280172
7.008911
6.296287
6.695747
6.666720
6.395867
6.547536
6.391881
6.275292
6.447752
6.613711
6.859552
6.577873
6.440577
6.561170
6.627110
6.396235
6.873906
6.295338
6.777167
6.613843
6.456838
6.416139
6.529653
6.828443
6.338276
6.497364
6.563231
6.620135
6.568953
6.295559
6.421762
6.794004
6.342263
6.658833
6.603125
6.426305
6.418402
6.563219
6.341222
6.420358
6.638788
6.381326
6.401452
6.856193
6.458819
6.276914
6.246643
6.671526
6.429654
6.925142
6.699947
6.349089
6.888797
6.657009
6.426907
6.377414
6.382000
6.289853
6.596708
6.752369
6.318199
6.289529
6.431267
6.553300
6.803856
6.175724
6.873052
6.240244
6.533128
6.707576
6.354567
6.367651
6.671889
6.365741
6.579044
6.705831
6.455597
6.547578
6.575937
6.380186
6.672696
6.842330
6.521877
6.377440
6.584023
6.138765
6.517570
6.683495
6.652357
6.818347
6.427114
6.389925
6.484574
6.549715
6.342503
6.305285
6.350409
6.206795
6.787694
6.336454
6.363705
6.841779
6.636590
6.845538
6.567028
6.577062
6.678270
6.366090
6.588543
6.573682
6.575737
6.570800
6.402242
6.767316
6.322288
6.421313
6.514688
6.769019
6.260030
6.401957
6.810733
6.471566
6.692102
6.466310
6.386039
6.442632
6.552119
6.460611
6.020066
6.775090
6.429459
6.397105
6.366750
6.404149
6.716419
6.479019
6.403297
6.326211
6.370098
6.619272
6.149471
6.702998
6.744401
6.697734
6.619612
6.531942
6.759902
6.438867
6.756915
6.399497
6.916951
6.517854
6.393472
6.987976
6.779885
6.611722
6.503755
6.612758
6.648697
6.483125
6.499968
6.312504
6.420437
6.625593
6.725941
6.897036
6.405582
6.291625
6.593271
6.645166
6.209821
6.177289
6.267151
6.215802
6.713529
6.435938
6.293088
6.248846
6.487393
6.680657
6.650898
6.548061
6.372406
6.262009
6.534441
6.248192
6.564336
6.387169
6.293362
6.506536
5.828420
6.494987
6.434723
6.402508
6.277935
6.380855
6.246982
6.429826
6.388063
6.513942
6.616665
6.394536
6.455714
6.310176
6.370192
6.520524
6.281399
6.162374
6.435146
6.414893
6.192342
6.328876
6.714177
6.289970
6.311967
6.519929
6.399607
6.341181
6.680069
6.250811
6.677970
6.457523
6.608088
6.383973
6.587847
6.062237
5.998115
6.521957
6.207323
6.282110
6.426808
6.059789
6.601452
6.269088
6.242018
6.181731
6.411086
6.609520
6.632503
6.390642
6.282978
6.484047
6.289111
6.639400
6.344583
6.259146
6.432554
6.665930
6.022052
6.002978
6.617295
6.700221
6.231645
6.366199
6.413468
6.234340
6.257240
6.226354
6.139654
6.581650
6.332515
6.139184
6.279081
6.143298
6.561402
6.302795
6.153909
6.423790
6.313743
6.437453
6.343180
6.681892
6.677415
6.302246
6.419449
6.465505
6.390706
6.483074
6.528595
6.557270
6.682774
6.347950
6.379273
6.303132
6.741426
6.252101
6.570745
6.516481
6.303264
6.449377
6.079354
6.485234
6.432251
6.467453
6.251953
6.778462
6.424216
6.564709
6.470467
6.162405
6.591567
6.284837
6.206209
6.344436
6.348220
6.079768
6.121112
6.105128
6.212374
6.279675
6.143688
6.435581
6.684324
6.475256
6.323907
6.406376
6.354364
6.464577
6.429307
6.145257
6.690170
6.191594
6.446471
6.278563
6.133512
6.232704
6.432570
6.558743
6.316557
6.536112
6.437837
6.471595
6.551649
6.480143
6.335482
6.478442
6.438778
6.210853
6.358922
6.271588
6.508429
6.230791
6.091382
6.510092
6.102402
6.037259
5.927379
6.019545
6.733596
6.034951
6.425068
6.398052
6.133322
6.281055
6.129014
6.014883
6.183238
6.347042
6.585795
6.310636
6.176157
6.294298
6.358240
6.134970
6.599914
6.034106
6.505782
6.344993
6.192199
6.153397
6.263875
6.556604
6.076095
6.232016
6.296021
6.352163
6.302292
6.035027
6.159414
6.522607
6.082147
6.390764
6.336724
6.162659
6.155135
6.296527
6.080472
6.156959
6.370131
6.120076
6.139119
6.582752
6.195169
6.016693
5.987472
6.403519
6.166213
6.650576
6.431088
6.087972
6.615946
6.388790
6.164190
6.115575
6.118942
6.029717
6.331159
6.482165
6.057913
6.029268
6.168412
6.287354
6.532939
5.917747
6.600106
5.982260
6.268883
6.439728
6.093228
6.106191
6.403604
6.103727
6.313791
6.436725
6.192947
6.282425
6.309714
6.118622
6.404862
6.570250
6.256198
6.115617
6.318024
5.883657
6.252463
6.414691
6.385324
6.547666
6.164372
6.128473
6.219023
6.284527
6.082041
6.045110
6.089767
5.948756
6.517094
6.075901
6.102523
6.570148
6.369681
6.574588
6.300982
6.311927
6.411261
6.104609
6.322202
6.307741
6.309897
6.305354
6.141560
6.498127
6.063384
6.159953
6.251461
6.499445
6.001200
6.139667
6.540717
6.208173
6.425329
6.202779
6.124100
6.180739
6.287904
6.197501
5.766484
6.505707
6.168064
6.135867
6.106102
6.142224
6.448825
6.215822
6.142145
6.066740
6.108918
6.354028
5.893968
6.435236
6.476504
6.430159
6.353896
6.267539
6.491142
6.177696
6.488363
6.138450
6.645202
6.252899
6.132494
6.714452
6.511337
6.346822
6.240319
6.346880
6.382565
6.220252
6.236896
6.053814
6.159969
6.359559
6.457472
6.626088
6.145214
6.033897
6.328562
6.379998
5.953173
5.922716
6.008945
5.960546
6.445695
6.174139
6.035748
5.991715
6.225139
6.413748
6.385105
6.284613
6.112867
6.004449
6.270903
5.990885
6.300953
6.126749
6.035030
6.243564
5.580068
6.234025
6.174054
6.142360
6.019489
6.121669
5.989956
6.168703
6.128711
6.250647
6.351573
6.134969
6.193834
6.052392
6.110198
6.256818
6.024761
5.907351
6.173316
6.154324
5.936587
6.071541
6.449521
6.032792
6.054471
6.258221
6.140928
6.081831
6.414492
5.993993
6.412919
6.196331
6.343262
6.124371
6.324342
5.810261
5.747233
6.259587
5.951555
6.025121
6.166586
5.807799
6.337115
6.012397
5.986074
5.927372
6.151977
6.346444
6.367720
6.130675
6.026390
6.221726
6.033278
6.374816
6.086938
6.002358
6.173890
6.402935
5.773098
5.753018
6.353572
6.434714
5.975836
6.107195
6.153837
5.978709
6.001441
5.971682
5.886553
6.318216
6.074709
5.887107
6.023118
5.890783
6.298374
6.046339
5.899449
6.164909
6.056393
6.177465
6.085030
6.417207
6.412322
6.044787
6.160191
6.204461
6.131769
6.222528
6.265913
6.294865
6.417955
6.090435
6.120681
6.047468
6.475287
5.995886
6.307440
6.255628
6.047227
6.189748
5.829399
6.224218
6.172895
6.207876
5.996355
6.512632
6.165194
6.302428
6.210481
5.908863
6.331058
6.028264
5.951397
6.087247
6.090915
5.828852
5.868783
5.852401
5.959514
6.023050
5.891867
6.176305
6.420905
6.214899
6.067118
6.148865
6.097270
6.204336
6.170536
5.893125
6.425393
5.937316
6.187382
6.023207
5.881038
5.977636
6.173383
6.297778
6.060133
6.275251
6.180836
6.211973
6.289988
6.221046
6.078312
6.218516
6.179501
5.957957
6.101373
6.016966
6.248154
5.977236
5.840621
6.248816
5.851006
5.786225
5.680082
5.769977
6.469637
5.784666
6.165643
6.140596
5.881850
6.025726
5.877233
5.765504
5.929877
6.091519
6.323355
6.054580
5.922845
6.038631
6.100587
5.884831
6.337238
5.783929
6.245683
6.087386
5.938694
5.901734
6.009252
6.296043
5.824954
5.977812
6.039993
6.095349
6.046778
5.785530
5.908102
6.262454
5.832939
6.133862
6.081476
5.910105
5.902928
6.040992
5.830752
5.904624
6.112599
5.869906
5.887846
6.320583
5.942575
5.767484
5.739300
6.146687
5.913872
6.387360
6.173407
5.837910
6.354377
6.131739
5.912519
5.864783
5.866939
5.780591
6.076689
6.223180
5.808603
5.779975
5.916594
6.032539
6.273255
5.670769
6.338431
5.735238
6.015707
6.183013
5.842875
5.855752
6.146478
5.852748
6.059673
6.178824
5.941359
6.028349
6.054642
5.868086
6.148207
6.309416
6.001584
5.864820
6.063088
5.639436
5.998447
6.157057
6.129418
6.288149
5.912672
5.878024
5.964550
6.030409
5.832569
5.795918
5.840060
5.701653
6.257720
5.826342
5.852336
6.309771
6.113908
6.314827
6.046048
6.057835
6.155350
5.854116
6.066944
6.052873
6.055148
6.050948
5.891835
6.240097
5.815406
5.909575
5.999208
6.241015
5.753325
5.888342
6.281870
5.955816
6.169628
5.950323
5.873173
5.929821
6.034735
5.945418
5.523730
6.247478
5.917645
5.885586
5.856402
5.891279
6.192300
5.963595
5.891981
5.818212
5.858720
6.099868
5.649337
6.178566
6.219705
6.173728
6.099226
6.014151
6.233499
5.927435
6.230939
5.888352
6.384618
5.998981
5.882470
6.452155
6.253912
6.092987
5.987888
6.092086
6.127467
5.968358
5.984842
5.805975
5.910405
6.104590
6.200096
6.366293
5.895751
5.787044
6.074893
6.125868
5.707383
5.678880
5.761632
5.716112
6.188961
5.923297
5.789245
5.745447
5.973876
6.157883
6.130352
6.032146
5.864240
5.757761
6.018359
5.744481
6.048598
5.877275
5.787589
5.991555
5.342381
5.983941
5.924318
5.893123
5.771907
5.873450
5.743821
5.918501
5.880285
5.998338
6.097477
5.886304
5.942910
5.805480
5.861094
6.004070
5.778960
5.663069
5.922386
5.904674
5.691634
5.825039
6.195873
5.786456
5.807813
6.007438
5.893128
5.833391
6.159901
5.747995
6.158849
5.946051
6.089413
5.875632
6.071792
5.569007
5.507050
6.008152
5.706648
5.778952
5.917233
5.566541
6.083723
5.766513
5.740951
5.683720
5.903739
6.094288
6.113938
5.881580
5.780542
5.970356
5.788209
6.121221
5.840123
5.756330
5.926126
6.150774
5.534774
5.513750
6.100797
6.180200
5.730822
5.859061
5.905064
5.733865
5.756431
5.727705
5.644171
6.065712
5.827715
5.645712
5.777906
5.648993
6.046213
5.800669
5.655728
5.916886
5.809849
5.928332
5.837742
6.163510
6.158149
5.798089
5.911791
5.954275
5.883705
5.972850
6.014099
6.043383
6.164082
5.843752
5.872916
5.802605
6.220118
5.750422
6.055065
6.005631
5.801916
5.940947
5.590014
5.974087
5.924330
5.959114
5.751508
6.257772
5.917043
6.051029
5.961337
5.666015
6.081421
5.782477
5.707315
5.840819
5.844349
5.588524
5.627128
5.610367
5.717330
5.777201
5.650692
5.927865
6.168393
5.965392
5.821119
5.902161
5.850961
5.954912
5.922563
5.651655
6.171570
5.693715
5.939089
5.778559
5.639243
5.733261
5.924984
6.047641
5.814455
6.025218
5.934524
5.963143
6.039160
5.972785
5.831877
5.969405
5.931016
5.715709
5.854583
5.773033
5.998713
5.734311
5.600455
5.998372
5.610260
5.545805
5.443306
5.530959
6.216587
5.544998
5.916981
5.893883
5.641009
5.781100
5.636089
5.526709
5.687160
5.846686
6.071759
5.809218
5.680190
5.793629
5.853669
5.645216
6.085437
5.544333
5.996370
5.840494
5.695841
5.660686
5.765307
6.046257
5.584455
5.734239
5.794642
5.849265
5.801952
5.546588
5.667431
6.013114
5.594406
5.887655
5.836919
5.668144
5.661340
5.796142
5.591597
5.662877
5.865859
5.630334
5.647141
6.069252
5.700603
5.528840
5.501635
5.900580
5.672135
6.134937
5.926457
5.598418
6.103606
5.885401
5.671469
5.624520
5.625513
5.542018
5.832877
5.974935
5.569853
5.541233
5.675341
5.788383
6.024333
5.434239
6.087537
5.498683
5.773165
5.937001
5.603123
5.615860
5.900044
5.612332
5.816164
5.931607
5.700317
5.784900
5.810185
5.628108
5.902211
6.059391
5.757627
5.624601
5.818853
5.405602
5.755015
5.910111
5.884179
6.039415
5.671537
5.638122
5.720704
5.786905
5.593631
5.557237
5.600910
5.465003
6.009073
5.587302
5.612679
6.060093
5.868769
6.065801
5.801727
5.814379
5.910076
5.614150
5.822327
5.808649
5.810997
5.807162
5.652668
5.992722
5.577909
5.669712
5.757534
5.993309
5.515908
5.647588
6.033740
5.714034
5.924559
5.708349
5.632786
5.689454
5.792174
5.703888
5.291300
5.999933
5.677741
5.645845
5.617208
5.650870
5.946362
5.721949
5.652307
5.580124
5.619009
5.856269
5.415097
5.932539
5.973547
5.927903
5.855150
5.771333
5.986520
5.687601
5.984165
5.648758
6.134761
5.755659
5.642911
6.200621
6.007147
5.849711
5.745948
5.847880
5.882980
5.726998
5.743330
5.568578
5.671358
5.860196
5.953403
6.117229
5.656783
5.550599
5.831795
5.882280
5.471993
5.445428
5.524741
5.482033
5.942812
5.682960
5.553187
5.509565
5.733082
5.912659
5.886175
5.790198
5.626062
5.521490
5.776347
5.508441
5.806711
5.638258
5.550561
5.750063
5.114904
5.744391
5.685019
5.654321
5.534751
5.635613
5.508044
5.678743
5.642258
5.756528
5.853973
5.648082
5.702459
5.568951
5.622452
5.761833
5.543494
5.429144
5.681973
5.665488
5.457006
5.588917
5.952744
5.550469
5.571524
5.767114
5.655723
5.595375
5.915879
5.512356
5.915307
5.706237
5.846094
5.637348
5.829752
5.337995
5.277090
5.767186
5.472037
5.543128
5.678307
5.335536
5.840859
5.530973
5.506176
5.450417
5.665854
5.852640
5.870680
5.642932
5.545097
5.729415
5.553518
5.878097
5.603689
5.520674
5.688689
5.909204
5.306634
5.284703
5.858514
5.936186
5.496101
5.621259
5.666691
5.499342
5.521759
5.494071
5.412075
5.823711
5.591117
5.414555
5.543031
5.417427
5.804565
5.565323
5.422287
5.679261
5.573632
5.689607
5.600815
5.920269
5.914501
5.561779
5.673762
5.714528
5.646002
5.733582
5.772757
5.802299
5.920728
5.607393
5.635485
5.568014
5.975482
5.515264
5.813167
5.766068
5.566905
5.702544
5.360760
5.734371
5.686160
5.720731
5.516945
6.013398
5.679227
5.810058
5.722579
5.433431
5.842134
5.546990
5.473481
5.604712
5.608110
5.358400
5.395678
5.378543
5.485361
5.541629
5.419694
5.689766
5.926310
5.726277
5.585402
5.665736
5.614934
5.715869
5.684917
5.420401
5.928181
5.460377
5.701144
5.544223
5.407626
5.499139
5.686982
5.807898
5.579047
5.785568
5.698507
5.724655
5.798723
5.734849
5.595767
5.730635
5.692893
5.483721
5.618129
5.539333
5.759648
5.501664
5.370476
5.758317
5.379694
5.315567
5.216614
5.302088
5.973966
5.315489
5.678677
5.657455
5.410333
5.546731
5.405118
5.298041
5.454660
5.612131
5.830567
5.574155
5.447729
5.558906
5.617043
5.415738
5.843983
5.314844
5.757391
5.603923
5.463181
5.429814
5.531591
5.806825
5.354081
5.500904
5.559554
5.613448
5.567357
5.317789
5.436888
5.774070
5.365933
5.651745
5.602553
5.436368
5.429912
5.561508
5.362532
5.431314
5.629357
5.400845
5.416580
5.828295
5.468808
5.300255
5.274044
5.664701
5.440578
5.892919
5.689800
5.368975
5.863183
5.649319
5.440522
5.394432
5.394267
5.313523
5.599273
5.736978
5.341186
5.312598
5.444277
5.554407
5.785712
5.207787
5.847005
5.272213
5.540774
5.701205
5.373467
5.386082
5.663854
5.382006
5.582867
5.694663
5.469386
5.551672
5.575937
5.398229
5.666461
5.819636
5.523846
5.394474
5.584776
5.181766
5.521780
5.673426
5.649138
5.800943
5.440512
5.408336
5.487051
5.553624
5.364760
5.328624
5.371819
5.238379
5.770706
5.358317
5.383101
5.820758
5.633844
5.827024
5.567614
5.581075
5.675037
5.384278
5.587907
5.574607
5.577045
5.573565
5.423525
5.755612
5.350437
5.439936
5.525985
5.755843
5.288506
5.416919
5.795831
5.482355
5.689698
5.476528
5.402479
5.459166
5.559702
5.472460
5.068802
5.762620
5.447934
5.416152
5.388080
5.420557
5.710657
5.490410
5.422680
5.352094
5.389364
5.622837
5.190783
5.696701
5.737556
5.692262
5.621265
5.538675
5.749766
5.457957
5.747616
5.419226
5.895180
5.522448
5.413454
5.959370
5.770583
5.616584
5.514177
5.613817
5.648653
5.495757
5.511884
5.341192
5.442316
5.625947
5.716864
5.878365
5.427854
5.324153
5.598789
5.648829
5.246525
5.221917
5.297857
5.257885
5.706874
5.452691
5.327104
5.283629
5.502360
5.677569
5.652121
5.558335
5.397853
5.295171
5.544381
5.282382
5.574952
5.409265
5.323531
5.518600
4.897218
5.514802
5.455767
5.425534
5.307569
5.407765
5.282230
5.449060
5.414222
5.524806
5.620529
5.419810
5.472060
5.342406
5.393775
5.529679
5.318005
5.205115
5.451604
5.436293
5.232323
5.362806
5.719672
5.324444
5.345205
5.536814
5.428301
5.367320
5.681977
5.286652
5.681858
5.476402
5.612882
5.408997
5.597743
5.116816
5.056925
5.536258
5.247347
5.317225
5.449377
5.114360
5.608073
5.305374
5.281275
5.226943
5.437996
5.620983
5.637490
5.414234
5.319538
5.498529
5.328664
5.645054
5.377180
5.294923
5.461318
5.677625
5.088310
5.065372
5.626279
5.702275
5.271291
5.393444
5.438258
5.274704
5.296957
5.270277
5.189770
5.591733
5.364399
5.193176
5.318020
5.195697
5.572925
5.339881
5.198690
5.451542
5.347339
5.460846
5.373818
5.687135
5.680955
5.335371
5.445654
5.484761
5.418236
5.504282
5.541425
5.571269
5.687410
5.380932
5.408013
5.343314
5.740910
5.289996
5.581294
5.536431
5.341799
5.474055
5.141351
5.504615
5.457936
5.492301
5.292243
5.779081
5.451329
5.579082
5.493754
5.210629
5.612843
5.321363
5.249527
5.378498
5.381767
5.138036
5.174034
5.156524
5.263216
5.315971
5.198486
5.461604
5.694229
5.497076
5.359592
5.439237
5.388813
5.486796
5.457215
5.198906
5.694866
5.236857
5.473106
5.319693
5.185802
5.274866
5.458855
5.578097
5.353546
5.555879
5.472344
5.496122
5.568250
5.506804
5.369512
5.501812
5.464648
5.261477
5.391516
5.315477
5.530489
5.278756
5.150182
5.528200
5.158844
5.095057
4.999616
5.082949
5.741335
5.095655
5.450290
5.430925
5.189414
5.322184
5.183908
5.079064
5.231928
5.387391
5.599349
5.348885
5.225045
5.333988
5.390304
5.195906
5.612518
5.095096
5.528330
5.377200
5.240318
5.208648
5.307664
5.577294
5.133445
5.277364
5.334326
5.387480
5.342565
5.098652
5.216093
5.544945
5.147089
5.425657
5.378051
5.214342
5.208233
5.336698
5.143188
5.209533
5.402706
5.181078
5.195759
5.597260
5.246769
5.081382
5.056124
5.438667
5.218729
5.660843
5.462963
5.149265
5.632682
5.423038
5.219310
5.173999
5.172747
5.094694
5.375417
5.508894
5.122210
5.093607
5.222881
5.330235
5.556959
4.990924
5.616387
5.055316
5.318107
5.475276
5.153474
5.166005
5.437502
5.161404
5.359279
5.467566
5.248206
5.328157
5.351471
5.178022
5.440507
5.589817
5.299860
5.174029
5.360491
4.967484
5.298306
5.446557
5.423880
5.572321
5.219199
5.188227
5.263126
5.330027
5.145531
5.109667
5.152410
5.021360
5.542162
5.139001
5.163171
5.591289
5.408691
5.598138
5.343211
5.357507
5.449770
5.164074
5.363235
5.350293
5.352859
5.349670
5.204050
5.528298
5.132564
5.219819
5.304131
5.528164
5.070734
5.195916
5.567771
5.260389
5.464583
5.254416
5.181852
5.238538
5.336957
5.250734
4.855801
5.535128
5.227746
5.196118
5.168576
5.199871
5.484751
5.268538
5.202722
5.133660
5.169372
5.399112
4.976006
5.470612
5.511419
5.466381
5.397048
5.315666
5.522777
5.237893
5.520837
5.199314
5.665421
5.298974
5.193620
5.728012
5.543804
5.393148
5.292049
5.389464
5.424037
5.274161
5.290091
5.123381
5.222899
5.401408
5.490115
5.649334
5.208499
5.107234
5.375497
5.425082
5.030605
5.007867
5.080531
5.043255
5.480664
5.232050
5.110485
5.067273
5.281292
5.452237
5.427800
5.336148
5.179266
5.078387
5.322107
5.065864
5.352838
5.189843
5.106027
5.296852
4.688863
5.294801
5.236117
5.206365
5.089960
5.189529
5.065920
5.228946
5.195777
5.302726
5.396802
5.201126
5.251268
5.125382
5.174705
5.307195
5.102006
4.990601
5.230842
5.216694
5.017118
5.146187
5.496331
5.107917
5.128379
5.316166
5.210445
5.148867
5.457731
5.070461
5.458112
5.256195
5.389329
5.190249
5.375402
4.905049
4.846190
5.314967
5.032135
5.100852
5.230011
4.902592
5.384933
5.089281
5.065881
5.012960
5.219691
5.399016
5.413957
5.195109
5.103495
5.277253
5.113307
5.421686
5.160182
5.078668
5.243321
5.455724
4.879284
4.855426
5.403662
5.478024
5.055947
5.175169
5.219415
5.059526
5.081631
5.055939
4.976904
5.369370
5.147199
4.981223
5.102485
4.983360
5.350900
5.123923
4.984543
5.233396
5.130540
5.241638
5.156323
5.463613
5.456992
5.118432
5.227099
5.264585
5.200017
5.284555
5.319660
5.349834
5.463753
5.163975
5.190005
5.128027
5.515985
5.074216
5.359023
5.316395
5.126131
5.255133
4.931263
5.284439
5.239226
5.273353
5.077001
5.554427
5.232968
5.357662
5.274477
4.997262
5.393061
5.105231
5.034961
5.161762
5.164910
4.927046
4.961766
4.943895
5.050449
5.099756
4.986660
5.242960
5.471736
5.277445
5.143211
5.222186
5.172154
5.267209
5.238997
4.986790
5.471137
5.022732
5.254584
5.104598
4.973362
5.060010
5.240236
5.357812
5.137444
5.335687
5.255669
5.277051
5.347342
5.288310
5.152706
5.282509
5.245945
5.048607
5.174378
5.100993
5.310827
5.065337
4.939284
5.307607
4.947360
4.883880
4.791868
4.873096
5.518284
4.885172
5.231394
5.213835
4.977809
5.107032
4.972037
4.869398
5.018597
5.172084
5.377668
5.133060
5.011751
5.118517
5.172990
4.985484
5.390626
4.884676
5.308754
5.159929
5.026803
4.996851
5.093157
5.357321
4.922116
5.063177
5.118460
5.170930
5.127200
4.888795
5.004587
5.325332
4.937531
5.208984
5.162917
5.001661
4.995891
5.121281
4.933124
4.997022
5.185502
4.970572
4.984244
5.375757
5.034047
4.871737
4.847457
5.222042
5.006217
5.438332
5.245570
4.938850
5.411699
5.206206
5.007448
4.962872
4.960533
4.885109
5.160951
5.290252
4.912446
4.883871
5.010844
5.115431
5.337654
4.783298
5.395279
4.847653
5.104809
5.258698
4.942784
4.955188
5.220536
4.950114
5.145090
5.249873
5.036302
5.113988
5.136342
4.967101
5.223959
5.369435
5.085221
4.962883
5.145555
4.762338
5.084189
5.229116
5.208042
5.353153
5.007208
4.977352
5.048574
5.115788
4.935545
4.899945
4.942234
4.813529
5.323107
4.928916
4.952545
5.371242
5.192900
5.378710
5.128193
5.143276
5.233854
4.953130
5.147932
5.135331
5.137995
5.135155
4.993803
5.310415
4.923923
5.008963
5.091573
5.309930
4.862162
4.984197
5.349136
5.047709
5.248835
5.041595
4.970467
5.027172
5.123549
5.038273
4.651905
5.317029
5.016824
4.985314
4.958292
4.988471
5.268192
5.055959
4.992005
4.924449
4.958628
5.184714
4.770362
5.253937
5.294603
5.249887
5.182206
5.101995
5.305174
5.027074
5.303434
4.988658
5.445125
5.084793
4.982995
5.506122
5.326384
5.179018
5.079180
5.174460
5.208765
5.061809
5.077581
4.914771
5.012694
5.186197
5.272759
5.429741
4.998392
4.899498
5.161501
5.210678
4.823848
4.802919
4.872351
4.837733
5.263818
5.020627
4.903080
4.860015
5.069438
5.236197
5.212766
5.123215
4.969854
4.870751
5.109089
4.858456
5.139971
4.979656
4.897682
5.084313
4.489480
5.084301
5.025654
4.996316
4.881503
4.980454
4.858761
5.018074
4.986498
5.089860
5.182379
4.991644
5.039706
4.917498
4.964830
5.093956
4.895116
4.785133
5.019278
5.006296
4.811023
4.938737
5.282232
4.900535
4.920711
5.104696
5.001702
4.939516
5.242785
4.863383
5.243616
5.045186
5.175045
4.980659
5.162305
4.702298
4.644423
5.102862
4.826015
4.893600
5.019818
4.699842
5.171053
4.882257
4.859544
4.808023
5.010509
5.186248
5.199677
4.985163
4.896545
5.065187
4.907049
5.207569
4.952313
4.871527
5.034571
5.243354
4.679099
4.654438
5.190299
5.263041
4.849710
4.966023
5.009692
4.853441
4.875377
4.850660
4.773074
5.156239
4.939113
4.778244
4.896067
4.780013
5.138090
4.917017
4.779444
5.024321
4.922854
5.031580
4.947941
5.249358
5.242333
4.910613
5.017698
5.053555
4.990895
5.073948
5.107136
5.137569
5.249300
4.956114
4.981164
4.921859
5.300344
4.867484
5.145926
5.105505
4.919533
5.045338
4.730045
5.073392
5.029641
5.063579
4.870784
5.339039
5.023699
5.145459
5.064331
4.792864
5.182434
4.898123
4.829444
4.954095
4.957108
4.724979
4.758457
4.740212
4.846662
4.892587
4.783790
5.033436
5.258466
5.066926
4.935925
5.014230
4.964560
5.056793
5.029881
4.783650
5.256650
4.817651
5.045152
4.898544
4.769883
4.854207
5.030754
5.146691
4.930399
5.124650
5.048053
5.067132
5.135592
5.078843
4.944983
5.072316
5.036314
4.844706
4.966320
4.895547
5.100307
4.860851
4.737239
5.096187
4.744783
4.681639
4.592974
4.672158
5.304428
4.683607
5.021576
5.005796
4.775167
4.900888
4.769106
4.668600
4.814223
4.965782
5.165122
4.926256
4.807436
4.912028
4.964746
4.783949
5.177865
4.683145
5.098308
4.951716
4.822278
4.793977
4.887587
5.146443
4.719722
4.857999
4.911651
4.963433
4.920847
4.687855
4.802012
5.114794
4.736866
5.001365
4.956762
4.797915
4.792475
4.914896
4.731932
4.793501
4.977326
4.768991
4.781658
5.163386
4.830290
4.671013
4.647634
5.014435
4.802655
5.224978
5.037235
4.737309
5.199831
4.998400
4.804465
4.760662
4.757234
4.684454
4.955471
5.080688
4.711590
4.683037
4.807714
4.909595
5.127450
4.584508
5.183266
4.648819
4.900457
5.051134
4.740973
4.753268
5.012609
4.747675
4.939853
5.041254
4.833324
4.908792
4.930232
4.765072
5.016398
5.158147
4.879532
4.760611
4.939596
4.565971
4.878970
5.020654
5.001165
5.143048
4.804074
4.775368
4.842973
4.910521
4.734439
4.699074
4.740948
4.614527
5.113092
4.727712
4.750759
5.160289
4.986117
5.168338
4.922126
4.938007
5.026936
4.751042
4.941569
4.929334
4.932074
4.929551
4.792437
5.101532
4.724108
4.806983
4.887913
5.100712
4.662392
4.781375
5.139498
4.843933
5.042062
4.837693
4.767948
4.824666
4.919019
4.834715
4.456702
5.107954
4.814751
4.783371
4.756871
4.785900
5.060618
4.852265
4.790138
4.724032
4.756713
4.979231
4.573435
5.046196
5.086740
5.042346
4.976282
4.897232
5.096575
4.825074
5.095012
4.786828
5.233868
4.879539
4.781219
5.293313
5.117940
4.973783
4.875213
4.968368
5.002411
4.858342
4.873972
4.714943
4.811328
4.979931
5.064352
5.219146
4.797129
4.700512
4.956379
5.005104
4.625808
4.606672
4.672966
4.640905
5.055936
4.818064
4.704491
4.661549
4.866458
5.029111
5.006659
4.919148
4.769228
4.671883
4.904955
4.659819
4.935985
4.778279
4.698139
4.880640
4.298705
4.882110
4.824131
4.795140
4.681805
4.780101
4.660336
4.816000
4.786004
4.885915
4.976817
4.790953
4.836973
4.718360
4.763700
4.889571
4.696979
4.588394
4.816546
4.804677
4.613629
4.739989
5.077008
4.701883
4.721773
4.902046
4.801740
4.738990
5.036727
4.665042
5.038016
4.842988
4.969646
4.779858
4.958053
4.508183
4.451284
4.899596
4.628601
4.695061
4.818456
4.505714
4.966044
4.683997
4.661980
4.611750
4.810081
4.982283
4.994294
4.783983
4.698279
4.861908
4.709478
5.002328
4.753169
4.673109
4.834586
5.039760
4.487560
4.462039
4.985781
5.056939
4.652128
4.765648
4.808768
4.656013
4.677807
4.654060
4.577850
4.951941
4.739762
4.583916
4.698312
4.585330
4.934116
4.718843
4.582989
4.824049
4.723881
4.830268
4.748273
5.043911
5.036506
4.711510
4.817028
4.851288
4.790515
4.872145
4.903407
4.934091
5.043720
4.756958
4.781038
4.724323
5.093596
4.669450
4.941678
4.903379
4.721611
4.844266
4.537472
4.871144
4.828784
4.862570
4.673254
5.132499
4.823224
4.942044
4.862938
4.597137
4.980561
4.699721
4.632595
4.755126
4.758021
4.531510
4.563774
4.545182
4.651494
4.694129
4.589523
4.832628
5.053966
4.865160
4.737299
4.814967
4.765663
4.855086
4.829477
4.589087
5.050972
4.621176
4.844495
4.701117
4.575023
4.657015
4.829957
4.944318
4.732054
4.922401
4.849137
4.865964
4.932580
4.878162
4.745932
4.870835
4.835415
4.649450
4.766957
4.698717
4.898535
4.664946
4.543837
4.893487
4.550811
4.487968
4.402569
4.479744
5.099374
4.490561
4.820494
4.806443
4.581053
4.703421
4.574770
4.476375
4.618457
4.768119
4.961382
4.728117
4.611701
4.714188
4.765166
4.590912
4.973897
4.490135
4.896567
4.752150
4.626340
4.599664
4.690706
4.944255
4.525880
4.661448
4.713473
4.764577
4.723114
4.495411
4.608016
4.912993
4.544779
4.802406
4.759240
4.602756
4.597636
4.717111
4.539280
4.598507
4.777820
4.575933
4.587615
4.959762
4.635098
4.478769
4.456307
4.815518
4.607648
5.020373
4.837524
4.544286
4.996695
4.799236
4.610036
4.566975
4.562524
4.492221
4.758552
4.879800
4.519243
4.490674
4.613117
4.712370
4.925947
4.394150
4.980014
4.458410
4.704666
4.852229
4.547675
4.559844
4.813334
4.553787
4.743195
4.841220
4.638864
4.712176
4.732706
4.571536
4.817489
4.955605
4.682420
4.566841
4.742223
4.377983
4.682374
4.820881
4.802882
4.941627
4.609492
4.581930
4.645966
4.713828
4.541833
4.506693
4.548127
4.423958
4.911734
4.534982
4.557492
4.958020
4.787893
4.966605
4.724650
4.741293
4.828623
4.557479
4.743814
4.731927
4.734759
4.732534
4.599529
4.901305
4.532702
4.613501
4.692808
4.900131
4.471072
4.587042
4.938551
4.648669
4.843849
4.642289
4.573965
4.630670
4.723055
4.639681
4.269882
4.907503
4.621186
4.589921
4.563932
4.591865
4.861686
4.657100
4.596757
4.532100
4.563283
4.782315
4.384925
4.847094
4.887512
4.843410
4.778912
4.700998
4.896590
4.631588
4.895237
4.593459
5.031286
4.682816
4.587911
5.089232
4.918122
4.777129
4.679778
4.770840
4.804637
4.663383
4.678850
4.523544
4.618402
4.782233
4.864561
5.017224
4.604264
4.509957
4.759842
4.808170
4.436162
4.418767
4.481997
4.452462
4.856634
4.623956
4.514177
4.471452
4.671958
4.830624
4.809099
4.723603
4.577059
4.481411
4.709308
4.469589
4.740486
4.585320
4.506983
4.685484
4.116110
4.689001
4.630836
4.602385
4.490522
4.588272
4.470269
4.622393
4.593930
4.690436
4.779792
4.598661
4.642697
4.527621
4.571060
4.693702
4.507211
4.399966
4.622310
4.611517
4.424600
4.549643
4.880309
4.511613
4.531227
4.707865
4.610187
4.546867
4.839213
4.475045
4.840909
4.649255
4.772767
4.587446
4.762278
4.322365
4.266385
4.704821
4.439514
4.504894
4.625448
4.319876
4.769514
4.494071
4.472698
4.423800
4.618044
4.786855
4.797386
4.591219
4.508388
4.667143
4.520242
4.805567
4.562391
4.483006
4.642890
4.844356
4.304235
4.277883
4.789748
4.859376
4.462917
4.573657
4.616227
4.466943
4.488574
4.465772
4.390925
4.756118
4.548793
4.397827
4.508871
4.398896
4.738614
4.528985
4.394854
4.632104
4.533239
4.637384
4.557003
4.846955
4.839174
4.520755
4.624755
4.657456
4.598526
4.678752
4.708135
4.739083
4.846609
4.566167
4.589287
4.535109
4.895321
4.479697
4.745883
4.709665
4.532013
4.651607
4.353088
4.677299
4.636353
4.669914
4.484060
4.934471
4.631069
4.747040
4.669929
4.409658
4.787123
4.509665
4.444015
4.564502
4.567281
4.346255
4.377319
4.358395
4.464581
4.503966
4.403478
4.640204
4.857968
4.671808
4.546999
4.624037
4.575068
4.661788
4.637438
4.402770
4.853774
4.432976
4.652124
4.511989
4.388380
4.468124
4.637518
4.750366
4.541995
4.728525
4.658549
4.673123
4.737994
4.685832
4.555202
4.677738
4.642873
4.462349
4.575865
4.510153
4.705117
4.477316
4.358596
4.699193
4.365033
4.302496
4.220311
4.295516
4.902777
4.305725
4.627776
4.615416
4.395175
4.514205
4.388625
4.292279
4.430920
4.578730
4.766033
4.538263
4.424208
4.524650
4.573931
4.406096
4.778307
4.305317
4.703166
4.560913
4.438643
4.413553
4.502016
4.750467
4.340221
4.473105
4.523577
4.574038
4.533673
4.311122
4.422187
4.719549
4.360793
4.611745
4.569984
4.415802
4.411015
4.527609
4.354779
4.411768
4.586596
4.391033
4.401748
4.764555
4.448091
4.294667
4.273088
4.624837
4.420851
4.824176
4.646149
4.359418
4.801937
4.608382
4.423812
4.381471
4.375968
4.308185
4.569885
4.687255
4.335017
4.306485
4.426713
4.523390
4.732769
4.211871
4.785089
4.276131
4.517082
4.661580
4.362547
4.374605
4.622313
4.368069
4.554747
4.649540
4.452595
4.523781
4.543423
4.386186
4.626836
4.761378
4.493585
4.381266
4.553077
4.198033
4.493978
4.629351
4.612851
4.748499
4.423093
4.396606
4.457148
4.525349
4.357322
4.322430
4.363431
4.241486
4.718682
4.350398
4.372332
4.764085
4.597933
4.773223
4.535419
4.552778
4.638536
4.372055
4.554286
4.542728
4.545665
4.543730
4.414725
4.709356
4.349397
4.428123
4.505821
4.707867
4.287848
4.400879
4.745890
4.461584
4.653893
4.455070
4.388095
4.444834
4.535270
4.452790
4.091020
4.715340
4.435744
4.404604
4.379091
4.405967
4.670934
4.470113
4.411497
4.348238
4.377995
4.593600
4.204411
4.656225
4.696518
4.652697
4.589768
4.512945
4.704879
4.446203
4.703684
4.408229
4.837024
4.494290
4.402715
4.893462
4.726563
4.588643
4.492481
4.581522
4.615059
4.476576
4.491866
4.340206
4.433595
4.592723
4.673006
4.823555
4.419538
4.327442
4.571437
4.619324
4.254562
4.238874
4.299066
4.272029
4.665569
4.437997
4.331975
4.289399
4.485597
4.640322
4.619736
4.536184
4.392963
4.298974
4.521832
4.287377
4.553143
4.400487
4.323887
4.498434
3.941400
4.503335
4.445810
4.417694
4.307299
4.404387
4.288259
4.436875
4.409950
4.503088
4.590929
4.414476
4.456557
4.344937
4.386472
4.505983
4.325425
4.219539
4.436159
4.426430
4.243559
4.367172
4.691743
4.329356
4.348703
4.521796
4.426685
4.362805
4.649864
4.293084
4.651978
4.463569
4.584022
4.403114
4.574645
4.144434
4.089384
4.518123
4.258422
4.322711
4.440578
4.141952
4.581153
4.312153
4.291418
4.243846
4.434078
4.599504
4.608632
4.406513
4.326481
4.480431
4.338986
4.616946
4.379641
4.300962
4.459302
4.656541
4.129565
4.101591
4.601810
4.669940
4.281654
4.389686
4.431734
4.285833
4.307327
4.285413
4.211927
4.568397
4.365816
4.219654
4.327434
4.220383
4.551180
4.347127
4.214668
4.448234
4.350623
4.452529
4.373717
4.658174
4.649998
4.338010
4.440500
4.471700
4.414559
4.493397
4.520931
4.552165
4.657652
4.383353
4.405546
4.353859
4.705218
4.297964
4.558169
4.523997
4.350387
4.466966
4.176556
4.491499
4.451907
4.485297
4.302793
4.744553
4.446959
4.560147
4.484970
4.230112
4.601684
4.327581
4.263399
4.381870
4.384506
4.168869
4.198771
4.179508
4.285567
4.321803
4.225320
4.455777
4.670011
4.486458
4.364696
4.441076
4.392467
4.476527
4.453405
4.224348
4.664669
4.252705
4.467810
4.330838
4.209623
4.287154
4.453116
4.564433
4.359903
4.542680
4.475896
4.488308
4.551445
4.501458
4.372448
4.492651
4.458349
4.283183
4.392803
4.329542
4.519748
4.297558
4.181211
4.512954
4.187139
4.124868
4.045828
4.119090
4.714221
4.128723
4.443062
4.432342
4.217175
4.332920
4.210334
4.116019
4.251276
4.397290
4.578763
4.356339
4.244584
4.343029
4.390641
4.229102
4.590793
4.128319
4.517801
4.377668
4.258840
4.235287
4.321267
4.564689
4.162423
4.292675
4.341601
4.391429
4.352136
4.134668
4.244202
4.534093
4.184603
4.429008
4.388660
4.236714
4.232243
4.346013
4.178099
4.232864
4.403359
4.213949
4.223725
4.577373
4.268989
4.118386
4.097670
4.442130
4.241911
4.636059
4.462733
4.182384
4.615193
4.425444
4.245428
4.203789
4.197281
4.131917
4.389128
4.502646
4.158585
4.130065
4.248160
4.342297
4.547564
4.037385
4.598235
4.101586
4.337355
4.478865
4.185205
4.197174
4.439256
4.190172
4.374184
4.465785
4.274168
4.343259
4.362031
4.208634
4.444123
4.575137
4.312598
4.203480
4.371857
4.025774
4.313457
4.445820
4.430755
4.563396
4.244512
4.219100
4.276225
4.344717
4.180623
4.145943
4.186543
4.066749
4.533616
4.173574
4.194988
4.578128
4.415872
4.587794
4.354045
4.372143
4.456372
4.194421
4.372647
4.361429
4.364412
4.362808
4.237761
4.525342
4.173897
4.250569
4.326694
4.523519
4.112376
4.222508
4.561161
4.282342
4.471826
4.275699
4.210040
4.266787
4.355324
4.273744
3.919811
4.531107
4.258078
4.227074
4.202047
4.227869
4.488137
4.290910
4.234010
4.172141
4.200475
4.412743
4.031561
4.473233
4.513443
4.469917
4.408465
4.332735
4.521069
4.268600
4.520046
4.230766
4.650726
4.313614
4.225323
4.705703
4.542908
4.407995
4.313018
4.400053
4.433345
4.297555
4.312708
4.164606
4.256544
4.411081
4.489369
4.637866
4.242551
4.152637
4.390882
4.438406
4.080630
4.066631
4.123851
4.099247
4.482388
4.259818
4.157426
4.115035
4.307014
4.457878
4.438208
4.356597
4.216591
4.124248
4.342142
4.112857
4.373598
4.223381
4.148488
4.319201
3.774237
4.326089
4.268405
4.240777
4.131770
4.228308
4.113918
4.259123
4.233666
4.323555
4.409904
4.237990
4.278161
4.169932
4.209618
4.326034
4.151352
4.046766
4.257771
4.249107
4.070169
4.192629
4.511045
4.154782
4.173873
4.343477
4.250873
4.186451
4.468337
4.118783
4.470908
4.285665
4.403110
4.226506
4.394817
3.974105
3.919954
4.339209
4.084982
4.148232
4.263411
3.971594
4.400578
4.137913
4.117802
4.071483
4.257837
4.419964
4.427714
4.229545
4.152288
4.301506
4.165390
4.436141
4.204565
4.126551
4.283412
4.477757
3.960832
3.932840
4.421699
4.488329
4.108040
4.213435
4.254960
4.112353
4.133707
4.112698
4.040524
4.388482
4.190519
4.049063
4.153619
4.049449
4.371530
4.172938
4.042098
4.272033
4.175648
4.275406
4.198134
4.477172
4.468610
4.162930
4.263950
4.293666
4.238294
4.315764
4.341521
4.373002
4.476483
4.208228
4.229504
4.180241
4.522934
4.123860
4.378233
4.346094
4.176398
4.290039
4.007551
4.313435
4.275162
4.308374
4.129149
4.562483
4.270490
4.380982
4.307694
4.058140
4.423953
4.153102
4.090362
4.206869
4.209404
3.999030
4.027783
4.008193
4.114122
4.147271
4.054710
4.279036
4.489856
4.308822
4.190006
4.265784
4.217513
4.298947
4.277036
4.053452
4.483381
4.080032
4.291182
4.157266
4.038448
4.113811
4.276394
4.386221
4.185431
4.364540
4.300890
4.311178
4.372633
4.324795
4.197333
4.315280
4.281484
4.111619
4.217361
4.156491
4.342056
4.125405
4.011333
4.334407
4.016735
3.954780
3.878806
3.950188
4.533471
3.959236
4.265996
4.256931
4.046680
4.159243
4.039603
3.947247
4.079193
4.223443
4.399187
4.182025
4.072537
4.169021
4.215008
4.059623
4.411026
3.958840
4.340129
4.202022
4.086593
4.064557
4.148098
4.386612
3.992130
4.119822
4.167249
4.216437
4.178195
3.965689
4.073770
4.356330
4.015884
4.253918
4.214914
4.065178
4.061013
4.172028
4.008871
4.061491
4.227738
4.044368
4.053218
4.397862
4.097396
3.949565
3.929708
4.267021
4.070497
4.455633
4.286903
4.012806
4.436157
4.250125
4.074547
4.033599
4.026121
3.963111
4.215945
4.325710
3.989656
3.961113
4.077128
4.168782
4.370035
3.870292
4.419045
3.934478
4.165171
4.303777
4.015364
4.027227
4.263788
4.019767
4.201195
4.289679
4.103228
4.170307
4.188221
4.038569
4.268991
4.396600
4.139181
4.033197
4.198160
3.860887
4.140490
4.269864
4.256230
4.385887
4.073453
4.049056
4.102874
4.171665
4.011375
3.976920
4.017111
3.899425
4.356164
4.004228
4.025123
4.399824
4.241388
4.410018
4.180236
4.199044
4.281757
4.024274
4.198574
4.187670
4.190744
4.189414
4.068248
4.348904
4.005781
4.080473
4.155072
4.346787
3.944330
4.051636
4.384050
4.110599
4.297328
4.103826
4.039466
4.096204
4.182868
4.102188
3.755942
4.354469
4.087900
4.057001
4.032436
4.057225
4.312878
4.119218
4.063994
4.003461
4.030427
4.239410
3.866094
4.297835
4.337931
4.294681
4.234711
4.160027
4.344844
4.098482
4.343997
4.060759
4.472053
4.140450
4.055344
4.525619
4.366823
4.234859
4.141028
4.226131
4.259189
4.126018
4.141025
3.996406
4.086937
4.236964
4.313301
4.459803
4.072995
3.985213
4.217835
4.264968
3.914082
3.901720
3.956042
3.933773
4.306778
4.089077
3.990303
3.948041
4.135887
4.283000
4.264208
4.184480
4.047642
3.956900
4.169954
3.945720
4.201540
4.053717
3.980494
4.147439
3.614292
4.155966
4.098484
4.071267
3.963635
4.059640
3.946946
4.088806
4.064808
4.151490
4.236380
4.068927
4.107241
4.002302
4.040188
4.153594
3.984616
3.881319
4.086851
4.079188
3.904122
4.025315
4.337805
3.987584
4.006391
4.172600
4.082454
4.017507
4.294324
3.951845
4.297287
4.115162
4.229699
4.057294
4.222440
3.811043
3.757780
4.167749
3.918885
3.981105
4.093658
3.808514
4.227498
3.970994
3.951509
3.906404
4.088930
4.247840
4.254259
4.059969
3.985398
4.130022
3.999132
4.262805
4.036847
3.959473
4.114862
4.305761
3.800103
3.771306
4.249047
4.314230
3.941754
4.044554
4.085556
3.946194
3.967422
3.947281
3.876410
4.216003
4.022590
3.885726
3.987165
3.885771
4.199339
4.006046
3.876810
4.103209
4.008041
4.105658
4.029905
4.303623
4.294731
3.995190
4.094754
4.123044
4.069380
4.145532
4.169523
4.201258
4.302783
4.040424
4.060816
4.013944
4.348137
3.957069
4.205754
4.175552
4.009725
4.120487
3.845763
4.142772
4.105796
4.138834
3.962822
4.387896
4.101429
4.209238
4.137814
3.893446
4.253659
3.985975
3.924637
4.039208
4.041626
3.836405
3.864037
3.844124
3.949934
3.980041
3.891330
4.109678
4.317103
4.138585
4.022639
4.097836
4.049879
4.128757
4.108039
3.889817
4.309533
3.914617
4.121895
3.991000
3.874495
3.947742
4.107017
4.215396
4.018279
4.193803
4.133218
4.141428
4.201218
4.155487
4.029528
4.145244
4.111990
3.947270
4.049266
3.990731
4.171746
3.960468
3.848675
4.163267
3.853582
3.791887
3.718917
3.788462
4.360145
3.796937
4.096297
4.088815
3.883428
3.992857
3.876075
3.785652
3.914370
4.056874
4.227021
4.015019
3.907738
4.002287
4.046682
3.897306
4.238639
3.796540
4.169799
4.033715
3.921591
3.901049
3.982193
4.215887
3.829040
3.954227
4.000180
4.048746
4.011522
3.803881
3.910490
4.185911
3.854332
4.086103
4.048440
3.900863
3.896978
4.005301
3.846844
3.897344
4.059423
3.881950
3.889910
4.225767
3.933002
3.787913
3.768881
4.099206
3.906289
4.282631
4.118415
3.850439
4.264482
4.082099
3.910881
3.870606
3.862160
3.801492
4.049975
4.156083
3.827855
3.799329
3.913289
4.002515
4.199839
3.710334
4.247208
3.774483
4.000217
4.135964
3.852680
3.864450
4.095602
3.856542
4.035441
4.120851
3.939495
4.004587
4.021645
3.875677
4.101149
4.225397
3.973005
3.870083
4.031730
3.703069
3.974749
4.101192
4.088955
4.215709
3.909566
3.886187
3.936742
4.005819
3.849276
3.815044
3.854844
3.739208
4.186048
3.842028
3.862417
4.228871
4.074154
4.239563
4.013665
4.033168
4.114408
3.861279
4.031738
4.021144
4.024302
4.023258
3.905861
4.179797
3.844809
3.917527
3.990637
4.177337
3.783384
3.887936
4.214249
3.946039
4.130075
3.939138
3.876039
3.932796
4.017646
3.937812
3.599086
4.185138
3.924829
3.894088
3.869967
3.893756
4.144885
3.954709
3.901121
3.841900
3.867507
4.073290
3.707654
4.129707
4.169682
4.126698
4.068187
3.994532
4.175895
3.935489
4.175217
3.897889
4.300708
3.974484
3.892520
4.352849
4.198016
4.068947
3.976228
4.059423
4.092242
3.961678
3.976516
3.835323
3.924460
4.070074
4.144488
4.289025
3.910571
3.824883
4.051987
4.098735
3.754589
3.743825
3.795320
3.775383
4.138440
3.925492
3.830215
3.788118
3.971919
4.115352
4.097439
4.019547
3.885800
3.796613
4.004931
3.785630
4.036659
3.891153
3.819587
3.982828
3.461247
3.992956
3.935705
3.908865
3.802591
3.898036
3.787033
3.925635
3.903024
3.986587
4.070051
3.906948
3.943443
3.841736
3.877854
3.988322
3.824939
3.722882
3.923051
3.916385
3.745129
3.865075
4.171736
3.827427
3.845984
4.008842
3.921114
3.855643
4.127511
3.791950
4.130859
3.951813
4.063452
3.895177
4.057228
3.654933
3.602545
4.003417
3.759797
3.821014
3.930990
3.652383
4.061587
3.811136
3.792244
3.748352
3.927142
4.082903
4.087981
3.897480
3.825569
3.965674
3.839880
4.096636
3.876185
3.799445
3.953403
4.140897
3.646267
3.616693
4.083507
4.147293
3.782494
3.882747
3.923260
3.787068
3.808149
3.788877
3.719240
4.050666
3.861694
3.729335
3.827690
3.729058
4.034272
3.846201
3.718528
3.941453
3.847468
3.942999
3.868716
4.137248
4.127987
3.834486
3.932647
3.959513
3.907538
3.982394
4.004664
4.036636
4.136257
3.879671
3.899169
3.854650
4.180519
3.797296
4.040390
4.012113
3.850067
3.958008
3.690877
3.979198
3.943496
3.976359
3.803497
4.220462
3.939410
4.044607
3.975001
3.735715
4.090420
3.825830
3.765882
3.878564
3.880874
3.680695
3.707231
3.686992
3.792702
3.819832
3.734902
3.947383
4.151506
3.975404
3.862286
3.936894
3.889266
3.965637
3.946086
3.733106
4.142827
3.756192
3.959651
3.831712
3.717488
3.788649
3.944700
4.051646
3.858115
4.030141
3.972555
3.978711
4.036881
3.993211
3.868740
3.982284
3.949549
3.789866
3.888172
3.831939
4.008482
3.802527
3.692905
3.999203
3.697313
3.635905
3.565893
3.633610
4.193923
3.641537
3.933642
3.927731
3.727072
3.833427
3.719445
3.630929
3.756474
3.897284
4.061956
3.854984
3.749865
3.842546
3.885365
3.741878
4.073357
3.641127
4.006524
3.872412
3.763524
3.744431
3.823242
4.052228
3.672856
3.795583
3.840089
3.888048
3.851831
3.648943
3.754148
4.022545
3.699665
3.925298
3.888926
3.743444
3.739862
3.845549
3.691689
3.740105
3.898105
3.726414
3.733485
4.060759
3.775554
3.633118
3.614890
3.938369
3.748991
4.116727
3.956897
3.694913
4.099883
3.921075
3.754095
3.714489
3.705092
3.646698
3.890969
3.993498
3.672904
3.644407
3.756334
3.843184
4.036654
3.557188
4.082457
3.621296
3.842169
3.975095
3.696881
3.708566
3.934415
3.700195
3.876591
3.959023
3.782640
3.845775
3.862023
3.719653
3.940279
4.061232
3.813761
3.713832
3.872237
3.552006
3.815938
3.939531
3.928643
4.052582
3.752571
3.730175
3.777544
3.846902
3.694028
3.659997
3.699396
3.585795
4.022948
3.686677
3.706553
4.064939
3.913863
4.076130
3.854024
3.874219
3.953995
3.705139
3.871842
3.861548
3.864794
3.864012
3.750335
4.017671
3.690628
3.761434
3.833075
4.014902
3.629268
3.731105
4.051447
3.788368
3.969761
3.781350
3.719492
3.776244
3.859331
3.780306
3.448953
4.022770
3.768648
3.738010
3.714348
3.737137
3.983844
3.797081
3.745081
3.687180
3.711442
3.914080
3.555979
3.968506
4.008388
3.965673
3.908554
3.835927
4.013912
3.779348
4.013392
3.741856
4.136389
3.815434
3.736541
4.187180
4.036165
3.909930
3.818310
3.899628
3.932213
3.804176
3.818879
3.681015
3.768783
3.910116
3.982646
4.125246
3.754977
3.671315
3.893031
3.939400
3.601835
3.592653
3.641378
3.623697
3.977007
3.768742
3.676901
3.634961
3.814795
3.954625
3.937569
3.861471
3.730756
3.643101
3.846776
3.632326
3.878626
3.735415
3.665441
3.825068
3.314811
3.836770
3.779726
3.753277
3.648328
3.743236
3.633885
3.769273
3.748040
3.828550
3.910613
3.751784
3.786474
3.687952
3.722322
3.829911
3.672006
3.571169
3.766074
3.760397
3.592839
3.711576
4.012566
3.674031
3.692332
3.851926
3.766573
3.700572
3.967586
3.638788
3.971328
3.795254
3.904081
3.739845
3.898875
3.505506
3.453937
3.845930
3.607433
3.667670
3.775145
3.502920
3.902523
3.657997
3.639720
3.596972
3.772135
3.924781
3.928571
3.741798
3.672450
3.808160
3.687363
3.937355
3.722256
3.646148
3.798707
3.982876
3.499035
3.468701
3.924853
3.987237
3.629940
3.727722
3.767741
3.634641
3.655592
3.637150
3.568750
3.892175
3.707552
3.579597
3.674955
3.578994
3.876042
3.693074
3.566938
3.786460
3.693641
3.787123
3.714281
3.977747
3.968137
3.680523
3.777331
3.802785
3.752462
3.826050
3.846623
3.878844
3.976590
3.725655
3.744306
3.702053
4.019801
3.644249
3.881875
3.855461
3.697114
3.802278
3.542577
3.822421
3.787964
3.820659
3.650870
4.059907
3.784161
3.886804
3.818963
3.584644
3.933967
3.672447
3.613825
3.724659
3.726851
3.531609
3.557072
3.536528
3.642105
3.666337
3.585093
3.791833
3.992719
3.819002
3.708658
3.782689
3.735374
3.809290
3.790855
3.583027
3.982982
3.604432
3.804168
3.679115
3.567125
3.636257
3.789121
3.894687
3.704653
3.873250
3.818599
3.822756
3.879351
3.837693
3.714681
3.826099
3.793844
3.639103
3.733818
3.679809
3.851996
3.651230
3.543752
3.841908
3.547693
3.486533
3.419389
3.485346
4.034546
3.492722
3.777745
3.773366
3.577293
3.680688
3.569470
3.482779
3.605241
3.744379
3.903690
3.701645
3.598663
3.689482
3.730774
3.593040
3.914883
3.492296
3.850017
3.717824
3.612110
3.594453
3.670954
3.895321
3.523260
3.643578
3.686688
3.734042
3.698826
3.500581
3.604394
3.865933
3.551529
3.771180
3.736087
3.592685
3.589380
3.692468
3.543102
3.589489
3.743501
3.577474
3.583674
3.902521
3.624739
3.484895
3.467458
3.784245
3.598335
3.957622
3.802107
3.545983
3.942045
3.766733
3.603918
3.564968
3.554637
3.498464
3.738615
3.837624
3.524536
3.496031
3.606010
3.690538
3.880228
3.410562
3.924476
3.474642
3.690768
3.820937
3.547653
3.559233
3.779917
3.550447
3.724401
3.803897
3.632376
3.693618
3.709061
3.570216
3.786087
3.903819
3.661175
3.564181
3.719393
3.407410
3.663764
3.784541
3.775010
3.896162
3.602167
3.580752
3.624986
3.694620
3.545337
3.511509
3.550527
3.438918
3.866571
3.537874
3.557273
3.907752
3.760238
3.919428
3.701049
3.721920
3.800259
3.555590
3.718600
3.708613
3.711917
3.711422
3.601349
3.862239
3.542972
3.611928
3.682133
3.859163
3.481649
3.580836
3.895360
3.637285
3.816099
3.630135
3.569502
3.626267
3.707599
3.629415
3.305256
3.867115
3.619030
3.588494
3.565266
3.587095
3.829473
3.646048
3.595615
3.538974
3.561934
3.761493
3.410791
3.813987
