10.499345
9.874469
10.484119
9.188272
10.075457
9.729345
9.462417
12.713433
11.409287
13.948180
10.792622
9.625731
9.267668
8.709550
9.163035
10.154530
10.211316
9.695073
9.516499
8.469303
9.618478
9.569414
10.230643
10.114871
10.959566
9.447809
9.699790
9.907755
9.326529
9.575272
8.846403
9.436808
9.179869
9.802171
9.869660
8.299289
8.977386
9.561418
9.323347
10.034248
8.949550
8.491048
9.213770
7.999803
7.733110
8.509824
9.015261
8.743486
9.270254
9.361073
9.423298
8.877603
9.347610
9.120527
9.886521
10.998756
8.560214
8.894478
9.275026
10.420292
9.823165
10.170667
10.188024
9.816007
10.162012
9.415606
9.778996
8.843703
8.336658
7.747001
8.305061
10.759411
10.715485
10.901088
10.242430
10.415476
9.238559
9.812764
8.608389
8.685231
8.333814
7.746540
9.961313
9.977859
8.655743
9.030292
9.368111
10.263230
10.220232
10.274473
10.676111
7.732061
6.819654
8.356430
9.151336
8.165038
6.645891
7.897383
7.888588
9.408048
6.069326
7.817440
7.364703
8.946836
7.558059
7.782843
10.138702
7.160458
6.750121
7.896448
7.782999
9.243259
9.024973
8.188635
8.729666
7.141577
7.931238
6.460773
7.779553
7.814016
6.362847
4.657529
9.071295
10.314382
7.867620
9.278273
7.488284
10.674246
5.349368
7.176860
10.741111
0.402304
10.660823
6.290622
7.150610
9.804352
9.825716
7.238839
5.291211
9.853666
7.848657
7.865652
11.210361
8.564194
7.317432
7.504055
7.408091
7.799794
9.770891
5.732747
6.255052
1.496260
5.190866
8.643599
8.364573
7.457825
9.315744
8.937163
4.937496
8.436531
7.689746
7.251140
6.427852
7.991443
9.447102
6.249178
7.220474
7.492755
8.706409
10.124084
6.833963
9.291143
8.071742
6.553554
6.646608
3.861301
5.456191
1.776452
8.246748
7.995158
5.448981
6.058509
4.722167
4.962683
6.789973
7.026107
5.538691
4.064588
9.174247
6.403460
5.745667
6.236187
6.210291
6.481789
5.908587
6.396616
6.019134
6.502511
7.486854
3.369802
2.183675
5.326871
5.849982
6.443145
8.548506
7.884300
6.735799
4.802011
7.041915
5.870847
6.222449
6.092621
6.902361
4.468139
6.165908
6.858668
4.684481
6.949493
7.463343
5.017902
7.401967
7.147140
4.875251
5.151157
6.384721
6.269846
5.601968
4.562135
7.432311
6.614605
7.324289
5.138942
5.124058
4.338415
4.463298
5.905745
3.427510
7.111896
3.934347
5.675118
5.328488
5.650303
5.117435
6.808486
6.683229
5.724026
5.740145
2.957737
5.342240
5.390128
5.498535
4.581073
6.803784
6.312154
5.136612
5.871050
4.672160
4.987298
6.904021
4.402893
5.342842
5.788430
3.801873
4.809575
4.992368
5.517475
5.291868
4.002778
6.178263
4.939367
6.321306
5.638956
3.647624
4.706746
4.374368
6.777378
6.509689
3.638799
4.304820
6.297807
7.732192
4.601675
4.880889
5.712018
6.166678
5.364597
4.250638
5.160622
3.046570
6.232152
5.077102
3.336635
4.371415
4.214697
5.203455
4.649634
5.332450
4.706379
4.940104
3.843419
4.752350
3.988464
4.145469
4.575991
4.465891
3.484720
3.394217
4.947323
4.615173
2.639484
4.489541
3.451658
2.214910
4.568752
2.839857
3.740626
3.508342
3.232315
3.047948
2.421293
1.755737
3.180959
1.327393
2.675154
3.869395
2.943004
3.472235
2.690875
0.984402
2.356387
2.702572
5.653548
2.921055
1.946302
2.087312
1.736688
2.247983
1.773605
5.339007
1.678164
1.722800
2.205746
1.712205
3.791425
2.576621
4.762499
2.128754
1.352381
4.990514
4.520589
4.988891
4.041030
4.668016
4.342750
4.153542
6.355885
5.465184
7.341260
5.096188
4.201794
4.009299
3.701535
3.903276
4.650480
4.578602
4.271813
4.149708
3.456676
4.185604
4.164788
4.584903
4.555553
5.031941
4.085019
4.224198
4.374296
3.934928
4.125422
3.647756
4.026453
3.802706
4.214627
4.242059
3.221492
3.627142
4.029375
3.890647
4.323884
3.630711
3.378525
3.791538
3.077924
2.977581
3.393537
3.682437
3.473568
3.819497
3.876306
3.892942
3.578231
3.887228
3.724443
4.202403
4.908066
3.398813
3.571926
3.868621
4.494936
4.172461
4.338172
4.371406
4.191461
4.357926
3.914498
4.135071
3.547671
3.267371
2.936925
3.244534
4.772553
4.696264
4.900164
4.387029
4.497699
3.756125
4.165526
3.446209
3.509342
3.247298
2.910719
4.201204
4.247417
3.490065
3.691928
4.004083
4.490079
4.459685
4.520477
4.783105
2.948369
2.428985
3.304066
3.760131
3.329712
2.378319
3.163220
3.083327
4.104608
2.084923
3.097838
2.751533
3.741035
2.950759
3.015067
4.496876
2.650624
2.555280
3.222934
3.085639
3.990647
3.838609
3.351671
3.680182
2.794946
3.254668
2.337405
3.079983
3.156380
2.225411
1.223842
3.846799
4.824262
3.109367
3.997845
2.861000
4.958763
1.709489
2.852926
5.037020
0.164316
5.037669
2.192629
2.761897
4.409402
4.485242
2.873825
1.996230
4.585455
3.159891
3.302856
5.416955
3.639423
2.846356
3.068472
2.926849
3.173685
4.548049
2.084479
2.366409
0.046821
1.657989
3.780360
3.567051
2.993596
4.264423
4.012113
1.537417
3.696124
3.291965
2.990517
2.439117
3.371216
4.380826
2.287303
3.111662
3.121998
3.871019
4.851977
2.808712
4.307571
3.488397
2.537799
2.730104
0.982280
2.394585
0.131275
3.793336
3.547912
1.962161
2.298663
1.563549
1.751395
2.708050
3.092750
2.025883
1.260117
4.356923
2.741243
2.163802
2.495313
2.429805
2.645051
2.256905
2.576731
2.309499
2.678502
3.411713
0.871892
0.290180
2.116160
2.320858
2.884748
3.960382
3.555784
2.906521
1.818292
3.006095
2.307030
2.553845
2.513670
2.959469
1.833796
2.490619
3.043311
1.626314
2.980484
3.407188
1.863249
3.565953
3.193424
1.835587
1.981412
2.709386
2.633418
2.348997
1.586335
3.360322
2.840186
3.335313
2.042054
2.035367
1.419772
1.643804
2.483281
1.059160
3.280386
1.525473
2.283845
2.319792
2.230880
2.163112
3.028331
2.907658
2.358442
2.396365
0.709140
2.186422
2.155426
2.235746
1.652105
3.122302
2.893138
2.104019
2.503784
1.845636
1.945421
3.132074
1.558180
2.217313
2.482194
1.346871
2.126066
2.169633
2.341656
2.115324
1.472637
2.695495
2.114418
2.852800
2.412000
1.578948
1.907380
1.707994
3.131150
2.999522
1.274824
1.668853
2.825490
3.832464
1.906542
2.043316
2.537684
2.765154
2.209462
1.859396
2.153795
0.979461
2.833157
2.115099
1.131362
1.731009
1.695363
2.260502
1.806547
2.636785
1.874943
1.995816
1.420601
2.029690
1.497755
1.805956
1.815878
1.815624
1.253512
1.323447
2.045787
1.901910
1.076152
1.878836
1.211537
0.586654
1.872304
0.880710
1.527172
1.309443
1.129127
1.240685
0.628135
0.747975
1.350275
0.395964
1.135183
1.465000
1.204143
1.343436
0.839327
0.352174
0.803758
0.989355
2.670555
1.194536
0.636701
0.683906
0.883978
0.663146
0.589115
2.493151
0.579374
0.491709
0.867597
0.362867
1.742709
1.181121
2.303530
0.913766
0.376951
2.441918
2.093791
2.472753
1.782083
2.235819
1.935947
1.811546
3.291982
2.701510
4.129317
2.527027
1.831513
1.762822
1.636095
1.674743
2.264650
2.115094
1.959923
1.885074
1.439294
1.894271
1.901082
2.168943
2.206027
2.446699
1.882832
1.955620
2.075776
1.737543
1.897556
1.591373
1.839110
1.644053
1.926590
1.935232
1.276093
1.512375
1.804080
1.735183
1.996949
1.559415
1.443740
1.665015
1.273222
1.282093
1.474107
1.630473
1.465043
1.701187
1.740350
1.731949
1.564713
1.776215
1.656204
1.957744
2.413788
1.482839
1.557824
1.803813
2.111211
1.959578
2.014454
2.058464
1.997254
2.053950
1.796631
1.929591
1.554934
1.412746
1.239848
1.393191
2.354259
2.257113
2.470927
2.045099
2.116143
1.638052
1.945127
1.519054
1.571599
1.361593
1.175062
1.900982
1.962786
1.546168
1.640443
1.934350
2.169136
2.143712
2.205768
2.381262
1.217187
0.933490
1.404106
1.651708
1.555710
0.945850
1.444799
1.318878
2.035150
0.812410
1.376605
1.091902
1.719235
1.288826
1.252943
2.202144
1.038942
1.131512
1.506189
1.351502
1.917201
1.802366
1.524118
1.720960
1.258432
1.515371
0.930130
1.320789
1.419616
0.800639
0.222160
1.757890
2.571527
1.296759
1.866141
1.121709
2.557730
0.561945
1.288301
2.633957
1.067054
2.677667
0.752852
1.143177
2.178652
2.284511
1.260581
1.027718
2.419645
1.341878
1.558169
2.924503
1.669822
1.148462
1.389171
1.217030
1.373308
2.383631
0.870217
1.003809
0.157697
0.505032
1.819384
1.643031
1.268487
2.181181
2.002501
0.447979
1.792697
1.593134
1.371932
0.982328
1.529484
2.266394
0.838544
1.571247
1.420330
1.885436
2.599386
1.308037
2.224221
1.644587
1.034826
1.284534
0.161938
1.461092
0.052360
2.012232
1.767911
0.760788
0.929440
0.555580
0.708947
1.136105
1.608133
0.793202
0.453546
2.329622
1.410448
0.879088
1.111825
1.019810
1.198485
0.919810
1.135331
0.932312
1.229596
1.808298
0.220485
0.002092
1.028415
1.037943
1.581662
2.031650
1.781727
1.432170
0.853243
1.401895
0.986075
1.167065
1.178747
1.401895
1.065769
1.090232
1.555783
0.594671
1.395240
1.766851
0.766152
2.054160
1.608066
0.801084
0.865866
1.285546
1.230819
1.176165
0.578954
1.687246
1.344919
1.707924
0.952282
0.948299
0.433362
0.715152
1.187474
0.399063
1.732566
0.836402
0.998018
1.263289
0.923606
1.135118
1.498359
1.378276
1.075006
1.123954
0.097359
1.023440
0.942553
1.003729
0.619974
1.632622
1.560174
1.002793
1.197900
0.864896
0.832247
1.574973
0.560142
1.047242
1.200682
0.578445
1.217289
1.174531
1.130816
0.901994
0.648461
1.292763
1.107759
1.454641
1.158005
1.023914
0.908136
0.787207
1.615396
1.564120
0.531098
0.758542
1.407056
2.153398
0.954519
1.003134
1.291747
1.379778
0.971259
1.081555
1.001483
0.393930
1.439668
0.984146
0.456480
0.790889
0.826617
1.133495
0.738096
1.655674
0.809790
0.860497
0.599006
1.024776
0.631363
1.029214
0.782757
0.847144
0.536808
0.702013
0.919761
0.888009
0.756366
0.923390
0.478562
0.222178
0.859584
0.312409
0.803187
0.592495
0.468322
0.757215
0.151443
0.744834
0.847347
0.435532
0.804728
0.609678
0.749864
0.651448
0.313410
0.562456
0.455319
0.542027
1.453079
0.735764
0.428552
0.417305
0.948968
0.283392
0.449974
1.346913
0.488771
0.319386
0.628832
0.115687
1.070631
0.902725
1.379908
0.741351
0.347891
1.459187
1.183153
1.506444
0.969816
1.317104
1.031013
0.944244
1.986198
1.575832
2.730788
1.515946
0.939206
0.943876
0.925159
0.863547
1.356714
1.158598
1.093648
1.045858
0.748173
1.035846
1.057865
1.232049
1.307841
1.404317
1.070783
1.101896
1.202419
0.923925
1.063979
0.860103
1.027121
0.847939
1.050702
1.046509
0.604639
0.736961
0.960323
0.932235
1.088783
0.804520
0.770016
0.873830
0.675359
0.748924
0.803969
0.878716
0.738161
0.906458
0.933545
0.908584
0.829199
0.980308
0.884805
1.078183
1.381777
0.799428
0.813666
1.027598
1.140632
1.091027
1.077469
1.126647
1.135936
1.124868
0.978837
1.057437
0.810206
0.750261
0.671378
0.730044
1.346690
1.235606
1.454107
1.079813
1.125572
0.805640
1.049494
0.799594
0.844444
0.664648
0.567643
0.950616
1.020587
0.808904
0.836801
1.118407
1.199904
1.176234
1.237804
1.359316
0.599873
0.457570
0.682172
0.802382
0.907544
0.503146
0.827819
0.672824
1.203292
0.461637
0.753067
0.504439
0.911392
0.697571
0.599859
1.225544
0.474523
0.679634
0.875823
0.709434
1.068615
0.975123
0.822004
0.937997
0.730124
0.863185
0.477725
0.654250
0.765510
0.334202
0.010630
0.887250
1.600610
0.591066
0.966209
0.458135
1.492560
0.254247
0.727078
1.564214
1.996799
1.631770
0.262758
0.543692
1.207679
1.330614
0.661132
0.817360
1.483623
0.615256
0.874845
1.787571
0.848241
0.490246
0.741142
0.549471
0.649886
1.438843
0.499396
0.542165
0.586729
0.168172
0.992485
0.837459
0.582259
1.277186
1.142037
0.143364
0.994447
0.917683
0.744028
0.451326
0.764511
1.335381
0.309379
0.985611
0.736108
1.028397
1.579765
0.742474
1.305045
0.869392
0.464917
0.748385
0.003191
1.232891
0.340368
1.269138
1.024518
0.366609
0.432721
0.276530
0.408077
0.513842
1.037770
0.374361
0.291636
1.428007
0.929411
0.425001
0.597030
0.488044
0.643661
0.430312
0.581787
0.416710
0.669676
1.153958
0.141374
0.141946
0.683423
0.573936
1.104545
1.175007
1.017797
0.848723
0.577126
0.738089
0.492798
0.633069
0.675256
0.762781
0.903583
0.544499
0.956444
0.270359
0.735032
1.072440
0.399640
1.435818
0.944356
0.469891
0.484776
0.717035
0.674316
0.757871
0.259948
0.964535
0.728980
1.011193
0.580076
0.576903
0.122058
0.437977
0.687284
0.282774
1.078227
0.700945
0.500607
0.903850
0.411599
0.791320
0.849973
0.729447
0.574221
0.629046
0.001461
0.593174
0.481306
0.530109
0.266538
1.001503
1.023116
0.605203
0.675681
0.538675
0.425110
0.898410
0.221148
0.603372
0.688610
0.376122
0.929267
0.833514
0.658489
0.427410
0.408636
0.702060
0.756006
0.865219
0.655090
0.943235
0.557916
0.483726
0.951129
0.947752
0.332592
0.458496
0.798781
1.386672
0.627068
0.621614
0.784993
0.787925
0.467762
0.855951
0.548550
0.283299
0.839373
0.542029
0.289674
0.462869
0.541098
0.690987
0.330336
1.300080
0.402650
0.410210
0.337897
0.652044
0.341784
0.793209
0.390926
0.493759
0.335122
0.557312
0.469025
0.504467
0.792218
0.573896
0.263046
0.229013
0.473459
0.194584
0.590489
0.383410
0.292562
0.688125
0.085819
0.965124
0.764524
0.680399
0.825028
0.311723
0.693968
0.451071
0.212907
0.906821
0.460961
0.487202
0.931571
0.672758
0.516593
0.469362
1.201021
0.265749
0.577302
0.864252
0.644241
0.424810
0.693430
0.174612
0.871862
0.941520
1.027730
0.843084
0.535790
1.069464
0.836456
1.125457
0.681457
0.963736
0.685393
0.620815
1.396833
1.094897
2.084138
1.103182
0.597757
0.646255
0.692330
0.569477
1.003533
0.775466
0.764539
0.732570
0.523948
0.709808
0.740469
0.857411
0.956065
0.964731
0.770039
0.775382
0.863478
0.620583
0.748028
0.605515
0.723132
0.553027
0.706973
0.694479
0.383558
0.452431
0.633895
0.629975
0.722318
0.530288
0.544386
0.576581
0.494580
0.606766
0.578408
0.603240
0.477229
0.603942
0.623210
0.587709
0.560989
0.675040
0.593856
0.721272
0.932108
0.560223
0.537186
0.731212
0.726124
0.737767
0.682296
0.734108
0.785560
0.732998
0.653825
0.699037
0.528434
0.517775
0.495302
0.496184
0.903911
0.783913
1.004767
0.661185
0.691164
0.466473
0.671590
0.527837
0.567557
0.405574
0.362278
0.537238
0.611686
0.523563
0.510822
0.784522
0.772791
0.749723
0.810541
0.898927
0.383905
0.326715
0.401983
0.444646
0.671093
0.390590
0.609342
0.436309
0.853887
0.402924
0.528847
0.301611
0.574754
0.491568
0.356002
0.785463
0.283453
0.556229
0.643975
0.470074
0.703843
0.622839
0.545018
0.611657
0.557469
0.615140
0.350159
0.396673
0.515037
0.196886
0.027163
0.504483
1.156741
0.307293
0.564472
0.199026
0.990001
0.209687
0.528681
1.057662
2.699786
1.138839
0.105788
0.320117
0.758885
0.891753
0.436377
0.827646
1.054387
0.312352
0.597749
1.235565
0.486690
0.227169
0.483839
0.279962
0.346182
1.000784
0.408298
0.395722
0.978883
0.096485
0.623856
0.481357
0.298003
0.860763
0.751581
0.088921
0.640893
0.638070
0.492815
0.258388
0.429609
0.899623
0.116446
0.758124
0.448604
0.635941
1.088553
0.525685
0.873896
0.525018
0.244420
0.547954
0.030804
1.218089
0.637617
0.942046
0.696895
0.249971
0.253677
0.228861
0.346851
0.257774
0.812754
0.240705
0.313115
1.001497
0.757074
0.268640
0.403587
0.283993
0.425316
0.251161
0.363542
0.221090
0.446899
0.873700
0.208894
0.341641
0.589371
0.407538
0.929862
0.770337
0.668908
0.608728
0.522786
0.448817
0.306402
0.421704
0.482029
0.487161
0.916196
0.324751
0.703928
0.183969
0.445055
0.761447
0.286768
1.170189
0.650999
0.377446
0.361826
0.480356
0.444594
0.611475
0.173337
0.633306
0.462061
0.695074
0.460044
0.457056
0.038283
0.374547
0.488594
0.316102
0.785650
0.722056
0.302408
0.788832
0.203977
0.685179
0.559227
0.438143
0.372214
0.430304
0.043897
0.432968
0.302066
0.343093
0.151968
0.718599
0.796840
0.463050
0.457828
0.439143
0.276334
0.586304
0.113051
0.431522
0.475210
0.349888
0.850878
0.722781
0.468033
0.235316
0.358327
0.439146
0.637410
0.602535
0.444487
0.987817
0.439178
0.392999
0.641806
0.667148
0.304589
0.368783
0.522280
1.014015
0.519972
0.481543
0.568874
0.520049
0.253098
0.809176
0.363965
0.305596
0.565093
0.363215
0.277208
0.352590
0.456280
0.510915
0.171047
1.172087
0.243232
0.224431
0.266347
0.512688
0.252509
0.736088
0.239279
0.365128
0.298042
0.554458
0.280750
0.356609
0.897866
0.446153
0.216140
0.316405
0.322837
0.206065
0.544299
0.339189
0.268267
0.728069
0.127671
1.179495
0.795524
0.908852
0.917657
0.212657
0.739806
0.409864
0.231429
1.192057
0.542434
0.532039
0.698202
0.712243
0.645882
0.576932
1.427427
0.331160
0.728697
0.652831
0.812026
0.562578
0.806699
0.284243
0.827993
1.038772
0.892219
0.977324
0.720966
0.911027
0.703397
0.971828
0.582655
0.826099
0.552165
0.500562
1.118319
0.880617
1.771164
0.929000
0.465756
0.540087
0.624462
0.465005
0.863709
0.617637
0.638621
0.615843
0.459975
0.585098
0.620694
0.703387
0.815430
0.771661
0.659343
0.649162
0.729659
0.507748
0.627483
0.521273
0.609309
0.444410
0.569111
0.551475
0.318285
0.349211
0.505540
0.515806
0.569742
0.432446
0.475247
0.464635
0.451761
0.586724
0.508570
0.503503
0.385946
0.487714
0.502137
0.460173
0.464623
0.556413
0.483576
0.571519
0.726915
0.480195
0.434788
0.616753
0.541139
0.589074
0.508448
0.561636
0.638025
0.560557
0.521045
0.546174
0.421067
0.439599
0.450569
0.416838
0.699846
0.574355
0.796403
0.470971
0.491355
0.323279
0.505114
0.424492
0.460978
0.309448
0.298021
0.348712
0.425654
0.411077
0.373917
0.642726
0.575188
0.552304
0.612497
0.680934
0.311636
0.305087
0.291043
0.287242
0.585930
0.379239
0.534580
0.350618
0.700619
0.423077
0.450006
0.235388
0.428463
0.423124
0.264799
0.576906
0.223460
0.536470
0.559301
0.380760
0.539465
0.465755
0.432752
0.469753
0.507220
0.519696
0.326543
0.295238
0.417683
0.167000
0.089064
0.327626
0.943200
0.189279
0.375798
0.095449
0.740748
0.234057
0.460941
0.805552
3.170558
0.894633
0.062230
0.236599
0.540580
0.679214
0.351705
0.883366
0.847151
0.180514
0.481196
0.954459
0.319334
0.118564
0.378543
0.167220
0.212842
0.786925
0.401861
0.356034
1.261295
0.101223
0.451227
0.315673
0.175164
0.658701
0.564914
0.103188
0.476027
0.517315
0.388921
0.189233
0.275348
0.684860
0.046887
0.667756
0.322166
0.446541
0.839892
0.441177
0.660912
0.363851
0.157290
0.472710
0.091986
1.253746
0.859967
0.790889
0.545292
0.224163
0.190496
0.243962
0.353732
0.148260
0.721631
0.203984
0.368878
0.789715
0.696894
0.217870
0.330555
0.204504
0.337169
0.186290
0.275206
0.146139
0.355610
0.747970
0.290720
0.502283
0.574477
0.349313
0.866591
0.569586
0.501342
0.506075
0.530896
0.316490
0.235398
0.335672
0.406712
0.362507
0.963768
0.233237
0.592727
0.171893
0.311234
0.614952
0.258527
1.050619
0.514689
0.361077
0.327115
0.377567
0.345849
0.562417
0.159893
0.473554
0.340628
0.544121
0.426187
0.423202
0.025875
0.374200
0.407274
0.373387
0.647982
0.771842
0.220948
0.757003
0.116671
0.658443
0.422003
0.300470
0.287827
0.347761
0.105476
0.373262
0.230866
0.267139
0.119236
0.585086
0.697102
0.413517
0.362903
0.414901
0.222525
0.434686
0.083369
0.363606
0.382329
0.368894
0.838599
0.691045
0.388473
0.154673
0.362433
0.315927
0.600465
0.479253
0.352268
1.048384
0.401739
0.372225
0.490113
0.532541
0.321073
0.348233
0.389834
0.823913
0.488737
0.430465
0.472176
0.392267
0.157072
0.813593
0.285758
0.351170
0.432992
0.288178
0.301692
0.318409
0.437256
0.434756
0.107235
1.126941
0.179161
0.144482
0.254716
0.460365
0.230082
0.732844
0.179317
0.318862
0.306525
0.583363
0.198499
0.298470
0.991528
0.399893
0.218206
0.398821
0.262653
0.242839
0.546494
0.342440
0.283361
0.781637
0.182211
1.337503
0.843771
1.075245
1.002429
0.181194
0.796794
0.413886
0.271724
1.394889
0.621390
0.588775
0.582013
0.765504
0.754491
0.671829
1.595902
0.400135
0.850988
0.549593
0.944178
0.676039
0.904908
0.380127
0.828632
1.126848
0.835863
1.088194
0.863382
0.840172
0.648218
0.903802
0.548582
0.767859
0.496576
0.452949
0.972520
0.774551
1.603838
0.847660
0.410486
0.500764
0.608820
0.426591
0.803310
0.546000
0.586702
0.569557
0.446303
0.533715
0.572292
0.633704
0.753989
0.677654
0.616330
0.596442
0.672177
0.463176
0.578082
0.494291
0.563944
0.402180
0.508705
0.487819
0.302692
0.310043
0.450761
0.469743
0.499826
0.396346
0.456866
0.419666
0.449542
0.598596
0.489496
0.465816
0.353448
0.439723
0.451068
0.405055
0.428717
0.506677
0.438931
0.502385
0.623424
0.454093
0.394761
0.569244
0.449882
0.520225
0.423973
0.477964
0.569718
0.476776
0.461731
0.474383
0.377335
0.413874
0.445467
0.390256
0.596093
0.467137
0.689923
0.375602
0.390003
0.256860
0.424253
0.382584
0.417015
0.271880
0.280086
0.253936
0.332363
0.363167
0.310862
0.576596
0.474524
0.451699
0.511452
0.567513
0.288160
0.312832
0.243569
0.211018
0.554270
0.393094
0.509238
0.318453
0.626677
0.456205
0.421910
0.215016
0.358590
0.401278
0.228828
0.468422
0.206646
0.544501
0.527156
0.345684
0.457981
0.388729
0.383350
0.401992
0.495998
0.480514
0.331648
0.252222
0.377153
0.168046
0.146694
0.237852
0.830759
0.135724
0.278602
0.050697
0.606087
0.268133
0.438147
0.668983
3.480238
0.762737
0.054128
0.203787
0.424564
0.566741
0.318045
0.936318
0.737805
0.117607
0.427670
0.799422
0.234383
0.069786
0.331760
0.115794
0.148668
0.673071
0.415834
0.349457
1.453292
0.121956
0.361884
0.231224
0.117076
0.551742
0.467397
0.129452
0.391850
0.460274
0.342224
0.163892
0.197520
0.569707
0.021154
0.629166
0.261296
0.346833
0.703633
0.406003
0.546544
0.281357
0.120358
0.443062
0.146320
1.292366
1.013604
0.713549
0.467622
0.224625
0.167683
0.269764
0.374388
0.096480
0.681283
0.197386
0.419712
0.674248
0.675591
0.202358
0.301170
0.171060
0.298303
0.161841
0.236137
0.115342
0.314623
0.685554
0.357157
0.617622
0.580766
0.328644
0.842761
0.460320
0.412647
0.457650
0.551206
0.249554
0.206495
0.297400
0.375050
0.300179
1.008267
0.191396
0.538634
0.179274
0.243016
0.538834
0.255748
0.991149
0.444777
0.365544
0.320159
0.328335
0.299088
0.546444
0.165964
0.388835
0.279640
0.464791
0.419439
0.416416
0.032342
0.388110
0.370935
0.422955
0.576634
0.816698
0.184357
0.751175
0.076370
0.655692
0.350690
0.228848
0.249203
0.310246
0.157238
0.349824
0.200268
0.233557
0.112398
0.515769
0.648678
0.396157
0.317387
0.413135
0.202405
0.353947
0.078120
0.334640
0.337865
0.393688
0.843985
0.684346
0.352117
0.117609
0.377815
0.252430
0.590360
0.415650
0.307864
1.098504
0.391181
0.371952
0.408748
0.461724
0.343760
0.347957
0.320248
0.718619
0.481744
0.411153
0.424596
0.325419
0.109841
0.828487
0.249488
0.391454
0.363314
0.253771
0.328820
0.309213
0.437406
0.399526
0.079604
1.110842
0.151302
0.106768
0.259233
0.439687
0.227854
0.742463
0.153804
0.301794
0.323289
0.612741
0.159059
0.273925
1.060875
0.382633
0.230806
0.461123
0.236595
0.276835
0.559040
0.355617
0.303841
0.825918
0.227086
1.446558
0.884380
1.189827
1.066197
0.172960
0.843059
0.427350
0.307580
1.531037
0.680852
0.634255
0.522494
0.808712
0.831676
0.740996
1.710128
0.453211
0.936694
0.497122
1.035864
0.755998
0.974806
0.448590
0.839383
1.190501
0.812035
1.165573
0.959844
0.807487
0.624985
0.872749
0.538058
0.742660
0.472960
0.434135
0.894188
0.720275
1.512422
0.808299
0.386892
0.486801
0.609169
0.413119
0.776511
0.512355
0.564973
0.551206
0.447673
0.512226
0.552590
0.601082
0.726324
0.630254
0.599751
0.573982
0.646799
0.445596
0.557550
0.487300
0.545795
0.385909
0.481410
0.458529
0.302463
0.295527
0.426763
0.450994
0.466628
0.383569
0.454781
0.401480
0.457181
0.614701
0.486878
0.451937
0.342673
0.419552
0.429017
0.380524
0.415783
0.485353
0.420663
0.469290
0.569525
0.446953
0.379188
0.549105
0.403300
0.487155
0.381436
0.435884
0.536902
0.434591
0.434308
0.439397
0.359287
0.406676
0.450707
0.382497
0.541682
0.410614
0.633803
0.326194
0.336957
0.224898
0.383542
0.365386
0.398550
0.257259
0.277301
0.204713
0.284015
0.342208
0.280734
0.544587
0.421639
0.398828
0.458293
0.506861
0.281804
0.325306
0.222678
0.172745
0.542880
0.409167
0.501614
0.306696
0.589673
0.483794
0.412539
0.210291
0.323964
0.395615
0.214624
0.410428
0.203962
0.556764
0.515169
0.331910
0.416183
0.349599
0.360864
0.368411
0.496508
0.464134
0.341968
0.233499
0.359900
0.175864
0.188635
0.190833
0.770035
0.110514
0.227036
0.030758
0.531873
0.295716
0.431394
0.593561
3.673852
0.690134
0.056164
0.190899
0.361465
0.505747
0.304578
0.975044
0.678640
0.086442
0.402142
0.712636
0.189861
0.047068
0.310224
0.091440
0.116606
0.611020
0.430866
0.352076
1.575632
0.141001
0.314774
0.186801
0.088535
0.493704
0.415035
0.151733
0.347500
0.432273
0.320442
0.154974
0.156928
0.506585
0.011945
0.612178
0.230859
0.292957
0.627695
0.391010
0.483774
0.237794
0.104255
0.431329
0.185217
1.321742
1.112294
0.673266
0.427128
0.230967
0.160052
0.291262
0.392778
0.071440
0.663061
0.199390
0.456129
0.610938
0.668721
0.198948
0.289424
0.156864
0.280839
0.153004
0.218516
0.102664
0.295818
0.653880
0.402732
0.692501
0.590236
0.321937
0.834131
0.400460
0.365104
0.434233
0.568984
0.215008
0.194737
0.280006
0.361605
0.268329
1.040433
0.171799
0.511671
0.189159
0.207555
0.498617
0.259495
0.960863
0.408233
0.373587
0.321337
0.304146
0.276364
0.542166
0.174894
0.343301
0.248323
0.422456
0.420617
0.417556
0.041419
0.401633
0.354308
0.457830
0.538977
0.848704
0.167524
0.752758
0.057285
0.659092
0.312973
0.190929
0.231057
0.292749
0.193276
0.340741
0.186877
0.218362
0.113230
0.479109
0.624532
0.390633
0.294961
0.416936
0.195184
0.310348
0.079792
0.322069
0.315985
0.413337
0.851972
0.685070
0.335044
0.100099
0.391749
0.219036
0.588974
0.382164
0.285881
1.133190
0.389473
0.376398
0.364541
0.423829
0.361938
0.352348
0.283055
0.659986
0.482064
0.404074
0.400545
0.289796
0.085975
0.841872
0.232171
0.420052
0.325926
0.237532
0.349488
0.308072
0.441858
0.382741
0.067369
1.105501
0.138906
0.088446
0.266234
0.431553
0.230784
0.752478
0.142740
0.295782
0.337559
0.634556
0.139596
0.263381
1.106615
0.376431
0.242503
0.502604
0.225117
0.301317
0.570650
0.367595
0.320183
0.856490
0.258004
1.515810
0.912809
1.262144
1.108212
0.172070
0.874595
0.439352
0.332889
1.616067
0.720240
0.665563
0.490372
0.838844
0.882243
0.786554
1.782794
0.489066
0.992168
0.469500
1.095003
0.808471
1.022275
0.495176
0.850016
1.234017
0.801088
1.217096
1.022419
0.791340
0.614586
0.857574
0.535387
0.731044
0.462290
0.426375
0.850140
0.690882
1.460374
0.787965
0.376166
0.481935
0.613014
0.408531
0.763780
0.495452
0.555310
0.543589
0.452055
0.502719
0.544126
0.584737
0.712986
0.604879
0.593160
0.563781
0.634818
0.438359
0.548499
0.486493
0.538174
0.379428
0.468197
0.444096
0.305726
0.290072
0.415525
0.442943
0.449760
0.379132
0.456859
0.393735
0.465161
0.627836
0.488586
0.446778
0.339397
0.410529
0.418845
0.368830
0.411148
0.475595
0.412760
0.452344
0.539897
0.445804
0.372887
0.540013
0.378089
0.470170
0.358675
0.413393
0.520043
0.412015
0.420718
0.421191
0.351391
0.405379
0.456975
0.380841
0.511602
0.379242
0.602663
0.299137
0.307676
0.208449
0.361757
0.357910
0.390296
0.251335
0.278576
0.177703
0.257531
0.332392
0.265327
0.528027
0.392361
0.369551
0.428834
0.472831
0.280820
0.335775
0.212829
0.152308
0.538797
0.421792
0.499808
0.302365
0.569969
0.503388
0.409637
0.210207
0.305676
0.394944
0.208748
0.377896
0.205080
0.566969
0.510609
0.326256
0.393469
0.328499
0.349886
0.350674
0.499506
0.456847
0.350919
0.224770
0.352059
0.183268
0.216793
0.164858
0.735716
0.097794
0.198274
0.021230
0.489318
0.315083
0.429865
0.550251
3.794168
0.648525
0.059951
0.185600
0.325616
0.471173
0.298906
1.001101
0.645158
0.069983
0.389106
0.662333
0.165258
0.035719
0.299587
0.079083
0.099554
0.575724
0.442433
0.356087
1.652368
0.154838
0.289000
0.162624
0.073830
0.461386
0.386099
0.167342
0.323331
0.417855
0.309729
0.151934
0.134972
0.471170
0.008712
0.604293
0.214937
0.263030
0.584584
0.384288
0.448509
0.213992
0.096849
0.426528
0.210661
1.341489
1.173454
0.651381
0.405109
0.236928
0.157656
0.306266
0.405918
0.058624
0.654312
0.202720
0.480016
0.575230
0.666730
0.199019
0.284507
0.150477
0.272494
0.149807
0.210065
0.097160
0.286647
0.637012
0.432022
0.739297
0.597937
0.319966
0.831003
0.366717
0.338714
0.422253
0.581613
0.196366
0.189706
0.271601
0.355553
0.251273
1.061634
0.162054
0.497517
0.197022
0.188311
0.476526
0.263674
0.944693
0.388318
0.380316
0.323958
0.291598
0.264686
0.541508
0.182127
0.317969
0.231484
0.399023
0.423195
0.420105
0.048710
0.411576
0.346217
0.480531
0.518301
0.869677
0.159288
0.755530
0.047693
0.662940
0.292229
0.170058
0.222005
0.284079
0.216616
0.337093
0.180648
0.211048
0.115496
0.458948
0.611850
0.389083
0.283296
0.420952
0.192603
0.286004
0.082520
0.316273
0.304615
0.426805
0.858458
0.687206
0.326530
0.091318
0.401772
0.200743
0.589822
0.363805
0.274399
1.155605
0.390112
0.380713
0.339744
0.402803
0.374453
0.356612
0.262434
0.626533
0.483878
0.401455
0.387767
0.270088
0.073297
0.851480
0.223402
0.438756
0.305136
0.229394
0.363434
0.308962
0.446090
0.374257
0.061604
1.103856
0.133035
0.079025
0.271964
0.428220
0.234068
0.759996
0.137640
0.293700
0.347611
0.649113
0.129452
0.258569
1.135448
0.374211
0.250968
0.528789
0.219761
0.317322
0.579004
0.376161
0.331335
0.876089
0.277803
1.558368
0.931247
1.306495
1.134563
0.172958
0.894713
0.447875
0.349300
1.667860
0.744957
0.685385
0.472963
0.857868
0.913213
0.814581
1.826656
0.511393
1.025942
0.454727
1.130853
0.840264
1.050743
0.523116
0.857418
1.259980
0.796468
1.247206
1.059735
0.783357
0.609893
0.850154
0.535145
0.725654
0.457441
0.423200
0.826131
0.675276
1.431770
0.777564
0.371266
0.480398
0.616478
0.407146
0.757706
0.486984
0.551004
0.540466
0.455839
0.498430
0.540486
0.576560
0.706541
0.591505
0.590587
0.559125
0.629128
0.435388
0.544487
0.487214
0.534979
0.376880
0.461776
0.436963
0.308774
0.288100
0.410219
0.439471
0.441205
0.377751
0.459205
0.390421
0.470899
0.636538
0.490714
0.444937
0.338637
0.406466
0.414110
0.363216
0.409596
0.471087
0.409317
0.443682
0.523927
0.446239
0.370354
0.535870
0.364644
0.461463
0.346632
0.401500
0.511395
0.400062
0.413946
0.411747
0.347897
0.405694
0.461657
0.380943
0.495270
0.362154
0.585707
0.284532
0.291777
0.199970
0.350182
0.354617
0.386548
0.248935
0.280345
0.163070
0.243196
0.327719
0.257405
0.519432
0.376378
0.353560
0.412729
0.454063
0.281251
0.342863
0.208099
0.141415
0.537414
0.430129
0.499744
0.300829
0.559478
0.515790
0.408923
0.211132
0.295994
0.395522
0.206290
0.359905
0.206692
0.573875
0.508906
0.323912
0.381177
0.317145
0.344429
0.341271
0.502193
0.453533
0.357075
0.220609
0.348413
0.188515
0.234147
0.150623
0.716606
0.091286
0.182399
0.016578
0.465380
0.327299
0.429875
0.525852
3.865403
0.625115
0.063056
0.183395
0.305561
0.451856
0.296474
1.017225
0.626467
0.061237
0.382357
0.633792
0.151737
0.029946
0.294227
0.072712
0.090431
0.555915
0.450073
0.359299
1.698292
0.164036
0.274005
0.148609
0.065643
0.442353
0.369144
0.177812
0.309306
0.409832
0.303985
0.150911
0.122300
0.450210
0.007563
0.600278
0.205971
0.245440
0.558875
0.380980
0.427627
0.200165
0.093114
0.424393
0.227142
1.354462
1.211915
0.638721
0.392366
0.241404
0.156986
0.316303
0.414806
0.051534
0.649722
0.205562
0.495507
0.554043
0.666291
0.199847
0.282263
0.147327
0.268135
0.148615
0.205637
0.094544
0.281772
0.627399
0.450808
0.768850
0.603435
0.319510
0.829834
0.346709
0.323227
0.415629
0.590129
0.185641
0.187352
0.267170
0.352568
0.241516
1.075411
0.156791
0.489540
0.202585
0.177199
0.463660
0.266964
0.935468
0.376786
0.385169
0.326282
0.284591
0.258212
0.541809
0.187279
0.303094
0.221829
0.385312
0.425476
0.422367
0.053884
0.418379
0.341931
0.495174
0.506273
0.883255
0.154905
0.757912
0.042472
0.665980
0.280149
0.157899
0.217109
0.279417
0.231628
0.335513
0.177479
0.207211
0.117545
0.447210
0.604708
0.388781
0.276776
0.424068
0.191662
0.271686
0.084839
0.313351
0.298265
0.435717
0.863079
0.689152
0.321929
0.086551
0.408558
0.190128
0.590968
0.353147
0.267964
1.170011
0.391120
0.383979
0.325122
0.390496
0.382753
0.359839
0.250371
0.606585
0.485595
0.400447
0.380516
0.258578
0.066104
0.857978
0.218607
0.450837
0.292954
0.224983
0.372586
0.310093
0.449273
0.369627
0.058642
1.103426
0.130005
0.073812
0.276057
0.426745
0.236655
0.765186
0.135074
0.292987
0.354352
0.658629
0.123781
0.256172
1.153775
0.373402
0.256757
0.545618
0.216964
0.327891
0.584780
0.382072
0.338864
0.888901
0.290740
1.585537
0.943249
1.334797
1.151597
0.174049
0.907843
0.453745
0.360109
1.700823
0.760966
0.698329
0.462581
0.870309
0.933137
0.832661
1.854659
0.525902
1.047625
0.445978
1.153843
0.860708
1.069115
0.541147
0.862605
1.277164
0.793693
1.268605
1.085601
0.778486
0.607272
0.845653
0.535501
0.722526
0.454679
0.421566
0.810368
0.665209
1.412885
0.771028
0.368458
0.479863
0.619325
0.406718
0.754113
0.481758
0.548596
0.538849
0.458888
0.496059
0.538520
0.571532
0.702664
0.582960
0.589323
0.556472
0.625777
0.433874
0.542262
0.488190
0.533303
0.375650
0.457926
0.432638
0.311310
0.287255
0.407121
0.437606
0.435924
0.377272
0.461255
0.388662
0.475232
0.642864
0.492608
0.444165
0.338592
0.404190
0.411382
0.359894
0.409008
0.468512
0.407453
0.438312
0.513635
0.446983
0.369098
0.533522
0.356061
0.456056
0.338995
0.393962
0.506028
0.392489
0.409841
0.405856
0.345992
0.406327
0.465198
0.381426
0.484868
0.351167
0.574807
0.275209
0.281594
0.194741
0.342891
0.352846
0.384474
0.247757
0.281940
0.153757
0.234084
0.325029
0.252559
0.514139
0.366184
0.343367
0.402465
0.442040
0.281941
0.347957
0.205374
0.134617
0.536902
0.436035
0.500100
0.300212
0.552951
0.524360
0.408846
0.212135
0.290002
0.396293
0.205058
0.348435
0.208140
0.578810
0.508169
0.322752
0.373466
0.310052
0.341217
0.335464
0.504338
0.451730
0.361497
0.218247
0.346389
0.192334
0.245921
0.141637
0.704418
0.087377
0.172338
0.013888
0.450030
0.335677
0.430243
0.510210
3.912449
0.610119
0.065449
0.182305
0.292766
0.439548
0.295233
1.028135
0.614571
0.055858
0.378286
0.615455
0.143236
0.026515
0.291067
0.068892
0.084813
0.543319
0.455396
0.361730
1.728544
0.170274
0.264861
0.140085
0.060806
0.430657
0.358763
0.184767
0.300778
0.405097
0.300690
0.150599
0.114629
0.437306
0.007168
0.598073
0.200642
0.234669
0.542985
0.379220
0.414787
0.191774
0.091083
0.423370
0.237841
1.362950
1.236449
0.631068
0.384659
0.244537
0.156879
0.322935
0.420714
0.047382
0.647144
0.207662
0.505569
0.541013
0.666322
0.200674
0.281156
0.145648
0.265695
0.148167
0.203152
0.093198
0.279003
0.621649
0.462926
0.787744
0.607191
0.319518
0.829393
0.334408
0.313773
0.411755
0.595779
0.179182
0.186160
0.264670
0.350977
0.235665
1.084359
0.153765
0.484806
0.206368
0.170493
0.455850
0.269313
0.929948
0.369815
0.388498
0.328020
0.280463
0.254419
0.542274
0.190790
0.294020
0.216036
0.376971
0.427180
0.424058
0.057403
0.422920
0.339507
0.504635
0.498987
0.892045
0.152417
0.759672
0.039457
0.668151
0.272826
0.150525
0.214295
0.276749
0.241308
0.334779
0.175747
0.205059
0.119086
0.440099
0.600480
0.388844
0.272938
0.426274
0.191323
0.262955
0.086542
0.311767
0.294532
0.441552
0.866222
0.690618
0.319289
0.083807
0.413057
0.183715
0.591928
0.346707
0.264171
1.179272
0.391991
0.386264
0.316195
0.383021
0.388189
0.362096
0.243047
0.594321
0.486903
0.400048
0.376207
0.251602
0.061831
0.862275
0.215836
0.458627
0.285558
0.222449
0.378539
0.311026
0.451489
0.366954
0.057013
1.103379
0.128332
0.070773
0.278837
0.426043
0.238493
0.768649
0.133688
0.292759
0.358783
0.664791
0.120450
0.254889
1.165428
0.373110
0.260577
0.556282
0.215449
0.334641
0.588568
0.385940
0.343733
0.897041
0.298957
1.602576
0.950845
1.352536
1.162362
0.174933
0.916193
0.457592
0.367019
1.721488
0.771110
0.706573
0.456334
0.878246
0.945730
0.844111
1.872298
0.535137
1.061336
0.440724
1.168386
0.873667
1.080787
0.552612
0.866041
1.287998
0.792294
1.281381
1.101177
0.775774
0.605885
0.843158
0.535926
0.720858
0.453226
0.420793
0.801081
0.659356
1.401732
0.767290
0.366976
0.479750
0.621246
0.406659
0.752146
0.478811
0.547345
0.538078
0.460916
0.494821
0.537542
0.568695
0.700537
0.578009
0.588769
0.555064
0.623947
0.433155
0.541118
0.488972
0.532493
0.375096
0.455795
0.430219
0.313027
0.286929
0.405444
0.436670
0.432916
0.377172
0.462678
0.387785
0.478030
0.646864
0.493933
0.443880
0.338744
0.403001
0.409922
0.358075
0.408835
0.467139
0.406509
0.435251
0.507614
0.447609
0.368524
0.532299
0.351059
0.452978
0.334557
0.389590
0.502976
0.388093
0.407547
0.402480
0.345019
0.406900
0.467543
0.381915
0.478622
0.344701
0.568397
0.269748
0.275613
0.191749
0.338654
0.351941
0.383384
0.247208
0.283065
0.148295
0.228742
0.323565
0.249792
0.511102
0.360187
0.337368
0.396423
0.434935
0.282515
0.351189
0.203884
0.130664
0.536748
0.439757
0.500469
0.299992
0.549160
0.529686
0.408950
0.212891
0.286530
0.396909
0.204464
0.341652
0.209164
0.581940
0.507871
0.322198
0.368951
0.305910
0.339421
0.332097
0.505779
0.450784
0.364315
0.216963
0.345308
0.194786
0.253183
0.136345
0.697190
0.085155
0.166395
0.012402
0.440888
0.340883
0.430605
0.500889
3.941036
0.601188
0.067034
0.181782
0.285164
0.432239
0.294619
1.034869
0.607511
0.052739
0.375958
0.604495
0.138227
0.024573
0.289288
0.066712
0.081546
0.535830
0.458746
0.363331
1.746977
0.174178
0.259458
0.135056
0.058008
0.423707
0.352609
0.189103
0.295744
0.402358
0.298823
0.150535
0.110112
0.429621
0.007053
0.596863
0.197540
0.228273
0.533491
0.378276
0.407137
0.186817
0.089974
0.422872
0.244437
1.368207
1.251418
0.626554
0.380112
0.246552
0.156933
0.327068
0.424408
0.044986
0.645700
0.209049
0.511776
0.533240
0.666456
0.201290
0.280600
0.144746
0.264332
0.148010
0.201761
0.092496
0.277440
0.618280
0.470376
0.799295
0.609576
0.319634
0.829236
0.327070
0.308158
0.409518
0.599310
0.175379
0.185548
0.263265
0.350122
0.232229
1.089870
0.152040
0.482046
0.208765
0.166537
0.451226
0.270842
0.926708
0.365698
0.390619
0.329177
0.278067
0.252226
0.542658
0.193020
0.288627
0.212630
0.372021
0.428313
0.425183
0.059635
0.425771
0.338139
0.510466
0.494674
0.897468
0.151010
0.760837
0.037729
0.669564
0.268488
0.146157
0.212689
0.275230
0.247268
0.334431
0.174794
0.203851
0.120116
0.435887
0.598014
0.388978
0.270707
0.427705
0.191211
0.257760
0.087668
0.310900
0.292363
0.445180
0.868219
0.691598
0.317781
0.082236
0.415873
0.179922
0.592601
0.342896
0.261964
1.184954
0.392609
0.387738
0.310876
0.378580
0.391571
0.363552
0.238698
0.586979
0.487784
0.399894
0.373683
0.247462
0.059329
0.864965
0.214242
0.463432
0.281161
0.220999
0.382231
0.311676
0.452916
0.365419
0.056109
1.103434
0.127402
0.069015
0.280605
0.425699
0.239689
0.770830
0.132929
0.292702
0.361549
0.668606
0.118512
0.254191
1.172569
0.373013
0.262971
0.562825
0.214610
0.338811
0.590942
0.388364
0.346763
0.902052
0.304015
1.612968
0.955475
1.363364
1.168962
0.175546
0.921329
0.460001
0.371285
1.734089
0.777335
0.711647
0.452622
0.883132
0.953439
0.851128
1.883059
0.540812
1.069724
0.437613
1.177273
0.881598
1.087933
0.559637
0.868191
1.294613
0.791516
1.289147
1.110563
0.774227
0.605142
0.841743
0.536247
0.719941
0.452431
0.420409
0.795664
0.655957
1.395181
0.765153
0.366165
0.479751
0.622458
0.406693
0.751054
0.477130
0.546669
0.537680
0.462194
0.494156
0.537017
0.567083
0.699346
0.575136
0.588506
0.554296
0.622930
0.432798
0.540503
0.489501
0.532067
0.374834
0.454599
0.428848
0.314117
0.286806
0.404509
0.436180
0.431198
0.377174
0.463585
0.387330
0.479755
0.649302
0.494776
0.443775
0.338898
0.402352
0.409116
0.357053
0.408795
0.466384
0.406015
0.433499
0.504102
0.448046
0.368241
0.531625
0.348145
0.451208
0.331982
0.387051
0.501218
0.385540
0.406239
0.400529
0.344497
0.407295
0.468982
0.382255
0.475017
0.340916
0.564642
0.266559
0.272115
0.190028
0.336193
0.351461
0.382794
0.246940
0.283792
0.145104
0.225623
0.322752
0.248203
0.509352
0.356676
0.333857
0.392885
0.430764
0.282913
0.353168
0.203053
0.128368
0.536708
0.442027
0.500742
0.299916
0.546958
0.532904
0.409067
0.213396
0.284519
0.397329
0.204163
0.337669
0.209826
0.583854
0.507747
0.321921
0.366317
0.303498
0.338404
0.330147
0.506689
0.450273
0.366043
0.216250
0.344716
0.196297
0.257556
0.133247
0.692939
0.083883
0.162908
0.011568
0.435496
0.344031
0.430870
0.495391
3.958066
0.595921
0.068027
0.181520
0.280687
0.427937
0.294300
1.038911
0.603356
0.050931
0.374619
0.598021
0.135294
0.023464
0.288275
0.065462
0.079648
0.531418
0.460784
0.364328
1.757970
0.176541
0.256315
0.132112
0.056388
0.419615
0.348991
0.191729
0.292792
0.400772
0.297755
0.150542
0.107466
0.425089
0.007030
0.596184
0.195736
0.224508
0.527880
0.377758
0.402624
0.183908
0.089357
0.422617
0.248409
1.371378
1.260376
0.623908
0.377447
0.247795
0.157007
0.329571
0.426649
0.043600
0.644880
0.209917
0.515513
0.528652
0.666576
0.201698
0.280310
0.144249
0.263561
0.147957
0.200973
0.092119
0.276549
0.616312
0.474850
0.806211
0.611031
0.319741
0.829169
0.322746
0.304856
0.408221
0.601446
0.173154
0.185221
0.262465
0.349649
0.230221
1.093118
0.151051
0.480437
0.210225
0.164231
0.448516
0.271789
0.924781
0.363282
0.391917
0.329902
0.276677
0.250955
0.542921
0.194384
0.285452
0.210637
0.369109
0.429020
0.425882
0.060998
0.427490
0.337368
0.513940
0.492201
0.900686
0.150213
0.761544
0.036737
0.670416
0.265943
0.143592
0.211764
0.274354
0.250803
0.334324
0.174397
0.203333
0.120598
0.434026
0.596924
0.389053
0.269732
0.428355
0.191179
0.255476
0.088194
0.310532
0.291412
0.446829
0.869129
0.692052
0.317126
0.081552
0.417157
0.178240
0.592917
0.341205
0.260993
1.187499
0.392903
0.388411
0.308546
0.376606
0.393110
0.364226
0.236762
0.583694
0.488198
0.399844
0.372565
0.245614
0.058220
0.866188
0.213541
0.465604
0.279246
0.220362
0.383922
0.311990
0.453582
0.364743
0.055721
1.103479
0.127000
0.068238
0.281428
0.425564
0.240252
0.771840
0.132606
0.292696
0.362825
0.670357
0.117654
0.253895
1.175827
0.372989
0.264076
0.565806
0.214250
0.340715
0.592031
0.389476
0.348147
0.904323
0.306306
1.617648
0.957723
1.368209
1.171910
0.175837
0.923616
0.461081
0.373180
1.739615
0.780067
0.713860
0.451034
0.885214
0.956614
0.853917
1.887309
0.543045
1.073000
0.436424
1.180709
0.884650
1.090667
0.562311
0.869011
1.297091
0.791238
1.292019
1.113965
0.773724
0.604907
0.841280
0.536372
0.719648
0.452184
0.420291
0.793880
0.654858
1.393041
0.764460
0.365911
0.479760
0.622869
0.406719
0.750704
0.476592
0.546458
0.537566
0.462628
0.493949
0.536860
0.566565
0.698961
0.574195
0.588427
0.554060
0.622609
0.432690
0.540312
0.489687
0.531946
0.374760
0.454212
0.428405
0.314489
0.286772
0.404209
0.436026
0.430633
0.377204
0.463903
0.387189
0.480347
0.650131
0.495080
0.443753
0.338962
0.402152
0.408856
0.356724
0.408792
0.466143
0.405859
0.432922
0.502929
0.448203
0.368157
0.531413
0.347175
0.450622
0.331124
0.386202
0.500633
0.384683
0.405804
0.399874
0.344330
0.407440
0.469486
0.382382
0.473788
0.339622
0.563359
0.265465
0.270911
0.189439
0.335344
0.351303
0.382598
0.246855
0.284058
0.143987
0.224529
0.322473
0.247648
0.508738
0.355433
0.332608
0.391624
0.429271
0.283067
0.353896
0.202761
0.127543
0.536705
0.442867
0.500853
0.299898
0.546161
0.534112
0.409120
0.213591
0.283789
0.397494
0.204063
0.336211
0.210081
0.584574
0.507711
0.321828
0.365353
0.302614
0.338038
0.329433
0.507037
0.450093
0.366696
0.215995
0.344505
0.196870
0.259196
0.132102
0.691363
0.083418
0.161616
0.011265
0.433486
0.345223
0.430979
0.493332
3.964549
0.593951
0.068409
0.181432
0.279014
0.426328
0.294191
1.040465
0.601798
0.050257
0.374123
0.595577
0.134187
0.023051
0.287899
0.064994
0.078930
0.529735
0.461583
0.364725
1.762257
0.177471
0.255076
0.130983
0.055772
0.418047
0.347603
0.192755
0.291659
0.400167
0.297350
0.150554
0.106447
0.423333
0.007029
0.595930
0.195039
0.223040
0.525682
0.377563
0.400849
0.182764
0.089121
0.422526
0.250005
1.372661
1.263972
0.622860
0.376390
0.248301
0.157046
0.330582
0.427556
0.043055
0.644564
0.210273
0.517018
0.526829
0.666634
0.201869
0.280203
0.144060
0.263262
0.147944
0.200667
0.091976
0.276201
0.615534
0.476654
0.808994
0.611629
0.319795
0.829169
0.321022
0.303545
0.407716
0.602315
0.172274
0.185100
0.262156
0.349471
0.229427
1.094561
0.150663
0.479806
0.210826
0.163299
0.447430
0.272179
0.924067
0.362321
0.392451
0.330204
0.276126
0.250453
0.543040
0.194944
0.284177
0.209840
0.367939
0.429321
0.426184
0.061564
0.428218
0.337052
0.515409
0.491119
0.902070
0.149889
0.761870
0.036339
0.670805
0.264912
0.142555
0.211399
0.274014
0.252321
0.334195
0.174051
0.202895
0.121034
0.432412
0.596001
0.389145
0.268891
0.428960
0.191173
0.253454
0.088667
0.310227
0.290595
0.448282
0.869950
0.692474
0.316568
0.080969
0.418293
0.176787
0.593219
0.339745
0.260160
1.189820
0.393180
0.389029
0.306456
0.374899
0.394468
0.364828
0.235091
0.580852
0.488576
0.399815
0.371609
0.244024
0.057270
0.867283
0.212948
0.467537
0.277503
0.219825
0.385398
0.312274
0.454170
0.364172
0.055396
1.103530
0.126665
0.067579
0.282147
0.425458
0.240748
0.772721
0.132337
0.292702
0.363934
0.671877
0.116924
0.253650
1.178647
0.372979
0.265039
0.568390
0.213949
0.342371
0.592988
0.390450
0.349358
0.906311
0.308310
1.621757
0.959613
1.372477
1.174526
0.176103
0.925655
0.462050
0.374876
1.744596
0.782537
0.715886
0.449601
0.887205
0.959829
0.856937
1.891933
0.545498
1.076615
0.435120
1.184544
0.888074
1.093761
0.565350
0.869963
1.299971
0.790933
1.295416
1.118093
0.773041
0.604593
0.840671
0.536552
0.719247
0.451848
0.420138
0.791415
0.653322
1.390064
0.763499
0.365565
0.479787
0.623448
0.406761
0.750225
0.475851
0.546177
0.537413
0.463236
0.493672
0.536653
0.565854
0.698436
0.572904
0.588326
0.553737
0.622165
0.432550
0.540058
0.489958
0.531783
0.374665
0.453689
0.427800
0.315007
0.286736
0.403807
0.435826
0.429874
0.377229
0.464342
0.387005
0.481158
0.651266
0.495492
0.443730
0.339057
0.401880
0.408512
0.356282
0.408795
0.465821
0.405654
0.432143
0.501341
0.448425
0.368050
0.531128
0.345870
0.449835
0.329971
0.385066
0.499852
0.383540
0.405230
0.399006
0.344118
0.407641
0.470175
0.382558
0.472166
0.337918
0.561669
0.264033
0.269338
0.188676
0.334243
0.351105
0.382350
0.246755
0.284411
0.142554
0.223129
0.322124
0.246946
0.507962
0.353855
0.331031
0.390035
0.427394
0.283268
0.354816
0.202404
0.126519
0.536709
0.443920
0.500998
0.299884
0.545181
0.535596
0.409193
0.213841
0.282895
0.397705
0.203946
0.334421
0.210402
0.585464
0.507674
0.321722
0.364176
0.301538
0.337595
0.328566
0.507470
0.449880
0.367500
0.215690
0.344255
0.197574
0.261200
0.130715
0.689452
0.082859
0.160052
0.010906
0.431058
0.346670
0.431118
0.490857
3.972307
0.591581
0.068878
0.181331
0.277001
0.424395
0.294065
1.042325
0.599932
0.049455
0.373534
0.592658
0.132875
0.022566
0.287458
0.064445
0.078088
0.527754
0.462525
0.365196
1.767265
0.178562
0.253658
0.129665
0.055056
0.416211
0.345982
0.193961
0.290340
0.399467
0.296884
0.150574
0.105267
0.421299
0.007035
0.595641
0.194240
0.221354
0.523162
0.377345
0.398826
0.181466
0.088859
0.422428
0.251816
1.374111
1.268035
0.621681
0.375203
0.248879
0.157095
0.331729
0.428584
0.042445
0.644210
0.210681
0.518722
0.524772
0.666704
0.202069
0.280088
0.143851
0.262929
0.147936
0.200326
0.091821
0.275814
0.614661
0.478692
0.812135
0.612304
0.319859
0.829160
0.319081
0.302067
0.407147
0.603298
0.171284
0.184967
0.261811
0.349273
0.228535
1.096075
0.150231
0.479095
0.211503
0.162267
0.446216
0.272621
0.923227
0.361245
0.393052
0.330546
0.275512
0.249894
0.543174
0.195574
0.282758
0.208954
0.366638
0.429656
0.426517
0.062194
0.429014
0.336715
0.517006
0.489989
0.903558
0.149540
0.762212
0.035905
0.671214
0.263775
0.141410
0.210996
0.273635
0.253952
0.334130
0.173824
0.202599
0.121340
0.431308
0.595367
0.389209
0.268320
0.429373
0.191171
0.252086
0.088997
0.310022
0.290041
0.449284
0.870514
0.692765
0.316191
0.080574
0.419077
0.175795
0.593426
0.338749
0.259595
1.191369
0.393373
0.389452
0.305055
0.373733
0.395403
0.365246
0.233950
0.578907
0.488838
0.399800
0.370957
0.242939
0.056625
0.868031
0.212546
0.468851
0.276348
0.219462
0.386413
0.312474
0.454578
0.363785
0.055179
1.103569
0.126440
0.067132
0.282646
0.425391
0.241093
0.773330
0.132158
0.292711
0.364701
0.672925
0.116428
0.253487
1.180587
0.372977
0.265705
0.570169
0.213748
0.343514
0.593649
0.391124
0.350195
0.907680
0.309691
1.624572
0.960845
1.375409
1.176323
0.176291
0.927063
0.462721
0.376046
1.748010
0.784236
0.717275
0.448623
0.888544
0.961930
0.858851
1.894859
0.547051
1.078901
0.434301
1.186967
0.890239
1.095716
0.567272
0.870567
1.301784
0.790744
1.297542
1.120660
0.772649
0.604415
0.840319
0.536655
0.719018
0.451653
0.420052
0.789962
0.652418
1.388302
0.762931
0.365366
0.479809
0.623801
0.406794
0.749946
0.475416
0.546015
0.537327
0.463601
0.493511
0.536535
0.565433
0.698133
0.572150
0.588275
0.553548
0.621912
0.432472
0.539913
0.490121
0.531681
0.374612
0.453380
0.427446
0.315321
0.286725
0.403574
0.435713
0.429428
0.377245
0.464609
0.386899
0.481643
0.651952
0.495740
0.443719
0.339117
0.401724
0.408312
0.356026
0.408805
0.465636
0.405536
0.431684
0.500405
0.448560
0.367992
0.530963
0.345098
0.449372
0.329289
0.384394
0.499394
0.382866
0.404893
0.398495
0.343992
0.407767
0.470587
0.382668
0.471208
0.336911
0.560670
0.263187
0.268409
0.188228
0.333594
0.350992
0.382208
0.246699
0.284624
0.141709
0.222303
0.321921
0.246533
0.507507
0.352924
0.330100
0.389097
0.426285
0.283391
0.355367
0.202196
0.125917
0.536715
0.444547
0.501088
0.299880
0.544604
0.536480
0.409240
0.213992
0.282369
0.397833
0.203881
0.333364
0.210596
0.585995
0.507656
0.321663
0.363483
0.300904
0.337337
0.328056
0.507730
0.449758
0.367981
0.215514
0.344111
0.197996
0.262391
0.129896
0.688324
0.082532
0.159129
0.010696
0.429623
0.347531
0.431203
0.489393
3.976908
0.590179
0.069159
0.181275
0.275813
0.423253
0.293994
1.043430
0.598830
0.048983
0.373189
0.590932
0.132101
0.022282
0.287200
0.064123
0.077592
0.526583
0.463087
0.365478
1.770235
0.179211
0.252820
0.128888
0.054634
0.415127
0.345025
0.194679
0.289562
0.399055
0.296611
0.150589
0.104571
0.420098
0.007042
0.595473
0.193770
0.220359
0.521673
0.377220
0.397632
0.180700
0.088707
0.422373
0.252891
1.374972
1.270443
0.620986
0.374503
0.249224
0.157127
0.332411
0.429196
0.042087
0.644004
0.210926
0.519734
0.523557
0.666749
0.202191
0.280022
0.143731
0.262735
0.147934
0.200127
0.091732
0.275588
0.614148
0.479900
0.813997
0.612706
0.319900
0.829158
0.317934
0.301194
0.406813
0.603882
0.170700
0.184891
0.261609
0.349159
0.228009
1.096970
0.149977
0.478678
0.211906
0.161659
0.445502
0.272886
0.922733
0.360610
0.393411
0.330751
0.275152
0.249566
0.543256
0.195950
0.281921
0.208433
0.365871
0.429857
0.426716
0.062570
0.429488
0.336517
0.517953
0.489323
0.904440
0.149336
0.762418
0.035650
0.671458
0.263105
0.140735
0.210760
0.273413
0.254919
0.334095
0.173692
0.202426
0.121523
0.430658
0.594994
0.389250
0.267984
0.429619
0.191172
0.251279
0.089195
0.309903
0.289715
0.449879
0.870850
0.692940
0.315970
0.080343
0.419542
0.175211
0.593552
0.338161
0.259262
1.192286
0.393489
0.389704
0.304227
0.373045
0.395958
0.365495
0.233277
0.577758
0.488996
0.399793
0.370574
0.242299
0.056245
0.868475
0.212311
0.469632
0.275668
0.219249
0.387016
0.312594
0.454822
0.363559
0.055052
1.103595
0.126310
0.066870
0.282944
0.425353
0.241299
0.773693
0.132054
0.292718
0.365156
0.673546
0.116137
0.253393
1.181736
0.372978
0.266102
0.571224
0.213631
0.344193
0.594042
0.391525
0.350692
0.908492
0.310511
1.626238
0.961565
1.377148
1.177389
0.176404
0.927897
0.463120
0.376742
1.750035
0.785244
0.718100
0.448046
0.889340
0.963177
0.859988
1.896596
0.547975
1.080260
0.433818
1.188407
0.891526
1.096878
0.568415
0.870927
1.302864
0.790634
1.298807
1.122188
0.772420
0.604311
0.840105
0.536726
0.718876
0.451541
0.420006
0.789099
0.651879
1.387260
0.762601
0.365247
0.479822
0.624010
0.406816
0.749777
0.475160
0.545919
0.537279
0.463821
0.493419
0.536462
0.565188
0.697952
0.571700
0.588246
0.553440
0.621759
0.432426
0.539826
0.490220
0.531628
0.374583
0.453201
0.427238
0.315511
0.286717
0.403436
0.435645
0.429162
0.377256
0.464771
0.386840
0.481934
0.652356
0.495888
0.443715
0.339154
0.401633
0.408196
0.355874
0.408810
0.465525
0.405469
0.431413
0.499845
0.448643
0.367957
0.530868
0.344640
0.449098
0.328887
0.383998
0.499122
0.382466
0.404694
0.398194
0.343921
0.407841
0.470829
0.382736
0.470639
0.336314
0.560078
0.262686
0.267858
0.187963
0.333210
0.350927
0.382125
0.246667
0.284752
0.141208
0.221814
0.321802
0.246289
0.507238
0.352372
0.329548
0.388541
0.425628
0.283466
0.355695
0.202074
0.125560
0.536721
0.444921
0.501143
0.299878
0.544263
0.537005
0.409270
0.214083
0.282058
0.397911
0.203844
0.332739
0.210712
0.586312
0.507647
0.321629
0.363073
0.300530
0.337185
0.327755
0.507885
0.449687
0.368267
0.215410
0.344027
0.198247
0.263099
0.129412
0.687655
0.082339
0.158583
0.010573
0.428774
0.348043
0.431256
0.488527
3.979637
0.589350
0.069327
0.181243
0.275109
0.422577
0.293953
1.044085
0.598177
0.048704
0.372985
0.589911
0.131643
0.022115
0.287049
0.063934
0.077300
0.525891
0.463421
0.365646
1.771996
0.179597
0.252326
0.128429
0.054386
0.414486
0.344459
0.195106
0.289102
0.398812
0.296451
0.150599
0.104160
0.419388
0.007047
0.595375
0.193493
0.219771
0.520792
0.377147
0.396926
0.180248
0.088618
0.422341
0.253528
1.375483
1.271868
0.620576
0.374090
0.249429
0.157148
0.332815
0.429559
0.041877
0.643883
0.211071
0.520334
0.522840
0.666777
0.202263
0.279985
0.143660
0.262621
0.147933
0.200011
0.091681
0.275455
0.613845
0.480616
0.815099
0.612945
0.319925
0.829157
0.317256
0.300679
0.406616
0.604229
0.170356
0.184848
0.261490
0.349092
0.227700
1.097498
0.149829
0.478431
0.212146
0.161300
0.445080
0.273044
0.922440
0.360236
0.393624
0.330873
0.274940
0.249372
0.543306
0.196173
0.281426
0.208126
0.365419
0.429977
0.426835
0.062792
0.429769
0.336402
0.518514
0.488931
0.904963
0.149217
0.762540
0.035500
0.671604
0.262710
0.140337
0.210622
0.273283
0.255492
0.334074
0.173615
0.202325
0.121632
0.430274
0.594775
0.389274
0.267787
0.429766
0.191174
0.250803
0.089313
0.309834
0.289523
0.450232
0.871049
0.693044
0.315840
0.080207
0.419819
0.174866
0.593626
0.337815
0.259066
1.192826
0.393558
0.389854
0.303739
0.372640
0.396287
0.365643
0.232880
0.577080
0.489090
0.399790
0.370348
0.241922
0.056021
0.868739
0.212172
0.470094
0.275267
0.219124
0.387373
0.312666
0.454966
0.363426
0.054978
1.103611
0.126233
0.066716
0.283120
0.425331
0.241422
0.773908
0.131994
0.292724
0.365426
0.673914
0.115966
0.253338
1.182416
0.372979
0.266337
0.571848
0.213562
0.344594
0.594275
0.391763
0.350986
0.908973
0.310996
1.627223
0.961969
1.378176
1.178020
0.176472
0.928391
0.463358
0.377154
1.751234
0.785843
0.718590
0.447705
0.889812
0.963917
0.860664
1.897626
0.548523
1.081067
0.433531
1.189263
0.892292
1.097569
0.569096
0.871142
1.303506
0.790569
1.299557
1.123098
0.772280
0.604254
0.839979
0.536767
0.718796
0.451471
0.419974
0.788579
0.651559
1.386636
0.762406
0.365179
0.479832
0.624136
0.406827
0.749680
0.475004
0.545865
0.537253
0.463955
0.493364
0.536421
0.565042
0.697847
0.571433
0.588232
0.553377
0.621669
0.432401
0.539772
0.490279
0.531593
0.374565
0.453094
0.427114
0.315626
0.286714
0.403354
0.435604
0.429006
0.377261
0.464868
0.386805
0.482109
0.652600
0.495974
0.443714
0.339178
0.401577
0.408126
0.355784
0.408814
0.465460
0.405429
0.431251
0.499512
0.448694
0.367939
0.530811
0.344368
0.448936
0.328647
0.383762
0.498961
0.382229
0.404577
0.398014
0.343879
0.407885
0.470975
0.382775
0.470301
0.335958
0.559724
0.262388
0.267530
0.187806
0.332982
0.350888
0.382076
0.246649
0.284829
0.140911
0.221523
0.321731
0.246145
0.507078
0.352044
0.329221
0.388212
0.425238
0.283511
0.355890
0.202002
0.125349
0.536724
0.445143
0.501176
0.299878
0.544061
0.537312
0.409288
0.214138
0.281874
0.397958
0.203822
0.332368
0.210782
0.586500
0.507642
0.321610
0.362830
0.300308
0.337096
0.327577
0.507978
0.449645
0.368437
0.215349
0.343978
0.198396
0.263519
0.129125
0.687260
0.082225
0.158260
0.010500
0.428271
0.348346
0.431287
0.488014
3.981245
0.588858
0.069427
0.181225
0.274692
0.422177
0.293929
1.044473
0.597791
0.048540
0.372865
0.589306
0.131373
0.022017
0.286959
0.063822
0.077127
0.525482
0.463618
0.365746
1.773037
0.179826
0.252033
0.128157
0.054240
0.414107
0.344125
0.195358
0.288831
0.398669
0.296357
0.150606
0.103918
0.418969
0.007051
0.595316
0.193330
0.219424
0.520273
0.377103
0.396509
0.179982
0.088566
0.422323
0.253904
1.375784
1.272709
0.620335
0.373846
0.249550
0.157160
0.333054
0.429774
0.041753
0.643811
0.211158
0.520688
0.522417
0.666793
0.202307
0.279963
0.143619
0.262554
0.147934
0.199943
0.091651
0.275377
0.613666
0.481039
0.815750
0.613087
0.319941
0.829156
0.316857
0.300376
0.406500
0.604434
0.170153
0.184822
0.261421
0.349053
0.227517
1.097769
0.149741
0.478286
0.212287
0.161088
0.444831
0.273137
0.922248
0.360016
0.393749
0.330946
0.274815
0.249258
0.543334
0.196304
0.281135
0.207945
0.365152
0.430043
0.426897
0.062920
0.429899
0.336399
0.518843
0.488699
0.905270
0.149147
0.762612
0.035412
0.671690
0.262477
0.140102
0.210540
0.273206
0.255830
0.334063
0.173570
0.202266
0.121697
0.430048
0.594645
0.389289
0.267671
0.429853
0.191175
0.250522
0.089382
0.309793
0.289410
0.450440
0.871168
0.693105
0.315763
0.080127
0.419982
0.174663
0.593671
0.337611
0.258951
1.193152
0.393600
0.389943
0.303452
0.372401
0.396481
0.365730
0.232646
0.576681
0.489146
0.399788
0.370215
0.241700
0.055890
0.868894
0.212091
0.470366
0.275030
0.219050
0.387585
0.312709
0.455052
0.363347
0.054935
1.103621
0.126188
0.066625
0.283224
0.425319
0.241495
0.774035
0.131958
0.292727
0.365585
0.674132
0.115865
0.253306
1.182818
0.372980
0.266475
0.572216
0.213522
0.344831
0.594412
0.391903
0.351161
0.909257
0.311283
1.627808
0.962237
1.378785
1.178394
0.176512
0.928684
0.463498
0.377398
1.751945
0.786197
0.718881
0.447502
0.890094
0.964357
0.861065
1.898240
0.548850
1.081548
0.433361
1.189774
0.892749
1.097982
0.569502
0.871271
1.303891
0.790530
1.300012
1.123643
0.772196
0.604217
0.839901
0.536795
0.718751
0.451431
0.419957
0.788271
0.651369
1.386260
0.762290
0.365139
0.479838
0.624212
0.406835
0.749622
0.474912
0.545830
0.537237
0.464035
0.493330
0.536399
0.564953
0.697781
0.571272
0.588226
0.553338
0.621617
0.432386
0.539742
0.490315
0.531577
0.374556
0.453029
0.427040
0.315694
0.286712
0.403307
0.435580
0.428914
0.377268
0.464927
0.386783
0.482214
0.652745
0.496030
0.443713
0.339192
0.401545
0.408084
0.355731
0.408818
0.465423
0.405404
0.431155
0.499315
0.448724
0.367927
0.530778
0.344205
0.448838
0.328504
0.383620
0.498865
0.382087
0.404506
0.397907
0.343854
0.407912
0.471062
0.382799
0.470099
0.335746
0.559515
0.262211
0.267335
0.187712
0.332847
0.350866
0.382047
0.246638
0.284875
0.140733
0.221350
0.321689
0.246059
0.506983
0.351849
0.329026
0.388015
0.425007
0.283538
0.356006
0.201959
0.125224
0.536727
0.445276
0.501196
0.299878
0.543941
0.537504
0.409299
0.214171
0.281765
0.397986
0.203809
0.332148
0.210823
0.586612
0.507639
0.321598
0.362686
0.300176
0.337043
0.327471
0.508033
0.449620
0.368538
0.215313
0.343949
0.198485
0.263769
0.128955
0.687025
0.082158
0.158068
0.010458
0.427972
0.348527
0.431306
0.487710
3.982214
0.588567
0.069487
0.181214
0.274445
0.421940
0.293915
1.044705
0.597563
0.048442
0.372794
0.588948
0.131213
0.021959
0.286907
0.063756
0.077025
0.525240
0.463736
0.365805
1.773654
0.179962
0.251861
0.127997
0.054153
0.413883
0.343927
0.195508
0.288670
0.398584
0.296301
0.150609
0.103774
0.418721
0.007053
0.595283
0.193234
0.219219
0.519966
0.377078
0.396264
0.179825
0.088535
0.422312
0.254126
1.375962
1.273206
0.620192
0.373703
0.249622
0.157167
0.333195
0.429900
0.041680
0.643770
0.211209
0.520897
0.522167
0.666803
0.202332
0.279950
0.143595
0.262515
0.147934
0.199902
0.091633
0.275331
0.613561
0.481289
0.816134
0.613170
0.319950
0.829157
0.316621
0.300197
0.406432
0.604555
0.170033
0.184807
0.261380
0.349030
0.227409
1.098001
0.149690
0.478201
0.212371
0.160963
0.444685
0.273192
0.922168
0.359886
0.393824
0.330989
0.274742
0.249192
0.543353
0.196383
0.280964
0.207838
0.364995
0.430090
0.426947
0.063002
0.430033
0.336294
0.519041
0.488563
0.905453
0.149105
0.762655
0.035360
0.671741
0.262340
0.139964
0.210493
0.273161
0.256029
0.334056
0.173543
0.202231
0.121735
0.429915
0.594570
0.389298
0.267602
0.429904
0.191176
0.250358
0.089423
0.309769
0.289344
0.450562
0.871237
0.693141
0.315719
0.080081
0.420078
0.174544
0.593697
0.337492
0.258884
1.193339
0.393624
0.389995
0.303283
0.372261
0.396595
0.365782
0.232509
0.576447
0.489178
0.399787
0.370138
0.241570
0.055813
0.868985
0.212044
0.470525
0.274892
0.219008
0.387708
0.312734
0.455102
0.363302
0.054910
1.103627
0.126162
0.066572
0.283285
0.425312
0.241537
0.774109
0.131938
0.292729
0.365678
0.674259
0.115806
0.253287
1.183052
0.372981
0.266557
0.572431
0.213499
0.344970
0.594493
0.391985
0.351263
0.909424
0.311452
1.628150
0.962367
1.379142
1.178613
0.176536
0.928856
0.463581
0.377543
1.752364
0.786407
0.719052
0.447383
0.890260
0.964617
0.861302
1.898603
0.549044
1.081832
0.433260
1.190077
0.893020
1.098228
0.569745
0.871348
1.304120
0.790507
1.300283
1.123971
0.772145
0.604195
0.839858
0.536810
0.718723
0.451408
0.419949
0.788086
0.651255
1.386037
0.762220
0.365114
0.479841
0.624258
0.406840
0.749585
0.474857
0.545809
0.537227
0.464083
0.493310
0.536385
0.564901
0.697742
0.571175
0.588219
0.553316
0.621586
0.432376
0.539724
0.490338
0.531564
0.374549
0.452990
0.426996
0.315735
0.286711
0.403278
0.435566
0.428857
0.377270
0.464962
0.386770
0.482277
0.652834
0.496063
0.443713
0.339201
0.401526
0.408059
0.355698
0.408820
0.465401
0.405391
0.431098
0.499196
0.448743
0.367920
0.530758
0.344107
0.448781
0.328418
0.383536
0.498807
0.382002
0.404464
0.397842
0.343839
0.407929
0.471115
0.382813
0.469978
0.335619
0.559390
0.262104
0.267218
0.187656
0.332765
0.350852
0.382029
0.246632
0.284902
0.140628
0.221247
0.321665
0.246008
0.506926
0.351733
0.328910
0.387899
0.424869
0.283554
0.356075
0.201934
0.125150
0.536728
0.445355
0.501207
0.299878
0.543870
0.537613
0.409305
0.214190
0.281701
0.398002
0.203802
0.332018
0.210848
0.586679
0.507637
0.321592
0.362600
0.300099
0.337012
0.327409
0.508066
0.449606
0.368598
0.215292
0.343931
0.198538
0.263916
0.128855
0.686886
0.082118
0.157955
0.010432
0.427796
0.348633
0.431317
0.487530
3.982779
0.588395
0.069522
0.181207
0.274300
0.421800
0.293907
1.044841
0.597428
0.048385
0.372753
0.588737
0.131118
0.021924
0.286876
0.063717
0.076965
0.525098
0.463805
0.365840
1.774016
0.180041
0.251759
0.127902
0.054102
0.413751
0.343811
0.195596
0.288576
0.398535
0.296268
0.150612
0.103690
0.418576
0.007054
0.595263
0.193177
0.219099
0.519787
0.377064
0.396120
0.179733
0.088517
0.422306
0.254255
1.376066
1.273495
0.620110
0.373620
0.249663
0.157172
0.333277
0.429974
0.041637
0.643746
0.211238
0.521019
0.522022
0.666809
0.202348
0.279943
0.143581
0.262492
0.147934
0.199879
0.091623
0.275305
0.613500
0.481434
0.816358
0.613219
0.319955
0.829157
0.316484
0.300092
0.406393
0.604626
0.169964
0.184799
0.261356
0.349017
0.227347
1.098106
0.149660
0.478151
0.212420
0.160891
0.444599
0.273224
0.922109
0.359810
0.393868
0.331014
0.274699
0.249153
0.543363
0.196428
0.280864
0.207776
0.364904
0.430114
0.426971
0.063047
0.430090
0.336271
0.519154
0.488484
0.905559
0.149081
0.762680
0.035330
0.671771
0.262260
0.139884
0.210465
0.273135
0.256145
0.334052
0.173528
0.202211
0.121757
0.429838
0.594526
0.389303
0.267563
0.429934
0.191176
0.250262
0.089447
0.309756
0.289305
0.450634
0.871277
0.693162
0.315693
0.080054
0.420134
0.174475
0.593712
0.337422
0.258844
1.193447
0.393638
0.390025
0.303185
0.372180
0.396661
0.365811
0.232429
0.576311
0.489197
0.399787
0.370093
0.241494
0.055768
0.869038
0.212016
0.470618
0.274812
0.218983
0.387780
0.312748
0.455131
0.363275
0.054895
1.103629
0.126147
0.066542
0.283321
0.425308
0.241562
0.774151
0.131926
0.292730
0.365732
0.674333
0.115772
0.253276
1.183188
0.372981
0.266604
0.572557
0.213485
0.345051
0.594540
0.392033
0.351322
0.909521
0.311549
1.628350
0.962433
1.379350
1.178741
0.176550
0.928957
0.463630
0.377627
1.752610
0.786530
0.719153
0.447312
0.890357
0.964771
0.861443
1.898818
0.549158
1.082001
0.433200
1.190258
0.893182
1.098374
0.569890
0.871394
1.304259
0.790493
1.300445
1.124168
0.772114
0.604182
0.839833
0.536818
0.718706
0.451394
0.419944
0.787974
0.651185
1.385902
0.762176
0.365099
0.479843
0.624286
0.406843
0.749564
0.474824
0.545796
0.537220
0.464111
0.493297
0.536377
0.564868
0.697718
0.571116
0.588216
0.553301
0.621566
0.432370
0.539713
0.490351
0.531557
0.374546
0.452966
0.426969
0.315760
0.286710
0.403260
0.435558
0.428822
0.377270
0.464982
0.386762
0.482316
0.652887
0.496081
0.443712
0.339206
0.401514
0.408044
0.355678
0.408820
0.465387
0.405382
0.431063
0.499125
0.448753
0.367916
0.530745
0.344048
0.448745
0.328367
0.383485
0.498773
0.381951
0.404439
0.397803
0.343830
0.407939
0.471146
0.382822
0.469906
0.335542
0.559313
0.262040
0.267148
0.187622
0.332716
0.350844
0.382019
0.246628
0.284919
0.140565
0.221185
0.321650
0.245978
0.506893
0.351664
0.328841
0.387829
0.424787
0.283564
0.356116
0.201919
0.125105
0.536729
0.445401
0.501215
0.299878
0.543828
0.537678
0.409309
0.214201
0.281663
0.398012
0.203798
0.331941
0.210862
0.586717
0.507637
0.321588
0.362550
0.300053
0.336993
0.327373
0.508085
0.449597
0.368633
0.215279
0.343922
0.198569
0.264003
0.128795
0.686805
0.082094
0.157888
0.010417
0.427692
0.348696
0.431323
0.487425
3.983112
0.588294
0.069542
0.181204
0.274214
0.421718
0.293902
1.044922
0.597348
0.048351
0.372728
0.588613
0.131063
0.021904
0.286857
0.063694
0.076930
0.525015
0.463845
0.365860
1.774228
0.180088
0.251700
0.127847
0.054073
0.413675
0.343743
0.195647
0.288521
0.398506
0.296249
0.150613
0.103642
0.418491
0.007055
0.595252
0.193144
0.219030
0.519682
0.377055
0.396037
0.179680
0.088507
0.422303
0.254330
1.376126
1.273662
0.620062
0.373571
0.249688
0.157174
0.333325
0.430017
0.041613
0.643732
0.211256
0.521089
0.521938
0.666812
0.202356
0.279938
0.143573
0.262479
0.147934
0.199865
0.091617
0.275289
0.613465
0.481518
0.816487
0.613247
0.319958
0.829157
0.316404
0.300032
0.406370
0.604667
0.169923
0.184793
0.261342
0.349009
0.227310
1.098166
0.149642
0.478122
0.212448
0.160849
0.444550
0.273243
0.922075
0.359767
0.393893
0.331028
0.274674
0.249131
0.543369
0.196454
0.280806
0.207741
0.364852
0.430128
0.426985
0.063073
0.430123
0.336257
0.519219
0.488439
0.905620
0.149068
0.762694
0.035313
0.671788
0.262215
0.139838
0.210449
0.273120
0.256212
0.334050
0.173519
0.202199
0.121770
0.429794
0.594500
0.389306
0.267540
0.429950
0.191177
0.250207
0.089461
0.309748
0.289283
0.450674
0.871300
0.693174
0.315678
0.080038
0.420166
0.174435
0.593721
0.337382
0.258822
1.193506
0.393646
0.390042
0.303129
0.372133
0.396699
0.365829
0.232384
0.576233
0.489208
0.399786
0.370067
0.241451
0.055743
0.869069
0.212000
0.470671
0.274766
0.218969
0.387821
0.312756
0.455148
0.363260
0.054887
1.103632
0.126138
0.066524
0.283341
0.425305
0.241576
0.774177
0.131919
0.292731
0.365763
0.674375
0.115753
0.253270
1.183266
0.372981
0.266631
0.572628
0.213478
0.345097
0.594567
0.392061
0.351357
0.909576
0.311606
1.628464
0.962459
1.379470
1.178816
0.176558
0.929016
0.463658
0.377676
1.752753
0.786602
0.719213
0.447271
0.890415
0.964860
0.861525
1.898945
0.549227
1.082103
0.433164
1.190365
0.893280
1.098463
0.569977
0.871422
1.304341
0.790485
1.300542
1.124286
0.772094
0.604174
0.839818
0.536825
0.718697
0.451386
0.419940
0.787904
0.651142
1.385817
0.762149
0.365089
0.479844
0.624304
0.406845
0.749551
0.474803
0.545789
0.537216
0.464130
0.493290
0.536371
0.564849
0.697704
0.571080
0.588214
0.553293
0.621554
0.432366
0.539706
0.490359
0.531553
0.374544
0.452952
0.426953
0.315775
0.286709
0.403249
0.435553
0.428802
0.377269
0.464995
0.386756
0.482339
0.652920
0.496092
0.443712
0.339209
0.401506
0.408034
0.355666
0.408820
0.465378
0.405377
0.431041
0.499081
0.448759
0.367914
0.530738
0.344012
0.448723
0.328334
0.383453
0.498751
0.381919
0.404423
0.397780
0.343824
0.407945
0.471166
0.382826
0.469861
0.335496
0.559268
0.262001
0.267105
0.187602
0.332687
0.350839
0.382013
0.246626
0.284929
0.140527
0.221148
0.321641
0.245960
0.506872
0.351622
0.328800
0.387788
0.424738
0.283569
0.356140
0.201910
0.125079
0.536729
0.445429
0.501219
0.299878
0.543803
0.537715
0.409311
0.214208
0.281640
0.398018
0.203795
0.331895
0.210871
0.586741
0.507636
0.321585
0.362521
0.300026
0.336982
0.327351
0.508097
0.449592
0.368654
0.215272
0.343916
0.198587
0.264054
0.128761
0.686757
0.082081
0.157849
0.010409
0.427632
0.348733
0.431327
0.487363
3.983305
0.588235
0.069555
0.181201
0.274164
0.421670
0.293899
1.044968
0.597302
0.048332
0.372714
0.588540
0.131031
0.021893
0.286847
0.063681
0.076910
0.524966
0.463868
0.365872
1.774350
0.180115
0.251665
0.127816
0.054056
0.413630
0.343704
0.195676
0.288490
0.398489
0.296238
0.150614
0.103614
0.418443
0.007055
0.595245
0.193126
0.218990
0.519623
0.377050
0.395990
0.179650
0.088501
0.422300
0.254372
1.376160
1.273756
0.620035
0.373544
0.249701
0.157176
0.333352
0.430041
0.041599
0.643724
0.211265
0.521129
0.521891
0.666814
0.202361
0.279936
0.143568
0.262472
0.147934
0.199858
0.091614
0.275281
0.613445
0.481566
0.816560
0.613263
0.319960
0.829158
0.316359
0.299997
0.406357
0.604690
0.169900
0.184791
0.261334
0.349005
0.227290
1.098195
0.149633
0.478106
0.212464
0.160825
0.444522
0.273253
0.922055
0.359742
0.393907
0.331036
0.274660
0.249118
0.543372
0.196469
0.280774
0.207721
0.364822
0.430136
0.426993
0.063088
0.430141
0.336250
0.519256
0.488413
0.905654
0.149060
0.762702
0.035303
0.671797
0.262189
0.139812
0.210440
0.273112
0.256249
0.334048
0.173514
0.202193
0.121777
0.429769
0.594486
0.389308
0.267527
0.429960
0.191177
0.250176
0.089469
0.309743
0.289271
0.450697
0.871313
0.693181
0.315670
0.080029
0.420183
0.174413
0.593726
0.337360
0.258810
1.193531
0.393651
0.390052
0.303098
0.372107
0.396721
0.365838
0.232358
0.576190
0.489214
0.399786
0.370052
0.241427
0.055728
0.869086
0.211992
0.470700
0.274741
0.218961
0.387843
0.312761
0.455157
0.363252
0.054882
1.103632
0.126134
0.066515
0.283352
0.425304
0.241584
0.774190
0.131915
0.292731
0.365780
0.674398
0.115742
0.253267
1.183309
0.372981
0.266646
0.572668
0.213473
0.345123
0.594582
0.392076
0.351375
0.909607
0.311637
1.628527
0.962448
1.379538
1.178857
0.176562
0.929048
0.463674
0.377704
1.752835
0.786642
0.719246
0.447247
0.890448
0.964913
0.861574
1.899018
0.549267
1.082162
0.433143
1.190428
0.893337
1.098515
0.570029
0.871439
1.304390
0.790480
1.300594
1.124360
0.772082
0.604169
0.839808
0.536828
0.718690
0.451380
0.419938
0.787861
0.651114
1.385764
0.762132
0.365083
0.479845
0.624314
0.406846
0.749544
0.474791
0.545784
0.537214
0.464142
0.493286
0.536367
0.564837
0.697695
0.571058
0.588211
0.553287
0.621544
0.432364
0.539700
0.490364
0.531546
0.374543
0.452942
0.426942
0.315785
0.286710
0.403242
0.435549
0.428789
0.377263
0.465002
0.386754
0.482353
0.652939
0.496094
0.443712
0.339210
0.401498
0.408028
0.355654
0.408820
0.465370
0.405374
0.431027
0.499053
0.448761
0.367912
0.530727
0.343990
0.448710
0.328314
0.383433
0.498737
0.381899
0.404412
0.397763
0.343820
0.407942
0.471162
0.382820
0.469828
0.335478
0.559210
0.261981
0.267082
0.187588
0.332666
0.350831
0.381999
0.246617
0.284905
0.140668
0.221126
0.321635
0.245949
0.506861
0.351597
0.328775
0.387763
0.424709
0.283573
0.356155
0.201905
0.125064
0.536730
0.445445
0.501221
0.299878
0.543788
0.537739
0.409313
0.214212
0.281627
0.398022
0.203794
0.331868
0.210876
0.586755
0.507636
0.321584
0.362503
0.300010
0.336976
0.327338
0.508103
0.449589
0.368666
0.215268
0.343912
0.198598
0.264085
0.128740
0.686728
0.082073
0.157826
0.010404
0.427596
0.348754
0.431329
0.487327
3.983419
0.588200
0.069562
0.181200
0.274135
0.421642
0.293898
1.044996
0.597275
0.048320
0.372705
0.588498
0.131012
0.021886
0.286841
0.063673
0.076898
0.524939
0.463882
0.365879
1.774420
0.180130
0.251646
0.127797
0.054046
0.413605
0.343682
0.195693
0.288471
0.398480
0.296232
0.150614
0.103597
0.418415
0.007056
0.595241
0.193115
0.218967
0.519589
0.377048
0.395963
0.179633
0.088498
0.422299
0.254396
1.376179
1.273808
0.620020
0.373529
0.249709
0.157176
0.333367
0.430055
0.041591
0.643719
0.211271
0.521151
0.521864
0.666815
0.202364
0.279935
0.143566
0.262467
0.147934
0.199854
0.091612
0.275276
0.613434
0.481592
0.816601
0.613272
0.319961
0.829158
0.316334
0.299978
0.406350
0.604703
0.169888
0.184789
0.261330
0.349003
0.227279
1.098221
0.149627
0.478097
0.212473
0.160812
0.444507
0.273259
0.922045
0.359728
0.393915
0.331041
0.274653
0.249111
0.543374
0.196477
0.280756
0.207710
0.364806
0.430140
0.426997
0.063096
0.430151
0.336246
0.519276
0.488399
0.905673
0.149056
0.762707
0.035298
0.671803
0.262175
0.139798
0.210435
0.273107
0.256269
0.334048
0.173511
0.202189
0.121781
0.429755
0.594478
0.389309
0.267521
0.429965
0.191177
0.250160
0.089473
0.309741
0.289264
0.450710
0.871320
0.693185
0.315665
0.080025
0.420193
0.174401
0.593728
0.337348
0.258803
1.193561
0.393653
0.390057
0.303081
0.372093
0.396732
0.365843
0.232345
0.576166
0.489218
0.399786
0.370045
0.241414
0.055721
0.869094
0.211987
0.470715
0.274728
0.218957
0.387855
0.312764
0.455162
0.363247
0.054880
1.103633
0.126131
0.066509
0.283358
0.425303
0.241588
0.774197
0.131913
0.292731
0.365789
0.674410
0.115736
0.253265
1.183332
0.372981
0.266654
0.572689
0.213471
0.345137
0.594590
0.392084
0.351386
0.909624
0.311654
1.628564
0.962504
1.379577
1.178881
0.176565
0.929067
0.463683
0.377720
1.752883
0.786666
0.719266
0.447233
0.890468
0.964944
0.861602
1.899064
0.549291
1.082198
0.433130
1.190468
0.893373
1.098548
0.570062
0.871449
1.304424
0.790477
1.300641
1.124408
0.772075
0.604165
0.839802
0.536830
0.718685
0.451377
0.419937
0.787831
0.651097
1.385730
0.762120
0.365080
0.479846
0.624323
0.406846
0.749539
0.474782
0.545781
0.537212
0.464150
0.493283
0.536364
0.564829
0.697690
0.571043
0.588212
0.553283
0.621541
0.432363
0.539700
0.490367
0.531549
0.374542
0.452937
0.426935
0.315791
0.286709
0.403238
0.435547
0.428780
0.377270
0.465007
0.386752
0.482364
0.652954
0.496105
0.443712
0.339212
0.401499
0.408025
0.355653
0.408821
0.465369
0.405372
0.431018
0.499036
0.448766
0.367911
0.530730
0.343975
0.448702
0.328302
0.383422
0.498729
0.381887
0.404408
0.397755
0.343819
0.407952
0.471186
0.382832
0.469817
0.335450
0.559222
0.261963
0.267064
0.187582
0.332658
0.350834
0.382007
0.246624
0.284939
0.140489
0.221112
0.321632
0.245942
0.506853
0.351582
0.328760
0.387748
0.424692
0.283575
0.356164
0.201902
0.125055
0.536730
0.445455
0.501223
0.299878
0.543780
0.537752
0.409313
0.214215
0.281619
0.398023
0.203793
0.331853
0.210879
0.586762
0.507635
0.321583
0.362493
0.300001
0.336972
0.327331
0.508107
0.449588
0.368673
0.215265
0.343910
0.198604
0.264102
0.128729
0.686713
0.082068
0.157813
0.010401
0.427576
0.348766
0.431331
0.487307
3.983481
0.588181
0.069566
0.181200
0.274118
0.421626
0.293897
1.045011
0.597260
0.048314
0.372701
0.588475
0.131002
0.021882
0.286837
0.063669
0.076891
0.524924
0.463889
0.365882
1.774458
0.180139
0.251635
0.127788
0.054040
0.413591
0.343670
0.195702
0.288462
0.398475
0.296229
0.150615
0.103589
0.418401
0.007056
0.595239
0.193110
0.218956
0.519572
0.377046
0.395950
0.179625
0.088496
0.422299
0.254407
1.376188
1.273834
0.620012
0.373521
0.249712
0.157177
0.333374
0.430061
0.041588
0.643717
0.211273
0.521162
0.521851
0.666816
0.202365
0.279934
0.143565
0.262465
0.147934
0.199851
0.091611
0.275273
0.613428
0.481605
0.816621
0.613277
0.319961
0.829158
0.316321
0.299969
0.406346
0.604710
0.169881
0.184788
0.261328
0.349001
0.227273
1.098228
0.149624
0.478093
0.212477
0.160805
0.444499
0.273262
0.922039
0.359722
0.393919
0.331043
0.274649
0.249108
0.543375
0.196481
0.280748
0.207704
0.364798
0.430142
0.427000
0.063100
0.430156
0.336244
0.519285
0.488393
0.905682
0.149054
0.762709
0.035295
0.671805
0.262168
0.139791
0.210433
0.273105
0.256279
0.334048
0.173510
0.202187
0.121783
0.429749
0.594475
0.389309
0.267518
0.429968
0.191177
0.250152
0.089475
0.309740
0.289261
0.450715
0.871324
0.693187
0.315663
0.080023
0.420198
0.174396
0.593729
0.337342
0.258800
1.193565
0.393655
0.390060
0.303073
0.372086
0.396737
0.365846
0.232338
0.576155
0.489219
0.399786
0.370041
0.241408
0.055717
0.869098
0.211985
0.470722
0.274722
0.218955
0.387861
0.312765
0.455164
0.363245
0.054879
1.103633
0.126130
0.066507
0.283361
0.425303
0.241590
0.774201
0.131912
0.292731
0.365793
0.674416
0.115734
0.253264
1.183342
0.372981
0.266658
0.572699
0.213470
0.345143
0.594594
0.392088
0.351390
0.909632
0.311662
1.628580
0.962491
1.379594
1.178892
0.176566
0.929077
0.463688
0.377728
1.752906
0.786680
0.719277
0.447226
0.890478
0.964962
0.861619
1.899088
0.549304
1.082218
0.433123
1.190491
0.893394
1.098567
0.570082
0.871455
1.304443
0.790475
1.300662
1.124437
0.772070
0.604163
0.839798
0.536831
0.718682
0.451375
0.419936
0.787812
0.651085
1.385707
0.762113
0.365077
0.479846
0.624327
0.406847
0.749535
0.474777
0.545779
0.537211
0.464154
0.493281
0.536363
0.564822
0.697685
0.571033
0.588210
0.553280
0.621537
0.432362
0.539698
0.490369
0.531546
0.374541
0.452934
0.426931
0.315795
0.286709
0.403236
0.435546
0.428774
0.377268
0.465010
0.386750
0.482370
0.652963
0.496107
0.443711
0.339213
0.401497
0.408022
0.355649
0.408821
0.465366
0.405370
0.431013
0.499024
0.448768
0.367911
0.530727
0.343965
0.448696
0.328294
0.383414
0.498724
0.381879
0.404404
0.397750
0.343818
0.407954
0.471190
0.382833
0.469806
0.335438
0.559210
0.261953
0.267054
0.187577
0.332651
0.350833
0.382005
0.246623
0.284941
0.140481
0.221104
0.321630
0.245938
0.506849
0.351573
0.328751
0.387739
0.424681
0.283576
0.356169
0.201900
0.125049
0.536730
0.445460
0.501223
0.299878
0.543775
0.537755
0.409314
0.214216
0.281614
0.398025
0.203792
0.331844
0.210881
0.586766
0.507635
0.321583
0.362487
0.299995
0.336970
0.327327
0.508109
0.449587
0.368677
0.215264
0.343909
0.198607
0.264111
0.128722
0.686704
0.082066
0.157806
0.010399
0.427565
0.348772
0.431331
0.487296
3.983495
0.588171
0.069568
0.181199
0.274109
0.421618
0.293896
1.045012
0.597253
0.048310
0.372698
0.588463
0.130996
0.021880
0.286836
0.063667
0.076888
0.524916
0.463890
0.365882
1.774450
0.180138
0.251637
0.127791
0.054041
0.413589
0.343665
0.195703
0.288458
0.398472
0.296225
0.150614
0.103586
0.418394
0.007056
0.595231
0.193107
0.218951
0.519565
0.377043
0.395944
0.179622
0.088496
0.422293
0.254406
1.376140
1.273603
0.620238
0.373749
0.249598
0.157165
0.333149
0.429859
0.041704
0.643784
0.211192
0.520826
0.522252
0.666800
0.202324
0.279954
0.143603
0.262528
0.147934
0.199916
0.091639
0.275347
0.613597
0.481204
0.816003
0.613141
0.319947
0.829157
0.316705
0.300261
0.406457
0.604512
0.170076
0.184812
0.261394
0.349038
0.227447
1.097933
0.149708
0.478231
0.212342
0.161007
0.444735
0.273173
0.922202
0.359930
0.393799
0.330974
0.274766
0.249214
0.543347
0.196358
0.281019
0.207872
0.365045
0.430077
0.426934
0.062978
0.430003
0.336306
0.518981
0.488605
0.905398
0.149118
0.762642
0.035376
0.671725
0.262383
0.140007
0.210507
0.273175
0.255969
0.334058
0.173551
0.202241
0.121723
0.429955
0.594593
0.389296
0.267623
0.429889
0.191176
0.250406
0.089412
0.309776
0.289363
0.450528
0.871217
0.693131
0.315732
0.080094
0.420051
0.174578
0.593689
0.337525
0.258903
1.193284
0.393617
0.389980
0.303330
0.372300
0.396564
0.365767
0.232547
0.576510
0.489170
0.399787
0.370158
0.241603
0.055832
0.868963
0.212055
0.470486
0.274926
0.219018
0.387679
0.312728
0.455090
0.363313
0.054916
1.103625
0.126168
0.066585
0.283271
0.425314
0.241527
0.774092
0.131943
0.292728
0.365656
0.674229
0.115821
0.253292
1.182995
0.372980
0.266536
0.572377
0.213505
0.344934
0.594471
0.391963
0.351234
0.909375
0.311402
1.628046
0.962280
1.379024
1.178537
0.176527
0.928791
0.463549
0.377485
1.752190
0.786315
0.718974
0.447439
0.890179
0.964486
0.861179
1.898407
0.548934
1.081666
0.433321
1.189887
0.892844
1.098062
0.569575
0.871292
1.303949
0.790525
1.300068
1.123704
0.772189
0.604214
0.839896
0.536796
0.718748
0.451429
0.419957
0.788262
0.651363
1.386250
0.762287
0.365138
0.479838
0.624215
0.406835
0.749620
0.474909
0.545829
0.537236
0.464037
0.493329
0.536398
0.564951
0.697778
0.571266
0.588225
0.553337
0.621615
0.432385
0.539741
0.490317
0.531575
0.374555
0.453026
0.427036
0.315698
0.286711
0.403304
0.435579
0.428908
0.377264
0.464931
0.386781
0.482222
0.652756
0.496032
0.443713
0.339193
0.401543
0.408081
0.355727
0.408818
0.465421
0.405403
0.431149
0.499301
0.448726
0.367927
0.530775
0.344193
0.448831
0.328492
0.383608
0.498856
0.382073
0.404499
0.397895
0.343851
0.407915
0.471073
0.382801
0.470074
0.335719
0.559487
0.262186
0.267307
0.187698
0.332825
0.350862
0.382042
0.246636
0.284883
0.140701
0.221317
0.321681
0.246042
0.506963
0.351807
0.328983
0.387971
0.424953
0.283545
0.356035
0.201948
0.125191
0.536727
0.445312
0.501201
0.299878
0.543908
0.537554
0.409302
0.214180
0.281734
0.397994
0.203806
0.332085
0.210835
0.586644
0.507638
0.321595
0.362643
0.300137
0.337027
0.327440
0.508050
0.449613
0.368569
0.215302
0.343940
0.198513
0.263847
0.128902
0.686951
0.082136
0.158007
0.010444
0.427875
0.348587
0.431311
0.487608
3.982540
0.588470
0.069507
0.181210
0.274363
0.421860
0.293911
1.044784
0.597485
0.048409
0.372770
0.588822
0.131155
0.021938
0.286887
0.063731
0.076986
0.525148
0.463782
0.365828
1.773899
0.180015
0.251793
0.127934
0.054119
0.413795
0.343848
0.195568
0.288605
0.398550
0.296278
0.150611
0.103714
0.418616
0.007054
0.595268
0.193192
0.219129
0.519829
0.377067
0.396150
0.179751
0.088521
0.422307
0.254234
1.376050
1.273450
0.620123
0.373633
0.249657
0.157171
0.333264
0.429962
0.041644
0.643749
0.211234
0.520999
0.522047
0.666808
0.202345
0.279944
0.143583
0.262496
0.147934
0.199883
0.091624
0.275309
0.613510
0.481411
0.816322
0.613211
0.319954
0.829157
0.316509
0.300111
0.406400
0.604613
0.169976
0.184800
0.261360
0.349019
0.227357
1.098087
0.149665
0.478159
0.212412
0.160903
0.444613
0.273219
0.922119
0.359822
0.393861
0.331010
0.274705
0.249158
0.543361
0.196422
0.280877
0.207784
0.364915
0.430112
0.426969
0.063043
0.430084
0.336273
0.519143
0.488492
0.905549
0.149084
0.762677
0.035333
0.671768
0.262269
0.139892
0.210467
0.273138
0.256134
0.334052
0.173529
0.202213
0.121755
0.429845
0.594530
0.389303
0.267566
0.429931
0.191176
0.250269
0.089446
0.309756
0.289308
0.450629
0.871274
0.693161
0.315694
0.080055
0.420130
0.174479
0.593711
0.337426
0.258846
1.193440
0.393638
0.390023
0.303191
0.372184
0.396659
0.365810
0.232433
0.576316
0.489197
0.399787
0.370094
0.241496
0.055769
0.869038
0.212016
0.470618
0.274812
0.218983
0.387781
0.312748
0.455132
0.363275
0.054895
1.103629
0.126147
0.066541
0.283321
0.425308
0.241562
0.774152
0.131926
0.292730
0.365734
0.674334
0.115772
0.253276
1.183190
0.372981
0.266604
0.572556
0.213485
0.345049
0.594538
0.392031
0.351319
0.909515
0.311542
1.628331
0.962396
1.379322
1.178720
0.176547
0.928935
0.463618
0.377605
1.752542
0.786491
0.719119
0.447339
0.890319
0.964706
0.861380
1.898715
0.549099
1.081909
0.433235
1.190146
0.893076
1.098273
0.569783
0.871358
1.304147
0.790505
1.300302
1.123986
0.772144
0.604195
0.839859
0.536810
0.718724
0.451409
0.419950
0.788099
0.651263
1.386055
0.762225
0.365116
0.479841
0.624255
0.406839
0.749588
0.474861
0.545810
0.537228
0.464079
0.493311
0.536386
0.564904
0.697744
0.571181
0.588219
0.553318
0.621587
0.432377
0.539725
0.490337
0.531564
0.374550
0.452992
0.426998
0.315734
0.286711
0.403279
0.435566
0.428858
0.377267
0.464961
0.386770
0.482276
0.652832
0.496061
0.443713
0.339200
0.401526
0.408060
0.355698
0.408819
0.465402
0.405391
0.431099
0.499198
0.448742
0.367920
0.530758
0.344108
0.448781
0.328418
0.383535
0.498806
0.382000
0.404463
0.397839
0.343838
0.407930
0.471118
0.382814
0.469970
0.335609
0.559379
0.262094
0.267206
0.187650
0.332755
0.350850
0.382027
0.246631
0.284907
0.140610
0.221229
0.321660
0.245998
0.506915
0.351708
0.328884
0.387871
0.424835
0.283558
0.356094
0.201927
0.125128
0.536728
0.445378
0.501211
0.299878
0.543848
0.537648
0.409307
0.214196
0.281680
0.398008
0.203800
0.331975
0.210856
0.586701
0.507637
0.321589
0.362571
0.300072
0.337000
0.327387
0.508078
0.449600
0.368620
0.215284
0.343925
0.198557
0.263972
0.128817
0.686835
0.082103
0.157912
0.010423
0.427727
0.348676
0.431321
0.487457
3.983015
0.588326
0.069536
0.181205
0.274241
0.421743
0.293904
1.044898
0.597372
0.048361
0.372735
0.588645
0.131076
0.021909
0.286861
0.063699
0.076936
0.525029
0.463839
0.365857
1.774200
0.180081
0.251709
0.127856
0.054077
0.413685
0.343752
0.195641
0.288527
0.398509
0.296251
0.150613
0.103645
0.418496
0.007055
0.595252
0.193145
0.219030
0.519681
0.377055
0.396032
0.179676
0.088506
0.422302
0.254340
1.376135
1.273687
0.620055
0.373564
0.249691
0.157175
0.333332
0.430023
0.041609
0.643730
0.211258
0.521099
0.521927
0.666812
0.202357
0.279938
0.143572
0.262477
0.147934
0.199864
0.091616
0.275287
0.613460
0.481531
0.816506
0.613251
0.319959
0.829157
0.316396
0.300026
0.406367
0.604672
0.169919
0.184793
0.261341
0.349009
0.227306
1.098175
0.149640
0.478119
0.212452
0.160843
0.444543
0.273246
0.922070
0.359760
0.393897
0.331031
0.274670
0.249127
0.543370
0.196459
0.280795
0.207733
0.364840
0.430131
0.426989
0.063079
0.430131
0.336254
0.519236
0.488428
0.905635
0.149064
0.762698
0.035309
0.671792
0.262204
0.139827
0.210445
0.273116
0.256229
0.334049
0.173517
0.202196
0.121773
0.429782
0.594493
0.389307
0.267534
0.429955
0.191177
0.250191
0.089465
0.309745
0.289277
0.450687
0.871308
0.693178
0.315673
0.080033
0.420176
0.174423
0.593724
0.337369
0.258815
1.193528
0.393649
0.390048
0.303111
0.372117
0.396712
0.365835
0.232368
0.576206
0.489212
0.399786
0.370057
0.241434
0.055732
0.869081
0.211994
0.470693
0.274747
0.218962
0.387839
0.312760
0.455155
0.363253
0.054883
1.103632
0.126135
0.066516
0.283350
0.425304
0.241582
0.774188
0.131916
0.292731
0.365777
0.674394
0.115744
0.253267
1.183300
0.372981
0.266643
0.572657
0.213475
0.345114
0.594577
0.392070
0.351367
0.909593
0.311621
1.628494
0.962458
1.379492
1.178826
0.176558
0.929019
0.463658
0.377675
1.752746
0.786594
0.719203
0.447280
0.890401
0.964835
0.861498
1.898896
0.549196
1.082052
0.433184
1.190299
0.893214
1.098398
0.569908
0.871399
1.304266
0.790493
1.300443
1.124158
0.772117
0.604184
0.839837
0.536817
0.718709
0.451397
0.419945
0.788000
0.651202
1.385935
0.762186
0.365103
0.479843
0.624280
0.406842
0.749568
0.474832
0.545799
0.537222
0.464105
0.493300
0.536378
0.564876
0.697724
0.571129
0.588217
0.553304
0.621570
0.432371
0.539715
0.490348
0.531558
0.374547
0.452971
0.426974
0.315756
0.286710
0.403263
0.435560
0.428828
0.377267
0.464979
0.386763
0.482310
0.652879
0.496078
0.443712
0.339205
0.401515
0.408046
0.355682
0.408820
0.465389
0.405384
0.431068
0.499136
0.448751
0.367916
0.530747
0.344056
0.448749
0.328373
0.383490
0.498776
0.381955
0.404441
0.397805
0.343830
0.407939
0.471145
0.382822
0.469907
0.335543
0.559313
0.262039
0.267145
0.187621
0.332713
0.350843
0.382018
0.246628
0.284921
0.140556
0.221176
0.321647
0.245972
0.506886
0.351649
0.328826
0.387813
0.424766
0.283566
0.356129
0.201914
0.125091
0.536729
0.445417
0.501217
0.299878
0.543813
0.537702
0.409310
0.214206
0.281648
0.398016
0.203796
0.331910
0.210868
0.586733
0.507636
0.321586
0.362529
0.300033
0.336985
0.327356
0.508094
0.449594
0.368649
0.215274
0.343917
0.198583
0.264044
0.128768
0.686767
0.082083
0.157856
0.010410
0.427641
0.348728
0.431326
0.487370
3.983290
0.588242
0.069553
0.181202
0.274170
0.421675
0.293900
1.044965
0.597306
0.048333
0.372714
0.588543
0.131031
0.021892
0.286846
0.063680
0.076908
0.524961
0.463872
0.365874
1.774373
0.180119
0.251660
0.127810
0.054053
0.413622
0.343696
0.195683
0.288482
0.398485
0.296235
0.150614
0.103605
0.418427
0.007056
0.595243
0.193118
0.218973
0.519597
0.377048
0.395965
0.179633
0.088498
0.422299
0.254400
1.376183
1.273820
0.620017
0.373526
0.249710
0.157177
0.333370
0.430057
0.041590
0.643718
0.211272
0.521155
0.521860
0.666815
0.202364
0.279934
0.143565
0.262467
0.147934
0.199853
0.091611
0.275275
0.613431
0.481598
0.816609
0.613274
0.319961
0.829158
0.316332
0.299977
0.406349
0.604704
0.169886
0.184789
0.261330
0.349002
0.227277
1.098224
0.149626
0.478096
0.212475
0.160810
0.444504
0.273260
0.922043
0.359725
0.393917
0.331042
0.274650
0.249109
0.543375
0.196480
0.280749
0.207705
0.364798
0.430142
0.427000
0.063100
0.430157
0.336244
0.519287
0.488391
0.905683
0.149053
0.762709
0.035295
0.671805
0.262167
0.139790
0.210432
0.273105
0.256282
0.334047
0.173510
0.202187
0.121783
0.429747
0.594474
0.389309
0.267516
0.429969
0.191177
0.250148
0.089476
0.309739
0.289259
0.450719
0.871325
0.693188
0.315662
0.080021
0.420201
0.174392
0.593730
0.337338
0.258797
1.193577
0.393655
0.390062
0.303066
0.372081
0.396742
0.365848
0.232332
0.576145
0.489221
0.399786
0.370037
0.241401
0.055712
0.869105
0.211982
0.470734
0.274711
0.218951
0.387871
0.312767
0.455168
0.363241
0.054877
1.103634
0.126128
0.066503
0.283366
0.425302
0.241593
0.774207
0.131911
0.292732
0.365801
0.674426
0.115729
0.253262
1.183361
0.372981
0.266663
0.572713
0.213468
0.345151
0.594598
0.392092
0.351394
0.909637
0.311666
1.628585
0.962486
1.379589
1.178885
0.176565
0.929066
0.463681
0.377715
1.752862
0.786652
0.719251
0.447246
0.890448
0.964910
0.861567
1.899002
0.549253
1.082137
0.433154
1.190391
0.893297
1.098474
0.569983
0.871423
1.304338
0.790486
1.300529
1.124262
0.772099
0.604177
0.839823
0.536822
0.718700
0.451389
0.419942
0.787938
0.651163
1.385858
0.762163
0.365094
0.479843
0.624295
0.406844
0.749558
0.474813
0.545793
0.537218
0.464121
0.493294
0.536374
0.564858
0.697711
0.571097
0.588215
0.553296
0.621559
0.432367
0.539709
0.490356
0.531555
0.374545
0.452958
0.426959
0.315769
0.286709
0.403253
0.435555
0.428810
0.377267
0.464990
0.386758
0.482331
0.652908
0.496088
0.443713
0.339208
0.401509
0.408037
0.355671
0.408820
0.465381
0.405379
0.431049
0.499097
0.448757
0.367915
0.530740
0.344024
0.448730
0.328344
0.383462
0.498757
0.381927
0.404427
0.397785
0.343825
0.407944
0.471162
0.382826
0.469868
0.335503
0.559273
0.262005
0.267108
0.187603
0.332687
0.350839
0.382013
0.246626
0.284930
0.140523
0.221144
0.321640
0.245957
0.506869
0.351614
0.328791
0.387778
0.424725
0.283571
0.356150
0.201907
0.125069
0.536729
0.445441
0.501220
0.299878
0.543792
0.537734
0.409312
0.214212
0.281629
0.398021
0.203794
0.331873
0.210875
0.586753
0.507636
0.321584
0.362505
0.300011
0.336976
0.327339
0.508103
0.449589
0.368666
0.215268
0.343912
0.198598
0.264086
0.128740
0.686727
0.082072
0.157824
0.010403
0.427591
0.348758
0.431329
0.487320
3.983448
0.588194
0.069563
0.181200
0.274129
0.421636
0.293897
1.045003
0.597268
0.048317
0.372703
0.588484
0.131005
0.021883
0.286838
0.063670
0.076891
0.524922
0.463891
0.365883
1.774471
0.180141
0.251633
0.127785
0.054039
0.413587
0.343665
0.195707
0.288457
0.398472
0.296227
0.150615
0.103583
0.418389
0.007056
0.595237
0.193104
0.218942
0.519550
0.377044
0.395929
0.179610
0.088493
0.422298
0.254432
1.376209
1.273893
0.619996
0.373505
0.249721
0.157178
0.333391
0.430076
0.041579
0.643712
0.211279
0.521186
0.521823
0.666816
0.202368
0.279933
0.143562
0.262461
0.147934
0.199847
0.091609
0.275268
0.613416
0.481634
0.816665
0.613286
0.319962
0.829157
0.316298
0.299951
0.406339
0.604722
0.169869
0.184787
0.261324
0.348999
0.227261
1.098249
0.149619
0.478083
0.212487
0.160792
0.444482
0.273268
0.922028
0.359706
0.393928
0.331048
0.274639
0.249099
0.543377
0.196491
0.280725
0.207690
0.364776
0.430149
0.427006
0.063111
0.430171
0.336238
0.519315
0.488372
0.905709
0.149048
0.762715
0.035288
0.671813
0.262148
0.139771
0.210425
0.273098
0.256310
0.334046
0.173506
0.202182
0.121788
0.429728
0.594462
0.389311
0.267506
0.429976
0.191177
0.250125
0.089482
0.309736
0.289250
0.450736
0.871335
0.693193
0.315655
0.080014
0.420214
0.174375
0.593734
0.337322
0.258788
1.193600
0.393659
0.390069
0.303043
0.372061
0.396758
0.365855
0.232313
0.576113
0.489225
0.399786
0.370026
0.241383
0.055702
0.869117
0.211975
0.470756
0.274693
0.218946
0.387887
0.312770
0.455175
0.363236
0.054873
1.103635
0.126124
0.066496
0.283374
0.425302
0.241599
0.774217
0.131908
0.292732
0.365814
0.674443
0.115721
0.253260
1.183392
0.372982
0.266674
0.572742
0.213465
0.345169
0.594609
0.392103
0.351408
0.909660
0.311690
1.628632
0.962493
1.379640
1.178917
0.176568
0.929091
0.463693
0.377737
1.752926
0.786685
0.719278
0.447227
0.890475
0.964952
0.861606
1.899063
0.549286
1.082187
0.433136
1.190445
0.893347
1.098520
0.570028
0.871437
1.304382
0.790481
1.300581
1.124328
0.772088
0.604172
0.839814
0.536825
0.718695
0.451384
0.419940
0.787898
0.651138
1.385810
0.762146
0.365089
0.479844
0.624305
0.406845
0.749550
0.474801
0.545788
0.537216
0.464132
0.493290
0.536370
0.564847
0.697702
0.571076
0.588214
0.553292
0.621552
0.432366
0.539705
0.490360
0.531552
0.374544
0.452950
0.426950
0.315778
0.286709
0.403247
0.435552
0.428798
0.377267
0.464997
0.386755
0.482344
0.652927
0.496094
0.443712
0.339209
0.401505
0.408032
0.355663
0.408820
0.465376
0.405376
0.431037
0.499072
0.448761
0.367913
0.530736
0.344004
0.448718
0.328326
0.383445
0.498745
0.381910
0.404418
0.397772
0.343822
0.407947
0.471173
0.382829
0.469843
0.335478
0.559249
0.261984
0.267086
0.187592
0.332672
0.350836
0.382010
0.246625
0.284935
0.140504
0.221125
0.321635
0.245948
0.506859
0.351593
0.328770
0.387757
0.424700
0.283574
0.356161
0.201903
0.125057
0.536730
0.445454
0.501223
0.299878
0.543780
0.537751
0.409313
0.214215
0.281618
0.398024
0.203793
0.331851
0.210879
0.586764
0.507635
0.321583
0.362491
0.299998
0.336971
0.327329
0.508109
0.449587
0.368676
0.215264
0.343909
0.198607
0.264110
0.128723
0.686705
0.082066
0.157806
0.010399
0.427563
0.348775
0.431331
0.487292
3.983536
0.588167
0.069569
0.181199
0.274106
0.421613
0.293896
1.045024
0.597247
0.048308
0.372696
0.588452
0.130990
0.021878
0.286833
0.063664
0.076882
0.524901
0.463901
0.365888
1.774523
0.180152
0.251618
0.127771
0.054032
0.413568
0.343649
0.195719
0.288444
0.398465
0.296222
0.150615
0.103571
0.418369
0.007056
0.595234
0.193096
0.218926
0.519526
0.377042
0.395910
0.179598
0.088491
0.422297
0.254449
1.376222
1.273928
0.619985
0.373494
0.249726
0.157178
0.333401
0.430085
0.041574
0.643709
0.211283
0.521201
0.521805
0.666817
0.202370
0.279932
0.143560
0.262458
0.147934
0.199844
0.091607
0.275265
0.613409
0.481652
0.816693
0.613292
0.319963
0.829158
0.316280
0.299937
0.406334
0.604731
0.169860
0.184786
0.261321
0.348997
0.227253
1.098257
0.149615
0.478077
0.212493
0.160782
0.444472
0.273273
0.922019
0.359697
0.393933
0.331051
0.274634
0.249094
0.543378
0.196497
0.280713
0.207682
0.364765
0.430152
0.427009
0.063116
0.430177
0.336235
0.519328
0.488363
0.905721
0.149045
0.762718
0.035284
0.671816
0.262139
0.139761
0.210422
0.273095
0.256323
0.334046
0.173504
0.202180
0.121791
0.429719
0.594458
0.389311
0.267502
0.429980
0.191177
0.250114
0.089485
0.309734
0.289246
0.450744
0.871339
0.693195
0.315653
0.080011
0.420221
0.174367
0.593736
0.337314
0.258783
1.193604
0.393660
0.390073
0.303032
0.372052
0.396765
0.365859
0.232305
0.576097
0.489227
0.399786
0.370021
0.241375
0.055697
0.869123
0.211972
0.470765
0.274684
0.218943
0.387895
0.312771
0.455178
0.363233
0.054872
1.103636
0.126123
0.066492
0.283378
0.425301
0.241602
0.774221
0.131907
0.292732
0.365819
0.674451
0.115718
0.253259
1.183406
0.372982
0.266679
0.572755
0.213464
0.345178
0.594613
0.392108
0.351415
0.909671
0.311701
1.628652
0.962479
1.379664
1.178932
0.176570
0.929104
0.463700
0.377749
1.752958
0.786703
0.719294
0.447216
0.890489
0.964975
0.861628
1.899092
0.549305
1.082215
0.433126
1.190473
0.893375
1.098544
0.570056
0.871444
1.304401
0.790478
1.300596
1.124359
