12.999426
13.016416
12.703648
12.792621
13.012946
12.630198
13.008003
12.601689
13.251035
12.569708
12.377779
13.182433
12.921129
12.712535
12.533396
12.564911
12.516407
12.452022
12.453553
12.088672
12.261878
12.509965
12.689752
12.797066
12.148704
11.956047
12.438386
12.430666
11.814263
11.709319
11.829159
11.678406
12.396457
11.982689
11.789322
11.706197
12.003411
12.141028
12.157055
12.056178
11.750037
11.512817
11.881692
11.566278
11.829591
11.661159
11.486548
11.713628
10.839469
11.569573
11.501831
11.510375
11.270192
11.517806
11.236911
11.481301
11.234493
11.617878
11.561690
11.301773
11.350600
11.148886
11.274286
11.319818
10.994356
10.828526
11.153476
11.149046
10.774941
10.941737
11.376408
10.843596
10.827229
11.041495
10.970153
10.883548
11.264705
10.710956
11.205482
10.941124
11.037852
10.878570
10.897920
10.334486
10.177674
10.824160
10.463137
10.567035
10.728812
10.151587
10.765880
10.277379
10.430720
10.275711
10.480941
10.696153
10.744350
10.298166
10.249372
10.482047
10.172992
10.577044
10.169145
10.076565
10.224856
10.571306
9.769787
9.626676
10.434436
10.505313
9.978604
10.047214
10.107942
9.981596
9.850300
9.795028
9.687349
10.168757
9.841023
9.597381
9.640774
9.584661
10.049705
9.745045
9.472452
9.883885
9.705359
9.743711
9.650586
10.068557
10.075414
9.575539
9.644711
9.664627
9.599540
9.694537
9.656719
9.780407
9.892616
9.428596
9.456658
9.286428
9.730950
9.214186
9.566965
9.474069
9.129218
9.360621
8.897882
9.373302
9.322983
9.334159
9.045806
9.632985
9.205263
9.300912
9.305989
8.824687
9.333287
8.931734
8.879113
8.919350
8.917234
8.638219
8.637974
8.649328
8.711234
8.708965
8.619331
8.892433
9.201102
9.056471
8.762404
8.765153
8.775113
8.870360
8.743916
8.406105
9.045178
8.381019
8.702977
8.523959
8.373665
8.471567
8.665425
8.801889
8.450070
8.721307
8.608292
8.449278
8.679474
8.512570
8.339366
8.573893
8.463232
8.244300
8.399696
8.241094
8.455231
8.134376
7.907944
8.389677
7.906142
7.795231
7.723206
7.765743
8.549211
7.763758
8.143144
8.143155
7.824886
7.858624
7.761432
7.624933
7.776168
7.995092
8.229423
7.859548
7.738268
7.857036
7.971008
7.613599
8.114151
7.477424
7.981779
7.775911
7.603351
7.549845
7.701635
7.972775
7.439829
7.490246
7.546615
7.807201
7.624996
7.215920
7.461369
7.755829
7.264092
7.693254
7.447574
7.410769
7.212941
7.435423
7.310650
7.241741
7.481960
7.136183
7.230432
7.593413
7.223971
7.035707
6.957686
7.526791
7.110814
7.597364
7.402516
7.074128
7.529763
7.333512
6.999501
7.008898
6.965566
6.899198
7.145502
7.224426
6.853172
6.754574
6.948524
7.002933
7.301911
6.586877
7.325908
6.551210
6.908511
7.125038
6.693506
6.679818
6.980637
6.738961
6.835994
6.949719
6.732966
6.807993
6.814857
6.612970
6.919840
7.098886
6.726160
6.540409
6.806513
6.300377
6.645452
6.881284
6.764678
6.860667
6.518507
6.458914
6.559496
6.574332
6.288741
6.274828
6.288312
6.129585
6.732069
6.203840
6.232949
6.781562
6.564815
6.712913
6.386916
6.452329
6.500050
6.226754
6.365115
6.384403
6.380874
6.397943
6.171754
6.535415
6.037392
6.158624
6.107072
6.408674
5.987566
6.111533
6.401480
6.104089
6.263740
6.011588
5.974133
6.094459
6.080648
5.990995
5.594816
6.251581
6.003895
5.917410
5.935237
5.841762
6.143410
5.934367
5.831463
5.778733
5.786734
5.927687
5.567603
6.037831
6.093867
6.086100
5.869003
5.910760
6.056457
5.798633
6.036090
5.759544
6.189111
5.705291
5.599651
6.133719
5.963272
5.818133
5.690392
5.712130
5.687691
5.639188
5.640738
5.408623
5.532372
5.683002
5.798874
5.888124
5.461392
5.343121
5.659766
5.668592
5.250262
5.205640
5.261669
5.195117
5.643512
5.370709
5.269619
5.211420
5.404914
5.500332
5.521142
5.457339
5.262989
5.104630
5.349868
5.149050
5.338188
5.222762
5.109577
5.264966
4.692138
5.203921
5.149991
5.156200
4.987917
5.178102
4.987322
5.149917
5.004691
5.240190
5.220139
5.065956
5.085646
4.974523
5.045099
5.069923
4.893236
4.777204
4.978965
4.996426
4.749766
4.890715
5.193576
4.817355
4.815584
4.962925
4.930502
4.846827
5.116243
4.751966
5.095615
4.914796
4.972445
4.885018
4.912060
4.547901
4.443625
4.870829
4.637022
4.714468
4.825363
4.454752
4.852497
4.540570
4.650654
4.557883
4.701644
4.850103
4.872558
4.575737
4.562767
4.699926
4.540462
4.790817
4.537121
4.461418
4.595094
4.837230
4.315686
4.207904
4.732623
4.787439
4.436315
4.482258
4.532756
4.447721
4.382244
4.355277
4.284700
4.591683
4.388124
4.251424
4.278680
4.251701
4.535743
4.358175
4.166059
4.457963
4.332918
4.361324
4.303804
4.600006
4.596999
4.262393
4.326247
4.331383
4.299252
4.375174
4.332633
4.438581
4.516705
4.214653
4.234776
4.147650
4.426680
4.087535
4.319887
4.277025
4.061798
4.205179
3.936467
4.211636
4.197028
4.213387
4.019845
4.428522
4.133590
4.198976
4.212046
3.897596
4.265824
3.972384
3.939840
3.981217
3.984690
3.816370
3.806726
3.806225
3.894043
3.856809
3.834475
3.992605
4.214459
4.104918
3.923998
3.942571
3.944356
3.997322
3.929532
3.723921
4.129588
3.694557
3.922865
3.808588
3.706203
3.774342
3.903324
4.009676
3.772676
3.959123
3.919450
3.788666
3.934682
3.849751
3.720761
3.881793
3.807416
3.693602
3.776826
3.691142
3.829592
3.629372
3.488780
3.778889
3.490134
3.400218
3.375742
3.408494
3.939021
3.407413
3.644067
3.672367
3.474145
3.483364
3.433686
3.346383
3.442289
3.611607
3.742140
3.507781
3.431296
3.510982
3.582616
3.391701
3.681294
3.275079
3.614307
3.464761
3.369398
3.351071
3.448213
3.631413
3.277659
3.322358
3.350464
3.533576
3.419192
3.158245
3.339082
3.511487
3.220254
3.486516
3.336049
3.300769
3.182506
3.320451
3.259352
3.205918
3.359926
3.172949
3.217894
3.437329
3.225047
3.093874
3.052554
3.428376
3.151925
3.464992
3.357837
3.144111
3.445261
3.315988
3.109494
3.117158
3.072227
3.047160
3.229392
3.261047
3.037516
2.963879
3.098955
3.134516
3.338647
2.867119
3.346286
2.865324
3.104743
3.250159
2.956386
2.955429
3.148262
2.990045
3.075049
3.134244
3.014951
3.058558
3.057459
2.937169
3.141857
3.251033
3.005247
2.899039
3.076305
2.769030
2.965986
3.125647
3.068500
3.133163
2.909001
2.877733
2.913414
2.955639
2.772832
2.757764
2.781062
2.672256
3.063731
2.735129
2.749265
3.111438
2.977523
3.081616
2.851958
2.917753
2.957108
2.765331
2.858706
2.871566
2.876830
2.895319
2.771050
2.997097
2.686877
2.761706
2.732886
2.916081
2.642858
2.725523
2.932988
2.731364
2.859246
2.671759
2.650178
2.751070
2.746448
2.671860
2.420679
2.854772
2.707486
2.647636
2.659971
2.591163
2.813265
2.666983
2.608547
2.578752
2.569233
2.684046
2.450619
2.752604
2.803194
2.793338
2.657615
2.678973
2.784069
2.624055
2.774286
2.596226
2.883075
2.542876
2.504025
2.854184
2.754247
2.654690
2.566041
2.583735
2.578544
2.543228
2.546698
2.406903
2.498016
2.583028
2.656006
2.733436
2.457669
2.387238
2.590810
2.610392
2.326110
2.321603
2.333335
2.322815
2.587097
2.408637
2.368720
2.325939
2.447464
2.510937
2.533530
2.492777
2.372177
2.265181
2.424795
2.299351
2.436237
2.354444
2.280529
2.385273
2.013545
2.375396
2.328723
2.331014
2.208855
2.357912
2.225509
2.330556
2.251350
2.384802
2.386674
2.301256
2.298889
2.246299
2.277529
2.285983
2.206929
2.121918
2.238395
2.268126
2.104678
2.225498
2.437640
2.164188
2.169772
2.269740
2.261003
2.176877
2.368874
2.129317
2.369333
2.242141
2.271161
2.227134
2.256849
2.023808
1.952208
2.229821
2.078715
2.135830
2.210010
1.975209
2.225228
2.028934
2.107385
2.053629
2.153551
2.254642
2.257197
2.057692
2.066005
2.136574
2.074540
2.219374
2.066173
1.999087
2.120299
2.289716
1.953014
1.866230
2.199031
2.240463
2.004064
2.032201
2.073213
2.013149
1.989027
1.978334
1.929913
2.117756
1.994533
1.926653
1.940532
1.930384
2.090984
1.995697
1.854726
2.064253
1.972349
1.991551
1.955240
2.167629
2.155511
1.928638
1.986411
1.979167
1.966506
2.027192
1.978998
2.070614
2.123524
1.926975
1.939320
1.905105
2.071365
1.848134
1.997776
1.985801
1.854489
1.936776
1.794814
1.934223
1.940978
1.958369
1.825552
2.112958
1.904042
1.946881
1.962880
1.757111
2.029468
1.805665
1.784118
1.823883
1.828707
1.731664
1.713408
1.702671
1.805369
1.742549
1.762632
1.841990
2.003814
1.915296
1.807282
1.834072
1.828127
1.850708
1.819610
1.699546
1.947882
1.662790
1.826626
1.753098
1.680268
1.726395
1.810061
1.894189
1.731180
1.859125
1.865861
1.751651
1.839599
1.806785
1.705011
1.815093
1.762606
1.716319
1.749522
1.710015
1.796106
1.673689
1.587805
1.748788
1.586979
1.508845
1.513672
1.537857
1.898644
1.533106
1.673072
1.717996
1.597146
1.588049
1.567732
1.510905
1.568078
1.702464
1.762206
1.615477
1.566568
1.618323
1.659877
1.577025
1.725039
1.469285
1.697231
1.582911
1.536577
1.539484
1.598458
1.721498
1.484205
1.523117
1.530529
1.660432
1.588887
1.423838
1.559976
1.649771
1.488986
1.645708
1.556131
1.519935
1.452265
1.532427
1.511387
1.466261
1.561407
1.477210
1.487806
1.610564
1.500038
1.404661
1.385635
1.632004
1.445715
1.642449
1.591248
1.451253
1.648647
1.561663
1.437373
1.442017
1.394171
1.394459
1.532596
1.531248
1.403219
1.344179
1.438621
1.459924
1.599743
1.286788
1.592975
1.303639
1.463611
1.560392
1.355513
1.361134
1.481080
1.376004
1.451298
1.472827
1.415883
1.437039
1.428935
1.360549
1.496259
1.557724
1.393674
1.338025
1.455123
1.276854
1.374687
1.482542
1.462756
1.505110
1.356775
1.342393
1.333719
1.392228
1.275237
1.257702
1.285739
1.208017
1.459224
1.259952
1.261706
1.499705
1.418442
1.491889
1.323721
1.387981
1.420056
1.279999
1.342032
1.348865
1.358088
1.375691
1.316501
1.450411
1.261635
1.304177
1.288452
1.392104
1.214124
1.267857
1.419365
1.278779
1.383929
1.237134
1.224155
1.310483
1.310078
1.243582
1.085767
1.371914
1.288717
1.244563
1.251503
1.197105
1.365080
1.258360
1.227339
1.210820
1.188036
1.283924
1.131864
1.321675
1.366940
1.353966
1.269905
1.276145
1.352855
1.255300
1.346558
1.231412
1.422879
1.175223
1.178496
1.406250
1.350885
1.279546
1.214861
1.228209
1.233966
1.205624
1.208676
1.127797
1.195816
1.236099
1.279266
1.347278
1.168937
1.128251
1.255969
1.280957
1.083027
1.103182
1.084241
1.108822
1.250729
1.132545
1.131134
1.096871
1.169571
1.210470
1.232623
1.205405
1.131618
1.056743
1.158581
1.081025
1.182044
1.120756
1.071043
1.140982
0.899676
1.161572
1.118091
1.116300
1.022841
1.143321
1.047732
1.113470
1.076059
1.141024
1.155759
1.113952
1.095594
1.079904
1.083807
1.080011
1.063529
0.997384
1.056393
1.092685
0.982362
1.088355
1.239590
1.032233
1.041067
1.108472
1.113814
1.027928
1.167656
1.008504
1.179052
1.085609
1.094396
1.077413
1.107439
0.959024
0.907438
1.085454
0.987194
1.029545
1.078214
0.931128
1.082788
0.960977
1.017263
0.987712
1.057466
1.126078
1.114184
0.977162
0.998062
1.023546
1.024076
1.098285
1.009663
0.946875
1.058513
1.178764
1.000305
2.153354
2.729955
2.777618
2.515296
2.766394
2.813394
2.747159
2.710934
2.696715
2.642558
2.874238
2.724586
2.634154
2.654380
2.639853
2.845724
2.722683
2.564889
2.805110
2.702688
2.726445
2.683774
2.927385
2.919735
2.655353
2.716429
2.714725
2.696131
2.763366
2.718255
2.816079
2.879136
2.645429
2.661568
2.609140
2.817267
2.552911
2.733551
2.711283
2.550349
2.655802
2.468591
2.658361
2.658219
2.676131
2.521982
2.854692
2.615149
2.667144
2.682960
2.438135
2.746639
2.498050
2.473291
2.514504
2.519672
2.397152
2.382899
2.376771
2.474791
2.422257
2.427441
2.536821
2.721765
2.626289
2.492013
2.516569
2.514319
2.549053
2.505100
2.353927
2.661820
2.321523
2.510275
2.422306
2.339202
2.394375
2.495846
2.589130
2.399143
2.549883
2.540030
2.420315
2.530948
2.479367
2.368034
2.498163
2.438201
2.367163
2.420081
2.363869
2.470599
2.319459
2.213584
2.424371
2.215067
2.133184
2.127630
2.155776
2.582069
2.153894
2.331551
2.370883
2.221218
2.219837
2.189010
2.121218
2.193983
2.342526
2.430222
2.250545
2.191760
2.255011
2.308899
2.185169
2.388501
2.075362
2.347058
2.219853
2.155265
2.150667
2.225161
2.372279
2.090487
2.132356
2.148533
2.299871
2.212368
2.010647
2.164926
2.287668
2.076702
2.276879
2.164226
2.129057
2.042261
2.145767
2.109739
2.062007
2.180979
2.057169
2.081841
2.243370
2.093477
1.984636
1.957478
2.255659
2.034421
2.277854
2.205217
2.036696
2.275912
2.172854
2.016615
2.023127
1.977108
1.967972
2.124325
2.136809
1.971367
1.907152
2.018475
2.046140
2.212338
1.836594
2.212705
1.847251
2.039712
2.156668
1.916748
1.920363
2.070271
1.944462
2.024309
2.061670
1.980228
2.011091
2.006459
1.917735
2.081982
2.163420
1.966924
1.891422
2.033558
1.803557
1.942266
2.071822
2.037489
2.089570
1.910983
1.890350
1.900385
1.952880
1.809613
1.793691
1.820393
1.730545
2.039827
1.788152
1.795576
2.085174
1.982911
2.069580
1.876736
1.942248
1.977939
1.817162
1.892730
1.902669
1.910869
1.929450
1.843942
2.016602
1.778111
1.834619
1.814049
1.951324
1.734367
1.800711
1.976099
1.810698
1.925965
1.762735
1.746751
1.839739
1.838158
1.768851
1.572528
1.921193
1.811732
1.761566
1.771338
1.711454
1.902876
1.779966
1.737966
1.716423
1.699782
1.804218
1.618382
1.856105
1.904192
1.893121
1.787773
1.800980
1.890289
1.766825
1.883667
1.742380
1.974944
1.688517
1.674423
1.954858
1.881084
1.798289
1.723932
1.739694
1.741326
1.710554
1.714337
1.608770
1.687222
1.747225
1.803733
1.876351
1.656696
1.603758
1.764639
1.787931
1.553243
1.563321
1.558078
1.568058
1.763285
1.619588
1.602053
1.564600
1.658950
1.710162
1.733040
1.700478
1.606870
1.518537
1.646016
1.548121
1.665269
1.595553
1.535787
1.621415
1.323646
1.630160
1.585327
1.585778
1.480252
1.613837
1.502490
1.585984
1.530721
1.626263
1.635849
1.575354
1.564526
1.533068
1.549498
1.551594
1.507975
1.433969
1.518853
1.552723
1.419365
1.533148
1.711107
1.474838
1.482747
1.565078
1.564642
1.480007
1.643474
1.449006
1.650970
1.542971
1.561257
1.532678
1.563045
1.377267
1.317170
1.540221
1.418743
1.468166
1.528736
1.342741
1.539010
1.384194
1.450886
1.410895
1.494677
1.578376
1.573456
1.408707
1.424378
1.470667
1.443367
1.549968
1.432578
1.368272
1.484723
1.628533
1.357053
1.277394
1.541140
1.577499
1.381877
1.403366
1.440697
1.389268
1.379615
1.374436
1.333624
1.478709
1.383825
1.340167
1.348966
1.344561
1.460945
1.394617
1.271513
1.451524
1.371098
1.386764
1.357694
1.540144
1.524548
1.335525
1.390890
1.379003
1.372958
1.428012
1.377569
1.463887
1.507674
1.348033
1.357389
1.341533
1.467894
1.285144
1.405498
1.404118
1.301995
1.362612
1.264930
1.356421
1.370411
1.387923
1.276087
1.520899
1.341781
1.376520
1.393326
1.225194
1.463999
1.264137
1.246151
1.285122
1.290182
1.217659
1.196166
1.181635
1.289263
1.217323
1.251857
1.303705
1.444539
1.363082
1.280049
1.309450
1.300614
1.312499
1.293838
1.203035
1.396955
1.163272
1.304709
1.244975
1.182080
1.220425
1.288325
1.364620
1.226790
1.334478
1.357022
1.248167
1.316050
1.301005
1.208179
1.300665
1.255456
1.232020
1.247942
1.223981
1.292053
1.195947
1.128525
1.245325
1.126468
1.052097
1.066742
1.087720
1.390785
1.081295
1.188337
1.238700
1.143878
1.128332
1.117734
1.070983
1.114884
1.237305
1.273004
1.155611
1.115794
1.157966
1.189225
1.142616
1.242786
1.037351
1.227787
1.125102
1.095014
1.104848
1.150874
1.253624
1.055082
1.091874
1.092204
1.204188
1.146759
1.013491
1.134579
1.196683
1.079235
1.199250
1.129799
1.093063
1.042007
1.102830
1.094959
1.052353
1.127853
1.077702
1.076541
1.167200
1.090196
1.006408
0.994563
1.198110
1.041354
1.199622
1.166702
1.050805
1.213941
1.140715
1.043266
1.046763
0.997801
1.006240
1.129782
1.117489
1.020550
0.966118
1.047126
1.063629
1.182314
0.920930
1.170588
0.943538
1.077485
1.158304
0.982184
0.989791
1.085925
0.997958
1.069959
1.079139
1.042257
1.056009
1.045498
0.993760
1.107039
1.152977
1.015191
0.975719
1.073287
0.936448
1.002219
1.093279
1.085394
1.120456
0.996356
0.987280
0.964233
1.027844
0.931805
0.913345
0.942761
0.874846
1.081091
0.923010
0.920671
1.118937
1.054358
1.117924
0.969225
1.032890
1.062532
0.938794
0.990758
0.995567
1.005937
1.023151
0.984478
1.089094
0.938640
0.970846
0.959144
1.037564
0.889537
0.934026
1.067791
0.946331
1.044322
0.910115
0.899736
0.981376
0.982198
0.918121
0.789465
1.029139
0.965928
0.926573
0.931717
0.881712
1.032923
0.938200
0.915618
0.903144
0.876114
0.966020
0.839177
0.993994
1.037516
1.023490
0.955378
0.956831
1.024659
0.946373
1.019282
0.923517
1.085414
0.866275
0.882464
1.072366
1.030679
0.967966
0.910567
0.922501
0.931541
0.905258
0.908101
0.845213
0.906064
0.932554
0.966511
1.031575
0.882959
0.851281
0.955739
0.982425
0.810626
0.838287
0.809826
0.845083
0.949543
0.849638
0.859881
0.828095
0.885873
0.919857
0.941820
0.918631
0.858926
0.793681
0.877976
0.814802
0.904915
0.849733
0.807235
0.866610
0.664482
0.896820
0.853634
0.850462
0.765564
0.877532
0.792742
0.846655
0.821698
0.866080
0.884600
0.855756
0.832552
0.827804
0.823477
0.815960
0.818043
0.757430
0.799272
0.837444
0.742827
0.845389
0.977473
0.789461
0.799313
0.857000
0.866450
0.779971
0.904203
0.768726
0.918712
0.835171
0.837931
0.828850
0.858919
0.735316
0.689529
0.838237
0.755411
0.793365
0.834498
0.713032
0.835836
0.735745
0.785488
0.762941
0.823828
0.882909
0.866750
0.747868
0.772377
0.784683
0.803340
0.856982
0.787063
0.725442
0.834309
0.941351
0.758321
0.687388
0.856011
0.884342
0.743209
0.754525
0.785749
0.745023
0.754088
0.755384
0.723929
0.809355
0.752253
0.740760
0.741570
0.743955
0.798553
0.770991
0.671451
0.809759
0.744094
0.753828
0.733704
0.873731
0.852252
0.714516
0.765490
0.746131
0.748206
0.794390
0.739779
0.817680
0.847717
0.738349
0.742507
0.751187
0.820913
0.693576
0.772025
0.784411
0.722048
0.751358
0.714499
0.738023
0.761127
0.777787
0.694395
0.878365
0.740104
0.762442
0.779345
0.663220
0.853668
0.686635
0.672720
0.709581
0.713991
0.675174
0.648144
0.627281
0.740926
0.655110
0.709204
0.721037
0.831064
0.758653
0.710184
0.742348
0.728429
0.724088
0.722204
0.672232
0.787455
0.626306
0.734751
0.693816
0.644223
0.670478
0.714812
0.778919
0.676287
0.753910
0.798117
0.696162
0.734191
0.743652
0.662973
0.729115
0.693475
0.702130
0.692156
0.689766
0.730797
0.671889
0.630288
0.682130
0.624746
0.554997
0.582958
0.598495
0.816553
0.587905
0.646012
0.703412
0.645667
0.619888
0.622639
0.589795
0.613394
0.717392
0.716923
0.641715
0.614390
0.641596
0.656833
0.662585
0.691524
0.559415
0.693641
0.607260
0.600319
0.619545
0.645551
0.717382
0.575413
0.608225
0.597195
0.681703
0.644395
0.557561
0.655402
0.675442
0.621614
0.686182
0.645861
0.607562
0.580521
0.611598
0.622543
0.582969
0.628183
0.628050
0.608695
0.650288
0.622775
0.555685
0.553860
0.692057
0.579034
0.678445
0.672275
0.591983
0.702497
0.649250
0.591636
0.592599
0.541152
0.561173
0.661753
0.632017
0.581573
0.533389
0.593156
0.601546
0.687198
0.503759
0.666272
0.533650
0.627026
0.682617
0.549786
0.559675
0.618494
0.556022
0.622196
0.611609
0.604831
0.606401
0.591420
0.564593
0.642489
0.663646
0.565668
0.550459
0.617034
0.543623
0.558955
0.623189
0.632999
0.655961
0.568782
0.567194
0.521037
0.591839
0.527749
0.507118
0.537970
0.484663
0.619842
0.525501
0.516044
0.651277
0.612110
0.659416
0.540559
0.602538
0.627615
0.528852
0.564216
0.565094
0.576538
0.592401
0.585421
0.642977
0.552466
0.567604
0.561570
0.599233
0.498053
0.527155
0.631974
0.540237
0.625979
0.511268
0.504328
0.577787
0.579855
0.518964
0.436301
0.600854
0.568954
0.536612
0.538191
0.494561
0.617814
0.542019
0.532359
0.525709
0.491169
0.570722
0.483934
0.581527
0.621529
0.605092
0.562123
0.555137
0.607854
0.560157
0.602565
0.537627
0.650697
0.477307
0.513879
0.641341
0.621271
0.571950
0.525806
0.534738
0.548479
0.524904
0.526729
0.492729
0.541145
0.544287
0.562416
0.621931
0.521646
0.504184
0.569591
0.598237
0.469197
0.508540
0.463802
0.516027
0.557898
0.487656
0.516584
0.488324
0.520668
0.542487
0.563465
0.546345
0.509529
0.459757
0.514096
0.474371
0.545597
0.500028
0.469019
0.510046
0.373137
0.554273
0.511872
0.505870
0.434767
0.531570
0.464643
0.497932
0.493409
0.502376
0.526680
0.519197
0.487165
0.500390
0.481494
0.467049
0.500128
0.448359
0.460357
0.501145
0.432753
0.527291
0.627590
0.472333
0.483182
0.523649
0.539546
0.451470
0.548475
0.453113
0.567137
0.500041
0.491831
0.495796
0.525334
0.444031
0.407732
0.505154
0.448504
0.478275
0.505763
0.428214
0.500338
0.437451
0.475249
0.464346
0.509222
0.551114
0.526934
0.439183
0.469438
0.458136
0.507985
0.525010
0.487324
0.427233
0.530593
0.612121
0.489420
0.424160
0.527268
0.549789
0.445707
0.449746
0.476478
0.442789
0.464380
0.469819
0.444475
0.488705
0.457201
0.467461
0.462492
0.469236
0.481178
0.479898
0.396218
0.505637
0.449804
0.455176
0.440888
0.551547
0.525736
0.422870
0.470544
0.445772
0.453123
0.492943
0.435183
0.507024
0.527352
0.452160
0.452471
0.477684
0.508302
0.418670
0.468105
0.489643
0.454262
0.461822
0.466378
0.443029
0.472106
0.487908
0.423730
0.565712
0.455184
0.468741
0.485436
0.404690
0.561711
0.416910
0.405515
0.440656
0.444348
0.428367
0.397270
0.371795
0.489294
0.393698
0.460929
0.445062
0.533703
0.467225
0.442187
0.475979
0.458311
0.442580
0.451937
0.429690
0.490703
0.379015
0.464578
0.436271
0.395536
0.413247
0.441162
0.496647
0.417893
0.474650
0.533450
0.435966
0.453275
0.479277
0.406670
0.454496
0.425164
0.455568
0.427587
0.439731
0.461977
0.428315
0.404163
0.411222
0.395736
0.328903
0.365746
0.377304
0.536839
0.363364
0.387677
0.449659
0.417085
0.384046
0.395703
0.372147
0.381585
0.472709
0.447208
0.400676
0.381674
0.398383
0.402392
0.443802
0.423667
0.341592
0.437041
0.361599
0.370290
0.395719
0.407764
0.458163
0.354743
0.384594
0.365541
0.430979
0.407233
0.351998
0.433671
0.424643
0.414197
0.440525
0.419943
0.380345
0.369538
0.379994
0.403612
0.365889
0.390112
0.424042
0.391989
0.399720
0.405909
0.350043
0.354866
0.448035
0.364769
0.423607
0.435559
0.379450
0.453670
0.413897
0.383373
0.382381
0.329008
0.356753
0.441376
0.399459
0.380675
0.336555
0.381546
0.384161
0.446952
0.316729
0.419286
0.351183
0.416533
0.454615
0.351248
0.362493
0.395516
0.350311
0.412278
0.387932
0.401578
0.394594
0.376334
0.366378
0.419810
0.423771
0.352877
0.354092
0.399214
0.369082
0.349629
0.395268
0.417004
0.431467
0.369393
0.372737
0.310535
0.386063
0.343674
0.321352
0.352991
0.309496
0.395758
0.344913
0.330377
0.422198
0.400252
0.436216
0.337619
0.398245
0.419994
0.338159
0.361946
0.359935
0.371918
0.386659
0.401216
0.426315
0.376706
0.379947
0.377603
0.387137
0.317882
0.336245
0.421034
0.349478
0.426634
0.325098
0.320327
0.387987
0.390720
0.331826
0.280506
0.393373
0.382750
0.355031
0.353981
0.314538
0.418438
0.355434
0.354447
0.351608
0.311735
0.384005
0.324498
0.382677
0.420086
0.401816
0.375900
0.362948
0.405125
0.378217
0.399534
0.355553
0.434968
0.292766
0.343133
0.427610
0.422186
0.381867
0.343260
0.349957
0.366750
0.344853
0.345809
0.331436
0.371153
0.358118
0.365220
0.420759
0.353432
0.345544
0.384008
0.413828
0.313927
0.361113
0.305044
0.368732
0.367524
0.317448
0.359016
0.333006
0.347747
0.361056
0.381191
0.368066
0.346773
0.307445
0.341078
0.317265
0.375377
0.336234
0.312938
0.341223
0.248861
0.394735
0.352704
0.344600
0.282790
0.369034
0.314193
0.333182
0.342505
0.327032
0.355142
0.362143
0.323899
0.349284
0.320241
0.300891
0.355059
0.309199
0.300580
0.343003
0.292432
0.381309
0.459668
0.326705
0.338084
0.366591
0.386749
0.297428
0.375615
0.307596
0.396819
0.340835
0.324954
0.337710
0.366732
0.314277
0.284330
0.346440
0.307585
0.331597
0.349579
0.301990
0.339218
0.301684
0.331150
0.328080
0.361830
0.391789
0.361963
0.295407
0.329458
0.301821
0.372906
0.364686
0.348948
0.289763
0.389202
0.453093
0.371607
0.310092
0.368142
0.386534
0.307711
0.306618
0.330125
0.301123
0.331158
0.339291
0.317998
0.333844
0.319749
0.344780
0.335713
0.345305
0.327866
0.344463
0.271514
0.360993
0.311758
0.314004
0.303582
0.393962
0.365049
0.285950
0.331226
0.302606
0.313438
0.348758
0.288705
0.356257
0.369793
0.317898
0.315434
0.351849
0.355520
0.291606
0.321016
0.348698
0.331680
0.324198
0.357017
0.301402
0.334439
0.349521
0.298387
0.411454
0.319808
0.327215
0.343641
0.287019
0.420993
0.291307
0.281507
0.315342
0.318414
0.317959
0.283947
0.255184
0.375198
0.272771
0.348881
0.313900
0.387755
0.325218
0.316117
0.350898
0.330538
0.306873
0.323812
0.320450
0.344173
0.266270
0.336023
0.316253
0.281466
0.293196
0.309734
0.359191
0.296682
0.339010
0.407694
0.313158
0.316139
0.353363
0.286169
0.321319
0.296191
0.341385
0.300940
0.322931
0.332178
0.315706
0.303403
0.279641
0.292758
0.227811
0.270624
0.279338
0.398634
0.262870
0.263898
0.328905
0.313473
0.275340
0.292987
0.275689
0.275301
0.357487
0.314712
0.287724
0.274311
0.283714
0.279913
0.345653
0.291767
0.243878
0.312633
0.244578
0.263876
0.293446
0.295808
0.331403
0.254302
0.282012
0.257348
0.309602
0.295042
0.261365
0.331842
0.302779
0.321967
0.321969
0.314812
0.274214
0.274431
0.270640
0.302839
0.266278
0.276004
0.333178
0.292316
0.276726
0.305915
0.257637
0.266912
0.329105
0.266139
0.297057
0.321324
0.281694
0.330925
0.300289
0.288231
0.285794
0.231002
0.263939
0.337517
0.287148
0.289967
0.248531
0.283287
0.281843
0.328861
0.235020
0.296372
0.272404
0.318438
0.344417
0.261150
0.273222
0.288465
0.254996
0.313980
0.280101
0.307654
0.294702
0.274097
0.275610
0.312173
0.304247
0.251823
0.264201
0.294517
0.293957
0.250563
0.283358
0.313173
0.321715
0.276757
0.283386
0.210089
0.288761
0.261154
0.237583
0.269663
0.232801
0.285435
0.264314
0.246201
0.308168
0.297938
0.326029
0.241230
0.300834
0.320215
0.249888
0.265646
0.261562
0.273824
0.287709
0.316936
0.319693
0.298033
0.293029
0.293130
0.283285
0.235826
0.246734
0.317702
0.259892
0.331073
0.238478
0.235106
0.298703
0.301805
0.244191
0.214268
0.291614
0.295492
0.270857
0.267912
0.231252
0.321799
0.267480
0.272351
0.272039
0.228422
0.295620
0.254722
0.285795
0.321339
0.301729
0.287418
0.270289
0.305158
0.292419
0.299195
0.269495
0.325756
0.204848
0.264590
0.319513
0.324044
0.289815
0.256293
0.261378
0.280178
0.259350
0.259625
0.258628
0.292295
0.268089
0.267552
0.320285
0.275474
0.274065
0.293979
0.324522
0.244517
0.296995
0.233081
0.304548
0.273728
0.237397
0.287552
0.263003
0.265598
0.272993
0.292473
0.282008
0.271281
0.239031
0.258394
0.245410
0.294457
0.259640
0.241551
0.261023
0.199124
0.320745
0.278893
0.269272
0.213759
0.292689
0.246054
0.255164
0.273906
0.241603
0.272245
0.289100
0.246524
0.280173
0.244099
0.221308
0.289859
0.247975
0.225147
0.268617
0.230190
0.315104
0.393498
0.279344
0.290943
0.313928
0.408905
0.319912
0.401469
0.420647
0.530140
0.465384
0.455924
0.456599
0.424089
0.360039
0.327590
0.404089
0.358085
0.384502
0.406413
0.346692
0.398195
0.350381
0.383218
0.377007
0.415341
0.450215
0.422740
0.347573
0.380114
0.359190
0.421631
0.423775
0.399090
0.339568
0.440644
0.511793
0.413450
0.350429
0.426981
0.447097
0.357945
0.358981
0.383846
0.352943
0.379542
0.386596
0.363664
0.391195
0.369973
0.388960
0.381597
0.390042
0.384718
0.393986
0.316642
0.414355
0.362428
0.365984
0.353996
0.452756
0.425143
0.336280
0.382568
0.355560
0.364983
0.402180
0.343099
0.412445
0.428810
0.367323
0.366031
0.397845
0.412672
0.338159
0.375866
0.401031
0.376445
0.375207
0.396359
0.354113
0.385536
0.400940
0.344433
0.469493
0.370053
0.380030
0.396591
0.329997
0.473546
0.337621
0.327180
0.361577
0.364932
0.358055
0.325277
0.297898
0.416888
0.317319
0.389762
0.362745
0.442759
0.378610
0.362911
0.397299
0.378084
0.357740
0.371546
0.360350
0.399612
0.307671
0.384026
0.360725
0.323482
0.337724
0.359024
0.411016
0.341755
0.390121
0.454706
0.358964
0.367942
0.400509
0.331080
0.371539
0.344680
0.383719
0.348500
0.366403
0.381097
0.357466
0.340234
0.329375
0.330553
0.264838
0.305172
0.315093
0.451246
0.299723
0.310517
0.374276
0.351686
0.315709
0.330866
0.310965
0.314710
0.400663
0.365149
0.329987
0.314252
0.326735
0.326234
0.381785
0.342080
0.279865
0.359844
0.288710
0.303571
0.331422
0.337869
0.379707
0.291564
0.320193
0.297907
0.355721
0.337319
0.294593
0.369799
0.349186
0.355922
0.367024
0.354235
0.314073
0.309665
0.311896
0.340497
0.303467
0.319324
0.366714
0.329584
0.323847
0.343354
0.291892
0.299306
0.374592
0.303074
0.345800
0.364886
0.318315
0.378120
0.343642
0.323800
0.321989
0.267816
0.298574
0.376841
0.330067
0.323765
0.281208
0.320314
0.320605
0.374322
0.265091
0.343914
0.301263
0.355500
0.386632
0.294858
0.306597
0.329395
0.290966
0.351236
0.321418
0.343086
0.332683
0.313092
0.309750
0.353499
0.350639
0.290385
0.298037
0.334665
0.321546
0.288352
0.326625
0.353023
0.364103
0.311876
0.317125
0.248569
0.325919
0.292034
0.269011
0.300919
0.261243
0.328225
0.294452
0.277880
0.352595
0.337385
0.368852
0.278183
0.338241
0.358650
0.283425
0.302630
0.299449
0.311607
0.325877
0.348847
0.361172
0.327581
0.326117
0.325190
0.323651
0.266881
0.280992
0.357897
0.294217
0.367974
0.271565
0.267609
0.332962
0.335922
0.277775
0.238694
0.331286
0.328962
0.303020
0.300902
0.263063
0.359355
0.301326
0.303694
0.302314
0.260321
0.329713
0.280834
0.323570
0.359932
0.340914
0.321631
0.306313
0.344341
0.325522
0.338573
0.302740
0.368987
0.238923
0.294644
0.362317
0.362573
0.325737
0.290041
0.295836
0.313788
0.292512
0.293095
0.286341
0.322636
0.303265
0.306046
0.360005
0.305485
0.301290
0.329236
0.359482
0.270888
0.321092
0.260583
0.328698
0.310704
0.268440
0.314893
0.289726
0.297591
0.307562
0.327341
0.315739
0.300450
0.265144
0.290706
0.273041
0.326035
0.289355
0.269021
0.292327
0.217224
0.349383
0.307465
0.298517
0.240282
0.322402
0.272215
0.285630
0.300291
0.275317
0.304871
0.317454
0.276778
0.306846
0.273844
0.252565
0.314868
0.271267
0.254636
0.297663
0.253960
0.340621
0.410459
0.286095
0.297648
0.321499
0.343276
0.253446
0.324329
0.266857
0.346460
0.294749
0.275876
0.291999
0.320797
0.279451
0.251931
0.300379
0.268367
0.290126
0.304412
0.268356
0.292097
0.264315
0.290536
0.290460
0.319894
0.345226
0.313197
0.254784
0.290269
0.256312
0.335554
0.317582
0.310272
0.251408
0.349310
0.406385
0.340739
0.280638
0.321321
0.338102
0.268972
0.265875
0.288121
0.260891
0.294150
0.303295
0.283531
0.288439
0.281009
0.311693
0.301020
0.311679
0.282934
0.306372
0.237516
0.319314
0.272588
0.273608
0.264645
0.347223
0.317092
0.247090
0.291421
0.261301
0.273446
0.307013
0.246059
0.311944
0.322855
0.279860
0.276314
0.316995
0.310327
0.256234
0.277956
0.307964
0.297948
0.284688
0.328295
0.260313
0.294845
0.309627
0.263459
0.365449
0.280998
0.286032
0.302331
0.254903
0.380051
0.256117
0.246904
0.280215
0.283029
0.288476
0.253330
0.223288
0.344238
0.239181
0.318655
0.276365
0.344555
0.283501
0.280455
0.315591
0.294182
0.267473
0.287275
0.291088
0.300587
0.235527
0.299240
0.282696
0.250154
0.259584
0.271774
0.318916
0.262563
0.299385
0.371805
0.278369
0.275883
0.317351
0.252196
0.282508
0.258958
0.309748
0.264550
0.290261
0.294550
0.284584
0.276757
0.241279
0.265228
0.200973
0.246031
0.253643
0.357661
0.236175
0.228356
0.294487
0.285530
0.245450
0.265346
0.250395
0.246265
0.325042
0.275706
0.256101
0.244787
0.251398
0.244626
0.319552
0.252874
0.217901
0.276539
0.211260
0.234546
0.265663
0.264345
0.294328
0.227152
0.254032
0.227231
0.274485
0.263378
0.237819
0.304052
0.267404
0.297760
0.287808
0.285697
0.244702
0.249057
0.239876
0.275292
0.239151
0.243393
0.309310
0.265107
0.240709
0.278547
0.233109
0.244042
0.294552
0.239210
0.259596
0.288484
0.255039
0.294846
0.267630
0.262506
0.259505
0.204160
0.239031
0.308438
0.254875
0.265798
0.225352
0.256246
0.253256
0.294332
0.214140
0.259998
0.252585
0.291348
0.312770
0.237028
0.249394
0.257944
0.228864
0.286713
0.249240
0.281990
0.266785
0.245284
0.251078
0.281303
0.268905
0.223385
0.239930
0.264684
0.275183
0.222806
0.250773
0.283600
0.289908
0.251340
0.259184
0.181717
0.261551
0.239456
0.215399
0.247628
0.213228
0.253273
0.243248
0.223782
0.274578
0.268708
0.293844
0.214183
0.273392
0.291869
0.225825
0.238573
0.233700
0.246050
0.259599
0.294282
0.288692
0.277440
0.269346
0.270342
0.253259
0.213907
0.222021
0.287826
0.235122
0.304062
0.214784
0.211915
0.273984
0.277209
0.220055
0.198081
0.262197
0.271455
0.247949
0.244287
0.208646
0.294212
0.243108
0.250140
0.250751
0.205730
0.271026
0.237028
0.258020
0.292859
0.272736
0.262722
0.244029
0.276171
0.268675
0.270041
0.245623
0.293287
0.180260
0.243463
0.287422
0.295629
0.263644
0.231993
0.236467
0.255997
0.235552
0.235560
0.239500
0.270918
0.242563
0.239188
0.290869
0.254372
0.255345
0.268390
0.299187
0.226519
0.280941
0.214113
0.288439
0.246669
0.215401
0.268711
0.244691
0.242786
0.247988
0.267212
0.257718
0.250874
0.221220
0.235308
0.226304
0.271996
0.238761
0.222580
0.238789
0.188101
0.300775
0.258974
0.248781
0.195572
0.271796
0.228170
0.233631
0.255825
0.217317
0.248879
0.269345
0.225164
0.261838
0.223166
0.199101
0.272925
0.232489
0.204427
0.248269
0.214291
0.297750
0.355430
0.243253
0.255015
0.272197
0.296239
0.205639
0.266079
0.223577
0.289442
0.243768
0.220588
0.241468
0.269900
0.244358
0.220254
0.249176
0.226881
0.245388
0.254359
0.234721
0.239162
0.225264
0.246814
0.250974
0.274200
0.292879
0.257660
0.210842
0.248337
0.205304
0.296167
0.264204
0.268912
0.210468
0.306132
0.353413
0.310397
0.252284
0.268058
0.282487
0.227199
0.221197
0.241590
0.216863
0.254702
0.265257
0.247647
0.236834
0.238926
0.277677
0.264669
0.276822
0.231803
0.265022
0.202010
0.272737
0.229576
0.228796
0.221891
0.293215
0.261298
0.204328
0.247261
0.214947
0.228938
0.259952
0.197658
0.261104
0.268196
0.237980
0.232830
0.279619
0.258013
0.218034
0.228638
0.261962
0.262008
0.240377
0.299506
0.213651
0.250297
0.264611
0.225570
0.311532
0.237430
0.239001
0.255080
0.220897
0.333256
0.217594
0.209191
0.241714
0.244116
0.258066
0.221243
0.189316
0.311585
0.202691
0.287000
0.234088
0.294045
0.235099
0.240785
0.276401
0.253437
0.222282
0.246204
0.260377
0.249216
0.202750
0.257665
0.245769
0.216446
0.222506
0.228345
0.272090
0.224648
0.253434
0.331249
0.239376
0.228909
0.276512
0.214283
0.237524
0.216235
0.275134
0.222983
0.254070
0.251114
0.250585
0.249240
0.196665
0.236362
0.173085
0.221380
0.227358
0.309072
0.208367
0.187614
0.255355
0.255814
0.212856
0.236002
0.224448
0.214825
0.288598
0.229648
0.220789
0.212507
0.215016
0.203863
0.292186
0.206779
0.190654
0.234466
0.173216
0.202306
0.235654
0.228920
0.250655
0.197978
0.223614
0.193649
0.233552
0.227469
0.213778
0.273757
0.225964
0.272659
0.248083
0.253340
0.211736
0.222133
0.205010
0.245118
0.209562
0.205723
0.284450
0.235312
0.197949
0.248461
0.207167
0.220508
0.253815
0.209652
0.214525
0.250176
0.225797
0.251713
0.229499
0.234544
0.230689
0.174501
0.212192
0.275428
0.217129
0.239960
0.200948
0.226119
0.220826
0.253110
0.193016
0.215996
0.232976
0.260984
0.275647
0.210987
0.223759
0.222404
0.199771
0.255917
0.213108
0.253509
0.234946
0.212092
0.224188
0.245012
0.225975
0.190638
0.213317
0.229815
0.256653
0.190953
0.211747
0.249001
0.251975
0.222843
0.232456
0.148788
0.230313
0.216363
0.191560
0.223983
0.193212
0.214560
0.220966
0.199468
0.233658
0.234234
0.254956
0.182895
0.241489
0.258601
0.198890
0.207135
0.201064
0.213519
0.226541
0.269314
0.251281
0.255484
0.242768
0.245070
0.217188
0.189880
0.193811
0.251899
0.206774
0.272349
0.187985
0.185845
0.245612
0.248993
0.192503
0.182356
0.226710
0.243969
0.222127
0.217367
0.183224
0.261331
0.215000
0.225238
0.227205
0.180060
0.242492
0.218781
0.224678
0.258437
0.237521
0.233906
0.212849
0.240885
0.241212
0.234458
0.217926
0.252682
0.151438
0.219803
0.247302
0.260995
0.232343
0.203475
0.207007
0.227608
0.207711
0.207299
0.218626
0.246640
0.212033
0.204370
0.254446
0.230416
0.234945
0.237639
0.268793
0.207139
0.264462
0.193229
0.271835
0.213565
0.189893
0.247934
0.224683
0.215984
0.217857
0.236673
0.228615
0.227603
0.201845
0.207954
0.204930
0.245539
0.214667
0.201341
0.212610
0.178819
0.277966
0.236223
0.225145
0.175397
0.247510
0.208410
0.208335
0.235727
0.187816
0.220747
0.246654
0.200022
0.241252
0.198630
0.172610
0.254398
0.216133
0.180126
0.224511
0.197251
0.278473
0.327697
0.223947
0.235832
0.248370
0.273961
0.182803
0.235986
0.203838
0.260159
0.218648
0.192461
0.216616
0.244773
0.230163
0.208406
0.223773
0.208192
0.224424
0.229690
0.221410
0.212453
0.208157
0.226450
0.233523
0.252427
0.266472
0.229022
0.190221
0.229090
0.179743
0.278641
0.236962
0.249977
0.191802
0.285896
0.326367
0.299017
0.242260
0.240751
0.253529
0.207814
0.199779
0.218867
0.195856
0.236848
0.248360
0.232227
0.210497
0.219167
0.263489
0.248842
0.262013
0.205694
0.245672
0.186690
0.249725
0.209015
0.206969
0.201470
0.264973
0.231801
0.183844
0.225791
0.191936
0.207185
0.236410
0.173171
0.234909
0.239332
0.217953
0.211675
0.262676
0.230700
0.200485
0.203364
0.238968
0.245967
0.218518
0.288382
0.190122
0.228216
0.242187
0.208067
0.282903
0.215956
0.215107
0.231017
0.205994
0.309471
0.199524
0.191667
0.223622
0.225721
0.245546
0.207543
0.174293
0.297462
0.185884
0.273526
0.213235
0.267470
0.209967
0.221687
0.257618
0.233558
0.199303
0.226063
0.247401
0.221902
0.188305
0.237106
0.228413
0.201304
0.205012
0.206433
0.247806
0.206521
0.229721
0.311258
0.220451
0.204435
0.256274
0.196056
0.214382
0.194639
0.259141
0.202155
0.236953
0.228957
0.234952
0.238084
0.173644
0.224235
0.161621
0.212143
0.216972
0.283210
0.196893
0.167160
0.236000
0.242967
0.197999
0.223382
0.214166
0.200719
0.271010
0.205380
0.203953
0.197755
0.197405
0.183198
0.280791
0.182389
0.179309
0.212833
0.154355
0.187455
0.222333
0.211831
0.227832
0.185189
0.209947
0.177774
0.212565
0.209949
0.204467
0.260098
0.204565
0.262568
0.227841
0.238193
0.196148
0.210717
0.188075
0.231418
0.196253
0.186800
0.274387
0.221814
0.175453
0.234733
0.196297
0.211290
0.232660
0.196230
0.190337
0.230660
0.212549
0.228824
0.210062
0.222139
0.217678
0.160891
0.200520
0.259467
0.197871
0.228940
0.190907
0.212097
0.205192
0.231370
0.185190
0.192299
0.226169
0.246714
0.256678
0.199683
0.212720
0.204486
0.186310
0.241258
0.194739
0.240429
0.219524
0.195720
0.212168
0.226463
0.202810
0.174517
0.201434
0.212195
0.250345
0.175396
0.191208
0.231515
0.232163
0.209559
0.220384
0.132402
0.215089
0.206769
0.181438
0.213981
0.185710
0.194087
0.211868
0.188947
0.211615
0.216645
0.234294
0.167487
0.225642
0.241794
0.186460
0.191572
0.184655
0.197171
0.209815
0.258182
0.231511
0.246412
0.230480
0.233675
0.198296
0.179322
0.180340
0.233066
0.193183
0.256414
0.175444
0.173796
0.231953
0.235430
0.179387
0.177424
0.208071
0.230863
0.210160
0.204627
0.171510
0.244433
0.201399
0.213847
0.216742
0.168112
0.228544
0.211954
0.207376
0.240375
0.218898
0.219704
0.196996
0.222175
0.227912
0.215517
0.204437
0.230239
0.137149
0.209077
0.225158
0.242639
0.216292
0.189334
0.192203
0.213535
0.194007
0.193290
0.209724
0.235369
0.196415
0.185768
0.234724
0.219319
0.226306
0.221811
0.253203
0.199171
0.258490
0.184194
0.265754
0.196039
0.177620
0.238927
0.216199
0.202780
0.202334
0.220857
0.213784
0.216800
0.193727
0.194300
0.195408
0.232482
0.203239
0.191880
0.199712
0.177622
0.267382
0.225670
0.213966
0.166607
0.235863
0.199886
0.195965
0.226947
0.172510
0.206376
0.236044
0.187702
0.232081
0.186708
0.159323
0.246619
0.209847
0.168326
0.213077
0.190461
0.270123
0.313478
0.215556
0.227515
0.236825
0.263477
0.171925
0.220064
0.195085
0.244780
0.206143
0.177863
0.204276
0.232234
0.225189
0.205049
0.211011
0.200074
0.214717
0.217405
0.216987
0.198736
0.201082
0.217108
0.226192
0.242088
0.252914
0.213908
0.180652
0.220462
0.166731
0.271189
0.222764
0.241527
0.183531
0.276524
0.312266
0.295763
0.239939
0.226439
0.238065
0.198976
0.189521
0.207696
0.185864
0.229030
0.241196
0.226075
0.196771
0.209990
0.258165
0.242373
0.256240
0.192080
0.236735
0.180536
0.238229
0.199208
0.196276
0.191741
0.249818
0.215764
0.174044
0.215297
0.180365
0.196481
0.224456
0.160549
0.221095
0.223660
0.208397
0.201327
0.255240
0.216066
0.192609
0.190124
0.227301
0.239109
0.207616
0.284921
0.178049
0.217137
0.230861
0.200143
0.267259
0.205261
0.202727
0.218508
0.199825
0.297138
0.191144
0.183656
0.215210
0.217090
0.240978
0.202148
0.167972
0.291750
0.178313
0.268257
0.202842
0.253100
0.196590
0.212484
0.248625
0.223797
0.187385
0.216102
0.242398
0.206954
0.182267
0.226822
0.220342
0.194759
0.196828
0.195178
0.234897
0.197873
0.217193
0.301303
0.211225
0.191356
0.246121
0.187289
0.202198
0.183524
0.251900
0.191555
0.228915
0.217418
0.227927
0.234153
0.161480
0.219618
0.157453
0.209514
0.213535
0.269039
0.192686
0.156722
0.226315
0.237786
0.191417
0.218342
0.210738
0.194635
0.262502
0.192236
0.195951
0.191191
0.188851
0.172523
0.276532
0.169114
0.175068
0.201453
0.144890
0.180761
0.216692
0.203570
0.215591
0.179892
0.204035
0.170326
0.201567
0.201346
0.201545
0.254154
0.193250
0.259082
0.217312
0.231187
0.188831
0.206284
0.179809
0.225389
0.190487
0.177133
0.270858
0.215897
0.163289
0.228638
0.192177
0.208308
0.221398
0.190320
0.176958
0.220512
0.206740
0.216324
0.199948
0.216891
0.212003
0.154793
0.195761
0.251725
0.187839
0.224610
0.187248
0.205673
0.197645
0.219581
0.183039
0.179143
0.224714
0.240075
0.246776
0.195087
0.208303
0.195294
0.180200
0.234311
0.185213
0.234562
0.212028
0.187560
0.207018
0.216778
0.189921
0.166503
0.196350
0.203127
0.249109
0.167745
0.180096
0.222513
0.221544
0.203456
0.215117
0.124140
0.207622
0.203199
0.177493
0.210115
0.183570
0.182951
0.208608
0.184694
0.199371
0.207481
0.222995
0.159824
0.217666
0.233149
0.180841
0.183775
0.176265
0.188818
0.201191
0.253431
0.220769
0.243079
0.224911
0.228719
0.188137
0.174933
0.173928
0.222930
0.186672
0.248274
0.169648
0.168335
0.225371
0.228909
0.173169
0.176875
0.198014
0.224632
0.204714
0.198642
0.166229
0.235554
0.194796
0.208771
0.212303
0.162638
0.221682
0.210017
0.198173
0.230638
0.208768
0.212634
0.188777
0.211969
0.221447
0.205139
0.197832
0.217421
0.129976
0.204369
0.212531
0.232633
0.207871
0.182238
0.184640
0.206471
0.187195
0.186260
0.206229
0.230226
0.188257
0.175534
0.223705
0.214276
0.222957
0.213476
0.245027
0.196272
0.256969
0.180544
0.264148
0.186491
0.171709
0.235275
0.212903
0.196209
0.194150
0.212464
0.206065
0.211869
0.190659
0.187384
0.191351
0.225972
0.197848
0.187850
0.193295
0.179308
0.262559
0.220858
0.208719
0.163009
0.230277
0.196462
0.189869
0.223335
0.164369
0.198881
0.231148
0.181618
0.228171
0.180888
0.152551
0.243659
0.207923
0.162568
0.207567
0.188166
0.266738
0.306024
0.212139
0.224142
0.231210
0.258592
0.166761
0.211401
0.191381
0.236483
0.199834
0.170097
0.198073
0.225884
0.224080
0.205054
0.204493
0.196767
0.210307
0.211204
0.216228
0.191530
0.198479
0.212928
0.223399
0.237205
0.245797
0.205704
0.176288
0.216746
0.159972
0.268276
0.215175
0.237917
0.180037
0.272265
0.304725
0.295735
0.240549
0.218737
0.229558
0.195057
0.184614
0.202149
0.181131
0.225803
0.238418
0.223991
0.189432
0.205799
0.256642
0.240050
0.254392
0.184797
0.232684
0.178412
0.232401
0.194546
0.190994
0.187125
0.241433
0.206765
0.169364
0.210132
0.174449
0.191160
0.218263
0.153891
0.213606
0.214878
0.203849
0.196225
0.252152
0.207987
0.189205
0.183004
0.221262
0.236401
0.202104
0.284552
0.171714
0.211486
0.225036
0.196672
0.258431
0.199861
0.196155
0.211844
0.197552
0.290588
0.187327
0.180091
0.211364
0.213088
0.239785
0.200378
0.165557
0.289759
0.175021
0.266554
0.197588
0.245088
0.189259
0.208044
0.244323
0.218958
0.181049
0.211121
0.240846
0.198506
0.179992
0.221598
0.216647
0.192119
0.193048
0.189267
0.227838
0.193761
0.210389
0.296275
0.206699
0.184157
0.240948
0.183070
0.195609
0.177667
0.248724
0.186050
0.225182
0.211257
0.224888
0.233254
0.154874
0.218235
0.156378
0.209498
0.212960
0.261023
0.191571
0.151282
0.221397
0.235983
0.188639
0.216630
0.210138
0.192191
0.258374
0.184891
0.192166
0.188398
0.184677
0.166875
0.275326
0.161657
0.173869
0.195302
0.140063
0.177849
0.214507
0.199566
0.208825
0.177936
0.201649
0.166869
0.195648
0.197083
0.201216
0.251729
0.187100
0.258352
0.211699
0.228011
0.185434
0.204883
0.175748
0.222875
0.188152
0.172092
0.270067
0.213446
0.156506
0.226060
0.190961
0.207879
0.215228
0.187853
0.169312
0.215103
0.204332
0.209277
0.194552
0.214867
0.209676
0.152169
0.194061
0.247957
0.182478
0.223200
0.186299
0.202803
0.193993
0.212990
0.183121
0.171595
0.225273
0.237035
0.241473
0.193458
0.206793
0.190472
0.177511
0.231040
0.180148
0.232029
0.208367
0.183432
0.204974
0.211589
0.182508
0.162464
0.194340
0.198354
0.249762
0.163947
0.173896
0.217773
0.215679
0.200718
0.212953
0.119897
0.203929
0.202203
0.176234
0.208905
0.183556
0.176697
0.207812
0.183210
0.192343
0.202583
0.216615
0.155961
0.213584
0.228597
0.178385
0.179806
0.171886
0.184458
0.196643
0.251562
0.214745
0.242188
0.222462
0.226692
0.182504
0.173296
0.170885
0.217303
0.183558
0.244026
0.167022
0.165938
0.222195
0.225772
0.170240
0.177869
0.192417
0.221687
0.202308
0.195856
0.163930
0.230760
0.191579
0.206607
0.210577
0.160193
0.218270
0.210017
0.193136
0.225226
0.203082
0.209065
0.184407
0.206222
0.218289
0.199265
0.194570
0.209850
0.126316
0.202415
0.205085
0.227000
0.203337
0.178616
0.180692
0.202869
0.183762
0.182675
0.205091
0.227941
0.183879
0.169719
0.217341
0.212051
0.221904
0.208964
0.240623
0.195523
0.257173
0.179272
0.264287
0.181127
0.168861
0.233989
0.211862
0.192893
0.189713
0.207881
0.201951
0.209683
0.189757
0.183815
0.189757
0.222676
0.195330
0.186270
0.190059
0.181685
0.260422
0.218730
0.206283
0.161712
0.227602
0.195282
0.186836
0.222020
0.159912
0.194869
0.228938
0.178580
0.226637
0.178031
0.149030
0.242777
0.207752
0.159742
0.204911
0.187734
0.265554
0.302010
0.210919
0.222954
0.228465
0.256351
0.164325
0.206537
0.189954
0.231867
0.196593
0.165843
0.194898
0.222610
0.224432
0.206178
0.201094
0.195593
0.208363
0.208015
0.216811
0.187643
0.197780
0.211132
0.222561
0.234917
0.241959
0.201112
0.174353
0.215258
0.156374
0.267344
0.210994
0.236491
0.178692
0.270388
0.300538
0.296127
0.241144
0.216701
0.227270
0.194217
0.183464
0.200797
0.180035
0.225178
0.237935
0.223727
0.187518
0.204874
0.256549
0.239708
0.254199
0.182898
0.231800
0.178129
0.230956
0.193467
0.189721
0.186058
0.239189
0.204329
0.168277
0.208892
0.172974
0.189870
0.216701
0.152185
0.211638
0.212511
0.202800
0.195005
0.251556
0.205833
0.188513
0.181150
0.219747
0.235922
0.200750
0.284801
0.170104
0.210088
0.223583
0.195947
0.256044
0.198540
0.194467
0.210129
0.197199
0.288909
0.186495
0.179336
0.210521
0.212196
0.239766
0.200178
0.165155
0.289488
0.174348
0.266373
0.196303
0.242950
0.187332
0.207007
0.243335
0.217802
0.179428
0.209917
0.240701
0.196231
0.179624
0.220320
0.215839
0.191636
0.192213
0.187772
0.225991
0.192822
0.208618
0.295054
0.205631
0.182264
0.239678
0.182096
0.193903
0.176187
0.248070
0.184679
0.224356
0.209680
0.224274
0.233298
0.153161
0.218129
0.156365
0.209811
0.213100
0.258875
0.191541
0.149925
0.220198
0.235742
0.188097
0.216414
0.210264
0.191751
0.257418
0.182947
0.191312
0.187849
0.183702
0.165447
0.275260
0.159676
0.173805
0.193719
0.138887
0.177259
0.214137
0.198640
0.207053
0.177636
0.201216
0.166108
0.194131
0.196074
0.201410
0.251281
0.185510
0.258421
0.210275
0.227330
0.184688
0.204745
0.174799
0.222395
0.187726
0.170841
0.270111
0.212983
0.154721
0.225558
0.190874
0.208030
0.213626
0.187384
0.167263
0.213734
0.203879
0.207411
0.193186
0.214526
0.209244
0.151648
0.193820
0.247086
0.181123
0.223043
0.186284
0.202204
0.193155
0.211255
0.183418
0.169572
0.225709
0.236381
0.240130
0.193232
0.206603
0.189277
0.176961
0.230312
0.178880
0.231527
0.207518
0.182444
0.204616
0.210280
0.180522
0.161502
0.193992
0.197170
0.250217
0.163056
0.172280
0.216596
0.214162
0.200147
0.212555
0.118870
0.203070
0.202156
0.176106
0.208794
0.183805
0.175063
0.207823
0.183011
0.190473
0.201357
0.214939
0.155044
0.212601
0.227474
0.177892
0.178857
0.170811
0.183390
0.195520
0.251243
0.213176
0.242161
0.221972
0.226325
0.181051
0.173045
0.170211
0.215853
0.182860
0.242985
0.166471
0.165455
0.221479
0.225065
0.169596
0.178402
0.190973
0.221036
0.201821
0.195254
0.163473
0.229555
0.190845
0.206190
0.210291
0.159689
0.217477
0.210244
0.191856
