0.046798
0.051984
0.036718
0.027196
0.032862
0.043564
0.034886
0.026490
0.032120
0.042630
0.034398
0.026159
0.031757
0.042142
0.034155
0.026016
0.031557
0.041882
0.034027
0.025918
0.031443
0.041740
0.033938
0.025855
0.031359
0.041638
0.033857
0.025796
0.031280
0.041553
0.033783
0.025739
0.031214
0.041471
0.033718
0.025688
0.031153
0.041379
0.033647
0.025633
0.031088
0.041305
0.033575
0.025577
0.031031
0.041227
0.033500
0.025524
0.030972
0.041155
0.033428
0.025481
0.030910
0.041072
0.033339
0.025420
0.030833
0.040997
0.033256
0.025363
0.030759
0.040919
0.033173
0.025308
0.030690
0.040826
0.033097
0.025250
0.030625
0.040744
0.033018
0.025195
0.030560
0.040665
0.032947
0.025145
0.030487
0.040580
0.032869
0.025086
0.030412
0.040485
0.032781
0.025032
0.030339
0.040389
0.032692
0.024975
0.030257
0.040292
0.032610
0.024917
0.030183
0.040205
0.032523
0.024856
0.030107
0.040101
0.032442
0.024797
0.030027
0.040004
0.032356
0.024741
0.029941
0.039912
0.032268
0.024681
0.029859
0.039825
0.032176
0.024627
0.029775
0.039735
0.032094
0.024563
0.029698
0.039633
0.032005
0.024503
0.029619
0.039534
0.031922
0.024447
0.029544
0.039443
0.031839
0.024383
0.029466
0.039353
0.031757
0.024325
0.029402
0.039260
0.031676
0.024263
0.029326
0.039169
0.031592
0.024205
0.029240
0.039073
0.031513
0.024145
0.029168
0.038978
0.031439
0.024090
0.029095
0.038892
0.031359
0.024037
0.029026
0.038808
0.031284
0.023979
0.028955
0.038724
0.031205
0.023924
0.028891
0.038637
0.031137
0.023868
0.028820
0.038551
0.031066
0.023813
0.028750
0.038469
0.030996
0.023765
0.028680
0.038396
0.030923
0.023711
0.028617
0.038312
0.030856
0.023658
0.028546
0.038225
0.030788
0.023606
0.028485
0.038146
0.030723
0.023560
0.028426
0.038068
0.030655
0.023508
0.028365
0.037989
0.030588
0.023461
0.028305
0.037918
0.030521
0.023415
