0.139501
0.117454
0.050738
0.031476
0.036526
0.045905
0.034749
0.026095
0.032149
0.042561
0.034406
0.026155
0.031902
0.042305
0.034375
0.026137
0.031768
0.042170
0.034259
0.026063
0.031655
0.042081
0.034148
0.025995
0.031559
0.041985
0.034055
0.025933
0.031470
0.041895
0.033977
0.025882
0.031391
0.041802
0.033892
0.025822
0.031303
0.041701
0.033802
0.025759
0.031220
0.041610
0.033710
0.025699
0.031140
0.041522
0.033621
0.025639
0.031057
0.041423
0.033523
0.025569
0.030968
0.041324
0.033427
0.025504
0.030886
0.041234
0.033336
0.025442
0.030802
0.041130
0.033237
0.025378
0.030715
0.041028
0.033139
0.025314
0.030630
0.040931
0.033044
0.025252
0.030546
0.040827
0.032948
0.025186
0.030456
0.040714
0.032847
0.025116
0.030364
0.040605
0.032746
0.025052
0.030277
0.040500
0.032650
0.024987
0.030188
0.040391
0.032558
0.024922
0.030100
0.040283
0.032465
0.024856
0.030011
0.040176
0.032368
0.024789
0.029924
0.040071
0.032270
0.024723
0.029838
0.039968
0.032173
0.024656
0.029751
0.039865
0.032079
0.024592
0.029665
0.039762
0.031990
0.024529
0.029582
0.039658
0.031901
0.024468
0.029500
0.039556
0.031815
0.024409
0.029418
0.039454
0.031730
0.024349
0.029337
0.039354
0.031647
0.024289
0.029258
0.039257
0.031565
0.024232
0.029181
0.039161
0.031484
0.024176
0.029104
0.039067
0.031403
0.024121
0.029027
0.038974
0.031324
0.024067
0.028953
0.038885
0.031247
0.024014
0.028879
0.038797
0.031173
0.023963
0.028807
0.038711
0.031101
0.023911
0.028737
0.038625
0.031030
0.023860
0.028668
0.038541
0.030961
0.023810
0.028602
0.038461
0.030894
0.023762
0.028536
0.038380
0.030827
0.023714
0.028471
0.038301
0.030761
0.023666
0.028408
0.038227
0.030698
0.023621
0.028348
0.038154
0.030636
0.023577
0.028290
0.038081
0.030577
0.023534
0.028233
0.038009
0.030518
0.023491
0.028177
0.037939
0.030461
0.023450
