10.489771
9.849764
10.459702
9.184470
10.052397
9.695952
9.429840
12.693194
11.452886
13.976771
10.777643
9.521745
9.268938
8.658649
9.193467
10.173159
10.224973
9.729687
9.526514
8.443447
9.654466
9.527522
10.205035
10.104200
10.912847
9.461755
9.721199
9.978209
9.298737
9.629540
8.896167
9.426339
9.143921
9.847557
9.794411
8.278613
8.973375
9.515007
9.320688
10.006674
8.894154
8.529751
9.205204
8.061894
7.683892
8.457148
9.064649
8.756228
9.375161
9.437939
9.454399
8.810304
9.419918
9.158196
9.945849
11.109369
8.617170
9.014988
9.426250
10.390721
9.867362
10.240909
10.290622
10.105696
10.240731
9.345311
9.877180
8.891011
8.316884
8.027189
8.436044
10.870585
10.771835
10.846865
10.165971
10.532758
9.524520
10.067452
9.031501
9.099494
8.341315
8.555183
10.865409
10.471857
9.407845
9.128298
9.867770
10.732251
10.685447
10.922927
10.918322
7.972717
7.362885
8.450451
9.891165
8.646594
7.053085
8.387690
8.349686
10.279112
6.547151
8.458979
7.996314
9.469506
8.313827
8.559286
10.923700
7.838889
7.617545
8.796145
9.285368
10.049787
9.596563
8.980202
9.667490
7.712305
8.705132
7.222977
8.552938
8.800155
6.887762
5.681056
8.960135
11.447458
8.675154
11.726601
8.870102
11.720683
6.509402
8.316003
11.788642
2.413648
11.222966
6.675553
8.104368
11.407370
10.977197
8.164969
5.198285
10.951915
8.787226
9.429014
13.049717
9.565346
8.775649
8.946694
8.657271
9.381576
11.093540
6.846598
6.706548
2.066690
6.569376
9.823302
10.060963
8.596569
10.748453
10.101441
5.814166
9.870390
9.231383
9.147670
7.165042
9.569921
9.757848
7.252291
8.536291
9.746692
9.811276
12.121828
8.190443
11.016395
9.805862
7.821620
8.053326
4.981927
7.726545
2.572346
9.925138
9.442111
6.720673
7.478675
6.174950
6.353656
7.888014
8.451854
6.808522
5.235637
10.727769
7.891165
6.981013
7.426636
7.909032
8.256960
7.189896
8.122594
7.228449
8.072724
9.315705
4.323607
6.876679
7.183797
7.342421
7.995896
9.101355
9.916655
8.478643
6.822642
8.668451
7.355943
8.257986
7.175003
8.455400
5.690767
8.106591
9.321822
6.048955
8.215538
9.447415
6.749820
9.094446
9.262052
6.493866
7.382619
8.566265
7.963626
7.457603
5.841885
10.201098
8.862771
9.383596
6.751224
6.822475
5.050340
6.333518
8.217250
4.858003
9.132462
6.055552
7.845123
6.821391
7.758312
7.245496
8.722753
8.400724
7.608687
7.304115
2.633196
7.375861
7.524101
7.372224
6.470155
9.030356
8.788445
7.172453
8.232607
6.985100
6.959746
9.443002
5.396192
8.482094
7.928989
5.520173
6.606688
6.184733
7.159270
7.294336
5.944074
8.231669
7.216751
8.992171
7.817095
5.903574
6.950637
6.521147
9.437106
8.910223
5.390120
6.454943
7.051345
10.517998
6.822342
7.408284
7.846083
8.791327
7.640852
6.361001
7.542746
4.938120
8.638135
7.792016
5.789782
6.462123
6.171295
7.660545
7.339625
6.451820
7.031892
7.526789
5.736110
6.990170
5.705384
6.267631
6.926419
6.619428
5.190391
6.143749
7.656408
6.774691
3.724016
6.221552
5.197255
3.909136
7.025615
4.909326
6.353407
5.805165
5.329717
4.751915
3.081536
3.257254
5.183770
3.095346
4.771008
6.140004
5.029514
5.907179
3.341686
3.082531
4.606069
4.265672
8.530779
4.664378
3.116192
4.066366
3.134502
3.651950
3.289228
8.028382
2.958952
3.477974
3.795655
3.675807
5.751872
4.297760
7.097806
4.008880
3.257558
7.545729
6.982126
7.520444
6.409347
7.158532
6.810085
6.579421
9.338136
8.286303
10.494849
7.743350
6.635204
6.444397
5.963301
6.369612
7.233979
7.228621
6.829276
6.661688
5.756898
6.759483
6.660750
7.222743
7.163671
7.812728
6.607337
6.823506
7.047943
6.457424
6.745470
6.134748
6.582774
6.319540
6.910088
6.868107
5.600757
6.166831
6.634670
6.479885
7.044010
6.119939
5.836524
6.381089
5.447889
5.182421
5.795155
6.275528
6.015986
6.518308
6.582104
6.583895
6.071055
6.581859
6.361551
7.007370
7.977836
5.928609
6.232680
6.594975
7.365670
6.961873
7.239824
7.293236
7.156252
7.253471
6.543728
6.966277
6.143055
5.698623
5.452138
5.783042
7.791950
7.699923
7.803385
7.186485
7.483660
6.654444
7.124443
6.272926
6.335251
5.704628
5.842007
7.763457
7.439850
6.582688
6.349202
7.004873
7.684617
7.643345
7.859107
7.850026
5.432051
4.912396
5.796227
6.966335
6.011474
4.689425
5.789261
5.719985
7.343175
4.303614
5.825948
5.430536
6.653584
5.717031
5.919371
7.868234
5.307513
5.155587
6.144982
6.499965
7.159175
6.782797
6.286087
6.839267
5.278641
6.076278
4.825323
5.913011
6.128814
4.549186
3.547790
6.218262
8.384007
5.993477
8.558124
6.148326
8.563236
4.237504
5.763978
8.632139
1.115804
8.180504
4.359021
5.558681
8.302547
7.962637
5.623911
3.337962
7.979447
6.099524
6.689593
9.724569
6.755946
6.095055
6.275877
6.006788
6.610002
8.094634
4.586757
4.492322
0.894705
4.313437
7.003983
7.188221
5.962880
7.800189
7.253086
3.705607
7.061286
6.551219
6.452743
4.837004
6.786670
6.979661
4.863032
6.002755
6.975595
6.997594
8.976374
5.704384
8.035869
7.006330
5.352818
5.599527
3.051488
5.339062
1.252725
7.187398
6.744429
4.486984
5.108008
4.030003
4.213381
5.410093
5.991490
4.568074
3.326894
7.850398
5.540395
4.715210
5.103694
5.458082
5.764266
4.871961
5.649528
4.899895
5.624287
6.696802
2.585634
4.596512
4.898674
5.035325
5.667332
6.450198
7.159649
5.983880
4.629519
6.105504
5.027894
5.790225
4.914015
5.951502
3.746551
5.652933
6.678606
3.980155
5.797160
6.810601
4.562574
6.602397
6.647650
4.371970
5.082052
6.063565
5.557715
5.203969
3.823503
7.425815
6.309308
6.758775
4.616259
4.669314
3.225397
4.264110
5.794020
3.066982
6.565998
4.108964
5.462578
4.766054
5.375479
5.039626
6.212342
5.915497
5.288756
5.155755
1.338184
5.121379
5.210519
5.095035
4.348885
6.514836
6.335177
4.979287
5.826385
4.834085
4.761790
6.819553
3.485939
6.025884
5.585317
3.627818
4.589778
4.261188
5.022244
5.027420
3.965752
5.817324
5.031907
6.473114
5.499436
4.081785
4.803756
4.455950
6.842774
6.418326
3.540458
4.400090
4.930687
7.785967
4.750422
5.194630
5.601526
6.309278
5.328909
4.449522
5.279426
3.176026
6.192665
5.496866
3.846163
4.406652
4.203834
5.410628
5.095583
4.543263
4.860077
5.252454
3.826717
4.869705
3.804807
4.326199
4.776759
4.551048
3.402802
4.157740
5.379587
4.680628
2.315618
4.242428
3.409777
2.385288
4.880357
3.166472
4.349039
3.900735
3.523653
3.161547
1.731583
1.982232
3.488295
1.850287
3.195354
4.180494
3.360099
4.005110
2.084133
1.893897
2.990373
2.772653
6.181528
3.081543
1.853723
2.588305
1.906159
2.230471
1.993104
5.762165
1.735662
2.115640
2.402360
2.201606
3.976295
2.850903
5.069780
2.602911
1.994307
5.445672
4.953394
5.436534
4.470622
5.123931
4.787031
4.590693
6.927627
6.039016
7.986216
5.614783
4.633815
4.497730
4.127226
4.428261
5.198393
5.147326
4.829847
4.693555
3.938653
4.769141
4.695094
5.162224
5.138884
5.656407
4.655725
4.836721
5.034800
4.518565
4.771666
4.262972
4.642838
4.396384
4.893723
4.861285
3.799530
4.259449
4.666516
4.544557
5.008213
4.239848
4.023383
4.459999
3.700206
3.527549
4.006103
4.383505
4.164191
4.570492
4.635166
4.624816
4.220082
4.648857
4.463122
4.991977
5.803298
4.118147
4.345245
4.667008
5.277890
4.972246
5.171178
5.227343
5.129498
5.195236
4.634840
4.970201
4.280656
3.942506
3.731191
3.997626
5.655942
5.569053
5.694963
5.130838
5.370333
4.687997
5.097607
4.397376
4.454638
3.928485
4.002501
5.603726
5.337230
4.649794
4.453771
5.040106
5.567436
5.530285
5.727756
5.714562
3.730184
3.284249
4.000063
4.947159
4.230178
3.130979
4.037293
3.941843
5.312717
2.840509
4.043783
3.703273
4.720128
3.963407
4.129866
5.736462
3.606422
3.511244
4.344515
4.588624
5.160870
4.847276
4.448587
4.891002
3.654570
4.291167
3.229951
4.117929
4.307472
3.001132
2.168182
4.337640
6.238458
4.161527
6.325351
4.282556
6.338699
2.740933
4.036579
6.407125
0.419186
6.048456
2.823653
3.834408
6.117959
5.851881
3.902206
2.175771
5.902071
4.255961
4.803079
7.355870
4.811049
4.255693
4.444146
4.191373
4.694578
5.991817
3.091429
3.034104
0.293357
2.820093
5.046841
5.186730
4.157610
5.735769
5.270437
2.331054
5.110117
4.705700
4.594677
3.280313
4.855154
5.051906
3.254779
4.275432
5.052473
5.039042
6.744533
4.014511
5.938887
5.057824
3.675947
3.934601
1.816637
3.727888
0.519496
5.287337
4.876922
3.000726
3.508688
2.615951
2.802778
3.721375
4.316822
3.073901
2.105163
5.831558
3.954306
3.198618
3.539714
3.788423
4.059881
3.310932
3.960513
3.329356
3.954755
4.886672
1.499703
3.064228
3.361928
3.480121
4.094082
4.611230
5.233233
4.272780
3.166143
4.337557
3.452773
4.099805
3.393293
4.230600
2.485620
3.972595
4.841970
2.615612
4.144705
4.978096
3.099473
4.887757
4.832449
2.961490
3.524234
4.339114
3.912500
3.683633
2.496292
5.475660
4.541234
4.931632
3.191665
3.229385
2.055064
2.892324
4.130831
1.923442
4.784258
2.836714
3.831373
3.403598
3.743302
3.552642
4.474494
4.197995
3.706848
3.714558
0.598579
3.592208
3.632371
3.546456
2.928189
4.769496
4.640687
3.498368
4.169856
3.387112
3.275840
4.983263
2.235909
4.326430
3.978071
2.391437
3.250592
2.998399
3.583544
3.481510
2.656863
4.149434
3.552434
4.718382
3.910005
2.890530
3.368790
3.073106
5.024346
4.683799
2.333809
3.024328
3.500433
5.852506
3.359543
3.686838
4.067871
4.580026
3.739223
3.188799
3.729032
2.037528
4.491749
3.919243
2.557330
3.025460
2.894676
3.868809
3.558263
3.281505
3.381470
3.689178
2.563267
3.432277
2.547920
3.035337
3.314309
3.155106
2.237458
2.828868
3.811172
3.262197
1.460775
2.917850
2.242485
1.434509
3.418113
2.034876
3.002000
2.635562
2.339048
2.154031
0.921467
1.233927
2.427242
1.122403
2.197616
2.867265
2.284639
2.738480
1.349497
1.212393
1.958199
1.841015
4.545546
2.075517
1.110838
1.667826
1.190685
1.355909
1.221296
4.192191
1.023131
1.288413
1.549351
1.281729
2.808219
1.952872
3.693424
1.743045
1.246289
4.009090
3.575158
4.012594
3.165766
3.739935
3.412169
3.243741
5.233458
4.478771
6.210715
4.151528
3.274830
3.183432
2.903558
3.117690
3.809990
3.721027
3.470539
3.359677
2.727729
3.416361
3.362302
3.751091
3.756807
4.165877
3.333190
3.484950
3.661044
3.205586
3.429704
3.004513
3.329199
3.095058
3.515422
3.490507
2.597533
2.969842
3.326604
3.231323
3.612040
2.971423
2.809684
3.157240
2.539743
2.443133
2.815152
3.103397
2.917007
3.243882
3.308942
3.288397
2.972144
3.334243
3.175481
3.607876
4.288061
2.902844
3.065481
3.353543
3.832788
3.607509
3.741227
3.799323
3.733341
3.772926
3.342294
3.598335
3.018468
2.767500
2.584788
2.797808
4.167568
4.084597
4.229641
3.707654
3.899427
3.337541
3.697154
3.121063
3.173829
2.733350
2.755000
4.092581
3.872756
3.324595
3.159084
3.688055
4.089801
4.055746
4.237878
4.221008
2.592876
2.207316
2.784667
3.548065
3.026396
2.110191
2.857033
2.739804
3.902879
1.900541
2.837556
2.541879
3.388898
2.779738
2.916375
4.241270
2.465078
2.416140
3.120858
3.273552
3.773995
3.511740
3.193323
3.544423
2.574169
3.078163
2.172712
2.896186
3.063843
1.981966
1.287270
3.044410
4.727067
2.907755
4.741658
3.000404
4.761212
1.761844
2.867374
4.828399
0.097084
4.545623
1.811249
2.666370
4.571075
4.365434
2.735437
1.468823
4.442237
2.988137
3.499653
5.655616
3.459052
2.990211
3.184662
2.945031
3.365711
4.508560
2.107491
2.080408
0.044058
1.836967
3.682009
3.785152
2.917130
4.281889
3.883532
1.443976
3.748555
3.430752
3.309139
2.242350
3.508664
3.708238
2.173599
3.096055
3.711801
3.668963
5.149430
2.864854
4.454154
3.694927
2.536175
2.804381
1.039847
2.641340
0.154700
3.962673
3.578764
2.015841
2.430555
1.689916
1.879312
2.568922
3.175654
2.080911
1.335965
4.406553
2.884931
2.186134
2.487995
2.649531
2.892167
2.260851
2.804914
2.270930
2.814656
3.630681
0.839032
2.036217
2.329987
2.432739
3.031597
3.329961
3.879786
3.096151
2.192985
3.113660
2.387198
2.939152
2.371940
3.044361
1.677399
2.819203
3.559781
1.721417
3.013469
3.698537
2.123456
3.705619
3.566357
2.027985
2.469306
3.146891
2.785187
2.658765
1.629998
4.096807
3.311869
3.653437
2.244270
2.269119
1.316260
1.987603
2.986217
1.205913
3.541645
2.012845
2.712064
2.505080
2.622694
2.551181
3.266482
3.006469
2.626586
2.749832
0.210505
2.554572
2.554212
2.492369
1.979025
3.553100
3.465847
2.498933
3.025762
2.415099
2.271540
3.690601
1.425140
3.145814
2.873040
1.591148
2.365502
2.175960
2.616129
2.425711
1.795742
2.992834
2.550542
3.489882
2.817207
2.146650
2.375742
2.149493
3.742279
3.470494
1.554397
2.105595
2.536655
4.474656
2.427677
2.658580
3.018150
3.369171
2.642906
2.362813
2.664557
1.311561
3.303018
2.831670
1.707017
2.098964
2.027188
2.809747
2.502659
2.452298
2.373684
2.611529
1.731954
2.457667
1.721539
2.180795
2.318412
2.213673
1.485439
1.942129
2.727207
2.301344
0.963189
2.033720
1.487473
0.857316
2.420079
1.308526
2.098248
1.798903
1.568418
1.528806
0.458349
0.821194
1.741238
0.727601
1.579583
1.989288
1.602197
1.898360
0.945686
0.853486
1.310253
1.275537
3.400491
1.448347
0.699860
1.110541
0.801795
0.835918
0.785595
3.099833
0.635726
0.806453
1.045961
0.723120
2.045267
1.411789
2.758735
1.230408
0.827915
3.024220
2.638031
3.037658
2.288547
2.797395
2.476936
2.331238
4.035180
3.390415
4.945108
3.142506
2.351344
2.296470
2.090920
2.233365
2.861447
2.741082
2.545485
2.455309
1.924271
2.496020
2.458185
2.782319
2.811724
3.131367
2.436656
2.564152
2.721954
2.316257
2.516281
2.159609
2.438138
2.214457
2.571306
2.552362
1.797988
2.098027
2.413211
2.339665
2.651950
2.116195
1.999262
2.273344
1.772664
1.738407
2.020592
2.237295
2.077706
2.339114
2.404297
2.375111
2.131477
2.438013
2.301758
2.654603
3.226692
2.087580
2.197379
2.457553
2.828281
2.668914
2.748757
2.808248
2.768276
2.786127
2.458513
2.652645
2.162752
1.983246
1.823866
1.992792
3.124994
3.045043
3.205189
2.718083
2.870398
2.407392
2.725689
2.251494
2.300373
1.930129
1.908490
3.029034
2.847392
2.413581
2.272963
2.754576
3.052809
3.021099
3.190416
3.170324
1.835006
1.498884
1.962154
2.574271
2.213049
1.447140
2.062640
1.927283
2.919258
1.301512
2.020999
1.762012
2.469139
1.981163
2.093087
3.186070
1.700728
1.689687
2.288423
2.365712
2.806903
2.586681
2.334113
2.609887
1.858424
2.253109
1.475569
2.063543
2.213009
1.315548
0.734361
2.152199
3.655239
2.047613
3.609982
2.116537
3.634257
1.126846
2.075825
3.699851
0.001872
3.479112
1.147897
1.874827
3.467763
3.311640
1.944369
1.055770
3.409763
2.113391
2.595438
4.424843
2.514514
2.116639
2.315834
2.086824
2.439445
3.455129
1.464540
1.462143
0.004942
1.194119
2.725045
2.797781
2.062066
3.251130
2.907671
0.879009
2.793166
2.546416
2.415907
1.552553
2.564935
2.766647
1.447705
2.289218
2.772124
2.704916
4.000132
2.081728
3.395263
2.736058
1.760633
2.036514
0.562473
1.909026
0.015808
3.034160
2.671870
1.366416
1.704259
1.088531
1.279861
1.780962
2.396798
1.423742
0.862673
3.393716
2.164403
1.512217
1.781631
1.871293
2.090047
1.555300
2.012403
1.558160
2.034537
2.755073
0.452866
1.347756
1.638117
1.727994
2.314259
2.432504
2.922794
2.284405
1.548406
2.262688
1.666264
2.139844
1.687025
2.223664
1.167431
2.025172
2.659650
1.140215
2.237147
2.800049
1.474442
2.886447
2.678425
1.413417
1.754700
2.319198
2.010707
1.968370
1.069850
3.114934
2.452773
2.754010
1.616739
1.630836
0.859948
1.394659
2.195802
0.766593
2.670293
1.485725
1.941782
1.916212
1.851007
1.877323
2.422576
2.175952
1.887410
2.105486
0.040292
1.849954
1.816097
1.773884
1.346668
2.700793
2.647558
1.824735
2.232420
1.763125
1.592840
2.774572
0.905279
2.321607
2.110834
1.079417
1.783870
1.645663
1.966459
1.703174
1.233155
2.187067
1.871852
2.624653
2.063423
1.669213
1.715766
1.534362
2.832171
2.616776
1.057374
1.493824
1.887674
3.484956
1.804617
1.956081
2.297837
2.516169
1.883947
1.826031
1.931466
0.856720
2.467410
2.079102
1.149427
1.478555
1.455153
2.079989
1.775588
1.911272
1.685625
1.865851
1.188721
1.796418
1.182046
1.617984
1.639184
1.579083
1.006478
1.352207
1.974918
1.650154
0.692865
1.445318
1.005114
0.521051
1.737530
0.849273
1.492932
1.248616
1.072281
1.152106
0.214821
0.618953
1.314085
0.539800
1.208027
1.403782
1.177360
1.343685
0.749709
0.694286
0.913176
0.946135
2.594253
1.067901
0.497073
0.787269
0.616872
0.543017
0.561868
2.335876
0.451418
0.544227
0.765960
0.397551
1.551482
1.100335
2.123402
0.942048
0.616936
2.347156
2.000093
2.368479
1.699584
2.154558
1.839963
1.712805
3.181561
2.627059
4.035818
2.444108
1.723141
1.698172
1.553588
1.636930
2.212034
2.065712
1.915107
1.841812
1.393613
1.869083
1.844437
2.115273
2.164010
2.409942
1.828568
1.935966
2.078584
1.713663
1.893754
1.593273
1.833682
1.618467
1.922931
1.908766
1.268227
1.508687
1.789533
1.733720
1.989580
1.539921
1.459702
1.673207
1.268472
1.285332
1.493511
1.651221
1.513537
1.720965
1.786097
1.749675
1.565621
1.826335
1.708453
1.995712
2.478768
1.541918
1.608128
1.845213
2.126546
2.021253
2.056648
2.117145
2.098426
2.098263
1.855240
1.998313
1.582284
1.461424
1.321086
1.453605
2.390287
2.312685
2.485111
2.026557
2.146282
1.764463
2.048656
1.658116
1.703663
1.391048
1.333669
2.275571
2.125198
1.785299
1.665019
2.107546
2.320508
2.290591
2.449233
2.426354
1.331733
1.036136
1.405444
1.893003
1.663608
1.021179
1.528521
1.378121
2.229238
0.927671
1.468117
1.239171
1.831110
1.442671
1.534136
2.436247
1.189986
1.209983
1.721418
1.736559
2.128885
1.943102
1.744560
1.958249
1.386603
1.691255
1.018785
1.495184
1.629558
0.883644
0.395684
1.534327
2.889507
1.455855
2.794767
1.505007
2.822665
0.719743
1.539836
2.886561
0.038338
2.716588
0.716830
1.338198
2.674586
2.559061
1.407746
0.829924
2.674335
1.507562
1.965243
3.525939
1.850900
1.511265
1.714236
1.493834
1.790352
2.701321
1.048210
1.065992
0.084995
0.777497
2.049947
2.097547
1.470526
2.514961
2.216529
0.525689
2.118613
1.930174
1.792225
1.096064
1.899472
2.102818
0.961155
1.735971
2.109498
2.022123
3.164851
1.547488
2.634093
2.057029
1.232260
1.514332
0.279089
1.415840
0.010569
2.379362
2.034730
0.940914
1.215410
0.702296
0.895096
1.241033
1.864235
0.991141
0.581184
2.668349
1.679328
1.065357
1.307963
1.338392
1.537384
1.081942
1.467403
1.078624
1.499490
2.141368
0.241591
0.887735
1.175173
1.254342
1.830129
1.800116
2.241319
1.722273
1.123646
1.668058
1.178466
1.587470
1.228617
1.653461
0.852675
1.476667
2.023762
0.766519
1.702852
2.165161
1.044621
2.316561
2.051871
1.011577
1.270467
1.741837
1.476997
1.503700
0.712188
2.410303
1.849005
2.116957
1.203195
1.208334
0.586997
1.009218
1.647832
0.507272
2.055526
1.153964
1.409915
1.533437
1.317755
1.424417
1.829697
1.593973
1.380443
1.676400
0.001052
1.371068
1.309548
1.283369
0.926877
2.099987
2.074619
1.370193
1.679774
1.326638
1.134259
2.120685
0.577114
1.743017
1.583127
0.757606
1.404455
1.308358
1.530863
1.207536
0.868961
1.622754
1.411945
2.011215
1.541531
1.374500
1.270812
1.126181
2.181271
2.012147
0.746003
1.087969
1.451105
2.768048
1.389150
1.475167
1.802164
1.911256
1.356272
1.480980
1.424850
0.578847
1.876261
1.556141
0.786722
1.064077
1.080352
1.575360
1.273061
1.561653
1.214969
1.347699
0.836967
1.347493
0.833155
1.249807
1.175153
1.151659
0.706946
0.961309
1.450373
1.208652
0.564508
1.055249
0.702153
0.338144
1.269709
0.565001
1.088425
0.889262
0.757361
0.935312
0.107454
0.545437
1.055482
0.477951
0.994944
1.014629
0.920248
0.979681
0.680617
0.655340
0.678480
0.766997
2.022831
0.846576
0.421763
0.612762
0.556048
0.393283
0.468926
1.798511
0.390692
0.419314
0.626325
0.220337
1.235815
0.934525
1.691113
0.795031
0.533460
1.880243
1.565261
1.907846
1.304827
1.715389
1.405518
1.293520
2.568739
2.088365
3.377000
1.958624
1.295307
1.294830
1.200301
1.234926
1.766364
1.598582
1.484894
1.425375
1.045214
1.441400
1.427507
1.654397
1.718943
1.904168
1.415897
1.506671
1.636685
1.305216
1.468799
1.214440
1.423419
1.215059
1.476340
1.466001
0.919002
1.110361
1.362864
1.321537
1.530904
1.151953
1.101820
1.265423
0.939497
0.998303
1.145520
1.254626
1.134854
1.297782
1.362786
1.320301
1.185163
1.408084
1.305214
1.538449
1.948186
1.177595
1.207851
1.425859
1.633580
1.572662
1.571400
1.632629
1.631297
1.616226
1.442682
1.543668
1.188290
1.115562
0.990807
1.093293
1.869068
1.793303
1.975737
1.540573
1.633401
1.318265
1.574309
1.252485
1.295198
1.029889
0.943023
1.737905
1.613157
1.350407
1.246762
1.657050
1.799789
1.771255
1.921024
1.895763
0.999015
0.736658
1.028594
1.413617
1.292557
0.751594
1.169888
1.007024
1.742200
0.700592
1.093690
0.889363
1.386473
1.079810
1.154359
1.899393
0.849679
0.895113
1.334656
1.298593
1.650641
1.493093
1.338897
1.501434
1.077594
1.308107
0.721966
1.106510
1.228382
0.607021
0.195649
1.104576
2.338058
1.047407
2.202444
1.080120
2.233148
0.462817
1.176816
2.295385
0.145969
2.166989
0.439756
0.974217
2.099516
2.017294
1.043509
0.721203
2.146415
1.086146
1.523702
2.863306
1.381700
1.089879
1.295869
1.082462
1.332752
2.157511
0.781878
0.816170
0.226750
0.510669
1.570446
1.597288
1.059579
1.984977
1.723493
0.310415
1.639050
1.498487
1.354335
0.795600
1.427050
1.631655
0.635715
1.355590
1.639071
1.535027
2.552255
1.182405
2.082284
1.572695
0.871753
1.158832
0.119911
1.084023
0.079990
1.914459
1.584268
0.664435
0.886747
0.457948
0.651873
0.870111
1.499290
0.708329
0.422574
2.144583
1.353112
0.770491
0.990968
0.972597
1.155253
0.764955
1.091412
0.756395
1.131523
1.708627
0.139754
0.581232
0.866185
0.936467
1.503556
1.351524
1.752276
1.331305
0.845580
1.250200
0.848395
1.204207
0.922559
1.255375
0.664605
1.096267
1.571414
0.529736
1.333902
1.713398
0.761440
1.918101
1.606725
0.751173
0.942219
1.336916
1.107898
1.191307
0.487727
1.900393
1.421973
1.662470
0.932461
0.930153
0.431739
0.761363
1.266225
0.362992
1.618824
0.949947
1.041241
1.287309
0.947788
1.120456
1.410536
1.183700
1.031786
1.391721
0.036932
1.045278
0.960931
0.947861
0.649462
1.673617
1.671092
1.063968
1.292786
1.035110
0.824485
1.650203
0.374452
1.334313
1.216195
0.559943
1.159339
1.097801
1.239390
0.866606
0.636064
1.225192
1.100179
1.573098
1.178640
1.198371
0.971044
0.856584
1.711973
1.580829
0.555807
0.819988
1.157790
2.244089
1.113043
1.145159
1.459942
1.479114
0.987584
1.262420
1.073335
0.415392
1.455075
1.190964
0.553277
0.787978
0.836813
1.224968
0.924326
1.338608
0.892303
0.985896
0.611948
1.042483
0.610347
1.011065
0.857502
0.864044
0.524448
0.703593
1.082664
0.909172
0.522508
0.797928
0.516406
0.251064
0.948227
0.394411
0.818873
0.656777
0.561350
0.819934
0.082007
0.547759
0.905504
0.489730
0.882266
0.757071
0.771218
0.742666
0.686085
0.685532
0.547608
0.681749
1.614873
0.726490
0.421700
0.531043
0.567760
0.331801
0.454083
1.418078
0.402205
0.377968
0.572801
0.135841
1.037375
0.859265
1.396621
0.735089
0.525709
1.557070
1.268403
1.589700
1.040795
1.414766
1.108704
1.009103
2.125074
1.705602
2.895378
1.619504
1.003529
1.023125
0.969699
0.964187
1.459653
1.274152
1.190750
1.142498
0.818224
1.149138
1.144021
1.334701
1.412176
1.547409
1.135649
1.212667
1.332269
1.028243
1.178183
0.961692
1.144748
0.941960
1.167664
1.160399
0.690278
0.841181
1.070305
1.040828
1.211889
0.891023
0.865589
0.988071
0.726901
0.820147
0.917152
0.986215
0.881109
1.007380
1.072214
1.024687
0.929705
1.121483
1.030900
1.219632
1.568995
0.935082
0.935709
1.137960
1.285071
1.260584
1.229117
1.290889
1.303790
1.276391
1.159928
1.226231
0.920688
0.887487
0.775466
0.853190
1.496565
1.422247
1.612848
1.196859
1.267502
1.007147
1.239977
0.974607
1.014928
0.788464
0.677283
1.351184
1.247449
1.048089
0.958064
1.341774
1.426694
1.399236
1.541647
1.514364
0.780298
0.545218
0.773457
1.074085
1.042065
0.584494
0.929486
0.756313
1.396069
0.568202
0.840056
0.655915
1.074970
0.835504
0.896079
1.511864
0.623743
0.690037
1.070393
0.992155
1.311015
1.176628
1.058845
1.179252
0.876916
1.046393
0.531194
0.840130
0.951660
0.432681
0.084240
0.804173
1.937503
0.764405
1.768153
0.783480
1.801044
0.304200
0.930882
1.861740
0.287010
1.767423
0.264274
0.727198
1.678824
1.623934
0.796103
0.683890
1.764269
0.791537
1.212481
2.370187
1.047615
0.795061
1.003477
0.795764
1.007974
1.761771
0.614297
0.662110
0.394690
0.342507
1.227309
1.237022
0.772711
1.600148
1.368995
0.184310
1.295519
1.194275
1.044964
0.599201
1.089163
1.294747
0.418603
1.093234
1.302599
1.184788
2.098741
0.932405
1.678652
1.224502
0.625347
0.916489
0.038978
0.861046
0.186960
1.581910
1.263541
0.486746
0.666084
0.306575
0.501370
0.614524
1.248563
0.525098
0.341440
1.763065
1.134018
0.577124
0.779346
0.720784
0.889950
0.553176
0.831048
0.540194
0.877649
1.401424
0.104654
0.377746
0.660602
0.723519
1.283398
1.030957
1.398385
1.058023
0.665103
0.954694
0.625036
0.937045
0.718842
0.975914
0.557822
0.831245
1.247164
0.382727
1.078136
1.389468
0.576110
1.637901
1.288076
0.584414
0.719608
1.051191
0.851583
0.981577
0.350265
1.528106
1.117799
1.335662
0.756730
0.748245
0.350877
0.604291
0.999094
0.291002
1.306276
0.828721
0.784538
1.131342
0.689918
0.916821
1.112101
0.892522
0.791235
1.203735
0.112545
0.823379
0.720204
0.717866
0.467194
1.368787
1.384998
0.857851
1.020192
0.840977
0.615295
1.308784
0.253255
1.043602
0.959791
0.442703
1.003021
0.969853
1.044843
0.631333
0.489593
0.943238
0.888739
1.257690
0.925048
1.098328
0.769271
0.679575
1.370666
1.270710
0.443952
0.644108
0.961022
1.857576
0.930328
0.918065
1.222751
1.167919
0.728527
1.126787
0.828303
0.324984
1.152642
0.934548
0.405156
0.604726
0.680292
0.980516
0.681187
1.198794
0.670506
0.731862
0.470366
0.835060
0.470484
0.858049
0.639538
0.670734
0.417543
0.534777
0.823334
0.705912
0.530963
0.629243
0.406539
0.222300
0.726628
0.296867
0.639889
0.508230
0.442754
0.767605
0.103598
0.592134
0.824566
0.541787
0.831915
0.587522
0.690878
0.589919
0.732706
0.752436
0.482013
0.653622
1.321310
0.669619
0.463488
0.505633
0.619131
0.322943
0.483523
1.146850
0.453235
0.385484
0.570253
0.107781
0.915553
0.838699
1.195706
0.727030
0.560530
1.332429
1.065363
1.369106
0.864656
1.208483
0.905516
0.816060
1.801013
1.431576
2.540004
1.381276
0.804201
0.840262
0.820598
0.782032
1.247866
1.047740
0.989202
0.950172
0.671826
0.949004
0.951064
1.111913
1.199979
1.294036
0.945174
1.010846
1.121824
0.840324
0.978986
0.793611
0.955299
0.757057
0.953446
0.948683
0.541726
0.659319
0.869174
0.849401
0.988905
0.715782
0.710605
0.799216
0.591264
0.712787
0.768456
0.804538
0.711462
0.807533
0.872179
0.820461
0.758466
0.924588
0.844058
0.996150
1.295821
0.774275
0.750482
0.939736
1.036954
1.042391
0.986033
1.048206
1.072770
1.035191
0.965629
1.003372
0.738767
0.738016
0.636445
0.693759
1.228196
1.155027
1.352300
0.952042
1.004395
0.789053
1.002747
0.783768
0.822078
0.627521
0.496300
1.070656
0.984161
0.836894
0.758030
1.119838
1.157162
1.130547
1.266864
1.237877
0.637569
0.424882
0.600690
0.831866
0.873036
0.484011
0.768675
0.586979
1.148215
0.496101
0.668195
0.500614
0.855432
0.671192
0.720233
1.229672
0.474415
0.557824
0.889460
0.776493
1.068016
0.952639
0.864763
0.950479
0.748034
0.867271
0.410380
0.657091
0.760075
0.325260
0.028538
0.592989
1.643908
0.567453
1.446729
0.575230
1.481340
0.209389
0.764216
1.540648
0.438537
1.474280
0.155393
0.559439
1.368186
1.335737
0.627908
0.688446
1.485174
0.584400
0.991642
1.999703
0.807892
0.587595
0.797966
0.594898
0.775750
1.471142
0.511282
0.570176
0.567548
0.238898
0.979750
0.975335
0.571354
1.318182
1.111936
0.115058
1.047403
0.978459
0.824865
0.471979
0.845535
1.051886
0.274230
0.911611
1.059981
0.930808
1.759782
0.760791
1.380643
0.972052
0.456576
0.751020
0.006228
0.711429
0.308675
1.342100
1.033415
0.374227
0.518182
0.215624
0.411097
0.437786
1.075781
0.407795
0.308071
1.482602
0.987105
0.451335
0.638504
0.546850
0.704883
0.412094
0.649970
0.395401
0.701834
1.181711
0.108699
0.243263
0.524356
0.581179
1.135090
0.800031
1.140013
0.865913
0.549286
0.744233
0.473878
0.749824
0.583765
0.778505
0.502394
0.645638
1.012807
0.294108
0.900032
1.155265
0.455864
1.439586
1.058109
0.479337
0.568557
0.848195
0.672739
0.841012
0.269103
1.253771
0.899449
1.098660
0.643948
0.630347
0.316051
0.506750
0.810998
0.263365
1.080755
0.760514
0.604877
1.034491
0.509226
0.780699
0.897976
0.684331
0.624647
1.080337
0.205916
0.672026
0.553333
0.559785
0.348332
1.149087
1.180670
0.719267
0.826901
0.712181
0.474081
1.058782
0.184343
0.835237
0.779607
0.376942
0.905082
0.895212
0.915394
0.468357
0.399619
0.741801
0.745261
1.028669
0.746835
1.046353
0.633609
0.564245
1.120174
1.045835
0.382105
0.529571
0.829271
1.569735
0.810068
0.761271
1.057617
0.941888
0.545345
1.045081
0.656589
0.280408
0.933650
0.753371
0.313015
0.483656
0.581173
0.809044
0.510763
1.113317
0.517569
0.552378
0.383335
0.693845
0.384803
0.761514
0.489554
0.540995
0.358836
0.425118
0.639198
0.567857
0.567003
0.519560
0.345199
0.227632
0.573329
0.245565
0.521573
0.414916
0.374040
0.753351
0.150115
0.657343
0.786684
0.613240
0.819114
0.476699
0.653360
0.492833
0.799530
0.835904
0.456499
0.658883
1.108281
0.651191
0.526187
0.513029
0.689668
0.343890
0.535959
0.951853
0.523353
0.419771
0.596232
0.112733
0.843358
0.849756
1.058398
0.748302
0.617037
1.175557
0.926171
1.215451
0.747534
1.066533
0.766080
0.684944
1.562112
1.233822
2.275281
1.212899
0.667760
0.717333
0.725400
0.659618
1.101041
0.888875
0.850756
0.819274
0.578668
0.811623
0.819543
0.955841
1.052581
1.112761
0.815582
0.871891
0.975748
0.712746
0.842122
0.682287
0.826369
0.631838
0.804089
0.801342
0.446318
0.536483
0.730461
0.718636
0.832154
0.598264
0.609718
0.670455
0.506237
0.650986
0.672621
0.681551
0.598340
0.669542
0.734009
0.678809
0.643917
0.788909
0.716625
0.838545
1.097312
0.668155
0.624264
0.802788
0.858942
0.888959
0.812101
0.874574
0.908705
0.862722
0.831706
0.845927
0.614963
0.640895
0.547872
0.588368
1.033179
0.960924
1.163657
0.776309
0.813592
0.635242
0.833170
0.652316
0.688943
0.520599
0.372867
0.865322
0.792979
0.688529
0.618815
0.962579
0.960730
0.934780
1.066058
1.035640
0.545316
0.351019
0.483676
0.657701
0.759038
0.426362
0.661380
0.472647
0.969274
0.461682
0.551700
0.397713
0.699669
0.560822
0.600348
1.022295
0.376286
0.473746
0.765282
0.623725
0.892736
0.792966
0.729660
0.786816
0.666500
0.744389
0.335427
0.530932
0.626860
0.261240
0.007028
0.443573
1.426683
0.429688
1.206563
0.428119
1.242534
0.155523
0.651224
1.300619
0.587193
1.257184
0.089820
0.445415
1.136621
1.122601
0.513444
0.716034
1.279445
0.437827
0.833773
1.718729
0.634439
0.440645
0.652598
0.453322
0.608356
1.255687
0.450106
0.518086
0.733212
0.177154
0.799587
0.783526
0.429138
1.109641
0.923855
0.081415
0.866624
0.824219
0.667077
0.390552
0.668342
0.875298
0.178621
0.785338
0.883514
0.744972
1.504027
0.642646
1.158516
0.787371
0.340692
0.637827
0.002165
0.611222
0.431605
1.167659
0.866914
0.304429
0.419258
0.163514
0.359519
0.315067
0.956294
0.333910
0.303192
1.274471
0.888791
0.370369
0.545133
0.426235
0.575087
0.318448
0.523404
0.298653
0.579547
1.023293
0.134290
0.154895
0.434513
0.486299
1.035276
0.632242
0.949627
0.730000
0.476096
0.593177
0.371571
0.617831
0.494634
0.638083
0.478724
0.514875
0.841924
0.243065
0.775365
0.984436
0.378737
1.298224
0.890690
0.414610
0.465995
0.702886
0.547269
0.747000
0.223925
1.049692
0.741390
0.925238
0.572667
0.554834
0.308837
0.447931
0.677678
0.261992
0.916606
0.725725
0.478399
0.976093
0.381855
0.689957
0.743057
0.534269
0.508778
0.999965
0.303803
0.568615
0.437136
0.450794
0.271573
0.989368
1.033572
0.626217
0.688832
0.627134
0.378797
0.874000
0.148479
0.684653
0.652178
0.343600
0.845252
0.854522
0.829601
0.354964
0.346245
0.596730
0.647836
0.860864
0.620795
1.024121
0.542520
0.489856
0.934596
0.881303
0.351636
0.455742
0.741261
1.353324
0.731462
0.652596
0.942060
0.776223
0.414898
0.998071
0.535529
0.263892
0.773661
0.624459
0.257309
0.404136
0.519685
0.688025
0.390583
1.062980
0.411727
0.424680
0.331654
0.597577
0.334187
0.701949
0.386008
0.454077
0.330316
0.354670
0.507475
0.474011
0.616317
0.449004
0.314380
0.251623
0.466838
0.222934
0.443809
0.357690
0.337024
0.761096
0.207814
0.730375
0.775012
0.691385
0.827961
0.404882
0.641833
0.432275
0.873800
0.923848
0.454747
0.682422
0.952328
0.655224
0.596921
0.538246
0.766792
0.380203
0.598142
0.810561
0.600045
0.466968
0.636576
0.135762
0.802949
0.877791
0.964361
0.784714
0.682412
1.065280
0.830499
1.107848
0.669974
0.968539
0.670126
0.595814
1.384291
1.089817
2.076199
1.093013
0.574148
0.634811
0.665669
0.577479
0.998814
0.776713
0.755359
0.730071
0.520487
0.717050
0.729784
0.845853
0.949715
0.981993
0.727312
0.775895
0.873882
0.626066
0.747779
0.608939
0.738521
0.547015
0.699398
0.698292
0.385955
0.453538
0.634440
0.629127
0.721258
0.519615
0.544732
0.582520
0.454250
0.618088
0.611715
0.598291
0.523161
0.573894
0.638194
0.580116
0.567496
0.695082
0.629558
0.726644
0.951755
0.598570
0.538114
0.707800
0.730157
0.780374
0.686634
0.749336
0.791313
0.738400
0.739072
0.733924
0.530608
0.578461
0.492456
0.519098
0.890173
0.818652
1.025861
0.649103
0.673973
0.526030
0.710971
0.561453
0.596678
0.449875
0.288543
0.713618
0.652894
0.583641
0.521433
0.850343
0.816251
0.790829
0.917942
0.886329
0.486446
0.307253
0.404401
0.531402
0.682208
0.395857
0.590024
0.395483
0.838952
0.450218
0.472700
0.329875
0.588334
0.486804
0.518486
0.868453
0.312279
0.421276
0.679813
0.514721
0.765199
0.678247
0.635131
0.668778
0.615996
0.659857
0.290295
0.443667
0.533772
0.225045
0.005777
0.337105
1.264426
0.332766
1.025401
0.323473
1.062454
0.127532
0.574586
1.119477
0.725723
1.094867
0.052108
0.367835
0.962349
0.963468
0.435448
0.754869
1.126352
0.333367
0.720006
1.503693
0.507816
0.335803
0.549039
0.352865
0.486647
1.094430
0.415725
0.491164
0.885381
0.142250
0.667267
0.641609
0.327991
0.953926
0.784951
0.069515
0.733691
0.713096
0.553019
0.339283
0.538288
0.745724
0.115631
0.697113
0.753989
0.607722
1.309254
0.561037
0.991366
0.651001
0.260888
0.560219
0.014296
0.544261
0.548152
1.039608
0.745376
0.262409
0.353264
0.136007
0.332433
0.229452
0.873321
0.288424
0.314447
1.118539
0.823162
0.318991
0.483535
0.342213
0.483497
0.256574
0.434437
0.234193
0.494065
0.908078
0.170401
0.097259
0.375647
0.423274
0.968182
0.509218
0.808000
0.633159
0.430825
0.483847
0.302319
0.524148
0.436187
0.537434
0.474088
0.422135
0.716171
0.215861
0.687593
0.858676
0.330028
1.196688
0.767686
0.376053
0.396302
0.598017
0.458702
0.684291
0.201362
0.896420
0.625953
0.797148
0.528572
0.507242
0.317405
0.414036
0.582490
0.275314
0.796029
0.711541
0.388773
0.942464
0.291459
0.629678
0.629974
0.425164
0.427779
0.948168
0.398598
0.497816
0.355802
0.375372
0.222646
0.872194
0.926767
0.563847
0.589417
0.571316
0.314540
0.736117
0.133062
0.574865
0.561419
0.330212
0.810065
0.835067
0.773029
0.275671
0.316301
0.491350
0.581631
0.736756
0.531022
1.019763
0.481461
0.442519
0.795790
0.759792
0.340379
0.408804
0.682647
1.189080
0.680553
0.576934
0.860730
0.653656
0.321282
0.973075
0.449604
0.263939
0.655686
0.532030
0.225077
0.352302
0.482667
0.602028
0.305261
1.035091
0.338166
0.333127
0.302610
0.531848
0.305988
0.666378
0.314244
0.395976
0.320234
0.310084
0.412475
0.410151
0.670202
0.404271
0.302318
0.284628
0.392501
0.217562
0.393069
0.323832
0.319775
0.780687
0.268461
0.803685
0.778506
0.768841
0.848423
0.358957
0.645446
0.395533
0.947985
1.009280
0.466355
0.714853
0.836810
0.671505
0.668035
0.571912
0.843103
0.422944
0.662108
0.707462
0.675871
0.518565
0.682535
0.167484
0.782543
0.913584
0.899977
0.827341
0.748775
0.987575
0.764730
1.032289
0.619031
0.900810
0.604061
0.535323
1.251028
0.984269
1.925409
1.007210
0.509870
0.579627
0.629169
0.522567
0.927357
0.697085
0.689492
0.669274
0.485153
0.651786
0.668450
0.767870
0.877556
0.886880
0.667123
0.709334
0.802457
0.567123
0.682503
0.560922
0.678547
0.489512
0.625509
0.625734
0.348536
0.397499
0.567600
0.567640
0.642118
0.467034
0.503389
0.522236
0.423593
0.603156
0.573668
0.541781
0.473312
0.507131
0.571266
0.510790
0.516530
0.629731
0.569769
0.646329
0.843614
0.553151
0.478997
0.641358
0.635765
0.702647
0.594928
0.657790
0.706228
0.647555
0.674406
0.653213
0.472750
0.538721
0.458508
0.473663
0.783662
0.712719
0.923603
0.555592
0.570141
0.447367
0.621514
0.497950
0.531991
0.403029
0.230392
0.599536
0.548422
0.508352
0.452349
0.768897
0.708001
0.682983
0.806600
0.773958
0.449215
0.282561
0.350164
0.438031
0.629959
0.382133
0.542295
0.342892
0.742094
0.452286
0.418521
0.284971
0.507184
0.436717
0.461844
0.751808
0.270471
0.389070
0.620079
0.435342
0.670347
0.594054
0.567752
0.581761
0.585323
0.600754
0.264061
0.382240
0.467459
0.206226
0.016130
0.259552
1.140263
0.263146
0.885355
0.247343
0.923234
0.115458
0.521808
0.979277
0.852923
0.970340
0.031825
0.314170
0.827723
0.841483
0.381368
0.798624
1.009336
0.257053
0.635873
1.334654
0.412850
0.259070
0.473350
0.279754
0.395676
0.970258
0.397990
0.479675
1.024246
0.124036
0.567230
0.533488
0.254088
0.834149
0.679279
0.070548
0.632971
0.630685
0.468113
0.307160
0.439873
0.647686
0.073591
0.633822
0.655904
0.503102
1.156158
0.503213
0.861453
0.546995
0.204517
0.505677
0.035402
0.498652
0.657322
0.942431
0.653665
0.237773
0.308386
0.123596
0.320363
0.167957
0.814034
0.260779
0.334710
0.997574
0.778452
0.286310
0.442200
0.281910
0.416788
0.214958
0.369896
0.190356
0.432436
0.821280
0.211584
0.059126
0.336456
0.380554
0.921995
0.415682
0.698695
0.561737
0.403048
0.401809
0.254201
0.455319
0.397186
0.462657
0.480657
0.354018
0.620050
0.203265
0.623630
0.762471
0.299153
1.120981
0.673752
0.353746
0.347552
0.519389
0.393895
0.641420
0.192567
0.776595
0.538230
0.698653
0.501427
0.477112
0.335000
0.395524
0.511847
0.296927
0.703754
0.709742
0.322778
0.924095
0.224773
0.588604
0.543943
0.342492
0.369018
0.914245
0.489499
0.447688
0.296686
0.321273
0.191102
0.782490
0.845871
0.520805
0.514779
0.533824
0.269835
0.628614
0.129976
0.491275
0.494035
0.328823
0.790070
0.828473
0.734751
0.217979
0.300726
0.411350
0.535064
0.640720
0.464290
1.025930
0.439223
0.411994
0.687082
0.665833
0.340650
0.378563
0.642403
1.058491
0.646865
0.522055
0.800984
0.558607
0.250985
0.961487
0.385846
0.273774
0.564447
0.462645
0.207236
0.317654
0.460699
0.538073
0.241863
1.020907
0.284813
0.264334
0.287399
0.485162
0.291481
0.645534
0.262334
0.355774
0.321222
0.281452
0.340555
0.364945
0.726063
0.375458
0.301542
0.322538
0.338243
0.222501
0.359035
0.304287
0.314483
0.807011
0.330060
0.876122
0.790718
0.844829
0.875380
0.328885
0.657970
0.373406
1.020999
1.091909
0.485627
0.751096
0.751137
0.693576
0.735022
0.608217
0.914383
0.466708
0.723319
0.631266
0.746857
0.569623
0.728946
0.202185
0.774351
0.951612
0.855531
0.870978
0.811958
0.932118
0.719090
0.978567
0.585584
0.853536
0.558148
0.494001
1.149795
0.905857
1.809798
0.945066
0.465450
0.542671
0.607583
0.485846
0.877085
0.640086
0.643802
0.627731
0.464520
0.606602
0.626496
0.712274
0.826753
0.817264
0.626121
0.663116
0.752276
0.527157
0.637365
0.529898
0.637760
0.450745
0.573363
0.574669
0.326168
0.359939
0.521236
0.525639
0.585736
0.432306
0.477822
0.481242
0.406720
0.599079
0.550778
0.503870
0.440811
0.460888
0.524887
0.462475
0.483135
0.584658
0.529216
0.589119
0.763837
0.524265
0.439008
0.595435
0.567204
0.647602
0.528576
0.591586
0.645269
0.581954
0.629995
0.595840
0.433851
0.514461
0.438921
0.444810
0.705546
0.635090
0.848959
0.488017
0.494281
0.391792
0.557272
0.454602
0.487696
0.373084
0.191375
0.515618
0.472245
0.455612
0.404601
0.711253
0.628898
0.604234
0.725084
0.691651
0.427031
0.270403
0.314397
0.371020
0.595798
0.378716
0.511739
0.308478
0.672393
0.461431
0.382853
0.256694
0.450051
0.404314
0.424230
0.666485
0.244671
0.370896
0.580034
0.379705
0.602425
0.534616
0.521674
0.520121
0.568333
0.561259
0.250609
0.340918
0.422283
0.198634
0.031611
0.205505
1.049338
0.215384
0.781968
0.194475
0.820578
0.113145
0.487394
0.875919
0.960353
0.879412
0.023025
0.279081
0.728915
0.752653
0.345979
0.840142
0.924473
0.204220
0.576901
1.209066
0.345422
0.205961
0.421086
0.229522
0.331482
0.880071
0.391137
0.477703
1.139797
0.116789
0.496047
0.456004
0.203346
0.747622
0.603760
0.078290
0.561375
0.573378
0.408879
0.289043
0.370161
0.578284
0.047771
0.591469
0.586531
0.428680
1.044130
0.465172
0.767507
0.473157
0.167636
0.470225
0.058517
0.470133
0.748518
0.874034
0.589516
0.225476
0.280438
0.120727
0.317753
0.127186
0.774978
0.246133
0.357009
0.910965
0.750652
0.267770
0.416996
0.242100
0.372031
0.189535
0.326838
0.163229
0.391623
0.761129
0.249803
0.036389
0.312911
0.354285
0.893079
0.350415
0.621339
0.513470
0.388257
0.345418
0.223818
0.409070
0.373794
0.411878
0.492136
0.308357
0.552976
0.200065
0.581161
0.695390
0.281978
1.069572
0.608436
0.343105
0.316748
0.465814
0.350859
0.615103
0.192204
0.691697
0.477804
0.630042
0.487091
0.460503
0.354651
0.387733
0.464465
0.319594
0.639969
0.714614
0.278959
0.916392
0.180439
0.563687
0.484959
0.286074
0.330712
0.894748
0.564451
0.415927
0.258125
0.286512
0.173395
0.720819
0.790875
0.494403
0.464527
0.511619
0.242194
0.553602
0.133725
0.434327
0.449320
0.333829
0.781044
0.829554
0.711966
0.180592
0.295021
0.357192
0.506051
0.574527
0.420132
1.036605
0.413477
0.395034
0.611445
0.601293
0.346789
0.361809
0.618160
0.966550
0.627540
0.486869
0.762155
0.493370
0.204280
0.958696
0.344054
0.286976
0.502140
0.416674
0.199746
0.297622
0.450127
0.496191
0.200405
1.016130
0.250856
0.218876
0.281845
0.456176
0.286437
0.635774
0.229470
0.331613
0.327683
0.265891
0.292839
0.337073
0.773242
0.359758
0.306654
0.356364
0.303616
0.231833
0.339445
0.295435
0.316202
0.832187
0.381367
0.935494
0.805854
0.906842
0.901015
0.312144
0.672877
0.362578
1.080906
1.158981
0.505630
0.785227
0.686092
0.717738
0.796292
0.644123
0.979164
0.508747
0.779738
0.574362
0.811306
0.617629
0.773111
0.236685
0.773485
0.988841
0.824770
0.912817
0.869899
0.892264
0.687318
0.940141
0.563843
0.820406
0.526127
0.465751
1.072137
0.847003
1.720250
0.899602
0.434584
0.517959
0.595538
0.461298
0.841320
0.598775
0.611804
0.599159
0.453195
0.574986
0.597535
0.672028
0.790448
0.765404
0.597897
0.630565
0.716439
0.499752
0.605668
0.509868
0.609631
0.424280
0.535806
0.538012
0.313252
0.334423
0.488420
0.496426
0.544595
0.409093
0.462194
0.452810
0.398287
0.601249
0.537328
0.477949
0.419372
0.428026
0.491913
0.427866
0.460907
0.552716
0.501016
0.547067
0.703018
0.505736
0.411230
0.562712
0.515637
0.607261
0.478813
0.541925
0.599955
0.532758
0.598422
0.553460
0.406842
0.499638
0.427986
0.426138
0.645789
0.575720
0.792057
0.436994
0.436321
0.350743
0.508970
0.423727
0.456018
0.353379
0.164075
0.450773
0.413849
0.416795
0.369942
0.668298
0.567968
0.543575
0.662085
0.627963
0.413685
0.265447
0.289646
0.320060
0.572363
0.381058
0.491310
0.284793
0.619085
0.474286
0.358081
0.238116
0.407230
0.382251
0.397778
0.599929
0.228119
0.360747
0.551488
0.338032
0.550410
0.489717
0.487997
0.473331
0.559129
0.533085
0.244355
0.311179
0.389281
0.197293
0.049708
0.164989
0.977733
0.180141
0.699793
0.154889
0.738963
0.116204
0.463342
0.793652
1.056079
0.807585
0.020567
0.254400
0.650369
0.682516
0.321005
0.880202
0.857637
0.164446
0.531924
1.107674
0.293245
0.165892
0.381712
0.191854
0.281959
0.808505
0.390202
0.480900
1.242701
0.115503
0.440492
0.395085
0.165111
0.678979
0.544459
0.089693
0.505358
0.529485
0.363331
0.278440
0.315665
0.524036
0.030582
0.560207
0.532250
0.370077
0.953474
0.437513
0.692193
0.414964
0.140924
0.444715
0.082961
0.450512
0.831067
0.820354
0.539444
0.219665
0.261257
0.122958
0.320199
0.097019
0.746262
0.238274
0.380727
0.841562
0.731517
0.256552
0.400067
0.212664
0.338361
0.172393
0.294590
0.144608
0.361276
0.714206
0.287129
0.021491
0.297309
0.336348
0.872855
0.299027
0.559573
0.476624
0.380111
0.301580
0.202279
0.373906
0.358233
0.372797
0.506501
0.273643
0.499858
0.201807
0.549155
0.642212
0.271689
1.029838
0.556736
0.338411
0.294697
0.424156
0.318260
0.596886
0.196324
0.623011
0.430167
0.575341
0.479145
0.450591
0.375993
0.385412
0.427993
0.343529
0.589321
0.723191
0.245510
0.914102
0.146524
0.546524
0.438374
0.241686
0.301957
0.882228
0.633549
0.392797
0.229111
0.260771
0.162390
0.671791
0.747601
0.475856
0.425335
0.496684
0.222543
0.492933
0.141235
0.389267
0.414838
0.342414
0.777471
0.834721
0.696448
0.152405
0.294298
0.314443
0.485099
0.521313
0.386020
1.050020
0.395320
0.384500
0.549957
0.549419
0.356291
0.351426
0.601256
0.890809
0.614891
0.460420
0.732529
0.440767
0.167780
0.960388
0.311802
0.302581
0.452006
0.380748
0.197324
0.284266
0.445004
0.463776
0.168349
1.016038
0.225314
0.183298
0.281060
0.434944
0.286088
0.631301
0.204826
0.314560
0.337352
0.256331
0.255187
0.316744
0.818461
0.350046
0.315118
0.389908
0.277367
0.243971
0.326304
0.291677
0.321676
0.858146
0.430180
0.991321
0.822810
0.964954
0.927352
0.301500
0.689828
0.357046
1.137104
1.221416
0.526961
0.818123
0.636693
0.741634
0.850710
0.677674
1.036461
0.547331
0.830146
0.531550
0.868309
0.661101
0.813421
0.269041
0.776745
1.023431
0.803433
0.951190
0.921512
0.863442
0.665146
0.912477
0.549912
0.797081
0.503715
0.446444
1.012187
0.802514
1.650510
0.866115
0.413100
0.501532
0.589527
0.444998
0.815790
0.568667
0.589362
0.579530
0.447747
0.552845
0.577569
0.642781
0.764440
0.726595
0.578533
0.607637
0.690793
0.481044
0.583427
0.497214
0.590317
0.406325
0.508725
0.511662
0.306432
0.317235
0.465214
0.476192
0.514534
0.393778
0.453113
0.433195
0.395114
0.606793
0.530020
0.460385
0.405488
0.404738
0.468529
0.403141
0.446357
0.530170
0.481544
0.516199
0.656713
0.494195
0.392084
0.539499
0.476923
0.577776
0.441571
0.504765
0.566369
0.495974
0.576129
0.522269
0.388296
0.491106
0.422646
0.414431
0.600290
0.530534
0.748897
0.398665
0.392283
0.320610
0.472865
0.401954
0.433580
0.340784
0.145229
0.401044
0.369420
0.388463
0.345027
0.636556
0.521439
0.497265
0.613845
0.579154
0.406276
0.264934
0.272847
0.281702
0.556641
0.386531
0.478051
0.268853
0.578776
0.488389
0.341235
0.226359
0.375530
0.367621
0.379533
0.548695
0.218009
0.355900
0.531505
0.307249
0.511117
0.456274
0.463779
0.438324
0.555031
0.513381
0.242676
0.290181
0.365594
0.199643
0.068042
0.135111
0.922282
0.154592
0.635640
0.125760
0.675264
0.122143
0.446978
0.729404
1.138220
0.751917
0.021948
0.237500
0.589162
0.628223
0.303851
0.916533
0.806045
0.135110
0.498304
1.027651
0.253696
0.136298
0.352684
0.164227
0.244577
0.752990
0.392775
0.486868
1.330670
0.117776
0.398128
0.348304
0.136984
0.625839
0.498997
0.102379
0.462590
0.496686
0.329167
0.273014
0.274135
0.482705
0.019727
0.537773
0.490880
0.325149
0.882180
0.418029
0.633511
0.370359
0.122206
0.426983
0.106311
0.437617
0.902199
0.779439
0.501492
0.218113
0.248705
0.128014
0.325428
0.075421
0.725854
0.235016
0.403437
0.787680
0.718974
0.250516
0.389331
0.191639
0.313850
0.161472
0.271240
0.132464
0.339484
0.678776
0.320988
0.012394
0.287629
0.324744
0.859366
0.259904
0.511910
0.449454
0.376542
0.268652
0.187688
0.348106
0.348552
0.343768
0.521427
0.248198
0.459274
0.206340
0.525928
0.601568
0.266316
1.000244
0.517297
0.337630
0.279636
0.392966
0.294518
0.584967
0.202774
0.569576
0.394042
0.533402
0.475657
0.445483
0.396587
0.386540
0.401030
0.366245
0.550693
0.733269
0.221020
0.915236
0.121645
0.535419
0.403066
0.208182
0.281308
0.874929
0.693373
0.376764
0.208235
0.242584
0.156320
0.634444
0.714983
0.463573
0.396067
0.487364
0.209341
0.445991
0.150365
0.355157
0.389425
0.352418
0.777473
0.841907
0.686619
0.132153
0.296630
0.282207
0.470787
0.480463
0.360878
1.063963
0.383294
0.378739
0.502287
0.509651
0.367002
0.345778
0.590241
0.831399
0.607369
0.441545
0.711038
0.400374
0.140630
0.964645
0.288138
0.318274
0.413628
0.354053
0.198181
0.276128
0.443634
0.439956
0.144820
1.018796
0.207138
0.156864
0.283237
0.420301
0.288618
0.630437
0.187369
0.303342
0.348110
0.251269
0.227018
0.302820
0.858445
0.344848
0.324865
0.420279
0.258558
0.256732
0.318269
0.291357
0.328946
0.882261
0.473088
1.039995
0.839511
1.015502
0.951762
0.295492
0.706511
0.355236
1.186060
1.275500
0.547235
0.847905
0.598788
0.764008
0.898186
0.707982
1.086298
0.581775
0.874311
0.499041
0.917893
0.699553
0.849267
0.298343
0.782114
1.054564
0.788566
0.985428
0.966636
0.842396
0.649560
0.892390
0.541115
0.780561
0.487945
0.433217
0.965537
0.768570
1.595795
0.841216
0.398070
0.490659
0.587213
0.434226
0.797422
0.546542
0.573525
0.566001
0.445885
0.537259
0.563762
0.621336
0.745650
0.697274
0.565196
0.591375
0.672293
0.468242
0.567717
0.489389
0.577012
0.394137
0.489032
0.492560
0.303390
0.305668
0.448696
0.462103
0.492369
0.383737
0.448195
0.419609
0.395051
0.613895
0.526550
0.448472
0.396603
0.388120
0.451825
0.385329
0.436913
0.514150
0.468050
0.493327
0.621141
0.487219
0.378847
0.522911
0.447584
0.556022
0.413437
0.476697
0.541234
0.468207
0.560273
0.499100
0.375518
0.486566
0.420728
0.407275
0.565336
0.495835
0.715862
0.369599
0.358521
0.298279
0.445622
0.386494
0.417570
0.332868
0.132169
0.362581
0.335313
0.367594
0.326964
0.612875
0.485592
0.461597
0.576587
0.541425
0.402595
0.266923
0.261439
0.252559
0.546111
0.393431
0.469542
0.258136
0.548014
0.502377
0.329765
0.219073
0.351839
0.357966
0.366903
0.508930
0.212064
0.354280
0.517434
0.284293
0.481159
0.431124
0.446214
0.411884
0.554010
0.499521
0.243638
0.275251
0.348451
0.203911
0.085453
0.112867
0.879003
0.135904
0.585200
0.104122
0.625191
0.129341
0.435831
0.678871
1.208085
0.708436
0.025386
0.225900
0.541118
0.585862
0.292035
0.948704
0.765901
0.113266
0.472934
0.964113
0.223444
0.114231
0.331081
0.143773
0.216097
0.709594
0.397152
0.494035
1.405278
0.121898
0.365535
0.312077
0.116095
0.584375
0.463847
0.115052
0.429650
0.471943
0.303299
0.270778
0.242203
0.450934
0.013019
0.521541
0.459071
0.290411
0.825754
0.404212
0.587452
0.335876
0.109013
0.414598
0.127711
0.429204
0.962894
0.747977
0.472464
0.219020
0.240563
0.134350
0.331904
0.059832
0.711240
0.234505
0.424281
0.745527
0.710820
0.247712
0.382658
0.176500
0.295842
0.154639
0.254183
0.124620
0.323702
0.651776
0.350973
0.007047
0.281801
0.317330
0.850400
0.229852
0.474832
0.429229
0.375725
0.243686
0.177801
0.328997
0.342699
0.321999
0.535806
0.229372
0.427994
0.212165
0.508918
0.570231
0.263986
0.977992
0.486945
0.339070
0.269330
0.369391
0.277066
0.577238
0.210150
0.527697
0.366397
0.500973
0.474850
0.443341
0.415583
0.389523
0.380906
0.386979
0.520970
0.743604
0.202921
0.918210
0.103221
0.528322
0.376061
0.182657
0.266354
0.870952
0.744601
0.365600
0.193086
0.229644
0.153343
0.605741
0.690167
0.455479
0.374001
0.481704
0.200485
0.409383
0.159872
0.329098
0.370518
0.362638
0.779463
0.849805
0.680519
0.117478
0.300528
0.257671
0.460991
0.448838
0.342170
1.077401
0.375369
0.375967
0.465042
0.478904
0.377768
0.343088
0.583135
0.784488
0.603132
0.427968
0.695307
0.369094
0.120239
0.970085
0.270611
0.333116
0.383995
0.334026
0.200813
0.271359
0.444430
0.422286
0.127388
1.022980
0.194103
0.137035
0.286938
0.410166
0.292605
0.631630
0.174912
0.296016
0.358855
0.249001
0.205743
0.293259
0.893219
0.342459
0.334767
0.447141
0.244969
0.269105
0.313537
0.292967
0.336796
0.903964
0.510246
1.081893
0.855110
1.058937
0.973698
0.292408
0.722087
0.355600
1.228176
1.321832
0.565757
0.874245
0.569455
0.784250
0.939071
0.734746
1.129121
0.611936
0.912466
0.474131
0.960500
0.733002
0.880572
0.324263
0.788348
1.081987
0.778152
1.015399
1.005560
