0.050563
0.038487
0.051988
0.026416
0.038080
0.016680
0.017758
0.018011
0.025316
0.043285
0.030868
0.013117
0.020102
0.018503
0.011438
0.023309
0.019780
0.009915
0.021675
0.011899
0.016410
0.021625
0.011558
0.014922
0.012297
0.009202
0.008483
0.010630
0.008449
0.009462
0.007774
0.013673
0.003965
0.008693
0.005025
0.003103
0.005562
0.003489
0.007533
0.006356
0.002396
0.003908
0.006485
0.003287
0.002577
0.002731
0.005267
0.000899
0.002562
0.004918
0.001492
0.003494
0.002685
0.003359
0.003644
0.003994
0.001467
0.002879
0.004447
0.001253
0.001076
0.000950
0.000928
0.000998
0.000881
0.003863
0.001976
0.002554
0.001519
0.002617
0.003831
0.000596
0.000384
0.000549
0.000633
0.000535
0.000645
0.000576
0.000817
0.000657
0.000434
0.000543
0.000638
0.001090
0.000658
0.000654
0.002334
0.002236
0.001810
0.007395
0.008266
0.001037
0.000283
0.001190
0.000312
0.001787
0.000247
0.002811
0.001045
0.001802
0.000964
0.000346
0.000638
0.000453
0.004255
0.000207
0.000258
0.003980
0.000643
0.004267
0.000317
0.009500
0.002002
0.002706
0.004460
0.006661
0.004489
0.000595
0.005182
0.002522
0.000258
0.000603
0.000414
0.031552
0.004305
0.000072
0.000061
0.003084
0.002242
0.002619
0.004506
0.000022
0.001121
0.000082
0.004264
0.000312
0.006425
0.001761
0.000059
0.008882
0.000471
0.000892
0.000364
0.001019
0.000572
0.002215
0.000741
0.003019
0.011675
0.000834
0.002498
0.000043
0.001198
0.000754
0.000707
0.001848
0.009013
0.001818
0.000529
0.005104
0.008668
0.001447
0.000746
0.000046
0.005438
0.000362
0.008456
0.001047
0.000161
0.002414
0.003112
0.000740
0.005357
0.000034
0.002333
0.000086
0.000162
0.000020
0.000920
0.002009
0.002072
0.001505
0.001530
0.001996
0.000273
0.006149
0.002073
0.000331
0.002590
0.002444
0.001238
0.002575
0.002333
0.005611
0.001686
0.009001
0.002336
0.009074
0.004228
0.000538
0.000118
0.002350
0.000886
0.006883
0.000114
0.003496
0.003814
0.003186
0.001606
0.000643
0.000926
0.002403
0.001511
0.000643
0.001435
0.003362
0.000810
0.002638
0.012387
0.003209
0.001695
0.005600
0.001265
0.000859
0.004171
0.001552
0.002780
0.001741
0.000843
0.001969
0.001555
0.001095
0.000893
0.000098
0.001005
0.001161
0.002277
0.002662
0.000149
0.002390
0.002931
0.001210
0.002561
0.004224
0.001548
0.001549
0.000441
0.000046
0.002470
0.001187
0.000959
0.002411
0.000623
0.002671
0.002665
0.003095
0.001817
0.001521
0.002191
0.000146
0.000161
0.005391
0.000193
0.003070
0.002018
0.003106
0.000944
0.000904
0.001642
0.002577
0.001414
0.001864
0.000943
0.000792
0.000989
0.001859
0.002819
0.001064
0.002543
0.001253
0.005564
0.000267
0.000978
0.003530
0.001256
0.000743
0.000767
0.001981
0.000645
0.001973
0.000180
0.000527
0.001289
0.001218
0.001058
0.000300
0.003342
0.000405
0.000806
0.001113
0.000796
0.000398
0.001382
0.000802
0.002071
0.000644
0.000851
0.000348
0.002363
0.000282
0.000333
0.000333
0.000163
0.000552
0.000213
0.000399
0.001278
0.000225
0.000623
0.000155
0.000067
0.000161
0.000127
0.000099
0.000344
0.000178
0.000466
0.000116
0.000046
0.000120
0.000230
0.000397
0.000338
0.000081
0.000176
0.000164
0.000050
0.000096
0.000527
0.000127
0.000090
0.000082
0.000169
0.000147
0.000079
0.000082
0.000074
0.000057
0.043977
0.036479
0.050768
0.026361
0.037967
0.016687
0.017759
0.018000
0.025311
0.043253
0.030876
0.013119
0.020106
0.018506
0.011438
0.023305
0.019778
0.009912
0.021671
0.011899
0.016413
0.021628
0.011551
0.014920
0.012298
0.009203
0.008488
0.010633
0.008453
0.009461
0.007773
0.013675
0.003965
0.008693
0.005025
0.003104
0.005561
0.003489
0.007529
0.006356
0.002395
0.003908
0.006485
0.003281
0.002576
0.002729
0.005265
0.000897
0.002560
0.004909
0.001492
0.003490
0.002682
0.003359
0.003638
0.003995
0.001464
0.002874
0.004439
0.001251
0.001076
0.000945
0.000926
0.000998
0.000878
0.003855
0.001970
0.002552
0.001516
0.002611
0.003820
0.000596
0.000383
0.000546
0.000631
0.000530
0.000639
0.000574
0.000813
0.000654
0.000433
0.000539
0.000630
0.001084
0.000652
0.000649
0.002328
0.002229
0.001806
0.007421
0.008256
0.001028
0.000283
0.001181
0.000311
0.001776
0.000245
0.002801
0.001032
0.001799
0.000955
0.000344
0.000633
0.000445
0.004240
0.000202
0.000255
0.003954
0.000642
0.004244
0.000315
0.009468
0.001988
0.002689
0.004443
0.006636
0.004467
0.000593
0.005150
0.002499
0.000253
0.000614
0.000399
0.031377
0.004295
0.000075
0.000056
0.003030
0.002242
0.002596
0.004409
0.000022
0.001145
0.000079
0.004189
0.000302
0.006342
0.001743
0.000063
0.008846
0.000450
0.000868
0.000363
0.000992
0.000553
0.002189
0.000744
0.002957
0.011604
0.000827
0.002467
0.000044
0.001201
0.000753
0.000696
0.001831
0.008904
0.001772
0.000528
0.005045
0.008632
0.001429
0.000740
0.000042
0.005405
0.000354
0.008380
0.001024
0.000155
0.002341
0.003056
0.000727
0.005246
0.000031
0.002275
0.000091
0.000173
0.000023
0.000880
0.001994
0.002030
0.001459
0.001501
0.001958
0.000287
0.006135
0.002027
0.000331
0.002571
0.002424
0.001203
0.002539
0.002260
0.005550
0.001635
0.008870
0.002296
0.008977
0.004172
0.000520
0.000109
0.002301
0.000878
0.006838
0.000117
0.003415
0.003723
0.003096
0.001561
0.000629
0.000903
0.002339
0.001479
0.000623
0.001397
0.003344
0.000789
0.002571
0.012253
0.003185
0.001645
0.005516
0.001238
0.000826
0.004115
0.001523
0.002730
0.001704
0.000819
0.001906
0.001505
0.001049
0.000878
0.000091
0.000983
0.001123
0.002216
0.002590
0.000139
0.002304
0.002884
0.001165
0.002443
0.004160
0.001510
0.001500
0.000417
0.000047
0.002401
0.001136
0.000906
0.002361
0.000618
0.002609
0.002598
0.002985
0.001775
0.001477
0.002125
0.000151
0.000162
0.005220
0.000181
0.003011
0.001985
0.003030
0.000923
0.000876
0.001621
0.002494
0.001346
0.001798
0.000888
0.000762
0.000980
0.001822
0.002810
0.001030
0.002450
0.001223
0.005508
0.000260
0.000932
0.003442
0.001210
0.000702
0.000744
0.001909
0.000616
0.001959
0.000188
0.000525
0.001248
0.001157
0.001026
0.000282
0.003351
0.000395
0.000779
0.001059
0.000772
0.000382
0.001362
0.000782
0.002032
0.000623
0.000824
0.000347
0.002280
0.000278
0.000326
0.000326
0.000154
0.000534
0.000201
0.000392
0.001246
0.000217
0.000623
0.000160
0.000070
0.000164
0.000127
0.000101
0.000332
0.000175
0.000461
0.000109
0.000044
0.000118
0.000225
0.000395
0.000327
0.000078
0.000167
0.000171
0.000047
0.000092
0.000497
0.000130
0.000087
0.000080
0.000162
0.000146
0.000081
0.000079
0.000074
0.000057
0.044213
0.036508
0.050770
0.026332
0.037947
0.016682
0.017756
0.017996
0.025306
0.043251
0.030871
0.013116
0.020103
0.018503
0.011437
0.023305
0.019776
0.009913
0.021670
0.011900
0.016405
0.021624
0.011558
0.014918
0.012297
0.009204
0.008482
0.010627
0.008450
0.009456
0.007770
0.013673
0.003965
0.008695
0.005026
0.003102
0.005559
0.003490
0.007531
0.006350
0.002392
0.003907
0.006483
0.003283
0.002575
0.002728
0.005265
0.000896
0.002560
0.004911
0.001493
0.003492
0.002682
0.003355
0.003640
0.003996
0.001464
0.002873
0.004440
0.001254
0.001072
0.000947
0.000924
0.000994
0.000878
0.003858
0.001969
0.002552
0.001515
0.002613
0.003829
0.000594
0.000382
0.000546
0.000633
0.000531
0.000639
0.000574
0.000819
0.000657
0.000439
0.000544
0.000632
0.001081
0.000659
0.000649
0.002326
0.002233
0.001804
0.007401
0.008257
0.001027
0.000282
0.001190
0.000311
0.001782
0.000245
0.002805
0.001037
0.001776
0.000961
0.000344
0.000633
0.000449
0.004241
0.000205
0.000255
0.003968
0.000637
0.004245
0.000314
0.009470
0.001988
0.002692
0.004443
0.006658
0.004466
0.000595
0.005156
0.002488
0.000254
0.000604
0.000408
0.031310
0.004262
0.000067
0.000057
0.002984
0.002231
0.002587
0.004446
0.000021
0.001127
0.000076
0.004188
0.000293
0.006336
0.001740
0.000054
0.008901
0.000435
0.000853
0.000338
0.000968
0.000536
0.002227
0.000733
0.002976
0.011536
0.000813
0.002470
0.000040
0.001200
0.000745
0.000691
0.001826
0.008855
0.001795
0.000509
0.004988
0.008602
0.001413
0.000734
0.000042
0.005361
0.000358
0.008390
0.001022
0.000150
0.002336
0.003057
0.000701
0.005266
0.000033
0.002289
0.000083
0.000179
0.000023
0.000908
0.001983
0.002030
0.001466
0.001500
0.001979
0.000269
0.006154
0.002017
0.000326
0.002584
0.002406
0.001198
0.002532
0.002277
0.005514
0.001656
0.008818
0.002288
0.008979
0.004192
0.000527
0.000123
0.002310
0.000883
0.006828
0.000118
0.003403
0.003701
0.003148
0.001553
0.000620
0.000921
0.002356
0.001474
0.000631
0.001398
0.003293
0.000774
0.002571
0.012197
0.003168
0.001646
0.005527
0.001236
0.000843
0.004109
0.001506
0.002712
0.001703
0.000804
0.001916
0.001529
0.001052
0.000881
0.000095
0.000968
0.001128
0.002225
0.002627
0.000142
0.002319
0.002897
0.001180
0.002451
0.004135
0.001463
0.001499
0.000423
0.000044
0.002419
0.001146
0.000920
0.002372
0.000569
0.002604
0.002621
0.003015
0.001779
0.001501
0.002109
0.000158
0.000162
0.005220
0.000193
0.003005
0.001992
0.003006
0.000909
0.000880
0.001625
0.002500
0.001349
0.001818
0.000882
0.000777
0.000953
0.001806
0.002826
0.001027
0.002474
0.001236
0.005456
0.000259
0.000922
0.003416
0.001186
0.000674
0.000732
0.001950
0.000626
0.001968
0.000186
0.000515
0.001239
0.001143
0.001013
0.000280
0.003291
0.000417
0.000779
0.001050
0.000766
0.000377
0.001366
0.000800
0.002026
0.000627
0.000825
0.000341
0.002295
0.000264
0.000337
0.000321
0.000153
0.000531
0.000206
0.000401
0.001269
0.000213
0.000614
0.000157
0.000070
0.000161
0.000129
0.000097
0.000325
0.000169
0.000458
0.000116
0.000047
0.000114
0.000234
0.000385
0.000333
0.000077
0.000162
0.000159
0.000046
0.000092
0.000496
0.000131
0.000093
0.000080
0.000163
0.000143
0.000075
0.000088
0.000077
0.000058
0.044188
0.036536
0.050775
0.026331
0.037943
0.016678
0.017755
0.017998
0.025310
0.043247
0.030871
0.013116
0.020099
0.018505
0.011435
0.023293
0.019771
0.009911
0.021654
0.011888
0.016393
0.021607
0.011551
0.014903
0.012282
0.009193
0.008471
0.010619
0.008442
0.009444
0.007757
0.013654
0.003955
0.008684
0.005016
0.003088
0.005547
0.003480
0.007517
0.006345
0.002388
0.003897
0.006466
0.003271
0.002565
0.002716
0.005252
0.000891
0.002551
0.004893
0.001486
0.003473
0.002668
0.003336
0.003621
0.003978
0.001456
0.002857
0.004416
0.001239
0.001063
0.000937
0.000915
0.000981
0.000867
0.003839
0.001957
0.002540
0.001505
0.002595
0.003799
0.000584
0.000379
0.000537
0.000626
0.000523
0.000626
0.000567
0.000808
0.000646
0.000437
0.000532
0.000617
0.001062
0.000653
0.000644
0.002316
0.002204
0.001764
0.007391
0.008192
0.001012
0.000277
0.001172
0.000303
0.001757
0.000242
0.002760
0.001026
0.001768
0.000947
0.000336
0.000626
0.000440
0.004222
0.000195
0.000256
0.003926
0.000632
0.004208
0.000309
0.009365
0.001958
0.002641
0.004418
0.006581
0.004419
0.000585
0.005108
0.002464
0.000244
0.000584
0.000409
0.030836
0.004211
0.000070
0.000059
0.003012
0.002156
0.002571
0.004351
0.000024
0.001101
0.000082
0.004082
0.000258
0.006241
0.001674
0.000053
0.008729
0.000451
0.000824
0.000332
0.000991
0.000521
0.002177
0.000693
0.002951
0.011443
0.000789
0.002428
0.000044
0.001164
0.000725
0.000653
0.001826
0.008598
0.001753
0.000501
0.004941
0.008497
0.001364
0.000715
0.000049
0.005277
0.000338
0.008266
0.000990
0.000155
0.002246
0.002973
0.000699
0.005232
0.000030
0.002234
0.000084
0.000178
0.000022
0.000912
0.001925
0.001934
0.001422
0.001444
0.001909
0.000285
0.006060
0.002005
0.000318
0.002499
0.002320
0.001155
0.002469
0.002154
0.005366
0.001614
0.008565
0.002224
0.008740
0.004083
0.000500
0.000106
0.002257
0.000864
0.006721
0.000111
0.003378
0.003623
0.003066
0.001508
0.000580
0.000893
0.002257
0.001439
0.000604
0.001361
0.003256
0.000754
0.002526
0.012141
0.003135
0.001613
0.005410
0.001184
0.000790
0.004041
0.001439
0.002675
0.001660
0.000795
0.001851
0.001501
0.001010
0.000865
0.000097
0.000939
0.001080
0.002164
0.002557
0.000131
0.002223
0.002812
0.001147
0.002370
0.004056
0.001439
0.001446
0.000411
0.000049
0.002353
0.001096
0.000857
0.002322
0.000549
0.002546
0.002565
0.002895
0.001746
0.001457
0.002070
0.000160
0.000142
0.005063
0.000188
0.002961
0.001959
0.002904
0.000882
0.000863
0.001603
0.002402
0.001320
0.001762
0.000858
0.000760
0.000949
0.001754
0.002772
0.001016
0.002418
0.001235
0.005297
0.000249
0.000878
0.003364
0.001150
0.000685
0.000716
0.001888
0.000607
0.001933
0.000177
0.000504
0.001196
0.001087
0.000984
0.000271
0.003320
0.000383
0.000760
0.001037
0.000738
0.000354
0.001317
0.000764
0.001988
0.000615
0.000818
0.000337
0.002260
0.000268
0.000325
0.000317
0.000157
0.000511
0.000189
0.000392
0.001249
0.000208
0.000601
0.000157
0.000069
0.000154
0.000127
0.000093
0.000314
0.000167
0.000452
0.000112
0.000045
0.000112
0.000225
0.000366
0.000326
0.000077
0.000161
0.000163
0.000049
0.000085
0.000497
0.000132
0.000084
0.000081
0.000160
0.000146
0.000073
0.000077
0.000073
0.000055
0.044378
0.036562
0.050758
0.026303
0.037930
0.016676
0.017756
0.018005
0.025313
0.043255
0.030876
0.013122
0.020107
0.018504
0.011439
0.023301
0.019776
0.009915
0.021668
0.011894
0.016408
0.021625
0.011552
0.014922
0.012297
0.009200
0.008485
0.010632
0.008451
0.009460
0.007768
0.013675
0.003965
0.008694
0.005025
0.003102
0.005562
0.003489
0.007529
0.006354
0.002394
0.003910
0.006485
0.003285
0.002575
0.002728
0.005268
0.000898
0.002564
0.004917
0.001494
0.003494
0.002685
0.003359
0.003645
0.003999
0.001469
0.002873
0.004448
0.001250
0.001077
0.000946
0.000927
0.000998
0.000883
0.003859
0.001971
0.002552
0.001520
0.002614
0.003827
0.000594
0.000383
0.000551
0.000634
0.000534
0.000644
0.000576
0.000817
0.000655
0.000434
0.000546
0.000635
0.001086
0.000659
0.000652
0.002331
0.002231
0.001803
0.007360
0.008255
0.001036
0.000282
0.001183
0.000313
0.001780
0.000246
0.002806
0.001036
0.001792
0.000960
0.000341
0.000636
0.000452
0.004254
0.000202
0.000257
0.003974
0.000642
0.004276
0.000316
0.009482
0.001995
0.002674
0.004443
0.006655
0.004482
0.000592
0.005154
0.002500
0.000253
0.000596
0.000413
0.031275
0.004207
0.000075
0.000061
0.002933
0.002186
0.002604
0.004416
0.000021
0.001144
0.000087
0.004167
0.000292
0.006339
0.001780
0.000055
0.008805
0.000478
0.000876
0.000361
0.001017
0.000546
0.002219
0.000716
0.002983
0.011587
0.000816
0.002480
0.000046
0.001190
0.000753
0.000685
0.001906
0.008904
0.001797
0.000522
0.005081
0.008597
0.001417
0.000743
0.000049
0.005408
0.000354
0.008388
0.001030
0.000158
0.002290
0.003065
0.000736
0.005280
0.000038
0.002294
0.000090
0.000164
0.000025
0.000889
0.001973
0.002027
0.001460
0.001512
0.001956
0.000265
0.006120
0.002044
0.000338
0.002592
0.002392
0.001203
0.002524
0.002274
0.005497
0.001652
0.008856
0.002309
0.008907
0.004134
0.000515
0.000123
0.002311
0.000841
0.006849
0.000113
0.003430
0.003726
0.003139
0.001568
0.000611
0.000926
0.002312
0.001478
0.000621
0.001414
0.003341
0.000768
0.002585
0.012372
0.003195
0.001645
0.005517
0.001219
0.000830
0.004106
0.001526
0.002731
0.001710
0.000797
0.001918
0.001517
0.001060
0.000867
0.000100
0.000976
0.001135
0.002228
0.002609
0.000147
0.002302
0.002888
0.001165
0.002463
0.004181
0.001494
0.001488
0.000420
0.000054
0.002398
0.001156
0.000905
0.002365
0.000594
0.002631
0.002585
0.003020
0.001785
0.001487
0.002088
0.000151
0.000146
0.005256
0.000181
0.003034
0.001981
0.003010
0.000910
0.000878
0.001626
0.002489
0.001355
0.001810
0.000904
0.000739
0.000982
0.001813
0.002792
0.001037
0.002475
0.001239
0.005414
0.000245
0.000949
0.003448
0.001198
0.000681
0.000757
0.001948
0.000630
0.001962
0.000169
0.000497
0.001231
0.001139
0.001030
0.000278
0.003361
0.000391
0.000766
0.001084
0.000756
0.000383
0.001362
0.000774
0.002026
0.000626
0.000835
0.000338
0.002300
0.000265
0.000326
0.000325
0.000154
0.000532
0.000190
0.000399
0.001268
0.000224
0.000605
0.000153
0.000067
0.000155
0.000128
0.000097
0.000325
0.000164
0.000454
0.000111
0.000047
0.000112
0.000226
0.000388
0.000340
0.000081
0.000162
0.000165
0.000049
0.000090
0.000494
0.000129
0.000088
0.000082
0.000162
0.000148
0.000076
0.000078
0.000075
0.000056
0.044274
0.036496
0.050721
0.026321
0.037943
0.016678
0.017755
0.017999
0.025312
0.043247
0.030873
0.013117
0.020098
0.018493
0.011427
0.023287
0.019759
0.009904
0.021646
0.011876
0.016388
0.021608
0.011543
0.014904
0.012276
0.009177
0.008465
0.010614
0.008432
0.009439
0.007749
0.013635
0.003948
0.008664
0.005005
0.003084
0.005539
0.003470
0.007494
0.006328
0.002379
0.003886
0.006450
0.003261
0.002560
0.002707
0.005243
0.000890
0.002541
0.004891
0.001485
0.003465
0.002662
0.003335
0.003613
0.003966
0.001448
0.002843
0.004412
0.001234
0.001065
0.000937
0.000914
0.000984
0.000875
0.003825
0.001950
0.002526
0.001502
0.002578
0.003777
0.000588
0.000375
0.000540
0.000630
0.000525
0.000628
0.000563
0.000798
0.000638
0.000428
0.000530
0.000606
0.001069
0.000640
0.000640
0.002306
0.002172
0.001797
0.007285
0.008129
0.001014
0.000276
0.001153
0.000304
0.001735
0.000248
0.002742
0.001008
0.001761
0.000940
0.000334
0.000618
0.000450
0.004196
0.000194
0.000252
0.003956
0.000624
0.004193
0.000306
0.009348
0.001949
0.002610
0.004388
0.006594
0.004382
0.000580
0.005043
0.002430
0.000246
0.000564
0.000389
0.030743
0.004026
0.000066
0.000066
0.002898
0.002157
0.002554
0.004439
0.000024
0.001098
0.000080
0.004042
0.000288
0.006243
0.001667
0.000057
0.008724
0.000465
0.000832
0.000352
0.000945
0.000516
0.002151
0.000639
0.002869
0.011352
0.000773
0.002397
0.000045
0.001170
0.000737
0.000659
0.001787
0.008516
0.001728
0.000493
0.004896
0.008430
0.001342
0.000721
0.000058
0.005198
0.000328
0.008172
0.000962
0.000148
0.001966
0.002932
0.000708
0.005109
0.000032
0.002213
0.000091
0.000177
0.000025
0.000850
0.001877
0.001924
0.001369
0.001436
0.001857
0.000266
0.005942
0.001953
0.000340
0.002579
0.002285
0.001113
0.002427
0.002113
0.005268
0.001569
0.008549
0.002194
0.008639
0.003997
0.000506
0.000113
0.002230
0.000817
0.006691
0.000090
0.003261
0.003585
0.002996
0.001466
0.000567
0.000883
0.002200
0.001411
0.000597
0.001341
0.003318
0.000733
0.002487
0.012116
0.003109
0.001544
0.005325
0.001168
0.000765
0.003973
0.001445
0.002618
0.001628
0.000760
0.001803
0.001451
0.001005
0.000837
0.000097
0.000902
0.001067
0.002147
0.002506
0.000134
0.002177
0.002775
0.001083
0.002326
0.004040
0.001362
0.001418
0.000394
0.000047
0.002343
0.001089
0.000825
0.002240
0.000539
0.002486
0.002455
0.002895
0.001701
0.001420
0.002015
0.000156
0.000156
0.005026
0.000174
0.002956
0.001896
0.002874
0.000864
0.000842
0.001548
0.002376
0.001280
0.001721
0.000835
0.000714
0.000942
0.001723
0.002751
0.001006
0.002334
0.001169
0.005163
0.000235
0.000857
0.003323
0.001125
0.000629
0.000700
0.001830
0.000605
0.001879
0.000168
0.000493
0.001170
0.001057
0.000969
0.000273
0.003349
0.000369
0.000736
0.001020
0.000729
0.000350
0.001314
0.000747
0.001961
0.000611
0.000808
0.000345
0.002230
0.000253
0.000321
0.000315
0.000153
0.000519
0.000177
0.000380
0.001199
0.000214
0.000600
0.000147
0.000069
0.000149
0.000132
0.000097
0.000306
0.000166
0.000444
0.000116
0.000048
0.000113
0.000214
0.000386
0.000323
0.000077
0.000156
0.000173
0.000049
0.000084
0.000466
0.000132
0.000083
0.000082
0.000156
0.000144
0.000078
0.000085
0.000073
0.000055
0.044261
0.036456
0.050661
0.026254
0.037883
0.016644
0.017735
0.017987
0.025299
0.043230
0.030839
0.013076
0.020027
0.018417
0.011364
0.023199
0.019661
0.009858
0.021542
0.011805
0.016321
0.021529
0.011489
0.014823
0.012201
0.009090
0.008396
0.010541
0.008364
0.009364
0.007688
0.013520
0.003898
0.008574
0.004943
0.003033
0.005462
0.003412
0.007406
0.006267
0.002344
0.003820
0.006351
0.003193
0.002523
0.002656
0.005175
0.000872
0.002488
0.004807
0.001456
0.003390
0.002609
0.003270
0.003537
0.003900
0.001408
0.002776
0.004305
0.001192
0.001041
0.000913
0.000892
0.000953
0.000852
0.003741
0.001899
0.002468
0.001461
0.002503
0.003667
0.000564
0.000357
0.000514
0.000616
0.000503
0.000598
0.000540
0.000762
0.000608
0.000422
0.000500
0.000583
0.001022
0.000609
0.000624
0.002255
0.002085
0.001705
0.007141
0.007901
0.000968
0.000266
0.001093
0.000291
0.001671
0.000240
0.002617
0.000949
0.001708
0.000897
0.000315
0.000599
0.000419
0.004107
0.000178
0.000246
0.003794
0.000600
0.004050
0.000300
0.009049
0.001859
0.002466
0.004250
0.006300
0.004175
0.000550
0.004790
0.002295
0.000234
0.000517
0.000364
0.028462
0.003725
0.000075
0.000068
0.002671
0.002038
0.002448
0.004122
0.000031
0.001107
0.000082
0.003706
0.000224
0.005930
0.001601
0.000049
0.008338
0.000454
0.000755
0.000329
0.000895
0.000491
0.002039
0.000590
0.002722
0.010995
0.000737
0.002278
0.000047
0.001105
0.000710
0.000581
0.001760
0.007760
0.001624
0.000454
0.004616
0.008083
0.001288
0.000687
0.000064
0.004854
0.000295
0.007715
0.000897
0.000142
0.001761
0.002781
0.000644
0.004670
0.000033
0.002094
0.000092
0.000192
0.000032
0.000804
0.001781
0.001764
0.001265
0.001343
0.001777
0.000268
0.005741
0.001838
0.000336
0.002501
0.002216
0.001030
0.002324
0.001989
0.004980
0.001479
0.008068
0.002083
0.008204
0.003812
0.000473
0.000104
0.002108
0.000807
0.006376
0.000082
0.003111
0.003419
0.002828
0.001380
0.000536
0.000850
0.002039
0.001353
0.000575
0.001307
0.003228
0.000697
0.002397
0.011727
0.003015
0.001480
0.005130
0.001102
0.000734
0.003821
0.001368
0.002500
0.001566
0.000711
0.001736
0.001411
0.000946
0.000798
0.000096
0.000881
0.001033
0.002060
0.002398
0.000122
0.002062
0.002630
0.001042
0.002158
0.003905
0.001228
0.001349
0.000384
0.000047
0.002266
0.001022
0.000766
0.002139
0.000484
0.002377
0.002289
0.002788
0.001608
0.001340
0.001920
0.000161
0.000149
0.004781
0.000158
0.002794
0.001820
0.002692
0.000822
0.000802
0.001487
0.002276
0.001227
0.001660
0.000816
0.000703
0.000896
0.001667
0.002701
0.000980
0.002219
0.001116
0.004922
0.000239
0.000819
0.003209
0.001066
0.000610
0.000677
0.001740
0.000581
0.001816
0.000157
0.000461
0.001108
0.000971
0.000932
0.000260
0.003299
0.000345
0.000698
0.000950
0.000701
0.000335
0.001267
0.000707
0.001889
0.000596
0.000776
0.000337
0.002132
0.000246
0.000318
0.000304
0.000147
0.000497
0.000159
0.000370
0.001158
0.000208
0.000592
0.000144
0.000070
0.000144
0.000134
0.000096
0.000300
0.000163
0.000429
0.000114
0.000049
0.000107
0.000209
0.000384
0.000314
0.000077
0.000146
0.000181
0.000050
0.000080
0.000457
0.000129
0.000079
0.000081
0.000151
0.000143
0.000076
0.000077
0.000072
0.000052
0.044277
0.036347
0.050539
0.026155
0.037788
0.016579
0.017679
0.017911
0.025202
0.043057
0.030619
0.012945
0.019827
0.018261
0.011240
0.023042
0.019474
0.009765
0.021329
0.011666
0.016181
0.021341
0.011373
0.014664
0.012057
0.008953
0.008277
0.010405
0.008233
0.009222
0.007571
0.013305
0.003815
0.008428
0.004836
0.002952
0.005336
0.003331
0.007266
0.006161
0.002280
0.003722
0.006195
0.003100
0.002473
0.002581
0.005072
0.000850
0.002413
0.004682
0.001421
0.003292
0.002542
0.003183
0.003426
0.003798
0.001360
0.002697
0.004165
0.001146
0.001002
0.000879
0.000863
0.000920
0.000823
0.003627
0.001828
0.002388
0.001414
0.002428
0.003541
0.000540
0.000342
0.000491
0.000600
0.000485
0.000569
0.000523
0.000734
0.000587
0.000413
0.000471
0.000551
0.000972
0.000585
0.000606
0.002180
0.002008
0.001606
0.006880
0.007611
0.000930
0.000255
0.001041
0.000283
0.001605
0.000234
0.002484
0.000906
0.001651
0.000857
0.000303
0.000576
0.000395
0.003991
0.000169
0.000236
0.003614
0.000568
0.003888
0.000283
0.008689
0.001767
0.002335
0.004100
0.006010
0.003950
0.000532
0.004564
0.002190
0.000220
0.000495
0.000354
0.025222
0.003376
0.000085
0.000061
0.002494
0.001912
0.002436
0.003595
0.000032
0.001154
0.000086
0.003490
0.000199
0.005767
0.001541
0.000048
0.007946
0.000426
0.000733
0.000295
0.000850
0.000463
0.001940
0.000559
0.002608
0.010634
0.000716
0.002189
0.000047
0.001052
0.000690
0.000518
0.001662
0.007094
0.001573
0.000430
0.004400
0.007754
0.001273
0.000666
0.000060
0.004554
0.000285
0.007374
0.000868
0.000134
0.001697
0.002638
0.000600
0.004420
0.000027
0.002009
0.000090
0.000187
0.000028
0.000769
0.001711
0.001628
0.001212
0.001287
0.001726
0.000272
0.005554
0.001751
0.000331
0.002411
0.002166
0.000987
0.002252
0.001910
0.004791
0.001429
0.007682
0.002013
0.007892
0.003682
0.000456
0.000093
0.002019
0.000800
0.006181
0.000073
0.003001
0.003310
0.002732
0.001331
0.000517
0.000829
0.001944
0.001318
0.000569
0.001275
0.003160
0.000677
0.002327
0.011312
0.002923
0.001425
0.004976
0.001081
0.000699
0.003699
0.001319
0.002369
0.001524
0.000683
0.001698
0.001377
0.000913
0.000769
0.000097
0.000855
0.001003
0.002011
0.002331
0.000121
0.001995
0.002517
0.001021
0.002045
0.003765
0.001115
0.001305
0.000376
0.000046
0.002209
0.000990
0.000733
0.002074
0.000456
0.002272
0.002183
0.002685
0.001525
0.001296
0.001891
0.000155
0.000148
0.004608
0.000156
0.002688
0.001734
0.002512
0.000790
0.000777
0.001458
0.002225
0.001191
0.001621
0.000803
0.000682
0.000864
0.001615
0.002650
0.000962
0.002142
0.001085
0.004710
0.000240
0.000793
0.003128
0.001024
0.000577
0.000658
0.001680
0.000565
0.001758
0.000153
0.000451
0.001064
0.000919
0.000907
0.000255
0.003204
0.000329
0.000678
0.000916
0.000678
0.000321
0.001237
0.000687
0.001843
0.000580
0.000757
0.000330
0.002057
0.000235
0.000317
0.000297
0.000145
0.000480
0.000159
0.000360
0.001125
0.000202
0.000584
0.000139
0.000070
0.000142
0.000131
0.000095
0.000288
0.000164
0.000425
0.000114
0.000047
0.000105
0.000203
0.000374
0.000307
0.000076
0.000144
0.000175
0.000049
0.000077
0.000448
0.000126
0.000076
0.000081
0.000147
0.000146
0.000076
0.000075
0.000071
0.000052
0.043993
0.036110
0.050293
0.025994
0.037602
0.016458
0.017557
0.017756
0.024998
0.042781
0.030375
0.012812
0.019613
0.018084
0.011102
0.022786
0.019213
0.009644
0.021075
0.011516
0.016014
0.021134
0.011250
0.014495
0.011907
0.008804
0.008149
0.010262
0.008104
0.009079
0.007460
0.013103
0.003741
0.008294
0.004742
0.002882
0.005231
0.003268
0.007149
0.006070
0.002232
0.003641
0.006063
0.003035
0.002434
0.002524
0.004986
0.000834
0.002359
0.004581
0.001392
0.003218
0.002497
0.003118
0.003347
0.003722
0.001329
0.002648
0.004068
0.001113
0.000975
0.000859
0.000846
0.000898
0.000805
0.003542
0.001781
0.002332
0.001381
0.002383
0.003457
0.000523
0.000332
0.000478
0.000589
0.000477
0.000554
0.000514
0.000719
0.000576
0.000408
0.000456
0.000528
0.000955
0.000573
0.000599
0.002140
0.001974
0.001540
0.006683
0.007424
0.000910
0.000249
0.001006
0.000274
0.001570
0.000228
0.002418
0.000884
0.001612
0.000833
0.000297
0.000564
0.000385
0.003928
0.000166
0.000231
0.003498
0.000553
0.003796
0.000277
0.008403
0.001713
0.002260
0.003988
0.005795
0.003807
0.000521
0.004431
0.002145
0.000217
0.000485
0.000357
0.022485
0.003138
0.000078
0.000062
0.002401
0.001863
0.002486
0.003259
0.000033
0.001146
0.000080
0.003398
0.000210
0.005759
0.001499
0.000045
0.007741
0.000418
0.000724
0.000280
0.000832
0.000463
0.001889
0.000551
0.002532
0.010457
0.000712
0.002150
0.000046
0.001017
0.000676
0.000479
0.001629
0.006650
0.001547
0.000419
0.004290
0.007535
0.001269
0.000660
0.000056
0.004337
0.000281
0.007159
0.000858
0.000134
0.001659
0.002593
0.000573
0.004253
0.000026
0.001975
0.000086
0.000182
0.000027
0.000757
0.001663
0.001562
0.001177
0.001258
0.001709
0.000272
0.005470
0.001722
0.000330
0.002372
0.002152
0.000973
0.002221
0.001872
0.004699
0.001407
0.007486
0.001979
0.007714
0.003607
0.000448
0.000086
0.001968
0.000787
0.006064
0.000071
0.002956
0.003259
0.002678
0.001315
0.000507
0.000818
0.001895
0.001295
0.000567
0.001262
0.003128
0.000667
0.002293
0.011066
0.002867
0.001396
0.004905
0.001069
0.000691
0.003624
0.001299
0.002304
0.001498
0.000672
0.001678
0.001366
0.000901
0.000753
0.000096
0.000842
0.000987
0.001984
0.002287
0.000123
0.001967
0.002470
0.001003
0.001999
0.003690
0.001055
0.001285
0.000373
0.000044
0.002181
0.000973
0.000721
0.002040
0.000431
0.002224
0.002122
0.002631
0.001487
0.001269
0.001876
0.000151
0.000147
0.004515
0.000152
0.002622
0.001694
0.002426
0.000770
0.000761
0.001434
0.002198
0.001179
0.001603
0.000801
0.000678
0.000842
0.001586
0.002620
0.000953
0.002108
0.001074
0.004572
0.000240
0.000781
0.003087
0.001001
0.000568
0.000653
0.001654
0.000557
0.001721
0.000150
0.000440
0.001041
0.000895
0.000893
0.000251
0.003141
0.000321
0.000665
0.000893
0.000665
0.000315
0.001217
0.000673
0.001812
0.000573
0.000746
0.000326
0.002014
0.000231
0.000317
0.000292
0.000145
0.000471
0.000159
0.000353
0.001111
0.000199
0.000579
0.000136
0.000070
0.000140
0.000130
0.000096
0.000285
0.000165
0.000422
0.000115
0.000047
0.000104
0.000200
0.000370
0.000303
0.000076
0.000144
0.000175
0.000050
0.000075
0.000446
0.000126
0.000075
0.000081
0.000145
0.000148
0.000075
0.000073
0.000071
0.000052
0.043633
0.035839
0.050007
0.025804
0.037383
0.016318
0.017409
0.017578
0.024756
0.042493
0.030104
0.012672
0.019384
0.017895
0.010955
0.022503
0.018933
0.009515
0.020804
0.011355
0.015838
0.020918
0.011123
0.014322
0.011757
0.008658
0.008022
0.010122
0.007978
0.008948
0.007362
0.012919
0.003676
0.008174
0.004661
0.002822
0.005139
0.003219
0.007051
0.005990
0.002192
0.003578
0.005958
0.002989
0.002404
0.002481
0.004917
0.000822
0.002321
0.004507
0.001372
0.003164
0.002466
0.003070
0.003293
0.003670
0.001308
0.002619
0.004004
0.001092
0.000956
0.000845
0.000837
0.000885
0.000794
0.003482
0.001753
0.002294
0.001360
0.002356
0.003406
0.000513
0.000329
0.000473
0.000583
0.000472
0.000543
0.000508
0.000712
0.000571
0.000405
0.000449
0.000521
0.000947
0.000567
0.000595
0.002120
0.001955
0.001502
0.006544
0.007309
0.000901
0.000245
0.000986
0.000269
0.001548
0.000224
0.002378
0.000875
0.001592
0.000817
0.000295
0.000558
0.000382
0.003883
0.000165
0.000230
0.003423
0.000543
0.003743
0.000273
0.008211
0.001682
0.002216
0.003916
0.005657
0.003723
0.000513
0.004359
0.002124
0.000215
0.000480
0.000353
0.020610
0.003023
0.000076
0.000062
0.002346
0.001832
0.002499
0.002979
0.000032
0.001127
0.000085
0.003327
0.000207
0.005777
0.001480
0.000046
0.007666
0.000405
0.000711
0.000272
0.000810
0.000458
0.001866
0.000549
0.002479
0.010359
0.000710
0.002120
0.000046
0.001001
0.000668
0.000459
0.001610
0.006342
0.001530
0.000402
0.004234
0.007402
0.001272
0.000657
0.000058
0.004173
0.000276
0.007026
0.000863
0.000132
0.001641
0.002573
0.000561
0.004152
0.000027
0.001961
0.000084
0.000181
0.000028
0.000749
0.001624
0.001525
0.001155
0.001241
0.001700
0.000273
0.005423
0.001716
0.000329
0.002349
0.002144
0.000967
0.002203
0.001854
0.004658
0.001393
0.007385
0.001959
0.007609
0.003573
0.000445
0.000081
0.001945
0.000776
0.006001
0.000074
0.002946
0.003226
0.002651
0.001309
0.000501
0.000814
0.001863
0.001279
0.000568
0.001255
0.003113
0.000664
0.002270
0.010916
0.002834
0.001382
0.004863
0.001061
0.000689
0.003573
0.001292
0.002260
0.001481
0.000665
0.001664
0.001360
0.000893
0.000744
0.000095
0.000833
0.000975
0.001967
0.002256
0.000126
0.001951
0.002448
0.000987
0.001976
0.003641
0.001018
0.001274
0.000370
0.000045
0.002163
0.000963
0.000714
0.002017
0.000413
0.002200
0.002090
0.002599
0.001466
0.001256
0.001863
0.000148
0.000146
0.004460
0.000151
0.002584
0.001672
0.002378
0.000759
0.000749
0.001419
0.002179
0.001173
0.001592
0.000800
0.000677
0.000827
0.001569
0.002600
0.000950
0.002089
0.001070
0.004478
0.000241
0.000772
0.003062
0.000987
0.000563
0.000651
0.001640
0.000552
0.001701
0.000148
0.000433
0.001027
0.000881
0.000885
0.000248
0.003095
0.000316
0.000655
0.000878
0.000656
0.000311
0.001203
0.000664
0.001791
0.000569
0.000742
0.000324
0.001988
0.000229
0.000317
0.000289
0.000145
0.000466
0.000158
0.000349
0.001102
0.000197
0.000575
0.000133
0.000070
0.000139
0.000131
0.000097
0.000283
0.000165
0.000420
0.000114
0.000047
0.000103
0.000199
0.000367
0.000300
0.000076
0.000144
0.000175
0.000050
0.000075
0.000445
0.000127
0.000075
0.000081
0.000144
0.000148
0.000074
0.000072
0.000071
0.000052
0.043229
0.035541
0.049684
0.025593
0.037134
0.016164
0.017245
0.017388
0.024503
0.042209
0.029816
0.012531
0.019156
0.017712
0.010814
0.022223
0.018658
0.009394
0.020542
0.011202
0.015666
0.020711
0.011000
0.014163
0.011620
0.008530
0.007909
0.009994
0.007866
0.008827
0.007275
0.012762
0.003623
0.008078
0.004595
0.002772
0.005068
0.003182
0.006976
0.005927
0.002161
0.003529
0.005876
0.002955
0.002380
0.002447
0.004867
0.000813
0.002292
0.004449
0.001358
0.003125
0.002446
0.003038
0.003254
0.003631
0.001295
0.002599
0.003960
0.001079
0.000944
0.000836
0.000830
0.000877
0.000786
0.003442
0.001733
0.002268
0.001347
0.002338
0.003374
0.000508
0.000326
0.000470
0.000579
0.000469
0.000537
0.000505
0.000707
0.000569
0.000403
0.000444
0.000515
0.000942
0.000562
0.000593
0.002105
0.001946
0.001479
0.006434
0.007239
0.000896
0.000243
0.000974
0.000264
0.001536
0.000221
0.002350
0.000872
0.001577
0.000808
0.000295
0.000553
0.000378
0.003855
0.000166
0.000229
0.003377
0.000536
0.003708
0.000270
0.008079
0.001661
0.002191
0.003868
0.005563
0.003672
0.000509
0.004326
0.002113
0.000215
0.000482
0.000350
0.019337
0.002948
0.000074
0.000065
0.002338
0.001798
0.002479
0.002829
0.000033
0.001129
0.000084
0.003261
0.000185
0.005741
0.001466
0.000046
0.007589
0.000398
0.000711
0.000277
0.000792
0.000458
0.001873
0.000556
0.002405
0.010328
0.000711
0.002108
0.000046
0.000982
0.000658
0.000450
0.001599
0.006209
0.001517
0.000403
0.004183
0.007308
0.001272
0.000653
0.000060
0.004075
0.000280
0.006949
0.000864
0.000130
0.001629
0.002563
0.000551
0.004071
0.000027
0.001953
0.000084
0.000181
0.000027
0.000744
0.001604
0.001494
0.001145
0.001233
0.001693
0.000274
0.005397
0.001712
0.000328
0.002328
0.002138
0.000963
0.002191
0.001843
0.004630
0.001388
0.007317
0.001948
0.007536
0.003544
0.000443
0.000077
0.001925
0.000764
0.005960
0.000073
0.002930
0.003212
0.002631
0.001303
0.000496
0.000818
0.001848
0.001269
0.000567
0.001251
0.003099
0.000663
0.002259
0.010812
0.002808
0.001372
0.004838
0.001057
0.000688
0.003542
0.001288
0.002230
0.001471
0.000662
0.001658
0.001356
0.000889
0.000738
0.000094
0.000828
0.000965
0.001959
0.002237
0.000128
0.001944
0.002434
0.000980
0.001962
0.003606
0.000997
0.001267
0.000370
0.000044
0.002151
0.000959
0.000711
0.002007
0.000399
0.002184
0.002070
0.002577
0.001452
0.001252
0.001854
0.000144
0.000146
0.004427
0.000149
0.002561
0.001657
0.002347
0.000750
0.000741
0.001411
0.002168
0.001170
0.001585
0.000799
0.000676
0.000817
0.001559
0.002589
0.000947
0.002079
0.001065
0.004416
0.000243
0.000767
0.003049
0.000979
0.000556
0.000649
0.001634
0.000549
0.001692
0.000146
0.000429
0.001018
0.000878
0.000881
0.000247
0.003053
0.000315
0.000653
0.000868
0.000652
0.000309
0.001198
0.000658
0.001776
0.000566
0.000737
0.000321
0.001970
0.000228
0.000318
0.000286
0.000145
0.000462
0.000160
0.000345
0.001099
0.000195
0.000572
0.000131
0.000069
0.000138
0.000130
0.000098
0.000281
0.000166
0.000418
0.000115
0.000047
0.000103
0.000197
0.000363
0.000299
0.000076
0.000144
0.000174
0.000051
0.000075
0.000445
0.000127
0.000074
0.000082
0.000143
0.000149
0.000074
0.000072
0.000071
0.000052
0.042846
0.035246
0.049351
0.025375
0.036878
0.016011
0.017082
0.017211
0.024255
0.041930
0.029531
0.012397
0.018941
0.017547
0.010685
0.021968
0.018409
0.009287
0.020302
0.011067
0.015505
0.020515
0.010888
0.014022
0.011501
0.008421
0.007817
0.009884
0.007775
0.008729
0.007204
0.012634
0.003580
0.007999
0.004544
0.002734
0.005011
0.003154
0.006919
0.005878
0.002138
0.003493
0.005814
0.002931
0.002364
0.002424
0.004828
0.000805
0.002271
0.004406
0.001348
0.003095
0.002430
0.003014
0.003227
0.003603
0.001284
0.002586
0.003929
0.001070
0.000935
0.000831
0.000826
0.000870
0.000780
0.003415
0.001721
0.002252
0.001337
0.002327
0.003352
0.000504
0.000325
0.000468
0.000578
0.000468
0.000532
0.000502
0.000702
0.000567
0.000402
0.000439
0.000509
0.000942
0.000561
0.000591
0.002099
0.001940
0.001465
0.006386
0.007195
0.000893
0.000241
0.000966
0.000261
0.001526
0.000221
0.002331
0.000876
0.001570
0.000801
0.000293
0.000549
0.000377
0.003838
0.000166
0.000230
0.003349
0.000530
0.003689
0.000269
0.007987
0.001650
0.002178
0.003828
0.005529
0.003654
0.000505
0.004302
0.002106
0.000217
0.000481
0.000349
0.018773
0.002930
0.000074
0.000065
0.002312
0.001778
0.002469
0.002762
0.000034
0.001098
0.000086
0.003248
0.000186
0.005697
0.001467
0.000048
0.007552
0.000395
0.000709
0.000271
0.000766
0.000464
0.001860
0.000549
0.002356
0.010269
0.000709
0.002094
0.000048
0.000976
0.000658
0.000445
0.001591
0.006093
0.001513
0.000394
0.004153
0.007244
0.001272
0.000649
0.000059
0.003980
0.000283
0.006897
0.000869
0.000130
0.001632
0.002556
0.000543
0.004022
0.000027
0.001950
0.000082
0.000184
0.000026
0.000742
0.001589
0.001474
0.001137
0.001225
0.001691
0.000278
0.005396
0.001713
0.000327
0.002320
0.002136
0.000961
0.002182
0.001837
0.004606
0.001385
0.007269
0.001939
0.007480
0.003526
0.000442
0.000075
0.001908
0.000756
0.005925
0.000074
0.002919
0.003201
0.002616
0.001303
0.000494
0.000819
0.001839
0.001262
0.000567
0.001249
0.003091
0.000662
0.002256
0.010741
0.002793
0.001369
0.004825
0.001056
0.000687
0.003520
0.001287
0.002208
0.001465
0.000659
0.001653
0.001355
0.000885
0.000733
0.000094
0.000824
0.000959
0.001953
0.002220
0.000129
0.001940
0.002422
0.000974
0.001951
0.003579
0.000984
0.001263
0.000368
0.000045
0.002143
0.000954
0.000708
0.001998
0.000391
0.002175
0.002059
0.002561
0.001443
0.001247
0.001845
0.000140
0.000144
0.004405
0.000149
0.002542
0.001652
0.002325
0.000746
0.000736
0.001403
0.002160
0.001169
0.001581
0.000798
0.000676
0.000811
0.001552
0.002576
0.000946
0.002072
0.001064
0.004374
0.000244
0.000763
0.003039
0.000974
0.000552
0.000648
0.001630
0.000547
0.001684
0.000145
0.000425
0.001013
0.000874
0.000878
0.000247
0.003022
0.000314
0.000650
0.000862
0.000648
0.000308
0.001193
0.000654
0.001766
0.000564
0.000733
0.000319
0.001958
0.000227
0.000318
0.000284
0.000145
0.000459
0.000160
0.000344
0.001094
0.000194
0.000570
0.000130
0.000069
0.000138
0.000130
0.000098
0.000280
0.000166
0.000417
0.000116
0.000047
0.000103
0.000196
0.000361
0.000298
0.000076
0.000144
0.000172
0.000051
0.000075
0.000445
0.000127
0.000074
0.000081
0.000143
0.000150
0.000075
0.000071
0.000071
0.000052
0.042482
0.034953
0.049011
0.025154
0.036619
0.015859
0.016918
0.017045
0.024018
0.041661
0.029248
0.012269
0.018735
0.017392
0.010567
0.021726
0.018181
0.009188
0.020081
0.010941
0.015356
0.020335
0.010786
0.013893
0.011393
0.008323
0.007731
0.009784
0.007692
0.008638
0.007140
0.012513
0.003543
0.007929
0.004499
0.002702
0.004962
0.003129
0.006868
0.005832
0.002118
0.003462
0.005760
0.002911
0.002351
0.002404
0.004794
0.000800
0.002252
0.004368
0.001340
0.003070
0.002419
0.002995
0.003205
0.003580
0.001276
0.002575
0.003905
0.001062
0.000928
0.000827
0.000823
0.000866
0.000775
0.003392
0.001711
0.002237
0.001330
0.002317
0.003335
0.000502
0.000323
0.000467
0.000576
0.000466
0.000528
0.000501
0.000700
0.000566
0.000402
0.000438
0.000505
0.000941
0.000559
0.000590
0.002093
0.001936
0.001457
0.006314
0.007158
0.000890
0.000239
0.000961
0.000258
0.001519
0.000220
0.002317
0.000874
0.001562
0.000797
0.000293
0.000545
0.000374
0.003822
0.000167
0.000229
0.003327
0.000527
0.003671
0.000269
0.007904
0.001639
0.002164
0.003798
0.005480
0.003632
0.000503
0.004292
0.002102
0.000215
0.000483
0.000349
0.018324
0.002918
0.000079
0.000066
0.002354
0.001790
0.002433
0.002843
0.000035
0.001092
0.000083
0.003217
0.000195
0.005582
0.001427
0.000046
0.007395
0.000400
0.000694
0.000277
0.000801
0.000456
0.001859
0.000546
0.002314
0.010183
0.000707
0.002083
0.000047
0.000961
0.000654
0.000439
0.001579
0.006016
0.001504
0.000399
0.004129
0.007191
0.001274
0.000648
0.000060
0.003924
0.000288
0.006860
0.000871
0.000130
0.001625
0.002556
0.000535
0.003947
0.000028
0.001948
0.000081
0.000184
0.000025
0.000742
0.001575
0.001455
0.001132
0.001223
0.001689
0.000275
0.005404
0.001714
0.000326
0.002316
0.002139
0.000959
0.002175
0.001832
0.004589
0.001384
0.007235
0.001935
0.007436
0.003514
0.000440
0.000073
0.001896
0.000751
0.005899
0.000073
0.002907
0.003195
0.002605
0.001302
0.000494
0.000818
0.001836
0.001257
0.000567
0.001247
0.003082
0.000662
0.002256
0.010686
0.002781
0.001367
0.004819
0.001057
0.000687
0.003505
0.001286
0.002197
0.001458
0.000658
0.001652
0.001356
0.000884
0.000730
0.000093
0.000821
0.000953
0.001944
0.002212
0.000130
0.001936
0.002421
0.000967
0.001948
0.003560
0.000975
0.001259
0.000368
0.000046
0.002138
0.000951
0.000707
0.001993
0.000382
0.002171
0.002049
0.002551
0.001437
0.001244
0.001840
0.000137
0.000143
0.004388
0.000148
0.002529
0.001649
0.002311
0.000742
0.000733
0.001399
0.002156
0.001169
0.001579
0.000798
0.000675
0.000805
0.001547
0.002568
0.000944
0.002068
0.001064
0.004347
0.000244
0.000761
0.003034
0.000972
0.000547
0.000647
0.001630
0.000545
0.001680
0.000145
0.000422
0.001010
0.000874
0.000876
0.000246
0.002995
0.000313
0.000648
0.000857
0.000645
0.000308
0.001192
0.000652
0.001758
0.000563
0.000730
0.000318
0.001950
0.000226
0.000318
0.000283
0.000145
0.000457
0.000160
0.000342
0.001091
0.000193
0.000569
0.000128
0.000069
0.000139
0.000130
0.000098
0.000279
0.000167
0.000417
0.000116
0.000046
0.000103
0.000195
0.000360
0.000298
0.000076
0.000143
0.000171
0.000051
0.000075
0.000443
0.000127
0.000074
0.000081
0.000143
0.000149
0.000074
0.000072
0.000071
0.000052
0.042144
0.034669
0.048667
0.024936
0.036364
0.015717
0.016762
0.016896
0.023799
0.041409
0.028984
0.012153
0.018547
0.017253
0.010458
0.021514
0.017984
0.009101
0.019886
0.010830
0.015217
0.020170
0.010695
0.013778
0.011300
0.008239
0.007657
0.009696
0.007622
0.008561
0.007088
0.012412
0.003513
0.007868
0.004462
0.002675
0.004921
0.003110
0.006826
0.005794
0.002102
0.003436
0.005715
0.002894
0.002340
0.002387
0.004765
0.000796
0.002238
0.004339
0.001332
0.003050
0.002409
0.002979
0.003186
0.003562
0.001269
0.002566
0.003882
0.001056
0.000922
0.000823
0.000821
0.000862
0.000770
0.003373
0.001703
0.002226
0.001324
0.002309
0.003321
0.000499
0.000323
0.000466
0.000573
0.000464
0.000526
0.000499
0.000699
0.000565
0.000401
0.000437
0.000503
0.000941
0.000559
0.000588
0.002090
0.001933
0.001450
0.006257
0.007131
0.000887
0.000238
0.000958
0.000256
0.001514
0.000219
0.002308
0.000873
0.001556
0.000794
0.000293
0.000544
0.000373
0.003807
0.000168
0.000229
0.003313
0.000523
0.003658
0.000269
0.007831
0.001630
0.002157
0.003779
0.005447
0.003615
0.000500
0.004275
0.002098
0.000215
0.000481
0.000346
0.017918
0.002896
0.000079
0.000066
0.002323
0.001771
0.002423
0.002767
0.000034
0.001077
0.000084
0.003192
0.000178
0.005579
0.001425
0.000047
0.007323
0.000395
0.000686
0.000276
0.000789
0.000454
0.001856
0.000542
0.002257
0.010144
0.000707
0.002072
0.000047
0.000960
0.000651
0.000432
0.001560
0.005897
0.001500
0.000390
0.004122
0.007183
0.001277
0.000649
0.000061
0.003845
0.000290
0.006843
0.000879
0.000129
0.001611
0.002554
0.000530
0.003889
0.000028
0.001951
0.000079
0.000185
0.000025
0.000742
0.001566
0.001443
0.001129
0.001220
0.001691
0.000278
0.005413
0.001711
0.000324
0.002315
0.002140
0.000959
0.002171
0.001830
0.004579
0.001382
0.007215
0.001931
0.007406
0.003509
0.000439
0.000071
0.001885
0.000747
0.005876
0.000074
0.002900
0.003191
0.002595
0.001302
0.000494
0.000819
0.001832
0.001253
0.000567
0.001245
0.003075
0.000661
0.002253
0.010639
0.002771
0.001366
0.004815
0.001056
0.000687
0.003495
0.001285
0.002186
0.001456
0.000656
0.001651
0.001353
0.000882
0.000727
0.000093
0.000818
0.000950
0.001940
0.002201
0.000131
0.001936
0.002413
0.000964
0.001942
0.003542
0.000966
0.001256
0.000367
0.000047
0.002132
0.000949
0.000706
0.001987
0.000375
0.002167
0.002041
0.002543
0.001432
0.001242
0.001836
0.000134
0.000143
0.004375
0.000148
0.002520
0.001646
0.002299
0.000741
0.000730
0.001396
0.002150
0.001169
0.001578
0.000797
0.000674
0.000802
0.001543
0.002561
0.000944
0.002064
0.001063
0.004321
0.000244
0.000758
0.003029
0.000971
0.000543
0.000646
0.001627
0.000544
0.001675
0.000144
0.000420
0.001007
0.000872
0.000874
0.000246
0.002974
0.000313
0.000646
0.000854
0.000642
0.000307
0.001190
0.000650
0.001752
0.000562
0.000728
0.000317
0.001945
0.000226
0.000318
0.000282
0.000145
0.000455
0.000161
0.000341
0.001088
0.000192
0.000567
0.000127
0.000069
0.000139
0.000130
0.000098
0.000279
0.000167
0.000417
0.000116
0.000046
0.000103
0.000195
0.000358
0.000297
0.000077
0.000144
0.000170
0.000051
0.000076
0.000443
0.000128
0.000074
0.000081
0.000143
0.000150
0.000074
0.000071
0.000071
0.000052
0.041836
0.034396
0.048341
0.024727
0.036123
0.015583
0.016615
0.016763
0.023602
0.041187
0.028749
0.012051
0.018385
0.017135
0.010368
0.021332
0.017818
0.009029
0.019717
0.010738
0.015101
0.020033
0.010619
0.013684
0.011223
0.008175
0.007597
0.009626
0.007563
0.008494
0.007042
0.012324
0.003488
0.007819
0.004430
0.002654
0.004887
0.003094
0.006792
0.005761
0.002090
0.003417
0.005681
0.002883
0.002334
0.002376
0.004744
0.000794
0.002227
0.004316
0.001328
0.003035
0.002402
0.002969
0.003172
0.003549
0.001265
0.002559
0.003869
0.001051
0.000919
0.000820
0.000821
0.000860
0.000767
0.003359
0.001698
0.002218
0.001320
0.002305
0.003311
0.000499
0.000322
0.000466
0.000574
0.000464
0.000524
0.000500
0.000699
0.000566
0.000402
0.000439
0.000500
0.000942
0.000560
0.000589
0.002088
0.001933
0.001454
0.006200
0.007127
0.000889
0.000237
0.000953
0.000256
0.001510
0.000220
0.002298
0.000874
0.001553
0.000792
0.000295
0.000540
0.000370
0.003794
0.000168
0.000229
0.003305
0.000521
0.003649
0.000271
0.007772
0.001625
0.002149
0.003760
0.005412
0.003606
0.000499
0.004270
0.002096
0.000214
0.000477
0.000343
0.017673
0.002888
0.000078
0.000067
0.002319
0.001771
0.002410
0.002779
0.000034
0.001077
0.000082
0.003199
0.000192
0.005543
0.001420
0.000047
0.007332
0.000399
0.000691
0.000274
0.000790
0.000459
0.001861
0.000542
0.002248
0.010112
0.000709
0.002069
0.000048
0.000948
0.000643
0.000431
0.001561
0.005902
0.001485
0.000398
0.004105
0.007138
0.001279
0.000644
0.000055
0.003870
0.000290
0.006810
0.000872
0.000132
0.001602
0.002560
0.000527
0.003829
0.000028
0.001948
0.000078
0.000182
0.000025
0.000737
0.001545
0.001423
0.001122
0.001211
0.001690
0.000275
0.005433
0.001709
0.000323
0.002320
0.002152
0.000956
0.002168
0.001823
0.004567
0.001384
0.007200
0.001928
0.007385
0.003502
0.000438
0.000071
0.001880
0.000743
0.005855
0.000074
0.002892
0.003189
0.002587
0.001301
0.000493
0.000818
0.001832
0.001247
0.000567
0.001241
0.003069
0.000659
0.002251
0.010599
0.002765
0.001362
0.004808
0.001054
0.000691
0.003485
0.001284
0.002173
0.001456
0.000657
0.001647
0.001351
0.000881
0.000724
0.000094
0.000813
0.000947
0.001939
0.002192
0.000130
0.001938
0.002417
0.000964
0.001935
0.003528
0.000962
0.001254
0.000365
0.000046
0.002129
0.000945
0.000707
0.001983
0.000367
0.002166
0.002036
0.002539
0.001429
0.001243
0.001834
0.000132
0.000142
0.004369
0.000148
0.002513
0.001647
0.002292
0.000739
0.000728
0.001394
0.002147
0.001168
0.001577
0.000796
0.000673
0.000799
0.001539
0.002554
0.000943
0.002063
0.001063
0.004301
0.000244
0.000755
0.003023
0.000971
0.000539
0.000646
0.001625
0.000544
0.001669
0.000144
0.000418
0.001006
0.000873
0.000874
0.000246
0.002955
0.000313
0.000645
0.000851
0.000641
0.000306
0.001188
0.000648
0.001746
0.000561
0.000726
0.000316
0.001941
0.000226
0.000318
0.000281
0.000145
0.000454
0.000161
0.000340
0.001086
0.000192
0.000565
0.000126
0.000069
0.000139
0.000130
0.000098
0.000278
0.000168
0.000417
0.000116
0.000046
0.000104
0.000194
0.000357
0.000297
0.000077
0.000143
0.000170
0.000051
0.000075
0.000443
0.000128
0.000075
0.000081
0.000143
0.000149
0.000074
0.000071
0.000071
0.000052
0.041555
0.034138
0.048023
0.024525
0.035888
0.015455
0.016475
0.016645
0.023419
0.040980
0.028530
0.011956
0.018231
0.017026
0.010283
0.021178
0.017675
0.008967
0.019574
0.010659
0.014995
0.019907
0.010550
0.013594
0.011150
0.008114
0.007543
0.009562
0.007513
0.008436
0.007004
0.012254
0.003469
0.007776
0.004406
0.002637
0.004859
0.003082
0.006762
0.005735
0.002079
0.003400
0.005651
0.002872
0.002326
0.002365
0.004724
0.000791
0.002217
0.004294
0.001323
0.003021
0.002396
0.002959
0.003160
0.003536
0.001260
0.002552
0.003856
0.001047
0.000915
0.000819
0.000819
0.000858
0.000764
0.003347
0.001692
0.002210
0.001316
0.002301
0.003303
0.000497
0.000321
0.000464
0.000572
0.000463
0.000522
0.000499
0.000698
0.000566
0.000401
0.000437
0.000501
0.000941
0.000559
0.000588
0.002086
0.001932
0.001448
0.006164
0.007106
0.000884
0.000236
0.000953
0.000254
0.001507
0.000218
0.002292
0.000873
0.001548
0.000790
0.000293
0.000540
0.000371
0.003787
0.000168
0.000230
0.003291
0.000520
0.003641
0.000271
0.007719
0.001620
0.002142
0.003743
0.005387
0.003597
0.000497
0.004265
0.002091
0.000214
0.000476
0.000341
0.017485
0.002863
0.000079
0.000064
0.002286
0.001759
0.002419
0.002748
0.000032
0.001051
0.000082
0.003203
0.000186
0.005586
0.001420
0.000046
0.007240
0.000402
0.000691
0.000268
0.000789
0.000466
0.001879
0.000533
0.002263
0.010167
0.000714
0.002063
0.000046
0.000946
0.000648
0.000459
0.001562
0.006080
0.001498
0.000397
0.004069
0.007083
0.001271
0.000649
0.000061
0.003839
0.000289
0.006760
0.000861
0.000136
0.001603
0.002559
0.000528
0.003805
0.000031
0.001949
0.000074
0.000179
0.000026
0.000729
0.001532
0.001420
0.001118
0.001203
0.001693
0.000273
0.005449
0.001699
0.000321
0.002330
0.002161
0.000954
0.002168
0.001813
0.004550
0.001383
0.007190
0.001926
0.007357
0.003498
0.000436
0.000069
0.001875
0.000741
0.005849
0.000073
0.002888
0.003184
0.002580
0.001303
0.000490
0.000816
0.001829
0.001246
0.000567
0.001239
0.003067
0.000660
0.002247
0.010560
0.002756
0.001356
0.004802
0.001050
0.000689
0.003477
0.001281
0.002164
0.001452
0.000656
0.001636
0.001345
0.000879
0.000723
0.000092
0.000805
0.000946
0.001932
0.002196
0.000132
0.001938
0.002418
0.000962
0.001938
0.003518
0.000959
0.001253
0.000364
0.000045
0.002124
0.000941
0.000706
0.001981
0.000362
0.002163
0.002032
0.002534
0.001426
0.001246
0.001828
0.000130
0.000142
0.004360
0.000148
0.002505
0.001643
0.002286
0.000738
0.000727
0.001391
0.002142
0.001167
0.001576
0.000795
0.000674
0.000797
0.001537
0.002549
0.000943
0.002058
0.001062
0.004284
0.000244
0.000751
0.003017
0.000970
0.000531
0.000644
0.001618
0.000543
0.001662
0.000145
0.000417
0.001003
0.000873
0.000872
0.000247
0.002959
0.000311
0.000643
0.000853
0.000641
0.000305
0.001186
0.000648
0.001745
0.000559
0.000724
0.000316
0.001942
0.000225
0.000317
0.000281
0.000146
0.000453
0.000162
0.000339
0.001086
0.000191
0.000564
0.000125
0.000069
0.000139
0.000131
0.000098
0.000278
0.000167
0.000417
0.000116
0.000046
0.000104
0.000194
0.000355
0.000297
0.000077
0.000144
0.000169
0.000051
0.000075
0.000445
0.000128
0.000075
0.000081
0.000144
0.000148
0.000074
0.000071
0.000071
0.000052
0.041282
0.033887
0.047720
0.024331
0.035672
0.015337
0.016346
0.016545
0.023258
0.040794
0.028335
0.011875
0.018103
0.016936
0.010214
0.021035
0.017550
0.008915
0.019449
0.010591
0.014903
0.019803
0.010496
0.013525
0.011096
0.008067
0.007502
0.009510
0.007476
0.008392
0.006975
0.012190
0.003454
0.007743
0.004386
0.002624
0.004837
0.003072
0.006739
0.005712
0.002073
0.003386
0.005629
0.002866
0.002323
0.002358
0.004707
0.000791
0.002211
0.004278
0.001319
0.003011
0.002393
0.002952
0.003152
0.003528
0.001258
0.002550
0.003847
0.001048
0.000914
0.000818
0.000819
0.000857
0.000763
0.003337
0.001689
0.002205
0.001313
0.002297
0.003297
0.000497
0.000322
0.000466
0.000571
0.000463
0.000522
0.000499
0.000697
0.000566
0.000402
0.000438
0.000500
0.000944
0.000560
0.000590
0.002088
0.001932
0.001447
0.006162
0.007100
0.000882
0.000235
0.000953
0.000253
0.001506
0.000217
0.002285
0.000870
0.001551
0.000790
0.000293
0.000539
0.000370
0.003781
0.000169
0.000232
0.003288
0.000521
0.003638
0.000271
0.007671
0.001613
0.002143
0.003736
0.005388
0.003591
0.000497
0.004258
0.002093
0.000214
0.000482
0.000339
0.017382
0.002870
0.000076
0.000070
0.002337
0.001754
0.002393
0.002708
0.000033
0.001067
0.000084
0.003168
0.000179
0.005518
0.001414
0.000047
0.007173
0.000394
0.000682
0.000274
0.000776
0.000451
0.001868
0.000540
0.002157
0.010068
0.000709
0.002059
0.000046
0.000939
0.000636
0.000423
0.001531
0.005741
0.001482
0.000395
0.004078
0.007135
0.001275
0.000644
0.000057
0.003786
0.000288
0.006775
0.000877
0.000135
0.001556
0.002578
0.000517
0.003728
0.000028
0.001958
0.000074
0.000183
0.000026
0.000733
0.001522
0.001407
0.001116
0.001203
0.001694
0.000267
0.005451
0.001694
0.000318
0.002341
0.002165
0.000956
0.002166
0.001816
0.004544
0.001374
0.007204
0.001925
0.007362
0.003503
0.000435
0.000072
0.001869
0.000740
0.005818
0.000075
0.002894
0.003190
0.002570
0.001302
0.000492
0.000820
0.001832
0.001242
0.000566
0.001238
0.003062
0.000657
0.002249
0.010531
0.002754
0.001359
0.004795
0.001049
0.000691
0.003478
0.001280
0.002162
0.001451
0.000653
0.001635
0.001347
0.000878
0.000721
0.000092
0.000807
0.000947
0.001933
0.002192
0.000132
0.001944
0.002424
0.000959
0.001941
0.003519
0.000967
0.001255
0.000364
0.000044
0.002123
0.041282
0.033887
0.047720
0.024331
0.035672
0.015337
0.016346
0.016545
0.023258
0.040794
0.028335
0.011875
0.018102
0.016936
0.010213
0.021035
0.017550
0.008914
0.019449
0.010591
0.014903
0.019803
0.010496
0.013525
0.011096
0.008067
0.007502
0.009510
0.007476
0.008392
0.006975
0.012190
0.003454
0.007743
0.004386
0.002624
0.004836
0.003072
0.006739
0.005712
0.002072
0.003386
0.005629
0.002866
0.002323
0.002358
0.004706
0.000791
0.002211
0.004278
0.001319
0.003011
0.002393
0.002953
0.003152
0.003528
0.001258
0.002549
0.003847
0.001048
0.000914
0.000818
0.000819
0.000857
0.000763
0.003337
0.001690
0.002205
0.001313
0.002297
0.003297
0.000497
0.000322
0.000466
0.000572
0.000463
0.000522
0.000499
0.000697
0.000566
0.000402
0.000438
0.000500
0.000944
0.000560
0.000590
0.002088
0.001932
0.001448
0.006163
0.007100
0.000882
0.000235
0.000953
0.000253
0.001506
0.000217
0.002285
0.000870
0.001551
0.000790
0.000293
0.000539
0.000370
0.003781
0.000169
0.000232
0.003288
0.000521
0.003638
0.000271
0.007671
0.001613
0.002143
0.003736
0.005388
0.003591
0.000497
0.004257
0.002093
0.000214
0.000482
0.000339
0.017378
0.002871
0.000076
0.000070
0.002340
0.001754
0.002393
0.002706
0.000033
0.001068
0.000084
0.003167
0.000179
0.005518
0.001414
0.000047
0.007170
0.000394
0.000682
0.000275
0.000777
0.000450
0.001865
0.000541
0.002156
0.010069
0.000708
0.002058
0.000046
0.000940
0.000637
0.000426
0.001532
0.005743
0.001483
0.000395
0.004078
0.007135
0.001274
0.000644
0.000057
0.003785
0.000288
0.006774
0.000877
0.000136
0.001555
0.002578
0.000518
0.003729
0.000028
0.001958
0.000074
0.000183
0.000026
0.000733
0.001521
0.001407
0.001116
0.001203
0.001694
0.000268
0.005451
0.001693
0.000318
0.002341
0.002165
0.000956
0.002165
0.001817
0.004544
0.001374
0.007203
0.001925
0.007361
0.003503
0.000435
0.000072
0.001869
0.000739
0.005818
0.000075
0.002894
0.003190
0.002569
0.001302
0.000492
0.000820
0.001831
0.001242
0.000567
0.001238
0.003064
0.000656
0.002249
0.010530
0.002754
0.001359
0.004795
0.001049
0.000692
0.003478
0.001280
0.002162
0.001451
0.000652
0.001635
0.001347
0.000877
0.000721
0.000092
0.000806
0.000947
0.001933
0.002192
0.000132
0.001944
0.002425
0.000959
0.001940
0.003519
0.000967
0.001255
0.000364
0.000044
0.002123
0.000939
0.000715
0.001990
0.000357
0.002168
0.002028
0.002545
0.001429
0.001246
0.001822
0.000130
0.000140
0.004366
0.000147
0.002496
0.001655
0.002299
0.000734
0.000723
0.001383
0.002137
0.001169
0.001576
0.000795
0.000677
0.000790
0.001537
0.002550
0.000943
0.002057
0.001060
0.004264
0.000244
0.000749
0.003020
0.000968
0.000528
0.000641
0.001615
0.000543
0.001660
0.000144
0.000416
0.001002
0.000871
0.000871
0.000247
0.002941
0.000310
0.000642
0.000851
0.000641
0.000305
0.001186
0.000646
0.001741
0.000559
0.000723
0.000315
0.001941
0.000224
0.000317
0.000280
0.000145
0.000453
0.000162
0.000339
0.001083
0.000191
0.000563
0.000125
0.000069
0.000139
0.000131
0.000098
0.000278
0.000167
0.000417
0.000116
0.000046
0.000104
0.000195
0.000356
0.000295
0.000077
0.000145
0.000170
0.000051
0.000075
0.000448
0.000129
0.000074
0.000081
0.000143
0.000147
0.000075
0.000071
0.000072
0.000052
0.041282
0.033913
0.047800
0.024369
0.035758
0.015384
0.016384
0.016626
0.023328
0.041053
0.028360
0.011866
0.018120
0.016972
0.010253
0.021102
0.017638
0.008937
0.019565
0.010667
0.014954
0.019870
0.010535
0.013583
0.011147
0.008124
0.007555
0.009570
0.007522
0.008444
0.007010
0.012272
0.003482
0.007803
0.004422
0.002662
0.004890
0.003095
0.006768
0.005741
0.002091
0.003416
0.005679
0.002885
0.002334
0.002376
0.004733
0.000795
0.002232
0.004315
0.001328
0.003040
0.002411
0.002977
0.003179
0.003564
0.001269
0.002567
0.003873
0.001056
0.000922
0.000821
0.000824
0.000863
0.000771
0.003367
0.001703
0.002225
0.001319
0.002309
0.003323
0.000500
0.000322
0.000469
0.000575
0.000462
0.000531
0.000502
0.000702
0.000569
0.000401
0.000435
0.000500
0.000942
0.000561
0.000589
0.002093
0.001938
0.001414
0.006156
0.007123
0.000888
0.000237
0.000962
0.000260
0.001513
0.000218
0.002306
0.000873
0.001555
0.000799
0.000296
0.000546
0.000372
0.003775
0.000172
0.000229
0.003290
0.000527
0.003656
0.000272
0.007742
0.001627
0.002171
0.003735
0.005408
0.003620
0.000503
0.004282
0.002104
0.000216
0.000493
0.000337
0.016697
0.002916
0.000067
0.000062
0.002220
0.001746
0.002146
0.002663
0.000029
0.000894
0.000085
0.003243
0.000169
0.005163
0.001397
0.000044
0.006917
0.000404
0.000676
0.000269
0.000764
0.000443
0.001859
0.000509
0.002031
0.009975
0.000693
0.001993
0.000044
0.000902
0.000628
0.000397
0.001493
0.005725
0.001464
0.000379
0.003981
0.006962
0.001255
0.000634
0.000055
0.003795
0.000267
0.006643
0.000868
0.000120
0.001503
0.002514
0.000519
0.003813
0.000028
0.001903
0.000086
0.000160
0.000024
0.000692
0.001531
0.001369
0.001104
0.001186
0.001627
0.000276
0.005141
0.001643
0.000314
0.002232
0.002104
0.000938
0.002112
0.001727
0.004444
0.001339
0.006964
0.001882
0.007182
0.003388
0.000429
0.000067
0.001836
0.000721
0.005701
0.000071
0.002852
0.003158
0.002518
0.001273
0.000480
0.000797
0.001805
0.001240
0.000559
0.001239
0.003036
0.000655
0.002204
0.010417
0.002765
0.001353
0.004791
0.001033
0.000665
0.003482
0.001247
0.002099
0.001410
0.000639
0.001615
0.001334
0.000870
0.000699
0.000095
0.000789
0.000928
0.001887
0.002175
0.000131
0.001906
0.002348
0.000947
0.001906
0.003465
0.000875
0.001237
0.000355
0.000043
0.002079
0.000934
0.000696
0.001959
0.000353
0.002104
0.001973
0.002500
0.001380
0.001224
0.001749
0.000122
0.000140
0.004294
0.000144
0.002441
0.001612
0.002214
0.000717
0.000719
0.001347
0.002095
0.001155
0.001565
0.000783
0.000660
0.000777
0.001527
0.002539
0.000932
0.002028
0.001034
0.004148
0.000238
0.000728
0.002981
0.000942
0.000483
0.000635
0.001580
0.000533
0.001627
0.000145
0.000405
0.000981
0.000849
0.000864
0.000245
0.002816
0.000306
0.000633
0.000826
0.000629
0.000298
0.001170
0.000634
0.001705
0.000554
0.000714
0.000312
0.001911
0.000219
0.000316
0.000276
0.000142
0.000446
0.000154
0.000335
0.001063
0.000189
0.000559
0.000123
0.000068
0.000138
0.000129
0.000097
0.000275
0.000165
0.000413
0.000115
0.000045
0.000103
0.000192
0.000351
0.000294
0.000076
0.000142
0.000167
0.000050
0.000074
0.000431
0.000127
0.000074
0.000081
0.000143
0.000148
0.000073
0.000071
0.000071
0.000052
0.041253
0.033873
0.047773
0.024337
0.035738
0.015371
0.016363
0.016622
0.023308
0.041046
0.028329
0.011849
0.018096
0.016954
0.010240
0.021078
0.017616
0.008927
0.019543
0.010655
0.014939
0.019851
0.010524
0.013568
0.011133
0.008117
0.007545
0.009557
0.007513
0.008434
0.007003
0.012258
0.003478
0.007794
0.004417
0.002659
0.004884
0.003091
0.006761
0.005734
0.002088
0.003412
0.005671
0.002883
0.002332
0.002373
0.004727
0.000794
0.002229
0.004309
0.001326
0.003036
0.002408
0.002972
0.003175
0.003559
0.001267
0.002564
0.003868
0.001054
0.000920
0.000819
0.000823
0.000862
0.000770
0.003363
0.001700
0.002222
0.001318
0.002307
0.003319
0.000499
0.000321
0.000467
0.000574
0.000462
0.000529
0.000502
0.000702
0.000569
0.000401
0.000436
0.000499
0.000940
0.000560
0.000589
0.002091
0.001936
0.001413
0.006140
0.007115
0.000886
0.000236
0.000960
0.000259
0.001512
0.000218
0.002302
0.000873
0.001553
0.000798
0.000296
0.000545
0.000372
0.003772
0.000171
0.000229
0.003285
0.000526
0.003651
0.000272
0.007730
0.001624
0.002168
0.003732
0.005399
0.003615
0.000501
0.004278
0.002103
0.000216
0.000491
0.000335
0.016592
0.002905
0.000066
0.000062
0.002210
0.001744
0.002146
0.002664
0.000029
0.000896
0.000085
0.003239
0.000169
0.005156
0.001395
0.000044
0.006889
0.000403
0.000675
0.000266
0.000758
0.000439
0.001856
0.000507
0.002015
0.009947
0.000692
0.001989
0.000044
0.000900
0.000625
0.000397
0.001485
0.005687
0.001464
0.000378
0.003979
0.006953
0.001251
0.000634
0.000055
0.003787
0.000269
0.006637
0.000867
0.000120
0.001504
0.002513
0.000518
0.003806
0.000028
0.001902
0.000086
0.000162
0.000025
0.000691
0.001529
0.001368
0.001103
0.001187
0.001628
0.000276
0.005144
0.001643
0.000314
0.002237
0.002105
0.000936
0.002107
0.001726
0.004438
0.001341
0.006958
0.001881
0.007180
0.003381
0.000429
0.000066
0.001835
0.000720
0.005703
0.000071
0.002851
0.003157
0.002519
0.001275
0.000480
0.000797
0.001804
0.001240
0.000560
0.001238
0.003034
0.000653
0.002205
0.010418
0.002766
0.001353
0.004794
0.001034
0.000665
0.003479
0.001246
0.002100
0.001411
0.000640
0.001614
0.001335
0.000870
0.000699
0.000095
0.000790
0.000929
0.001890
0.002174
0.000131
0.001907
0.002349
0.000948
0.001905
0.003465
0.000876
0.001239
0.000354
0.000043
0.002082
0.000935
0.000698
0.001961
0.000353
0.002105
0.001976
0.002500
0.001382
0.001226
0.001753
0.000123
0.000140
0.004295
0.000144
0.002442
0.001613
0.002215
0.000720
0.000720
0.001350
0.002098
0.001155
0.001566
0.000783
0.000663
0.000777
0.001528
0.002539
0.000932
0.002029
0.001034
0.004149
0.000238
0.000730
0.002981
0.000943
0.000484
0.000635
0.001584
0.000533
0.001631
0.000145
0.000406
0.000983
0.000851
0.000866
0.000244
0.002817
0.000307
0.000634
0.000828
0.000631
0.000299
0.001172
0.000637
0.001707
0.000555
0.000715
0.000313
0.001911
0.000219
0.000316
0.000276
0.000142
0.000446
0.000154
0.000335
0.001063
0.000190
0.000559
0.000124
0.000069
0.000138
0.000129
0.000097
0.000275
0.000165
0.000413
0.000115
0.000045
0.000103
0.000193
0.000351
0.000294
0.000077
0.000142
0.000168
0.000051
0.000074
0.000431
0.000128
0.000074
0.000081
0.000143
0.000148
0.000073
0.000071
0.000071
0.000052
0.041215
0.033835
0.047726
0.024307
0.035703
0.015351
0.016345
0.016605
0.023284
0.041015
0.028299
0.011833
0.018073
0.016939
0.010226
0.021055
0.017594
0.008917
0.019520
0.010642
0.014923
0.019830
0.010513
0.013554
0.011122
0.008105
0.007535
0.009546
0.007503
0.008422
0.006996
0.012243
0.003473
0.007785
0.004410
0.002654
0.004876
0.003087
0.006753
0.005728
0.002085
0.003408
0.005664
0.002880
0.002330
0.002370
0.004722
0.000794
0.002226
0.004304
0.001325
0.003032
0.002405
0.002969
0.003171
0.003557
0.001265
0.002562
0.003864
0.001052
0.000918
0.000818
0.000822
0.000861
0.000768
0.003359
0.001698
0.002219
0.001316
0.002305
0.003316
0.000498
0.000321
0.000466
0.000573
0.000462
0.000528
0.000501
0.000701
0.000568
0.000400
0.000437
0.000498
0.000940
0.000560
0.000588
0.002089
0.001934
0.001411
0.006125
0.007110
0.000884
0.000236
0.000959
0.000258
0.001509
0.000217
0.002298
0.000872
0.001551
0.000797
0.000296
0.000544
0.000371
0.003769
0.000171
0.000229
0.003281
0.000525
0.003648
0.000272
0.007713
0.001621
0.002164
0.003728
0.005389
0.003610
0.000501
0.004271
0.002099
0.000216
0.000489
0.000332
0.016500
0.002886
0.000065
0.000062
0.002203
0.001744
0.002146
0.002662
0.000030
0.000895
0.000084
0.003235
0.000165
0.005153
0.001393
0.000044
0.006871
0.000401
0.000673
0.000266
0.000755
0.000437
0.001851
0.000507
0.001991
0.009927
0.000691
0.001987
0.000045
0.000898
0.000625
0.000398
0.001484
0.005656
0.001465
0.000379
0.003980
0.006949
0.001249
0.000636
0.000055
0.003782
0.000271
0.006633
0.000868
0.000121
0.001510
0.002512
0.000518
0.003805
0.000029
0.001902
0.000086
0.000164
0.000025
0.000692
0.001527
0.001368
0.001102
0.001187
0.001629
0.000277
0.005145
0.001639
0.000315
0.002240
0.002106
0.000935
0.002104
0.001725
0.004432
0.001342
0.006953
0.001880
0.007176
0.003380
0.000429
0.000065
0.001835
0.000720
0.005702
0.000072
0.002851
0.003155
0.002521
0.001278
0.000479
0.000797
0.001802
0.001240
0.000561
0.001236
0.003034
0.000652
0.002207
0.010417
0.002766
0.001353
0.004797
0.001034
0.000665
0.003475
0.001245
0.002100
0.001412
0.000641
0.001613
0.001336
0.000871
0.000698
0.000094
0.000791
0.000930
0.001892
0.002175
0.000131
0.001907
0.002349
0.000949
0.001906
0.003464
0.000877
0.001239
0.000354
0.000043
0.002084
0.000936
0.000700
0.001961
0.000352
0.002107
0.001978
0.002502
0.001384
0.001227
0.001756
0.000123
0.000140
0.004296
0.000144
0.002444
0.001615
0.002218
0.000722
0.000721
0.001352
0.002099
0.001156
0.001566
0.000784
0.000664
0.000777
0.001530
0.002539
0.000932
0.002030
0.001035
0.004150
0.000238
0.000731
0.002982
0.000943
0.000485
0.000636
0.001585
0.000533
0.001632
0.000146
0.000407
0.000984
0.000853
0.000866
0.000244
0.002817
0.000307
0.000633
0.000831
0.000631
0.000299
0.001173
0.000638
0.001708
0.000556
0.000716
0.000314
0.001911
0.000220
0.000316
0.000276
0.000143
0.000447
0.000154
0.000336
0.001063
0.000190
0.000559
0.000124
0.000069
0.000138
0.000129
0.000098
0.000276
0.000166
0.000414
0.000115
0.000045
0.000103
0.000193
0.000352
0.000295
0.000077
0.000143
0.000168
0.000051
0.000074
0.000432
0.000128
0.000074
0.000081
0.000143
0.000148
0.000073
0.000072
0.000071
0.000052
0.041180
0.033801
0.047681
0.024280
0.035672
0.015333
0.016326
0.016587
0.023261
0.040986
0.028271
0.011820
0.018052
0.016923
0.010213
0.021035
0.017574
0.008908
0.019499
0.010629
0.014907
0.019812
0.010503
0.013542
0.011111
0.008095
0.007525
0.009536
0.007495
0.008414
0.006990
0.012229
0.003469
0.007775
0.004405
0.002650
0.004870
0.003084
0.006747
0.005722
0.002083
0.003403
0.005658
0.002877
0.002329
0.002367
0.004718
0.000793
0.002223
0.004300
0.001324
0.003028
0.002403
0.002967
0.003167
0.003553
0.001264
0.002560
0.003860
0.001051
0.000917
0.000817
0.000822
0.000860
0.000767
0.003356
0.001697
0.002218
0.001315
0.002303
0.003313
0.000497
0.000321
0.000466
0.000572
0.000462
0.000527
0.000501
0.000701
0.000567
0.000400
0.000437
0.000498
0.000941
0.000560
0.000588
0.002088
0.001933
0.001412
0.006115
0.007102
0.000883
0.000235
0.000958
0.000257
0.001508
0.000217
0.002296
0.000872
0.001549
0.000796
0.000295
0.000544
0.000372
0.003767
0.000170
0.000229
0.003279
0.000524
0.003646
0.000272
0.007696
0.001619
0.002162
0.003724
0.005384
0.003607
0.000499
0.004265
0.002099
0.000216
0.000486
0.000331
0.016451
0.002884
0.000066
0.000062
0.002206
0.001746
0.002146
0.002671
0.000030
0.000899
0.000084
0.003234
0.000167
0.005151
0.001393
0.000044
0.006877
0.000401
0.000672
0.000265
0.000752
0.000435
0.001848
0.000507
0.001981
0.009915
0.000692
0.001985
0.000045
0.000897
0.000624
0.000397
0.001481
0.005642
0.001464
0.000379
0.003979
0.006942
0.001247
0.000635
0.000055
0.003776
0.000272
0.006628
0.000867
0.000121
0.001510
0.002511
0.000517
0.003804
0.000029
0.001901
0.000087
0.000165
0.000025
0.000692
0.001527
0.001368
0.001101
0.001188
0.001629
0.000277
0.005146
0.001639
0.000315
0.002240
0.002106
0.000935
0.002102
0.001725
0.004426
0.001342
0.006948
0.001879
0.007174
0.003379
0.000429
0.000065
0.001833
0.000721
0.005701
0.000073
0.002850
0.003155
0.002522
0.001279
0.000479
0.000797
0.001801
0.001240
0.000561
0.001236
0.003033
0.000652
0.002208
0.010414
0.002765
0.001353
0.004797
0.001035
0.000664
0.003472
0.001244
0.002100
0.001412
0.000640
0.001611
0.001337
0.000871
0.000698
0.000094
0.000792
0.000931
0.001894
0.002175
0.000132
0.001908
0.002349
0.000949
0.001907
0.003462
0.000878
0.001241
0.000354
0.000044
0.002086
0.000937
0.000701
0.001962
0.000353
0.002108
0.001982
0.002503
0.001385
0.001228
0.001758
0.000123
0.000140
0.004296
0.000145
0.002446
0.001616
0.002220
0.000723
0.000721
0.001355
0.002102
0.001156
0.001567
0.000784
0.000665
0.000777
0.001531
0.002539
0.000933
0.002030
0.001035
0.004151
0.000239
0.000731
0.002983
0.000944
0.000486
0.000636
0.001587
0.000533
0.001635
0.000146
0.000407
0.000985
0.000854
0.000867
0.000243
0.002819
0.000308
0.000634
0.000832
0.000632
0.000300
0.001174
0.000639
0.001709
0.000556
0.000717
0.000314
0.001912
0.000220
0.000316
0.000276
0.000143
0.000447
0.000154
0.000336
0.001064
0.000191
0.000559
0.000125
0.000069
0.000139
0.000129
0.000098
0.000276
0.000166
0.000414
0.000115
0.000045
0.000103
0.000193
0.000352
0.000295
0.000077
0.000143
0.000169
0.000051
0.000075
0.000433
0.000128
0.000074
0.000081
0.000144
0.000148
0.000073
0.000072
0.000071
0.000052
0.041146
0.033769
0.047639
0.024256
0.035642
0.015318
0.016309
0.016572
0.023239
0.040957
0.028246
0.011809
0.018036
0.016912
0.010204
0.021017
0.017558
0.008901
0.019482
0.010619
0.014896
0.019798
0.010495
0.013532
0.011103
0.008088
0.007519
0.009529
0.007488
0.008407
0.006985
0.012219
0.003466
0.007770
0.004401
0.002647
0.004866
0.003082
0.006743
0.005718
0.002081
0.003401
0.005653
0.002875
0.002328
0.002366
0.004715
0.000793
0.002221
0.004297
0.001323
0.003026
0.002402
0.002965
0.003165
0.003551
0.001263
0.002559
0.003858
0.001050
0.000916
0.000817
0.000822
0.000860
0.000767
0.003354
0.001696
0.002216
0.001315
0.002302
0.003311
0.000497
0.000321
0.000465
0.000572
0.000462
0.000527
0.000501
0.000701
0.000567
0.000400
0.000437
0.000498
0.000941
0.000560
0.000588
0.002087
0.001932
0.001412
0.006107
0.007098
0.000882
0.000235
0.000957
0.000257
0.001508
0.000217
0.002295
0.000872
0.001549
0.000796
0.000295
0.000544
0.000372
0.003766
0.000170
0.000229
0.003277
0.000523
0.003643
0.000272
0.007689
0.001618
0.002160
0.003721
0.005379
0.003604
0.000498
0.004263
0.002098
0.000216
0.000486
0.000330
0.016412
0.002882
0.000066
0.000062
0.002208
0.001747
0.002146
0.002676
0.000030
0.000900
0.000084
0.003234
0.000167
0.005150
0.001393
0.000044
0.006879
0.000401
0.000672
0.000264
0.000751
0.000434
0.001846
0.000507
0.001973
0.009902
0.000691
0.001985
0.000045
0.000896
0.000623
0.000397
0.001477
0.005626
0.001464
0.000379
0.003978
0.006937
0.001247
0.000635
0.000055
0.003770
0.000273
0.006625
0.000866
0.000121
0.001510
0.002511
0.000517
0.003804
0.000029
0.001900
0.000087
0.000166
0.000025
0.000692
0.001527
0.001368
0.001101
0.001188
0.001629
0.000278
0.005147
0.001640
0.000315
0.002240
0.002106
0.000935
0.002101
0.001725
0.004423
0.001343
0.006945
0.001879
0.007175
0.003379
0.000428
0.000064
0.001833
0.000721
0.005701
0.000073
0.002849
0.003155
0.002523
0.001279
0.000480
0.000798
0.001801
0.001240
0.000561
0.001236
0.003032
0.000651
0.002208
0.010410
0.002764
0.001354
0.004797
0.001035
0.000664
0.003471
0.001244
0.002100
0.001412
0.000641
0.001610
0.001338
0.000871
0.000698
0.000094
0.000793
0.000931
0.001896
0.002175
0.000132
0.001909
0.002350
0.000949
0.001908
0.003462
0.000879
0.001241
0.000354
0.000044
0.002087
0.000938
0.000702
0.001963
0.000353
0.002110
0.001984
0.002504
0.001385
0.001230
0.001760
0.000123
0.000140
0.004298
0.000145
0.002448
0.001617
0.002222
0.000724
0.000722
0.001358
0.002104
0.001157
0.001568
0.000785
0.000666
0.000778
0.001531
0.002539
0.000933
0.002031
0.001035
0.004151
0.000239
0.000732
0.002984
0.000944
0.000487
0.000636
0.001589
0.000534
0.001637
0.000146
0.000408
0.000986
0.000855
0.000868
0.000243
0.002821
0.000308
0.000634
0.000834
0.000633
0.000300
0.001175
0.000640
0.001710
0.000557
0.000717
0.000315
0.001912
0.000220
0.000317
0.000276
0.000143
0.000447
0.000154
0.000336
0.001064
0.000191
0.000559
0.000125
0.000069
0.000139
0.000129
0.000098
0.000276
0.000166
0.000415
0.000115
0.000045
0.000103
0.000193
0.000352
0.000295
0.000077
0.000143
0.000169
0.000051
0.000075
0.000433
0.000128
0.000074
0.000081
0.000144
0.000148
0.000073
0.000072
0.000071
0.000052
0.041112
0.033738
0.047597
0.024232
0.035613
0.015302
0.016293
0.016558
0.023219
0.040929
0.028222
0.011799
0.018020
0.016901
0.010195
0.021001
0.017542
0.008895
0.019465
0.010610
0.014884
0.019785
0.010488
0.013523
0.011095
0.008081
0.007513
0.009522
0.007481
0.008400
0.006980
0.012210
0.003463
0.007764
0.004398
0.002644
0.004862
0.003080
0.006739
0.005715
0.002080
0.003398
0.005649
0.002874
0.002327
0.002364
0.004712
0.000792
0.002220
0.004294
0.001322
0.003024
0.002400
0.002963
0.003163
0.003549
0.001262
0.002558
0.003856
0.001049
0.000916
0.000817
0.000821
0.000859
0.000766
0.003352
0.001695
0.002215
0.001314
0.002301
0.003309
0.000496
0.000320
0.000465
0.000572
0.000462
0.000526
0.000500
0.000700
0.000567
0.000400
0.000438
0.000497
0.000941
0.000559
0.000588
0.002087
0.001932
0.001411
0.006099
0.007094
0.000881
0.000235
0.000957
0.000256
0.001507
0.000217
0.002294
0.000871
0.001548
0.000795
0.000295
0.000543
0.000372
0.003765
0.000170
0.000229
0.003275
0.000523
0.003641
0.000272
0.007682
0.001616
0.002159
0.003719
0.005374
0.003602
0.000498
0.004261
0.002098
0.000215
0.000485
0.000329
0.016381
0.002882
0.000066
0.000062
0.002210
0.001747
0.002146
0.002681
0.000030
0.000900
0.000084
0.003234
0.000167
0.005150
0.001392
0.000044
0.006880
0.000402
0.000672
0.000263
0.000750
0.000433
0.001844
0.000507
0.001966
0.009890
0.000692
0.001984
0.000045
0.000896
0.000623
0.000398
0.001474
0.005612
0.001464
0.000380
0.003978
0.006931
0.001246
0.000635
0.000055
0.003765
0.000273
0.006622
0.000865
0.000121
0.001511
0.002510
0.000516
0.003805
0.000029
0.001900
0.000087
0.000166
0.000026
0.000692
0.001528
0.001369
0.001101
0.001189
0.001629
0.000278
0.005148
0.001640
0.000315
0.002239
0.002106
0.000935
0.002100
0.001725
0.004418
0.001344
0.006941
0.001878
0.007174
0.003380
0.000428
0.000064
0.001833
0.000721
0.005700
0.000074
0.002848
0.003154
0.002524
0.001280
0.000480
0.000798
0.001802
0.001240
0.000561
0.001235
0.003033
0.000651
0.002209
0.010405
0.002763
0.001354
0.004798
0.001035
0.000664
0.003469
0.001244
0.002099
0.001411
0.000640
0.001610
0.001339
0.000871
0.000697
0.000093
0.000794
0.000931
0.001897
0.002175
0.000131
0.001910
0.002352
0.000950
0.001908
0.003461
0.000880
0.001241
0.000354
0.000044
0.002087
0.000938
0.000704
0.001963
0.000352
0.002112
0.001985
0.002505
0.001387
0.001231
0.001763
0.000123
0.000140
0.004298
0.000145
0.002449
0.001618
0.002225
0.000725
0.000722
0.001360
0.002106
0.001157
0.001568
0.000785
0.000666
0.000778
0.001532
0.002540
0.000934
0.002032
0.001035
0.004153
0.000239
0.000733
0.002985
0.000945
0.000488
0.000636
0.001590
0.000534
0.001639
0.000147
0.000408
0.000987
0.000856
0.000868
0.000243
0.002823
0.000309
0.000634
0.000835
0.000633
0.000300
0.001175
0.000641
0.001710
0.000557
0.000718
0.000315
0.001913
0.000220
0.000317
0.000276
0.000143
0.000448
0.000154
0.000337
0.001064
0.000191
0.000560
0.000125
0.000069
0.000139
0.000129
0.000098
0.000277
0.000165
0.000415
0.000115
0.000045
0.000103
0.000194
0.000352
0.000295
0.000077
0.000143
0.000169
0.000051
0.000075
0.000434
0.000128
0.000074
0.000082
0.000144
0.000148
0.000073
0.000072
0.000071
0.000052
0.041079
0.033707
0.047557
0.024208
0.035584
0.015288
0.016277
0.016544
0.023199
0.040905
0.028200
0.011789
0.018005
0.016890
0.010186
0.020985
0.017527
0.008889
0.019450
0.010601
0.014873
0.019772
0.010480
0.013515
0.011088
0.008074
0.007508
0.009515
0.007476
0.008394
0.006975
0.012201
0.003460
0.007759
0.004394
0.002642
0.004858
0.003078
0.006735
0.005712
0.002078
0.003396
0.005645
0.002872
0.002326
0.002362
0.004709
0.000792
0.002218
0.004292
0.001321
0.003022
0.002399
0.002961
0.003162
0.003547
0.001261
0.002557
0.003854
0.001048
0.000915
0.000816
0.000821
0.000859
0.000766
0.003350
0.001694
0.002214
0.001313
0.002300
0.003307
0.000496
0.000320
0.000464
0.000572
0.000461
0.000526
0.000500
0.000700
0.000567
0.000400
0.000437
0.000497
0.000940
0.000559
0.000588
0.002086
0.001931
0.001411
0.006093
0.007092
0.000881
0.000235
0.000956
0.000256
0.001506
0.000217
0.002293
0.000870
0.001547
0.000795
0.000295
0.000543
0.000371
0.003763
0.000170
0.000229
0.003273
0.000523
0.003639
0.000272
0.007675
0.001614
0.002157
0.003717
0.005368
0.003599
0.000497
0.004259
0.002098
0.000215
0.000484
0.000329
0.016361
0.002881
0.000066
0.000062
0.002211
0.001747
0.002146
0.002685
0.000030
0.000901
0.000084
0.003233
0.000167
0.005149
0.001392
0.000044
0.006881
0.000401
0.000672
0.000262
0.000751
0.000433
0.001842
0.000506
0.001961
0.009880
0.000692
0.001983
0.000045
0.000895
0.000622
0.000397
0.001472
0.005600
0.001463
0.000380
0.003976
0.006925
0.001246
0.000635
0.000055
0.003757
0.000274
0.006619
0.000865
0.000121
0.001511
0.002510
0.000516
0.003807
0.000029
0.001899
0.000087
0.000166
0.000026
0.000692
0.001526
0.001368
0.001100
0.001189
0.001629
0.000278
0.005149
0.001641
0.000315
0.002239
0.002106
0.000935
0.002100
0.001725
0.004414
0.001345
0.006937
0.001877
0.007175
0.003379
0.000428
0.000064
0.001832
0.000721
0.005700
0.000074
0.002848
0.003154
0.002523
0.001281
0.000480
0.000799
0.001802
0.001239
0.000561
0.001234
0.003034
0.000651
0.002208
0.010401
0.002763
0.001354
0.004796
0.001035
0.000665
0.003467
0.001243
0.002098
0.001411
0.000640
0.001609
0.001340
0.000871
0.000697
0.000093
0.000794
0.000931
0.001898
0.002174
0.000131
0.001910
0.002353
0.000949
0.001909
0.003461
0.000881
0.001242
0.000354
0.000044
0.002087
0.000938
0.000704
0.001963
0.000352
0.002113
0.001987
0.002506
0.001387
0.001232
0.001765
0.000123
0.000140
0.004299
0.000145
0.002450
0.001619
0.002226
0.000725
0.000722
0.001362
0.002107
0.001158
0.001569
0.000785
0.000666
0.000779
0.001533
0.002540
0.000934
0.002032
0.001034
0.004154
0.000240
0.000733
0.002986
0.000945
0.000489
0.000636
0.001592
0.000534
0.001641
0.000147
0.000408
0.000987
0.000857
0.000868
0.000243
0.002825
0.000309
0.000635
0.000836
0.000634
0.000300
0.001176
0.000641
0.001710
0.000557
0.000718
0.000316
0.001913
0.000220
0.000317
0.000275
0.000144
0.000448
0.000154
0.000337
0.001065
0.000191
0.000560
0.000126
0.000068
0.000139
0.000129
0.000098
0.000277
0.000165
0.000415
0.000115
0.000045
0.000102
0.000194
0.000352
0.000296
0.000077
0.000143
0.000168
0.000051
0.000075
0.000434
0.000128
0.000074
0.000082
0.000144
0.000147
0.000073
0.000072
0.000071
0.000052
0.041049
0.033677
0.047519
0.024186
0.035556
0.015273
0.016261
0.016531
0.023179
0.040880
0.028178
0.011779
0.017990
0.016879
0.010178
0.020970
0.017512
0.008883
0.019435
0.010593
0.014863
0.019760
0.010473
0.013506
0.011080
0.008068
0.007502
0.009509
0.007470
0.008388
0.006970
0.012192
0.003458
0.007754
0.004391
0.002640
0.004854
0.003077
0.006731
0.005709
0.002077
0.003394
0.005642
0.002871
0.002325
0.002361
0.004707
0.000791
0.002217
0.004289
0.001321
0.003021
0.002398
0.002960
0.003160
0.003545
0.001261
0.002556
0.003852
0.001048
0.000914
0.000816
0.000821
0.000859
0.000765
0.003348
0.001693
0.002213
0.001313
0.002299
0.003306
0.000495
0.000320
0.000464
0.000571
0.000461
0.000525
0.000500
0.000700
0.000567
0.000400
0.000437
0.000497
0.000940
0.000559
0.000588
0.002085
0.001930
0.001411
0.006086
0.007089
0.000880
0.000235
0.000955
0.000256
0.001506
0.000217
0.002292
0.000870
0.001547
0.000795
0.000295
0.000543
0.000371
0.003762
0.000170
0.000229
0.003271
0.000522
0.003638
0.000272
0.007668
0.001613
0.002156
0.003715
0.005364
0.003597
0.000497
0.004258
0.002097
0.000215
0.000484
0.000328
0.016336
0.002881
0.000066
0.000062
0.002213
0.001747
0.002146
0.002689
0.000030
0.000901
0.000084
0.003233
0.000167
0.005148
0.001392
0.000045
0.006882
0.000401
0.000671
0.000262
0.000750
0.000432
0.001839
0.000506
0.001952
0.009868
0.000691
0.001982
0.000045
0.000894
0.000620
0.000395
0.001468
0.005528
0.001460
0.000379
0.003966
0.006913
0.001244
0.000634
0.000054
0.003732
0.000275
0.006614
0.000866
0.000120
0.001504
0.002510
0.000511
0.003777
0.000029
0.001900
0.000088
0.000167
0.000026
0.000697
0.001528
0.001370
0.001103
0.001191
0.001632
0.000279
0.005162
0.001641
0.000316
0.002244
0.002109
0.000934
0.002103
0.001726
0.004416
0.001346
0.006945
0.001879
0.007174
0.003374
0.000425
0.000064
0.001835
0.000721
0.005711
0.000074
0.002851
0.003157
0.002528
0.001283
0.000479
0.000798
0.001805
0.001239
0.000562
0.001235
0.003035
0.000652
0.002210
0.010410
0.002764
0.001353
0.004798
0.001033
0.000663
0.003467
0.001245
0.002101
0.001411
0.000640
0.001608
0.001341
0.000871
0.000698
0.000093
0.000795
0.000931
0.001899
0.002176
0.000131
0.001911
0.002354
0.000950
0.001910
0.003460
0.000882
0.001242
0.000355
0.000043
0.002088
0.000938
0.000705
0.001964
0.000352
0.002114
0.001988
0.002506
0.001388
0.001233
0.001766
0.000123
0.000141
0.004300
0.000145
0.002451
0.001619
0.002227
0.000726
0.000722
0.001363
0.002108
0.001159
0.001570
0.000786
0.000666
0.000779
0.001533
0.002540
0.000934
0.002032
0.001034
0.004154
0.000240
0.000733
0.002986
0.000945
0.000489
0.000636
0.001593
0.000534
0.001642
0.000147
0.000408
0.000987
0.000858
0.000868
0.000243
0.002825
0.000309
0.000635
0.000837
0.000634
0.000300
0.001176
0.000641
0.001710
0.000557
0.000718
0.000316
0.001913
0.000220
0.000317
0.000275
0.000144
0.000448
0.000154
0.000337
0.001065
0.000191
0.000560
0.000126
0.000068
0.000139
0.000129
0.000098
0.000277
0.000165
0.000415
0.000115
0.000045
0.000102
0.000194
0.000352
0.000296
0.000077
0.000143
0.000168
0.000051
0.000075
0.000435
0.000128
0.000074
0.000082
0.000144
0.000147
0.000073
0.000072
0.000071
0.000052
0.041018
0.033648
0.047482
0.024165
0.035530
0.015260
0.016247
0.016518
0.023161
0.040857
0.028156
0.011769
0.017976
0.016869
0.010170
0.020954
0.017498
0.008877
0.019420
0.010585
0.014853
0.019747
0.010467
0.013499
0.011074
0.008061
0.007497
0.009502
0.007464
0.008382
0.006967
0.012184
0.003455
0.007749
0.004388
0.002638
0.004851
0.003075
0.006728
0.005705
0.002075
0.003392
0.005638
0.002869
0.002325
0.002360
0.004704
0.000791
0.002215
0.004287
0.001320
0.003019
0.002397
0.002959
0.003158
0.003543
0.001260
0.002556
0.003851
0.001047
0.000914
0.000816
0.000820
0.000858
0.000765
0.003347
0.001692
0.002212
0.001312
0.002298
0.003305
0.000495
0.000320
0.000464
0.000571
0.000461
0.000525
0.000500
0.000699
0.000567
0.000400
0.000437
0.000496
0.000940
0.000559
0.000588
0.002085
0.001930
0.001410
0.006080
0.007085
0.000880
0.000235
0.000955
0.000255
0.001505
0.000217
0.002291
0.000870
0.001546
0.000794
0.000295
0.000543
0.000371
0.003760
0.000170
0.000229
0.003270
0.000522
0.003635
0.000272
0.007660
0.001612
0.002155
0.003713
0.005359
0.003595
0.000496
0.004257
0.002096
0.000215
0.000484
0.000328
0.016311
0.002881
0.000066
0.000062
0.002218
0.001748
0.002146
0.002692
0.000030
0.000901
0.000084
0.003233
0.000167
0.005147
0.001392
0.000045
0.006879
0.000401
0.000669
0.000261
0.000748
0.000429
0.001834
0.000506
0.001935
0.009842
0.000691
0.001981
0.000045
0.000893
0.000618
0.000392
0.001463
0.005480
0.001457
0.000379
0.003963
0.006906
0.001244
0.000633
0.000054
0.003724
0.000275
0.006612
0.000866
0.000119
0.001504
0.002512
0.000510
0.003767
0.000029
0.001901
0.000088
0.000168
0.000026
0.000699
0.001529
0.001371
0.001105
0.001192
0.001633
0.000280
0.005169
0.001642
0.000315
0.002246
0.002109
0.000935
0.002103
0.001726
0.004414
0.001347
0.006947
0.001880
0.007174
0.003374
0.000424
0.000064
0.001836
0.000721
0.005714
0.000074
0.002852
0.003158
0.002530
0.001283
0.000479
0.000797
0.001805
0.001238
0.000562
0.001236
0.003036
0.000652
0.002211
0.010416
0.002765
0.001354
0.004798
0.001033
0.000663
0.003467
0.001245
0.002102
0.001411
0.000641
0.001607
0.001341
0.000871
0.000698
0.000093
0.000796
0.000931
0.001900
0.002177
0.000131
0.001911
0.002355
0.000950
0.001911
0.003458
0.000882
0.001242
0.000354
0.000044
0.002088
0.000938
0.000705
0.001963
0.000353
0.002115
0.001988
0.002507
0.001388
0.001234
0.001767
0.000123
0.000141
0.004301
0.000146
0.002452
0.001620
0.002229
0.000726
0.000722
0.001365
0.002108
0.001159
0.001570
0.000786
0.000667
0.000779
0.001533
0.002540
0.000934
0.002032
0.001035
0.004154
0.000240
0.000734
0.002986
0.000946
0.000490
0.000636
0.001592
0.000534
0.001643
0.000147
0.000408
0.000987
0.000858
0.000867
0.000243
0.002826
0.000309
0.000635
0.000837
0.000634
0.000300
0.001176
0.000641
0.001710
0.000558
0.000718
0.000316
0.001913
0.000220
0.000317
0.000275
0.000144
0.000448
0.000153
0.000337
0.001065
0.000191
0.000559
0.000126
0.000069
0.000139
0.000129
0.000098
0.000277
0.000165
0.000415
0.000115
0.000045
0.000102
0.000194
0.000352
0.000296
0.000077
0.000143
0.000168
0.000051
0.000075
0.000435
0.000128
0.000074
0.000082
0.000144
0.000147
0.000073
0.000072
0.000071
0.000052
0.040989
0.033620
0.047445
0.024143
0.035504
0.015245
0.016232
0.016506
0.023142
0.040834
0.028135
0.011759
0.017962
0.016859
0.010162
0.020939
0.017484
0.008871
0.019406
0.010577
0.014843
0.019735
0.010460
0.013491
0.011067
0.008055
0.007492
0.009496
0.007459
0.008376
0.006963
0.012176
0.003452
0.007744
0.004385
0.002636
0.004848
0.003073
0.006725
0.005702
0.002074
0.003390
0.005635
0.002868
0.002324
0.002359
0.004702
0.000791
0.002214
0.004284
0.001319
0.003017
0.002396
0.002957
0.003157
0.003542
0.001259
0.002554
0.003849
0.001046
0.000914
0.000816
0.000820
0.000858
0.000764
0.003345
0.001691
0.002211
0.001312
0.002297
0.003304
0.000495
0.000320
0.000464
0.000571
0.000461
0.000525
0.000500
0.000699
0.000566
0.000400
0.000437
0.000496
0.000940
0.000559
0.000588
0.002084
0.001930
0.001410
0.006073
0.007081
0.000879
0.000235
0.000955
0.000255
0.001505
0.000217
0.002290
0.000869
0.001546
0.000794
0.000295
0.000542
0.000371
0.003757
0.000170
0.000229
0.003269
0.000522
0.003633
0.000272
0.007655
0.001611
0.002154
0.003712
0.005356
0.003593
0.000496
0.004256
0.002096
0.000215
0.000483
0.000327
0.016290
0.002879
0.000066
0.000062
0.002220
0.001749
0.002146
0.002698
0.000030
0.000902
0.000084
0.003231
0.000167
0.005148
0.001392
0.000045
0.006882
0.000401
0.000669
0.000261
0.000746
0.000429
0.001834
0.000505
0.001931
0.009833
0.000691
0.001980
0.000045
0.000892
0.000618
0.000394
0.001462
0.005475
0.001457
0.000379
0.003962
0.006903
0.001243
0.000633
0.000054
0.003723
0.000275
0.006610
0.000866
0.000119
0.001503
0.002511
0.000510
0.003768
0.000029
0.001900
0.000088
0.000168
0.000026
0.000699
0.001530
0.001371
0.001104
0.001192
0.001632
0.000280
0.005169
0.001643
0.000315
0.002245
0.002109
0.000935
0.002102
0.001725
0.004411
0.001347
0.006946
0.001879
0.007173
0.003375
0.000424
0.000064
0.001836
0.000721
0.005713
0.000074
0.002852
0.003157
0.002531
0.001283
0.000479
0.000797
0.001804
0.001238
0.000562
0.001235
0.003036
0.000652
0.002211
0.010412
0.002764
0.001354
0.004798
0.001033
0.000663
0.003466
0.001245
0.002102
0.001411
0.000641
0.001607
0.001342
0.000871
0.000698
0.000093
0.000797
0.000931
0.001900
0.002177
0.000131
0.001911
0.002355
0.000949
0.001911
0.003458
0.000883
0.001242
0.000354
0.000044
0.002089
0.000939
0.000706
0.001963
0.000353
0.002116
0.001989
0.002507
0.001389
0.001234
0.001768
0.000123
0.000141
0.004301
0.000146
0.002453
0.001620
0.002230
0.000727
0.000722
0.001365
0.002108
0.001159
0.001570
0.000787
0.000667
0.000779
0.001533
0.002540
0.000934
0.002032
0.001035
0.004153
0.000240
0.000734
0.002987
0.000946
0.000491
0.000636
0.001592
0.000534
0.001644
0.000147
0.000408
0.000987
0.000859
0.000867
0.000243
0.002826
0.000309
0.000635
0.000838
0.000634
0.000301
0.001177
0.000642
0.001710
0.000558
0.000718
0.000316
0.001913
0.000220
0.000317
0.000275
0.000144
0.000448
0.000153
0.000337
0.001065
0.000191
0.000560
0.000126
0.000069
0.000139
0.000129
0.000098
0.000277
0.000165
0.000415
0.000115
0.000045
0.000102
0.000194
0.000352
0.000296
0.000077
0.000143
0.000168
0.000051
0.000075
0.000435
0.000128
0.000074
0.000082
0.000144
0.000147
0.000073
0.000072
0.000071
0.000052
0.040960
0.033592
0.047409
0.024122
0.035478
0.015232
0.016218
0.016494
0.023125
0.040811
0.028115
0.011750
0.017948
0.016849
0.010155
0.020925
0.017471
0.008866
0.019392
0.010570
0.014834
0.019724
0.010454
0.013484
0.011061
0.008050
0.007487
0.009490
0.007454
0.008371
0.006959
0.012169
0.003450
0.007740
0.004383
0.002634
0.004845
0.003072
0.006722
0.005699
0.002073
0.003388
0.005632
0.002867
0.002323
0.002357
0.004700
0.000791
0.002213
0.004282
0.001319
0.003016
0.002396
0.002956
0.003155
0.003540
0.001259
0.002554
0.003848
0.001046
0.000913
0.000816
0.000820
0.000858
0.000764
0.003344
0.001691
0.002210
0.001311
0.002297
0.003303
0.000495
0.000320
0.000464
0.000571
0.000461
0.000524
0.000500
0.000699
0.000566
0.000400
0.000437
0.000496
0.000940
0.000559
0.000588
0.002084
0.001929
0.001410
0.006067
0.007078
0.000879
0.000235
0.000954
0.000255
0.001504
0.000217
0.002289
0.000869
0.001545
0.000794
0.000295
0.000542
0.000371
0.003756
0.000170
0.000229
0.003267
0.000521
0.003632
0.000272
0.007650
0.001610
0.002153
0.003710
0.005354
0.003591
0.000495
0.004255
0.002096
0.000215
0.000483
0.000327
0.016269
0.002879
0.000066
0.000062
0.002224
0.001749
0.002146
0.002703
0.000030
0.000902
0.000084
0.003231
0.000167
0.005149
0.001392
0.000045
0.006884
0.000401
0.000669
0.000261
0.000746
0.000428
0.001833
0.000504
0.001926
0.009825
0.000691
0.001979
0.000045
0.000892
0.000617
0.000394
0.001460
0.005470
0.001456
0.000379
0.003961
0.006900
0.001243
0.000633
0.000054
0.003721
0.000275
0.006609
0.000866
0.000119
0.001505
0.002510
0.000510
0.003768
0.000029
0.001900
0.000088
0.000168
0.000026
0.000698
0.001529
0.001370
0.001104
0.001192
0.001632
0.000280
0.005168
0.001643
0.000315
0.002245
0.002109
0.000935
0.002101
0.001725
0.004409
0.001347
0.006944
0.001879
0.007172
0.003374
0.000424
0.000064
0.001836
0.000721
0.005713
0.000074
0.002851
0.003157
0.002530
0.001283
0.000479
0.000798
0.001803
0.001238
0.000562
0.001235
0.003036
0.000652
0.002210
0.010410
0.002764
0.001355
0.004798
0.001033
0.000663
0.003466
0.001245
0.002101
0.001410
0.000641
0.001606
0.001342
0.000871
0.000698
0.000093
0.000797
0.000931
0.001901
0.002177
0.000131
0.001912
0.002356
0.000949
0.001912
0.003457
0.000883
0.001242
0.000355
0.000044
0.002089
0.000939
0.000706
0.001963
0.000353
0.002117
0.001990
0.002507
0.001389
0.001234
0.001768
0.000123
0.000141
0.004302
0.000146
0.002453
0.001621
0.002231
0.000726
0.000722
0.001366
0.002109
0.001160
0.001571
0.000787
0.000667
0.000778
0.001533
0.002540
0.000934
0.002032
0.001035
0.004153
0.000240
0.000734
0.002987
0.000946
0.000491
0.000636
0.001593
0.000534
0.001643
0.000147
0.000408
0.000987
0.000860
0.000867
0.000243
0.002826
0.000309
0.000635
0.000838
0.000634
0.000301
0.001177
0.000641
0.001710
0.000558
0.000718
0.000316
0.001914
0.000220
0.000317
0.000275
0.000144
0.000448
0.000153
0.000337
0.001065
0.000191
0.000560
0.000126
0.000069
0.000139
0.000129
0.000098
0.000277
0.000165
0.000416
0.000115
0.000045
0.000102
0.000194
0.000352
0.000296
0.000077
0.000143
0.000168
0.000051
0.000075
0.000435
0.000128
0.000074
0.000082
0.000144
0.000146
0.000073
0.000072
0.000071
0.000052
0.040931
0.033564
0.047373
0.024102
0.035454
0.015219
0.016204
0.016482
0.023109
0.040790
0.028095
0.011741
0.017934
0.016840
0.010148
0.020911
0.017459
0.008861
0.019379
0.010562
0.014825
0.019713
0.010449
0.013477
0.011055
0.008044
0.007482
0.009485
0.007450
0.008366
0.006955
0.012162
0.003448
0.007737
0.004380
0.002632
0.004842
0.003071
0.006719
0.005697
0.002072
0.003386
0.005629
0.002866
0.002322
0.002356
0.004698
0.000790
0.002212
0.004280
0.001318
0.003014
0.002395
0.002955
0.003154
0.003539
0.001259
0.002553
0.003846
0.001046
0.000913
0.000815
0.000820
0.000858
0.000764
0.003343
0.001690
0.002209
0.001311
0.002296
0.003302
0.000494
0.000320
0.000463
0.000571
0.000461
0.000524
0.000500
0.000699
0.000566
0.000400
0.000437
0.000495
0.000940
0.000559
0.000588
0.002084
0.001929
0.001411
0.006059
0.007076
0.000879
0.000234
0.000954
0.000255
0.001504
0.000217
0.002288
0.000869
0.001544
0.000793
0.000295
0.000542
0.000371
0.003755
0.000170
0.000229
0.003266
0.000521
0.003631
0.000271
0.007644
0.001609
0.002152
0.003709
0.005351
0.003590
0.000495
0.004254
0.002095
0.000215
0.000483
0.000327
0.016247
0.002879
0.000066
0.000062
0.002224
0.001749
0.002146
0.002706
0.000030
0.000902
0.000084
0.003232
0.000167
0.005149
0.001393
0.000045
0.006886
0.000402
0.000669
0.000261
0.000745
0.000428
0.001833
0.000504
0.001923
0.009815
0.000691
0.001979
0.000045
0.000891
0.000617
0.000395
0.001458
0.005466
0.001456
0.000379
0.003960
0.006898
0.001243
0.000633
0.000054
0.003720
0.000276
0.006608
0.000866
0.000119
0.001505
0.002510
0.000510
0.003767
0.000029
0.001900
0.000088
0.000169
0.000026
0.000699
0.001528
0.001370
0.001104
0.001192
0.001632
0.000280
0.005169
0.001643
0.000315
0.002244
0.002110
0.000934
0.002100
0.001725
0.004408
0.001346
0.006944
0.001879
0.007170
0.003374
0.000424
0.000064
0.001835
0.000720
0.005713
0.000074
0.002851
0.003157
0.002530
0.001283
0.000479
0.000798
0.001803
0.001237
0.000562
0.001235
0.003037
0.000652
0.002210
0.010407
0.002763
0.001355
0.004798
0.001033
0.000663
0.003465
0.001245
0.002101
0.001410
0.000640
0.001606
0.001342
0.000871
0.000698
0.000093
0.000797
0.000931
0.001901
0.002176
0.000131
0.001912
0.002356
0.000949
0.001912
0.003457
0.000884
0.001242
0.000355
0.000044
0.002089
0.000939
0.000707
0.001963
0.000353
0.002117
0.001991
0.002507
0.001389
0.001235
0.001769
0.000122
0.000141
0.004302
0.000146
0.002454
0.001621
0.002232
0.000727
0.000722
0.001367
0.002109
0.001160
0.001571
0.000787
0.000668
0.000778
0.001533
0.002541
0.000934
0.002032
0.001035
0.004152
0.000240
0.000734
0.002987
0.000946
0.000491
0.000636
0.001593
0.000534
0.001644
0.000147
0.000408
0.000987
0.000860
0.000867
0.000243
0.002826
0.000309
0.000634
0.000839
0.000635
0.000301
0.001177
0.000642
0.001710
0.000558
0.000718
0.000316
0.001913
0.000220
0.000317
0.000275
0.000144
0.000448
0.000153
0.000337
0.001066
0.000191
0.000560
0.000126
0.000069
0.000139
0.000129
0.000098
0.000278
0.000165
0.000416
0.000115
0.000045
0.000102
0.000194
0.000353
0.000296
0.000077
0.000143
0.000168
0.000051
0.000075
0.000435
0.000128
0.000074
0.000082
0.000144
0.000146
0.000073
0.000072
0.000071
0.000052
0.040903
0.033536
0.047338
0.024081
0.035429
0.015205
0.016190
0.016471
0.023092
0.040767
0.028074
0.011733
0.017920
0.016830
0.010140
0.020897
0.017446
0.008855
0.019366
0.010555
0.014815
0.019702
0.010443
0.013469
0.011049
0.008039
0.007478
0.009480
0.007445
0.008360
0.006952
0.012155
0.003446
0.007733
0.004377
0.002631
0.004839
0.003069
0.006716
0.005694
0.002071
0.003385
0.005626
0.002865
0.002322
0.002356
0.004696
0.000790
0.002211
0.004278
0.001318
0.003013
0.002394
0.002954
0.003153
0.003538
0.001258
0.002553
0.003845
0.001045
0.000912
0.000815
0.000820
0.000858
0.000764
0.003341
0.001690
0.002208
0.001311
0.002295
0.003301
0.000494
0.000320
0.000463
0.000571
0.000461
0.000524
0.000500
0.000698
0.000566
0.000400
0.000436
0.000495
0.000939
0.000559
0.000587
0.002083
0.001929
0.001410
0.006046
0.007074
0.000879
0.000234
0.000954
0.000255
0.001503
0.000217
0.002287
0.000868
0.001543
0.000793
0.000295
0.000542
0.000370
0.003755
0.000171
0.000229
0.003265
0.000521
0.003630
0.000271
0.007639
0.001608
0.002151
0.003708
0.005342
0.003589
0.000495
0.004253
0.002095
0.000215
0.000482
