0.081053
0.081437
0.081316
0.081098
0.081364
0.080928
0.081133
0.080781
0.080726
0.080794
0.081433
0.080892
0.080862
0.080773
0.081307
0.080518
0.080548
0.080549
0.080553
0.080741
0.080664
0.080737
0.080550
0.080742
0.080890
0.080596
0.080248
0.080244
0.080312
0.080700
0.079900
0.080332
0.080033
0.080108
0.080407
0.080524
0.079922
0.080152
0.079741
0.079992
0.080282
0.080051
0.079774
0.079811
0.080233
0.080344
0.080274
0.079767
0.079856
0.079974
0.080034
0.079437
0.079663
0.079650
0.079416
0.079467
0.079333
0.079425
0.079210
0.079443
0.079690
0.079175
0.079561
0.079953
0.079321
0.079208
0.078912
0.079485
0.079449
0.079437
0.079417
0.079640
0.078947
0.079226
0.079128
0.078760
0.079108
0.079061
0.078993
0.078782
0.078616
0.078603
0.078295
0.078817
0.079085
0.078462
0.078587
0.078741
0.078335
0.078841
0.078560
0.079150
0.078362
0.078197
0.078560
0.078144
0.078478
0.078101
0.078395
0.078382
0.078081
0.078097
0.077710
0.077858
0.078065
0.078104
0.078063
0.077931
0.078400
0.077948
0.078036
0.077423
0.077990
0.078082
0.077781
0.077950
0.078037
0.077659
0.077400
0.077847
0.077551
0.077241
0.077606
0.076991
0.077342
0.077802
0.077301
0.077188
0.077400
0.077164
0.077183
0.077150
0.077777
0.077100
0.077199
0.077028
0.077039
0.076901
0.076867
0.077280
0.077013
0.076919
0.076898
0.076844
0.076509
0.077055
0.077194
0.076757
0.076888
0.076583
0.076466
0.076680
0.076618
0.076893
0.076461
0.076959
0.076651
0.076275
0.075854
0.076328
0.076371
0.075994
0.076230
0.076249
0.076562
0.076166
0.075944
0.075907
0.075880
0.076197
0.075792
0.076019
0.076291
0.075564
0.075903
0.075648
0.075806
0.076029
0.076075
0.075760
0.075655
0.076162
0.075436
0.075967
0.076168
0.075694
0.075707
0.075303
0.075493
0.075481
0.075489
0.075276
0.075508
0.075632
0.074895
0.075405
0.075084
0.075377
0.075240
0.075221
0.075049
0.074865
0.074812
0.075153
0.075044
0.075229
0.074866
0.075159
0.074676
0.074725
0.075125
0.074606
0.075133
0.074636
0.074808
0.074634
0.074616
0.074804
0.074699
0.074544
0.074547
0.074396
0.074088
0.074848
0.074314
0.074617
0.074466
0.074443
0.074343
0.074214
0.074467
0.074107
0.074031
0.074594
0.073989
0.074298
0.074224
0.073807
0.074003
0.074326
0.074072
0.073847
0.073979
0.073637
0.074032
0.073848
0.073660
0.073828
0.074246
0.073354
0.073701
0.073356
0.073578
0.073352
0.073596
0.073085
0.073822
0.073463
0.072991
0.073177
0.073811
0.073120
0.073331
0.073074
0.073338
0.073238
0.072991
0.073042
0.073118
0.072702
0.073143
0.073121
0.072794
0.072928
0.072989
0.073155
0.073116
0.072698
0.072509
0.072533
0.072624
0.072713
0.073236
0.072401
0.072267
0.072350
0.072631
0.072904
0.072475
0.072361
0.072226
0.072483
0.072518
0.072224
0.072615
0.072096
0.072218
0.072507
0.072898
0.072124
0.072888
0.072313
0.072195
0.072316
0.072145
0.071958
0.072147
0.071793
0.071938
0.072024
0.071838
0.072015
0.071640
0.071973
0.071634
0.071924
0.071993
0.071929
0.071542
0.071602
0.071701
0.071483
0.071973
0.071632
0.071695
0.071192
0.071619
0.071434
0.071330
0.071356
0.071206
0.071396
0.071353
0.071583
0.071639
0.070825
0.071312
0.071064
0.070838
0.070891
0.070919
0.071280
0.070706
0.071130
0.071430
0.070741
0.070992
0.070481
0.070564
0.070818
0.070708
0.070530
0.070763
0.070438
0.070609
0.070330
0.070277
0.070336
0.070876
0.070461
0.070391
0.070366
0.070779
0.070122
0.070099
0.070121
0.070153
0.070309
0.070223
0.070298
0.070130
0.070281
0.070401
0.070158
0.069842
0.069844
0.069887
0.070267
0.069555
0.069940
0.069664
0.069721
0.069993
0.070145
0.069556
0.069786
0.069418
0.069609
0.069861
0.069701
0.069433
0.069463
0.069873
0.069964
0.069897
0.069406
0.069520
0.069618
0.069654
0.069154
0.069338
0.069393
0.069128
0.069165
0.069060
0.069142
0.068955
0.069170
0.069434
0.068925
0.069295
0.069609
0.069049
0.068976
0.068682
0.069215
0.069181
0.069139
0.069181
0.069306
0.068714
0.069000
0.068882
0.068568
0.068924
0.068836
0.068840
0.068600
0.068440
0.068462
0.068163
0.068641
0.068848
0.068303
0.068439
0.068549
0.068214
0.068685
0.068418
0.068978
0.068253
0.068088
0.068422
0.068039
0.068357
0.068040
0.068257
0.068253
0.067983
0.068014
0.067663
0.067810
0.067960
0.068000
0.068003
0.067859
0.068324
0.067841
0.067956
0.067403
0.067901
0.067999
0.067745
0.067918
0.067989
0.067627
0.067391
0.067795
0.067537
0.067255
0.067610
0.067046
0.067366
0.067760
0.067318
0.067188
0.067423
0.067190
0.067232
0.067188
0.067797
0.067134
0.067253
0.067092
0.067086
0.066989
0.066945
0.067317
0.067090
0.066996
0.067000
0.066925
0.066650
0.067131
0.067237
0.066844
0.066985
0.066688
0.066596
0.066811
0.066742
0.067029
0.066616
0.067077
0.066777
0.066424
0.066054
0.066465
0.066518
0.066191
0.066376
0.066442
0.066689
0.066334
0.066147
0.066096
0.066092
0.066380
0.066027
0.066232
0.066491
0.065825
0.066138
0.065897
0.066026
0.066255
0.066248
0.066004
0.065937
0.066362
0.065706
0.066206
0.066380
0.065941
0.065960
0.065584
0.065771
0.065778
0.065784
0.065560
0.065763
0.065893
0.065229
0.065695
0.065404
0.065686
0.065552
0.065555
0.065388
0.065221
0.065180
0.065493
0.065389
0.065573
0.065227
0.065491
0.065047
0.065087
0.065479
0.064990
0.065468
0.065030
0.065192
0.065015
0.064992
0.065182
0.065081
0.064935
0.064966
0.064809
0.064549
0.065213
0.064736
0.065011
0.064880
0.064872
0.064780
0.064659
0.064899
0.064552
0.064504
0.065004
0.064464
0.064763
0.064687
0.064315
0.064475
0.064787
0.064532
0.064335
0.064472
0.064141
0.064529
0.064334
0.064194
0.064338
0.064716
0.063909
0.064237
0.063892
0.064130
0.063942
0.064115
0.063677
0.064363
0.064031
0.063588
0.063763
0.064325
0.063706
0.063886
0.063685
0.063925
0.063828
0.063609
0.063663
0.063705
0.063333
0.063738
0.063735
0.063430
0.063557
0.063587
0.063753
0.063727
0.063347
0.063163
0.063194
0.063286
0.063354
0.063864
0.063074
0.062956
0.063036
0.063315
0.063568
0.063155
0.063033
0.062932
0.063172
0.063216
0.062947
0.063304
0.062811
0.062939
0.063215
0.063589
0.062863
0.063596
0.063041
0.062921
0.063046
0.062911
0.062735
0.062897
0.062548
0.062713
0.062792
0.062624
0.062770
0.062418
0.062733
0.062413
0.062722
0.062772
0.062699
0.062350
0.062432
0.062485
0.062330
0.062750
0.062426
0.062501
0.062041
0.062437
0.062279
0.062180
0.062202
0.062058
0.062233
0.062211
0.062442
0.062482
0.061713
0.062183
0.061951
0.061713
0.061788
0.061834
0.062166
0.061629
0.062016
0.062315
0.061658
0.061896
0.061405
0.061505
0.061730
0.061626
0.061459
0.061696
0.061383
0.061546
0.061296
0.061237
0.061294
0.061804
0.061437
0.061348
0.061345
0.061713
0.061116
0.061079
0.061108
0.061150
0.061306
0.061215
0.061297
0.061140
0.061270
0.061373
0.061163
0.060865
0.060864
0.060905
0.061277
0.060615
0.060977
0.060711
0.060774
0.061025
0.061201
0.060610
0.060843
0.060496
0.060671
0.060908
0.060779
0.060518
0.060549
0.060957
0.061037
0.060972
0.060493
0.060619
0.060697
0.060726
0.060280
0.060448
0.060534
0.060254
0.060287
0.060195
0.060272
0.060102
0.060308
0.060575
0.060077
0.060441
0.060742
0.060204
0.060135
0.059859
0.060375
0.060341
0.060285
0.060359
0.060444
0.059897
0.060180
0.060054
0.059770
0.060133
0.060032
0.060058
0.059815
0.059665
0.059696
0.059404
0.059861
0.060043
0.059537
0.059675
0.059779
0.059469
0.059928
0.059674
0.060201
0.059518
0.059358
0.059676
0.059313
0.059616
0.059331
0.059527
0.059531
0.059278
0.059308
0.058968
0.059117
0.059251
0.059295
0.059314
0.059168
0.059628
0.059147
0.059264
0.058739
0.059214
0.059308
0.059088
0.059261
0.059326
0.058962
0.058746
0.059130
0.058892
0.058627
0.058974
0.058436
0.058747
0.059115
0.058699
0.058566
0.058807
0.058579
0.058630
0.058580
0.059186
0.058531
0.058658
0.058505
0.058495
0.058417
0.058361
0.058726
0.058517
0.058425
0.058446
0.058359
0.058113
0.058571
0.058672
0.058295
0.058431
0.058142
0.058067
0.058263
0.058209
0.058500
0.058100
0.058550
0.058258
0.057915
0.057563
0.057955
0.058012
0.057703
0.057874
0.057950
0.058188
0.057846
0.057673
0.057618
0.057628
0.057904
0.057575
0.057768
0.058023
0.057382
0.057694
0.057455
0.057581
0.057807
0.057775
0.057562
0.057515
0.057911
0.057284
0.057772
0.057943
0.057511
0.057539
0.057175
0.057369
0.057382
0.057388
0.057163
0.057358
0.057493
0.056852
0.057306
0.057028
0.057307
0.057178
0.057192
0.057029
0.056870
0.056837
0.057141
0.057039
0.057222
0.056892
0.057145
0.056715
0.056754
0.057139
0.056666
0.057126
0.056714
0.056867
0.056698
0.056674
0.056862
0.056773
0.056631
0.056671
0.056522
0.056275
0.056898
0.056454
0.056712
0.056598
0.056599
0.056512
0.056393
0.056632
0.056288
0.056253
0.056721
0.056218
0.056512
0.056436
0.056085
0.056232
0.056534
0.056280
0.056109
0.056250
0.055923
0.056304
0.056117
0.055994
0.056128
0.056487
0.055722
0.056041
0.055702
0.055948
0.055774
0.055922
0.055518
0.056175
0.055858
0.055428
0.055604
0.056139
0.055547
0.055720
0.055541
0.055777
0.055683
0.055474
0.055530
0.055565
0.055210
0.055606
0.055610
0.055315
0.055439
0.055453
0.055628
0.055611
0.055248
0.055064
0.055104
0.055193
0.055253
0.055765
0.054989
0.054882
0.054962
0.055241
0.055491
0.055086
0.054962
0.054875
0.055113
0.055155
0.054905
0.055245
0.054769
0.054896
0.055169
0.055529
0.054835
0.055550
0.055007
0.054894
0.055023
0.054900
0.054731
0.054886
0.054539
0.054718
0.054794
0.054638
0.054767
0.054431
0.054733
0.054430
0.054750
0.054788
0.054708
0.054379
0.054475
0.054508
0.054380
0.054776
0.054460
0.054540
0.054097
0.054483
0.054340
0.054245
0.054269
0.054125
0.054301
0.054291
0.054523
0.054552
0.053807
0.054264
0.054046
0.053805
0.053890
0.053946
0.054261
0.053745
0.054115
0.054422
0.053780
0.054013
0.053531
0.053639
0.053854
0.053759
0.053595
0.053834
0.053529
0.053689
0.053455
0.053393
0.053452
0.053950
0.053605
0.053508
0.053515
0.053868
0.053297
0.053257
0.053291
0.053339
0.053494
0.053402
0.053494
0.053340
0.053461
0.053557
0.053367
0.053080
0.053075
0.053119
0.053487
0.052849
0.053203
0.052942
0.053013
0.053253
0.053440
0.052851
0.053087
0.052749
0.052920
0.053153
0.053038
0.052784
0.052818
0.053223
0.053299
0.053238
0.052768
0.052896
0.052968
0.052995
0.052574
0.052736
0.052840
0.052554
0.052587
0.052503
0.052577
0.052419
0.052618
0.052885
0.052400
0.052760
0.053063
0.052532
0.052463
0.052199
0.052706
0.052675
0.052617
0.052707
0.052775
0.052251
0.052531
0.052402
0.052134
0.052502
0.052397
0.052432
0.052192
0.052049
0.052083
0.051797
0.052246
0.052416
0.051929
0.052072
0.052175
0.051876
0.052331
0.052085
0.052588
0.051935
0.051781
0.052090
0.051741
0.052035
0.051768
0.051958
0.051967
0.051723
0.051752
0.051417
0.051568
0.051699
0.051746
0.051771
0.051626
0.052086
0.051611
0.051725
0.051216
0.051683
0.051776
0.051572
0.051748
0.051809
0.051447
0.051243
0.051617
0.051392
0.051135
0.051479
0.050955
0.051264
0.051619
0.051217
0.051085
0.051329
0.051107
0.051160
0.051111
0.051713
0.051068
0.051198
0.051051
0.051040
0.050972
0.050910
0.051277
0.051075
0.050986
0.051017
0.050925
0.050695
0.051146
0.051244
0.050877
0.051007
0.050725
0.050661
0.050842
0.050804
0.051093
0.050706
0.051153
0.050864
0.050526
0.050184
0.050572
0.050630
0.050331
0.050496
0.050578
0.050818
0.050480
0.050313
0.050258
0.050278
0.050551
0.050229
0.050421
0.050673
0.050047
0.050362
0.050124
0.050251
0.050475
0.050429
0.050234
0.050200
0.050582
0.049971
0.050452
0.050624
0.050197
0.050230
0.049873
0.050075
0.050089
0.050096
0.049875
0.050067
0.050205
0.049575
0.050024
0.049754
0.050033
0.049908
0.049930
0.049771
0.049616
0.049588
0.049890
0.049788
0.049972
0.049654
0.049902
0.049480
0.049521
0.049901
0.049437
0.049891
0.049493
0.049637
0.049477
0.049455
0.049642
0.049563
0.049423
0.049465
0.049325
0.049084
0.049687
0.049262
0.049510
0.049408
0.049416
0.049332
0.049217
0.049455
0.049114
0.049086
0.049536
0.049055
0.049348
0.049272
0.048934
0.049074
0.049373
0.049118
0.048967
0.049110
0.048787
0.049162
0.048986
0.048870
0.049001
0.049347
0.048607
0.048922
0.048589
0.048839
0.048675
0.048812
0.048424
0.049066
0.048759
0.048337
0.048514
0.049038
0.048460
0.048632
0.048464
0.048700
0.048609
0.048405
0.048465
0.048498
0.048152
0.048544
0.048552
0.048264
0.048388
0.048394
0.048577
0.048566
0.048213
0.048026
0.048072
0.048163
0.048217
0.048735
0.047965
0.047866
0.047946
0.048226
0.048477
0.048078
0.047954
0.047875
0.048114
0.048153
0.047916
0.048246
0.047783
0.047911
0.048182
0.048531
0.047860
0.048563
0.048029
0.047923
0.048055
0.047936
0.047774
0.047927
0.047583
0.047769
0.047845
0.047698
0.047818
0.047493
0.047784
0.047496
0.047822
0.047856
0.047771
0.047455
0.047559
0.047584
0.047468
0.047855
0.047543
0.047627
0.047193
0.047576
0.047441
0.047351
0.047376
0.047233
0.047411
0.047410
0.047642
0.047662
0.046935
0.047385
0.047176
0.046935
0.047026
0.047090
0.047394
0.046892
0.047252
0.047565
0.046934
0.047165
0.046689
0.046801
0.047012
0.046924
0.046763
0.047004
0.046704
0.046863
0.046639
0.046577
0.046637
0.047130
0.046798
0.046694
0.046711
0.047056
0.046499
0.046461
0.046498
0.046550
0.046705
0.046613
0.046713
0.046561
0.046678
0.046773
0.046593
0.046313
0.046307
0.046355
0.046721
0.046097
0.046447
0.046190
0.046268
0.046501
0.046695
0.046109
0.046347
0.046014
0.046186
0.046417
0.046310
0.046061
0.046098
0.046502
0.046577
0.046519
0.046056
0.046184
0.046254
0.046281
0.045875
0.046034
0.046150
0.045861
0.045897
0.045817
0.045890
0.045740
0.045936
0.046203
0.045726
0.046086
0.046392
0.045865
0.045795
0.045540
0.046043
0.046014
0.045958
0.046057
0.046117
0.045606
0.045884
0.045755
0.045497
0.045869
0.045762
0.045803
0.045567
0.045428
0.045464
0.045183
0.045628
0.045792
0.045318
0.045464
0.045567
0.045275
0.045729
0.045489
0.045972
0.045343
0.045195
0.045499
0.045159
0.045448
0.045193
0.045380
0.045392
0.045155
0.045184
0.044853
0.045007
0.045136
0.045186
0.045214
0.045071
0.045533
0.045062
0.045174
0.044675
0.045140
0.045233
0.045039
0.045217
0.045278
0.044917
0.044720
0.045089
0.044875
0.044621
0.044964
0.044449
0.044759
0.045107
0.044713
0.044585
0.044830
0.044612
0.044666
0.044621
0.045220
0.044582
0.044715
0.044572
0.044561
0.044501
0.044434
0.044806
0.044607
0.044520
0.044559
0.044465
0.044244
0.044695
0.044791
0.044430
0.044556
0.044278
0.044223
0.044392
0.044368
0.044654
0.044277
0.044724
0.044436
0.044102
0.043767
0.044156
0.044214
0.043922
0.044085
0.044170
0.044414
0.044079
0.043915
0.043862
0.043888
0.044160
0.043842
0.044034
0.044286
0.043669
0.043987
0.043750
0.043879
0.044102
0.044048
0.043866
0.043840
0.044215
0.043614
0.044091
0.044267
0.043840
0.043878
0.043526
0.043735
0.043749
0.043758
0.043539
0.043730
0.043873
0.043249
0.043696
0.043431
0.043711
0.043588
0.043617
0.043461
0.043308
0.043284
0.043587
0.043485
0.043671
0.043361
0.043607
0.043190
0.043233
0.043611
0.043153
0.043605
0.043215
0.043353
0.043201
0.043182
0.043368
0.043297
0.043159
0.043202
0.043069
0.042831
0.043424
0.043010
0.043254
0.043160
0.043171
0.043090
0.042980
0.043218
0.042877
0.042854
0.043295
0.042828
0.043121
0.043047
0.042717
0.042854
0.043152
0.042895
0.042759
0.042902
0.042585
0.042955
0.042787
0.042676
0.042806
0.043145
0.042421
0.042735
0.042405
0.042659
0.042501
0.042634
0.042256
0.042888
0.042589
0.042171
0.042350
0.042868
0.042300
0.042472
0.042309
0.042548
0.042459
0.042258
0.042321
0.042355
0.042016
0.042406
0.042417
0.042133
0.042259
0.042260
0.042449
0.042441
0.042096
0.041906
0.041958
0.042051
0.042102
0.042626
0.041859
0.041766
0.041847
0.042128
0.042382
0.041986
0.041862
0.041788
0.042030
0.042066
0.041838
0.042164
0.041709
0.041837
0.042108
0.042450
0.041795
0.042491
0.041964
0.041863
0.041998
0.041881
0.041725
0.041877
0.041537
0.041727
0.041804
0.041663
0.041778
0.041461
0.041745
0.041467
0.041798
0.041830
0.041743
0.041436
0.041545
0.041566
0.041457
0.041841
0.041532
0.041619
0.041190
0.041573
0.041442
0.041356
0.041384
0.041242
0.041423
0.041427
0.041660
0.041673
0.040959
0.041405
0.041204
0.040963
0.041058
0.041127
0.041425
0.040932
0.041286
0.041604
0.040981
0.041212
0.040740
0.040856
0.041064
0.040981
0.040822
0.041066
0.040771
0.040928
0.040711
0.040650
0.040712
0.041203
0.040878
0.040771
0.040795
0.041136
0.040588
0.040552
0.040593
0.040647
0.040802
0.040711
0.040817
0.040666
0.040781
0.040877
0.040703
0.040429
0.040423
0.040474
0.040839
0.040224
0.040573
0.040319
0.040402
0.040632
0.040830
0.040248
0.040488
0.040159
0.040331
0.040561
0.040459
0.040215
0.040255
0.040659
0.040734
0.040677
0.040221
0.040349
0.040419
0.040447
0.040050
0.040208
0.040332
0.040042
0.040081
0.040004
0.040077
0.039933
0.040126
0.040393
0.039923
0.040283
0.040593
0.040068
0.039999
0.039750
0.040250
0.040223
0.040170
0.040275
0.040330
0.039829
0.040107
0.039977
0.039726
0.040101
0.039993
0.040039
0.039806
0.039670
0.039708
0.039431
0.039874
0.040035
0.039570
0.039719
0.039822
0.039535
0.039990
0.039753
0.040222
0.039611
0.039467
0.039770
0.039436
0.039723
0.039475
0.039662
0.039677
0.039443
0.039473
0.039145
0.039301
0.039431
0.039483
0.039513
0.039371
0.039837
0.039369
0.039480
0.038988
0.039452
0.039546
0.039359
0.039538
0.039599
0.039241
0.039049
0.039414
0.039208
0.038957
0.039300
0.038792
0.039102
0.039445
0.039058
0.038933
0.039180
0.038965
0.039020
0.038978
0.039576
0.038943
0.039079
0.038939
0.038928
0.038873
0.038804
0.039180
0.038984
0.038899
0.038944
0.038848
0.038633
0.039086
0.039181
0.038824
0.038948
0.038674
0.038624
0.038786
0.038773
0.039055
0.038687
0.039135
0.038848
0.038517
0.038187
0.038577
0.038635
0.038348
0.038510
0.038598
0.038846
0.038514
0.038352
0.038301
0.038331
0.038604
0.038288
0.038480
0.038733
0.038123
0.038445
0.038207
0.038337
0.038561
0.038502
0.038329
0.038309
0.038681
0.038087
0.038562
0.038740
0.038315
0.038355
0.038009
0.038222
0.038237
0.038247
0.038031
0.038222
0.038368
0.037748
0.038193
0.037934
0.038215
0.038094
0.038127
0.037974
0.037824
0.037801
0.038106
0.038005
0.038193
0.037888
0.038134
0.037720
0.037766
0.038142
0.037690
0.038140
0.037756
0.037890
0.037744
0.037727
0.037914
0.037848
0.037712
0.037756
0.037629
0.037393
0.037980
0.037575
0.037816
0.037728
0.037741
0.037663
0.037557
0.037795
0.037455
0.037436
0.037871
0.037414
0.037706
0.037634
0.037310
0.037446
0.037744
0.037485
0.037361
0.037504
0.037191
0.037558
0.037397
0.037290
0.037420
0.037754
0.037042
0.037355
0.037028
0.037284
0.037132
0.037262
0.036890
0.037517
0.037224
0.036809
0.036990
0.037506
0.036943
0.037117
0.036958
0.037199
0.037112
0.036912
0.036979
0.037015
0.036680
0.037069
0.037082
0.036801
0.036929
0.036927
0.037121
0.037116
0.036777
0.036585
0.036641
0.036736
0.036786
0.037314
0.036551
0.036461
0.036543
0.036825
0.037082
0.036688
0.036566
0.036495
0.036739
0.036774
0.036553
0.036875
0.036427
0.036556
0.036826
0.037164
0.036521
0.037213
0.036691
0.036594
0.036731
0.036616
0.036464
0.036616
0.036279
0.036473
0.036550
0.036414
0.036527
0.036216
0.036495
0.036225
0.036559
0.036592
0.036502
0.036201
0.036315
0.036334
0.036229
0.036612
0.036305
0.036395
0.035969
0.036353
0.036226
0.036143
0.036173
0.036032
0.036215
0.036224
0.036458
0.036466
0.035763
0.036206
0.036010
0.035771
0.035868
0.035941
0.036235
0.035749
0.036099
0.036421
0.035805
0.036035
0.035567
0.035686
0.035892
0.035814
0.035657
0.035903
0.035610
0.035767
0.035556
0.035495
0.035559
0.036051
0.035729
0.035619
0.035650
0.035989
0.035447
0.035413
0.035458
0.035514
0.035669
0.035580
0.035690
0.035540
0.035655
0.035751
0.035582
0.035312
0.035307
0.035360
0.035724
0.035117
0.035465
0.035214
0.035300
0.035530
0.035730
0.035150
0.035392
0.035066
0.035240
0.035470
0.035372
0.035131
0.035174
0.035577
0.035654
0.035598
0.035146
0.035275
0.035345
0.035375
0.034984
0.035141
0.035271
0.034981
0.035022
0.034948
0.035021
0.034882
0.035075
0.035341
0.034877
0.035237
0.035550
0.035028
0.034959
0.034714
0.035213
0.035187
0.035138
0.035246
0.035299
0.034805
0.035084
0.034953
0.034708
0.035086
0.034977
0.035027
0.034797
0.034663
0.034703
0.034429
0.034871
0.035030
0.034572
0.034724
0.034827
0.034544
0.034999
0.034764
0.035222
0.034627
0.034486
0.034789
0.034459
0.034744
0.034502
0.034690
0.034706
0.034476
0.034508
0.034181
0.034339
0.034470
0.034524
0.034555
0.034415
0.034884
0.034419
0.034529
0.034041
0.034506
0.034601
0.034418
0.034600
0.034662
0.034305
0.034117
0.034480
0.034279
0.034031
0.034375
0.033871
0.034183
0.034523
0.034140
0.034019
0.034266
0.034055
0.034110
0.034071
0.034669
0.034040
0.034178
0.034040
0.034030
0.033979
0.033908
0.034289
0.034094
0.034011
0.034060
0.033964
0.033754
0.034208
0.034303
0.033949
0.034072
0.033800
0.033755
0.033911
0.033907
0.034187
0.033825
0.034275
0.033988
0.033660
0.033334
0.033726
0.033783
0.033501
0.033663
0.033752
0.034003
0.033674
0.033515
0.033464
0.033498
0.033773
0.033457
0.033651
0.033905
0.033299
0.033624
0.033387
0.033518
0.033743
0.033681
0.033514
0.033498
0.033869
0.033279
0.033754
0.033935
0.033510
0.033552
0.033210
0.033427
0.033443
0.033455
0.033241
0.033432
0.033581
0.032964
0.033408
0.033153
0.033435
0.033316
0.033353
0.033203
0.033053
0.033033
0.033340
0.033239
0.033429
0.033129
0.033374
0.032964
0.033012
0.033387
0.032938
0.033388
0.033009
0.033140
0.032999
0.032985
0.033171
0.033110
0.032975
0.033020
0.032898
0.032663
0.033248
0.032848
0.033088
0.033004
0.033020
0.032943
0.032840
0.033079
0.032740
0.032724
0.033155
0.032705
0.032997
0.032928
0.032608
0.032744
0.033043
0.032781
0.032666
0.032810
0.032500
0.032865
0.032709
0.032605
0.032736
0.033067
0.032363
0.032676
0.032351
0.032610
0.032461
0.032591
0.032224
0.032847
0.032559
0.032146
0.032328
0.032844
0.032284
0.032460
0.032304
0.032547
0.032461
0.032263
0.032332
0.032370
0.032039
0.032427
0.032442
0.032164
0.032294
0.032291
0.032489
0.032485
0.032150
0.031956
0.032016
0.032114
0.032163
0.032695
0.031934
0.031847
0.031930
0.032214
0.032473
0.032081
0.031961
0.031892
0.032138
0.032173
0.031955
0.032277
0.031833
0.031963
0.032234
0.032569
0.031934
0.032624
0.032106
0.032012
0.032151
0.032036
0.031889
0.032041
0.031707
0.031903
0.031981
0.031849
0.031961
0.031654
0.031929
0.031666
0.032003
0.032036
0.031946
0.031649
0.031766
0.031784
0.031682
0.032065
0.031760
0.031852
0.031429
0.031814
0.031690
0.031609
0.031642
0.031501
0.031687
0.031698
0.031933
0.031938
0.031242
0.031684
0.031494
0.031255
0.031354
0.031430
0.031722
0.031240
0.031589
0.031914
0.031303
0.031533
0.031067
