22.915968
22.139492
21.026510
19.987873
18.954100
17.387892
16.583412
15.244851
15.058011
13.873650
13.233408
13.666592
13.161073
12.764436
12.702127
12.641311
12.885889
12.824220
12.986884
12.749645
13.012478
13.314185
13.453204
13.761464
13.018692
12.772433
13.139977
13.260562
12.560712
12.356116
12.524511
12.264050
12.917254
12.637120
12.380662
12.309463
12.576467
12.941505
12.847414
12.682680
12.494856
12.283387
12.729904
12.376995
12.698014
12.516793
12.339705
12.662115
11.877579
12.571727
12.574942
12.528415
12.317165
12.469389
12.353874
12.501447
12.433119
12.733405
12.771813
12.473095
12.591642
12.375645
12.558704
12.638838
12.340873
12.102618
12.472798
12.502986
12.221305
12.426860
12.838920
12.339551
12.340233
12.635871
12.494052
12.446894
12.899995
12.345109
12.973428
12.599328
12.755649
12.627304
12.733259
12.052430
11.952188
12.703650
12.274680
12.421180
12.487769
11.961823
12.739902
12.346219
12.360827
12.197213
12.486752
12.777161
12.877997
12.407049
12.356668
12.681459
12.311073
12.871223
12.484421
12.371433
12.476235
12.883100
11.949161
11.852224
12.784114
12.988998
12.408787
12.450621
12.543594
12.406666
12.280982
12.208955
12.161120
12.768604
12.388292
12.119014
12.331883
12.011716
12.739379
12.423470
12.173273
12.628429
12.474460
12.544067
12.486912
12.823303
12.964455
12.411946
12.551128
12.621700
12.589338
12.663244
12.658013
12.779424
12.883638
12.394347
12.604418
12.369761
12.939489
12.390033
12.879242
12.746093
12.336372
12.555028
12.033128
12.590742
12.583141
12.565406
12.380322
13.058071
12.452899
12.760362
12.720142
12.151042
12.763391
12.312102
12.259569
12.335130
12.486865
12.124237
12.095344
12.168397
12.181193
12.366310
12.153500
12.558037
12.853778
12.769754
12.393689
12.562929
12.465170
12.637799
12.449581
12.208937
12.998401
12.242620
12.630644
12.457999
12.199550
12.298586
12.605825
12.805307
12.420174
12.746505
12.574526
12.547907
12.764652
12.632718
12.435316
12.641537
12.680735
12.218483
12.542626
12.363784
12.699347
12.274223
11.907180
12.704599
12.126979
12.029091
11.966938
11.986065
13.031311
12.041086
12.656816
12.488968
12.208582
12.428502
12.173723
11.949180
12.258411
12.559897
12.737624
12.411333
12.288022
12.416212
12.539135
12.148159
12.864624
11.980883
12.712337
12.560364
12.350327
12.194870
12.356520
12.802092
12.143356
12.291899
12.474780
12.584973
12.473069
12.003287
12.224494
12.770051
12.089149
12.649174
12.377234
12.328205
12.146483
12.434288
12.111476
12.235158
12.559590
12.127749
12.173594
12.717477
12.148132
12.065211
11.970230
12.682000
12.134624
12.923545
12.591782
12.165066
12.774324
12.597563
12.255981
12.169518
12.142916
12.108906
12.475017
12.696824
12.103312
11.987947
12.193641
12.385479
12.770019
11.840829
12.966968
11.897808
12.333514
12.626581
12.182944
12.159289
12.518403
12.142190
12.419291
12.612771
12.296952
12.365289
12.429130
12.245497
12.564286
12.775970
12.479348
12.200202
12.494153
11.805905
12.393278
12.628884
12.581581
12.676338
12.303559
12.200079
12.346330
12.410911
12.144525
12.010413
12.145660
11.846113
12.765684
12.002374
12.107404
12.850156
12.533612
12.853996
12.448120
12.418465
12.531363
12.230909
12.391254
12.539412
12.435410
12.450068
12.190493
12.702138
12.077739
12.224555
12.302833
12.662498
12.140666
12.209413
12.690318
12.303569
12.602543
12.232753
12.225764
12.344694
12.303439
12.140254
11.748212
12.838011
12.385518
12.156748
12.203743
12.171912
12.588678
12.326756
12.180152
12.077176
12.219602
12.385288
11.878844
12.612324
12.582782
12.460933
12.557674
12.719905
12.339739
12.634262
12.280229
12.914253
12.401134
12.264800
13.039611
12.753634
12.466819
12.426605
12.327023
12.493079
12.337962
12.404484
12.086074
12.280961
12.537878
12.655851
12.965957
12.256435
12.052835
12.467254
12.645670
12.013243
11.870787
12.091116
11.881997
12.566617
12.321993
12.092737
12.037042
12.310713
12.676797
12.583013
12.418148
12.228956
12.014875
12.451972
12.098646
12.413242
12.231585
12.055638
12.375622
11.599765
12.291349
12.294898
12.251897
12.046972
12.200478
12.089610
12.236259
12.171762
12.469864
12.507897
12.214189
12.330667
12.117477
12.299643
12.377739
12.084179
11.847378
12.212306
12.242812
11.963220
12.167490
12.575561
12.082068
12.083008
12.374534
12.235312
12.187260
12.634791
12.087836
12.709010
12.339084
12.494297
12.367073
12.471949
11.799264
11.698948
12.442897
12.018629
12.163628
12.230087
11.709297
12.478052
12.088924
12.103414
11.942779
12.227308
12.516999
12.614591
12.149263
12.099936
12.421228
12.055506
12.607706
12.225618
12.114566
12.218248
12.622115
11.696950
11.600165
12.522382
12.726293
12.150390
12.192278
12.283404
12.149360
12.025584
11.953662
11.906477
12.507245
12.130732
11.865869
12.075517
11.758947
12.478907
12.166543
11.918392
12.369126
12.215982
12.284870
12.228033
12.561621
12.702124
12.154149
12.293240
12.363581
12.329984
12.403872
12.398758
12.518300
12.622220
12.138052
12.345355
12.113480
12.676774
12.132499
12.616920
12.486647
12.079978
12.297797
11.780823
12.331130
12.325978
12.305827
12.122508
12.794370
12.195569
12.499265
12.460477
11.897600
12.503094
12.055495
12.004696
12.078329
12.229424
11.870203
11.841857
11.914317
11.927529
12.108871
11.901327
12.299857
12.591783
12.508531
12.135109
12.304659
12.207291
12.378787
12.193227
11.954821
12.734119
11.987992
12.370485
12.201182
11.943739
12.043368
12.346110
12.544841
12.163588
12.486032
12.315179
12.288429
12.503860
12.373366
12.179365
12.382724
12.420537
11.964962
12.283337
12.108379
12.439144
12.019728
11.656784
12.444364
11.871741
11.777300
11.716059
11.733175
12.767949
11.788392
12.398162
12.231864
11.953993
12.170424
11.920314
11.696716
12.003588
12.302550
12.477341
12.154185
12.033160
12.159463
12.280582
11.895594
12.602930
11.728174
12.452176
12.301650
12.093228
11.940713
12.100341
12.541086
11.889112
12.037042
12.218053
12.326366
12.216393
11.749894
11.969657
12.508611
11.837288
12.389105
12.121723
12.072480
11.892981
12.175592
11.858735
11.979763
12.300300
11.875883
11.920260
12.457402
11.896568
11.811922
11.717763
12.423940
11.881537
12.660353
12.333828
11.911158
12.514386
12.339348
12.001501
11.914994
11.888290
11.856087
12.218822
12.436880
11.849515
11.736258
11.939005
12.129678
12.509706
11.590757
12.704223
11.647559
12.078640
12.367935
11.929471
11.905777
12.261493
11.889709
12.163546
12.354661
12.042086
12.108691
12.171831
11.990764
12.306603
12.516558
12.221828
11.946466
12.237053
11.557699
12.137677
12.371090
12.322906
12.416940
12.047882
11.947043
12.089750
12.155379
11.890557
11.757759
11.892667
11.596238
12.507331
11.750028
11.854871
12.588470
12.275430
12.593356
12.190849
12.162208
12.275099
11.976244
12.136270
12.281564
12.179288
12.194219
11.937087
12.442042
11.826446
11.970307
12.048635
12.404183
11.888012
11.954256
12.431849
12.047915
12.345798
11.978716
11.971399
12.089585
12.050117
11.887646
11.499358
12.577729
12.129751
11.904728
11.949449
11.917562
12.332350
12.071351
11.927499
11.824821
11.965490
12.130361
11.628732
12.355236
12.325756
12.205412
12.300166
12.461305
12.085011
12.376073
12.026393
12.653825
12.144333
12.010497
12.776999
12.495473
12.211302
12.169901
12.072230
12.236100
12.082729
12.147776
11.833567
12.027942
12.280292
12.396595
12.704930
12.002233
11.802290
12.212390
12.388474
11.761571
11.622216
11.837833
11.631300
12.309394
12.066726
11.840421
11.785793
12.056408
12.419108
12.324562
12.164076
11.975731
11.763032
12.195184
11.847173
12.158854
11.977088
11.804609
12.121306
11.353221
12.036000
12.040923
11.999225
11.794786
11.947635
11.836958
11.982377
11.920185
12.213106
12.251904
11.962109
12.077250
11.865705
12.045841
12.122559
11.832564
11.598475
11.959901
11.989397
11.712318
11.916430
12.319711
11.829977
11.831542
12.119911
11.983141
11.935042
12.378325
11.836883
12.450912
12.085093
12.238957
12.112473
12.217414
11.550767
11.451777
12.187290
11.767419
11.910985
11.977242
11.461757
12.222287
11.837421
11.852471
11.693108
11.974981
12.260559
12.358730
11.897918
11.849728
12.164466
11.805496
12.351121
11.973660
11.862168
11.965617
12.365878
11.450406
11.354499
12.267715
12.467662
11.899013
11.940022
12.029786
11.897496
11.774971
11.705051
11.658179
12.251716
11.879335
11.617125
11.824989
11.511848
12.222631
11.914841
11.669300
12.114159
11.963307
12.030443
11.975297
12.305492
12.444499
11.901174
12.039775
12.107829
12.075417
12.149689
12.143228
12.261162
12.365056
11.886642
12.092196
11.862540
12.418645
11.881082
12.359558
12.230406
11.830486
12.043630
11.533452
12.077500
12.071760
12.052711
11.870295
12.535995
11.943363
12.241699
12.205394
11.648523
12.249066
11.805033
11.754497
11.828171
11.976820
11.622894
11.593781
11.663683
11.681086
11.856994
11.651714
12.045793
12.336494
12.253875
11.884935
12.051514
11.954864
12.124584
11.941003
11.705620
12.476025
11.737952
12.119200
11.949713
11.696196
11.791429
12.092653
12.290020
11.913238
12.231778
12.063767
12.036197
12.246957
12.120017
11.927042
12.127179
12.165977
11.715507
12.029556
11.857139
12.184796
11.768692
11.410492
12.188648
11.624906
11.529175
11.468389
11.487627
12.511245
11.541135
12.143238
11.978764
11.705940
11.919510
11.671460
11.450975
11.753199
12.050823
12.222711
11.902773
11.783521
11.907223
12.027173
11.647426
12.346663
11.481705
12.197634
12.048303
11.842467
11.692332
11.850360
12.286072
11.640881
11.786566
11.965921
12.073822
11.963468
11.502831
11.721787
12.253625
11.590110
12.135690
11.872118
11.821452
11.644952
11.926183
11.610291
11.730513
12.048571
11.627533
11.671389
12.203165
11.648247
11.565437
11.471873
12.169782
11.634057
12.404098
12.079776
11.663144
12.259022
12.085497
11.751522
11.668022
11.639394
11.608062
11.966553
12.182981
11.602435
11.489490
11.690884
11.878443
12.255424
11.345916
12.447834
11.402763
11.829124
12.115387
11.680638
11.656892
12.009034
11.641459
11.912864
12.101511
11.792775
11.858003
11.921034
11.742494
12.053887
12.261832
11.969623
11.698455
11.985654
11.312991
11.886032
12.117917
12.070683
12.163795
11.798360
11.698657
11.838505
11.904840
11.643435
11.510582
11.645364
11.351767
12.251515
11.504424
11.607820
12.333511
12.023279
12.338396
11.939205
11.911835
12.023633
11.727255
11.885579
12.029397
11.928843
11.942257
11.689032
12.188668
11.579276
11.722542
11.800517
12.151238
11.640025
11.706384
12.177831
11.798989
12.093112
11.728928
11.722530
11.839713
11.799899
11.639542
11.255958
12.322614
11.879953
11.656225
11.701620
11.669025
12.080178
11.821867
11.679418
11.578399
11.718550
11.880398
11.383764
12.102557
12.073815
11.954333
12.048725
12.207500
11.835966
12.123572
11.777602
12.398393
11.894084
11.763089
12.518882
12.241732
11.961054
11.919411
11.822609
11.984732
11.833714
11.898736
11.588682
11.777720
12.028030
12.144178
12.449293
11.753412
11.555845
11.960834
12.135391
11.516650
11.377981
11.591043
11.389797
12.058179
11.816758
11.593657
11.540100
11.807592
12.166953
12.073760
11.914132
11.728071
11.518443
11.945455
11.599899
11.909022
11.729917
11.557241
11.871310
11.111950
11.788290
11.792986
11.750112
11.548424
11.700967
11.590346
11.734387
11.670959
11.962743
12.001290
11.713630
11.826715
11.619335
11.795029
11.871973
11.585920
11.354651
11.711010
11.742007
11.466959
11.669591
12.069157
11.584002
11.586162
11.871264
11.735720
11.686419
12.127332
11.589239
12.198937
11.835958
11.987255
11.864150
11.967153
11.307185
11.209256
11.937943
11.522401
11.664128
11.729963
11.219584
11.972644
11.591715
11.606299
11.448469
11.727670
12.011272
12.107013
11.649767
11.602005
11.913908
11.559639
12.100399
11.726204
11.615372
11.719645
12.115135
11.210461
11.114229
12.016844
12.215294
11.652175
11.692856
11.781869
11.649967
11.530159
11.461530
11.414180
12.000453
11.632283
11.374745
11.579679
11.270061
11.972479
11.667197
11.424631
11.866169
11.715871
11.782493
11.728439
12.054857
12.192090
11.654607
11.791744
11.858672
11.827187
11.900511
11.893824
12.012588
12.114503
11.639791
11.842822
11.616720
12.166801
11.633116
12.108093
11.980738
11.584765
11.796313
11.291806
11.828533
11.823480
11.805300
11.625643
12.282723
11.695896
11.993492
11.956415
11.404775
12.001090
11.559879
11.509187
11.582740
11.730440
11.379684
11.350742
11.420718
11.436137
11.611549
11.409676
11.798555
12.085661
12.004099
11.639384
11.804305
11.708674
11.875511
11.693829
11.461576
12.223532
11.493336
11.869390
11.702077
11.451827
11.546931
11.845404
12.038774
11.665914
11.982613
11.816388
11.787827
11.998576
11.872857
11.680019
11.879088
11.917151
11.472353
11.783499
11.613341
11.936840
11.526052
11.170794
11.938427
11.382141
11.286495
11.227314
11.245920
12.258384
11.299123
11.893201
11.733181
11.462718
11.672690
11.428250
11.208916
11.509437
11.802800
11.971461
11.657269
11.537540
11.661062
11.780046
11.405349
12.096070
11.240647
11.948109
11.800123
11.596022
11.448771
11.606199
12.036391
11.397820
11.541891
11.719445
11.825994
11.716823
11.261416
11.478775
12.005424
11.348150
11.889197
11.626930
11.575788
11.402122
11.678571
11.368076
11.486340
11.800958
11.385506
11.428178
11.953813
11.405315
11.321464
11.230200
11.921998
11.390398
12.152543
11.832383
11.419383
12.010048
11.837703
11.508291
11.423922
11.395558
11.366060
11.720986
11.933620
11.360681
11.248331
11.448618
11.632468
12.005816
11.105491
12.195923
11.162654
11.584135
11.868766
11.437300
11.414999
11.762533
11.397829
11.667177
11.853753
11.549273
11.613709
11.675799
11.498616
11.807354
12.012076
11.723227
11.455754
11.740038
11.075344
11.640634
11.868835
11.824332
11.916938
11.554035
11.455574
11.593246
11.658841
11.399454
11.270272
11.401865
11.112762
12.002188
11.263991
11.364867
12.083713
11.778136
12.088442
11.693825
11.666291
11.777036
11.482901
11.640123
11.782624
11.682888
11.696689
11.447259
11.940780
11.338246
11.480613
11.556265
11.902878
11.397995
11.462903
11.929140
11.555196
11.846869
11.486128
11.477869
11.596211
11.556211
11.397361
11.017282
12.074079
11.634850
11.414285
11.459165
11.426339
11.832827
11.578388
11.436231
11.338109
11.473519
11.634772
11.144952
11.856058
11.827266
11.709037
11.801189
11.959987
11.592854
11.876745
11.533468
12.147883
11.648215
11.518888
12.268303
11.993500
11.715240
11.674553
11.577472
11.739602
11.589089
11.653478
11.346389
11.535278
11.781989
11.896343
12.198093
11.511477
11.315012
11.716826
11.889660
11.275561
11.138406
11.349677
11.150799
11.811045
11.573917
11.353267
11.299258
11.563684
11.917954
11.827703
11.670062
11.485239
11.277195
11.699365
11.358721
11.664173
11.487713
11.316727
11.626231
10.875888
11.545009
11.549702
11.507224
11.306736
11.458074
11.349832
11.491766
11.429573
11.717051
11.754501
11.471374
11.583116
11.377768
11.552534
11.628019
11.346632
11.116047
11.468319
11.498249
11.228461
11.429012
11.824492
11.343132
11.345337
11.627153
11.492891
11.444981
11.879242
11.348749
11.951126
11.592276
11.741075
11.619549
11.722281
11.070568
10.972567
11.693213
11.283047
11.421938
11.487518
10.982613
11.727208
11.350599
11.364500
11.208359
11.485281
11.765217
11.859460
11.407575
11.361242
11.669217
11.319854
11.854439
11.483064
11.374603
11.477597
11.869373
10.974806
10.879646
11.771978
11.968655
11.410801
11.450820
11.539867
11.408993
11.289825
11.221709
11.176110
11.755164
11.391500
11.136422
11.339084
11.033512
11.727775
11.425902
11.185181
11.623327
11.472940
11.539651
11.486248
11.808920
11.944821
11.412749
11.548100
11.614735
11.583708
11.656993
11.649123
11.767040
11.868164
11.399323
11.599547
11.375192
11.920262
11.393118
11.860776
11.737164
11.344453
11.554245
11.055554
11.585158
11.580298
11.562973
11.383852
12.035643
11.455241
11.747349
11.712061
11.166553
11.756437
11.319685
11.269330
11.341992
11.488528
11.142520
11.112248
11.181682
11.198236
11.370218
11.171348
11.556436
11.840416
11.757976
11.397985
11.561508
11.467305
11.631328
11.453219
11.223060
11.976466
11.253809
11.625750
11.461054
11.212642
11.306848
11.601608
11.794240
11.424270
11.737592
11.574406
11.545000
11.753550
11.630193
11.438809
11.635151
11.674124
11.234501
11.540207
11.372047
11.692725
11.286191
10.934649
11.694390
11.143601
11.048627
10.991040
11.009032
12.011465
11.061900
11.650202
11.491423
11.223381
11.431716
11.189842
10.973228
11.269469
11.561424
11.728671
11.415704
11.298244
11.420434
11.537937
11.168260
11.850688
11.003148
11.704511
11.556919
11.356696
11.211165
11.365052
11.790833
11.158237
11.301371
11.477073
11.582695
11.475914
11.025855
11.239893
11.760592
11.109921
11.645355
11.386246
11.336408
11.163293
11.437532
11.131742
11.247657
11.558488
11.149549
11.190639
11.710008
11.167136
11.085855
10.994587
11.678514
11.153461
11.905974
11.589492
11.182365
11.765974
11.596087
11.269395
11.186286
11.157705
11.127274
11.480250
11.690121
11.122932
11.013143
11.208507
11.393688
11.761291
10.871312
11.948934
10.928229
11.345016
11.626451
11.199654
11.176427
11.520567
11.159490
11.427036
11.611606
11.309860
11.373477
11.435748
11.260406
11.565606
11.767728
11.480931
11.216792
11.497814
10.841580
11.400067
11.627302
11.582050
11.673003
11.315081
11.217425
11.353686
11.419171
11.163412
11.033214
11.165204
10.877487
11.758681
11.027469
11.127141
11.839169
11.536216
11.843242
11.453030
11.426826
11.535760
11.244532
11.400363
11.541527
11.442126
11.455486
11.210119
11.697320
11.101317
11.241445
11.318446
11.659932
11.160244
11.225077
11.686175
11.315183
11.604344
11.247282
11.240593
11.357515
11.318849
11.159200
10.784315
11.828880
11.395543
11.176260
11.219944
11.189024
11.591929
11.339153
11.199646
11.100978
11.235746
11.395810
10.910965
11.614289
11.584362
11.468486
11.560145
11.715927
11.353257
11.633974
11.294763
11.903107
11.406789
11.281485
12.022234
11.750778
11.475419
11.434038
11.338043
11.499505
11.350463
11.413515
11.110259
11.297819
11.541086
11.653022
11.952427
11.272712
11.079347
11.475293
11.647252
11.039913
10.905396
11.113010
10.916703
11.568925
11.334089
11.117446
11.062634
11.325453
11.675827
11.585285
11.429863
11.247917
11.041255
11.459603
11.122373
11.424809
11.249095
11.080972
11.386874
10.644197
11.307658
11.311952
11.269577
11.070777
11.221021
11.112637
11.253920
11.192351
11.476050
11.514918
11.234735
11.344549
11.141427
11.313545
11.388105
11.110662
10.882999
11.230900
11.260864
10.992616
11.191955
11.583821
11.106603
11.109884
11.389134
11.256720
11.207172
11.637826
11.113315
11.709993
11.352765
11.501932
11.380221
11.482551
10.836557
10.741004
11.453353
11.047237
11.185390
11.250527
10.750428
11.487109
11.114608
11.130460
10.975763
11.248857
11.525741
11.618533
11.171482
11.125630
11.429019
11.084947
11.612895
11.247221
11.137884
11.240880
11.629936
10.744162
10.648293
11.531206
11.724478
11.173723
11.214172
11.301964
11.171575
11.055338
10.988071
10.941549
11.514741
11.155744
10.903950
11.104283
10.801798
11.487336
11.190303
10.951032
11.385024
11.235991
11.302199
11.248098
11.569300
11.703450
11.176159
11.311031
11.376507
11.346278
11.418573
11.410141
11.525917
11.627108
11.162981
11.363163
11.141240
11.678718
11.155905
11.619560
11.497869
11.108422
11.315227
10.823793
11.347121
11.342055
11.324652
11.148201
11.793296
11.218118
11.507646
11.472867
10.933191
11.517758
11.084158
11.034411
11.106287
11.251414
10.909240
10.879914
10.947423
10.965314
11.133876
10.938334
11.318946
11.599442
11.518625
11.162443
11.324237
11.230624
11.393569
11.216084
10.989510
11.734864
11.019211
11.387971
11.224666
10.979458
11.071862
11.363204
11.554225
11.188908
11.498337
11.337783
11.308869
11.513604
11.392054
11.202485
11.397285
11.434532
11.000292
11.302527
11.136823
11.452938
11.051796
10.704098
11.454855
10.911053
10.816258
10.759711
10.777845
11.771079
10.830325
11.411126
11.254186
10.989748
11.196485
10.956382
10.742171
11.036094
11.324659
11.488129
11.180104
11.063745
11.184285
11.299472
10.936478
11.609440
10.772711
11.466099
11.319362
11.121324
10.977784
11.129553
11.551853
10.926334
11.067871
11.240696
11.347003
11.238974
10.794628
11.006622
11.522120
10.878653
11.407495
11.151122
11.101794
10.930652
11.201459
10.899712
11.014045
11.320574
10.916212
10.957651
11.469686
10.935033
10.853652
10.763993
11.440702
10.920374
11.666831
11.352087
10.949295
11.527351
11.357992
11.035490
10.953592
10.925097
10.893837
11.244536
11.451314
10.891637
10.781409
10.976745
11.157625
11.522925
10.641171
11.708899
10.698502
11.111265
11.389054
10.966328
10.944049
11.283243
10.927148
11.192609
11.373947
11.075522
11.139438
11.200170
11.026561
11.329245
11.528557
11.245275
10.983765
11.262267
10.613436
11.164159
11.389133
11.345317
11.435833
11.080908
10.984029
11.118037
11.184101
10.930269
10.801378
10.932231
10.647517
11.518927
10.796627
10.896283
11.598971
11.299467
11.603613
11.217772
11.191648
11.299492
11.010483
11.164627
11.304493
11.207023
11.220361
10.977240
11.458667
10.870154
11.009299
11.083848
11.421989
10.927643
10.990863
11.449076
11.081754
11.367852
11.013964
11.007017
11.124342
11.085302
10.926485
10.556695
11.589586
11.160947
10.943731
10.987608
10.956433
11.355809
11.104567
10.967301
10.870410
11.002446
11.160862
10.680745
11.377567
11.349362
11.233178
11.323543
11.478717
11.119589
11.397177
11.061000
11.663426
11.171779
11.046673
11.781054
11.512287
11.239812
11.199041
11.105565
11.264446
11.116550
11.178484
10.878921
11.064505
11.305232
11.415994
11.712811
11.039408
10.849231
11.241577
11.410086
10.808770
10.676906
10.880885
10.688149
11.332419
11.100483
10.886779
10.832117
11.091778
11.439197
11.349133
11.196083
11.015399
10.811612
11.224823
10.889234
11.190944
11.016643
10.850684
11.152791
10.417665
11.073798
11.079658
11.037059
10.840442
10.989895
10.882199
11.020530
10.960678
11.240915
11.279406
11.002857
11.110388
10.910259
11.079961
11.153524
10.880661
10.655037
10.997454
11.028147
10.763084
10.959872
11.349435
10.875943
10.879262
11.155653
11.024881
10.974339
11.400908
10.881268
11.472074
11.119835
11.266467
11.146478
11.246663
10.608616
10.513034
11.219133
10.816649
10.953448
11.017658
10.524468
11.252183
10.883150
10.898282
10.746345
11.015755
11.291278
11.382204
10.939855
10.895558
11.195235
10.854897
11.376462
11.015154
10.906939
11.010070
11.393903
10.516985
10.423128
11.296176
11.489197
10.942078
10.981437
11.069098
10.940474
10.825354
10.758411
10.713478
11.279603
10.924083
10.677667
10.873138
10.574193
11.253445
10.959219
10.721460
11.151917
11.004837
11.069435
11.016595
11.333612
11.465762
10.944048
11.078873
11.142171
11.112435
11.184763
11.175574
11.290489
11.391388
10.931683
11.128148
10.909892
11.442245
10.925695
11.383778
11.262400
10.879185
11.083456
10.596853
11.113379
11.108443
11.092973
10.917258
11.556071
10.986255
11.273270
11.238847
10.704068
11.284141
10.853626
10.803699
10.875187
11.020009
10.681714
10.652377
10.719110
10.737242
10.903471
10.710948
11.085492
11.364714
11.283034
10.931420
11.091799
10.999738
11.159977
10.985165
10.760988
11.497327
10.789007
11.155636
10.993191
10.750715
10.841597
11.129770
11.320050
10.957528
11.264396
11.105979
11.075338
11.277766
11.158347
10.970699
11.164442
11.200950
10.771152
11.070314
10.906799
11.220046
10.823041
10.478532
11.220157
10.684199
10.588915
10.534152
10.551186
11.534118
10.602720
11.177195
11.022459
10.760660
10.965511
10.728211
10.516373
10.806297
11.093468
11.253133
10.948396
10.834451
10.953341
11.067001
10.708257
11.373075
10.545856
11.232844
11.087211
10.890822
10.748755
10.899934
11.317663
10.697248
10.838451
11.009543
11.113769
11.007904
10.567536
10.778306
11.286931
10.652602
11.174110
10.920977
10.871503
10.702620
10.970684
10.671933
10.784736
11.087754
10.689160
10.729307
11.235793
10.706966
10.625701
10.537920
11.206608
10.692296
11.429507
11.121011
10.721234
11.292856
11.125355
10.806761
10.725595
10.696586
10.667415
11.014192
11.218426
10.664503
10.554888
10.747949
10.927619
11.288430
10.416213
11.471963
10.472756
10.881438
11.157105
10.738803
10.715587
11.052511
10.698435
10.961374
11.141001
10.846323
10.909169
10.967738
10.797929
11.096292
11.293861
11.013647
10.755770
11.030537
10.389541
10.934286
11.156462
11.113274
11.202888
10.851485
10.755645
10.887571
10.953640
10.703469
10.575809
10.704752
10.423090
11.285393
10.570704
10.669305
11.364697
11.068349
11.369720
10.986184
10.960783
11.068142
10.781912
10.933668
11.073035
10.976071
10.989894
10.750129
11.226231
10.643812
10.780935
10.855133
11.188478
10.699674
10.762796
11.215922
10.851724
11.137154
10.785617
10.778481
10.894496
10.855891
10.699329
10.332311
11.354823
10.931960
10.717321
10.761151
10.727698
11.123154
10.875865
10.738953
10.643066
10.773389
10.931740
10.457380
11.146049
11.116960
11.002652
11.092011
11.245914
10.890270
11.165227
10.832371
11.428870
10.941577
10.819845
11.544327
11.278197
11.008931
10.969005
10.876530
11.032292
10.887460
10.948478
10.653147
10.836728
11.074372
11.184416
11.478262
10.812037
10.623555
11.011059
11.178296
10.582897
10.454568
10.653793
10.465511
11.101233
10.871317
10.660481
10.606186
10.862738
11.206853
11.118756
10.966444
10.786754
10.584765
10.994890
10.664017
10.961592
10.787918
10.623106
10.922726
10.196387
10.847239
10.849821
10.808922
10.612993
10.762100
10.655457
10.792727
10.733715
11.009815
11.047425
10.774865
10.880092
10.683329
10.851768
10.923930
10.654353
10.429998
10.770382
10.801204
10.538502
10.733236
11.119131
10.650024
10.653592
10.926470
10.798435
10.746586
11.169920
10.654953
11.239814
10.891289
11.035996
10.917639
11.018029
10.386642
10.291501
10.989243
10.591460
10.725548
10.791077
10.302464
11.021455
10.657250
10.672939
10.521729
10.789454
11.060658
11.149613
10.712642
10.668454
10.965009
10.629874
11.145931
10.787434
10.680243
10.783087
11.164208
10.295799
10.202937
11.065659
11.256661
10.715943
10.753590
10.841133
10.714092
10.600136
10.533668
10.489561
11.049464
10.697648
10.453272
10.647930
10.352474
11.022799
10.732616
10.496768
10.922065
10.777023
10.841294
10.788774
11.102972
11.233417
10.718302
10.849864
10.914032
10.883428
10.956413
10.945868
11.060409
11.160724
10.705795
10.900095
10.684608
11.210484
10.699216
11.151620
11.032679
10.654179
10.855277
10.374166
10.884993
10.880363
10.865026
10.691051
11.324301
10.759686
11.043133
11.007866
10.480796
11.056243
10.628166
10.579353
10.651481
10.793463
10.458746
10.429646
10.494800
10.513961
10.676779
10.487714
10.858724
11.134027
11.052921
10.704791
10.864632
10.772980
10.930653
10.758789
10.536994
11.265244
10.564759
10.926462
10.767057
10.525778
10.616055
10.902509
11.089768
10.731476
11.034268
10.878481
10.848601
11.048929
10.931333
10.745202
10.936760
10.972255
10.547294
10.843406
10.681493
10.990571
10.598687
10.257649
10.990485
10.460609
10.366163
10.313216
10.328749
11.302271
10.380122
10.948025
10.795865
10.537711
10.739293
10.505221
10.294342
10.582522
10.866770
11.024981
10.721787
10.609417
10.726747
10.839193
10.485847
11.143128
10.324189
11.002682
10.858204
10.665511
10.525688
10.673615
11.087309
10.473310
10.612474
10.782823
10.886044
10.780791
10.345555
10.554843
11.057450
10.430294
10.945714
10.696070
10.646303
10.478880
10.743621
10.449623
10.560524
10.860424
10.467368
10.506581
11.007000
10.483718
10.404274
10.316028
10.979677
10.468582
11.199854
10.893421
10.498374
11.063321
10.897330
10.582574
10.502600
10.472670
10.444785
10.787827
10.989618
10.441947
10.333334
10.525311
10.701101
11.059345
10.196264
11.240654
10.253303
10.656642
10.929956
10.515560
10.494252
10.825911
10.476398
10.736507
10.913506
10.622829
10.684276
10.743333
10.575291
10.870097
11.064610
10.787373
10.532775
10.803883
10.170660
10.708535
10.927835
10.886350
10.974572
10.626849
10.532267
10.661486
10.728665
10.480287
10.353578
10.481575
10.204399
11.055742
10.349551
10.446065
11.134081
10.842324
11.139285
10.761291
10.735513
10.842072
10.558294
10.708490
10.845926
10.750910
10.763532
10.527304
10.997141
10.421772
10.557924
10.630906
10.961745
10.476767
10.539089
10.987452
10.628320
10.909715
10.561636
10.553596
10.669713
10.631803
10.477129
10.113785
11.126036
10.706635
10.494271
10.538001
10.505806
10.897279
10.652361
10.517182
10.421203
10.550163
10.706648
10.237259
10.918864
10.890141
10.776996
10.864712
11.017162
10.666259
10.938297
10.608386
11.199135
10.715999
10.596081
11.313551
11.050948
10.784429
10.744244
10.651731
10.806690
10.663506
10.722551
10.430767
10.613089
10.847105
10.956128
11.248192
10.588621
10.402596
10.785619
10.951847
10.360658
10.234704
10.432039
10.246006
10.874816
10.646794
10.439264
10.384490
10.637986
10.978082
10.891833
10.741122
10.564672
10.364504
10.768680
10.442423
10.738015
10.564857
10.401266
10.698833
9.979374
10.623530
10.626897
10.585721
10.391390
10.539156
10.434436
10.569939
10.511187
10.784924
10.822968
10.552845
10.657354
10.462087
10.627809
10.698419
10.433982
10.211542
10.546932
10.576777
10.317549
10.512720
10.894451
10.429598
10.432828
10.702489
10.574930
10.523993
10.942639
10.432708
11.013220
10.665970
10.810443
10.693404
10.792618
10.167327
10.073560
10.764263
10.370695
10.505386
10.567967
10.085263
10.796171
10.436333
10.451558
10.301660
10.565607
10.835867
10.923438
10.490611
10.447349
10.739877
10.408682
10.919814
10.564766
10.458372
10.560653
10.938985
10.080583
9.987219
10.840165
11.028686
10.493764
10.532069
10.617546
10.492186
10.379644
10.314971
10.270800
10.823522
10.476005
10.236040
10.427310
10.135020
10.798238
10.511311
10.278934
10.699447
10.554130
10.617137
10.566371
10.877095
11.006376
10.495686
10.626958
10.689435
10.660546
10.731725
10.721511
10.834619
10.933713
10.484567
10.676756
10.464824
10.983682
10.477262
10.924341
10.808121
10.433476
10.633508
10.158266
10.660919
10.656675
10.642298
10.469723
11.097198
10.538293
10.817793
10.784142
10.261835
10.832101
10.408717
10.359348
10.429932
10.571757
10.240428
10.210349
10.274767
10.295908
10.455565
10.269388
10.634700
10.909303
10.828153
10.484520
10.642455
10.550770
10.706903
10.536851
10.317477
11.038014
10.345549
10.702926
10.545054
10.306906
10.395005
10.678908
10.864471
10.509657
10.810549
10.657631
10.625998
10.823431
10.708657
10.523822
10.712985
10.748058
10.328788
10.620131
10.461082
10.766397
10.379085
10.041768
10.766295
10.242047
10.148522
10.095884
10.113208
11.075321
10.162251
10.724360
10.574009
10.318707
10.518546
10.286509
10.077895
10.362399
10.645162
10.799873
10.500780
10.388514
10.504634
10.616210
10.268465
10.915996
10.106869
10.778462
10.634305
10.444865
10.305820
10.453284
10.863395
10.255442
10.393154
10.560094
10.662553
10.559301
10.129933
10.336915
10.833621
10.213553
10.722451
10.476107
10.425929
10.260869
10.522240
10.232054
10.341243
10.636933
10.250299
10.287153
10.782722
10.265634
10.186218
10.099098
10.755778
10.250877
10.972485
10.670315
10.279380
10.838697
10.673939
10.363174
10.284509
10.254149
10.225967
10.566176
10.766373
10.224348
10.117045
10.306268
10.480859
10.834311
9.980319
11.013444
10.037383
10.438184
10.707377
10.296735
10.274932
10.604210
10.257447
10.516765
10.689679
10.403231
10.464052
10.521329
10.355425
10.648791
10.840075
10.565350
10.314223
10.582870
9.956625
10.488158
10.703978
10.664159
10.751351
10.406855
10.314538
10.440454
10.506895
10.262258
10.136625
10.263787
9.988536
10.831548
10.132658
10.227994
10.908230
10.620124
10.915134
10.540466
10.515144
10.619875
10.339317
10.487816
10.624038
10.529824
10.543178
10.310108
10.775221
10.205987
10.339757
10.411382
10.737492
10.258415
10.320015
10.764385
10.407453
10.687613
10.343040
10.335072
10.450122
10.413380
10.259110
9.899420
10.900896
10.487306
10.276329
10.318687
10.286789
10.674461
10.432034
10.299104
10.204462
10.331244
10.487594
10.022460
10.697889
10.668324
10.556857
10.643519
10.794103
10.447538
10.714564
10.389532
10.972843
10.495125
10.376584
11.086598
10.827906
10.562973
10.522813
10.432001
10.586068
10.442767
10.503458
10.213949
10.394223
10.625840
10.731668
11.021235
10.369465
10.185726
10.564843
10.729039
10.145094
10.020904
10.215074
10.031137
10.652221
10.427664
10.222953
10.168625
10.419726
10.755968
10.669564
10.520712
10.346837
10.147918
10.548078
10.224498
10.517621
10.346012
10.184960
10.479694
9.767241
10.405091
10.408413
10.367249
10.174455
10.321976
10.217843
10.349894
10.294548
10.563560
10.601388
10.334180
10.437101
10.245225
10.409527
10.478124
10.217590
9.997519
10.327849
10.358872
10.102018
10.295420
10.672462
10.212705
10.216008
10.483220
10.357806
10.306827
10.721393
10.215636
10.790237
10.447778
10.588249
10.473851
10.572388
9.953839
9.861192
10.544122
10.154745
10.286929
10.350034
9.872275
10.575895
10.219790
10.235454
10.086185
10.348510
10.615858
10.701941
10.273157
10.231343
10.518447
10.193394
10.697535
10.346995
10.240412
10.343664
10.717978
9.868647
9.775354
10.619319
10.806479
10.276327
10.313822
10.399137
10.274094
10.165013
10.100386
10.055866
10.604360
10.259009
10.022930
10.211700
9.922825
10.577415
10.293543
10.063111
10.480102
10.335451
10.399284
10.348205
10.657518
10.783207
10.277719
10.409644
10.470523
10.441474
10.512377
10.501483
10.615296
10.712366
10.267512
10.457483
10.248205
10.761379
10.259991
10.703350
10.587948
10.217638
10.413970
9.946168
10.443029
10.439182
10.424240
10.253222
10.873570
10.320251
10.598285
10.564483
10.047606
10.612222
10.191622
10.144549
10.214094
10.353627
10.026425
9.997347
10.060196
10.081267
10.238798
10.056124
10.416684
10.688602
10.608032
10.267670
10.424503
10.333021
10.488355
10.319742
10.103316
10.814227
10.130065
10.485069
10.328052
10.092655
10.179596
10.460464
10.643563
10.292041
10.589005
10.439547
10.407589
10.603660
10.489349
10.305617
10.493782
10.528569
10.114164
10.402344
10.244733
10.546624
10.163541
9.830001
10.546288
10.028783
9.935112
9.884127
9.901227
10.852607
9.949112
10.504628
10.356061
10.103424
10.301008
10.072140
9.866391
10.146537
10.427425
10.579450
10.284493
10.173381
10.288719
10.398744
10.055087
10.695695
9.894072
10.558944
10.416475
10.228666
10.091435
10.237922
10.642049
10.040666
10.178027
10.343659
10.444289
10.341755
9.916548
10.122431
10.613757
10.000594
10.505018
10.260328
10.210542
10.047103
10.305511
10.019094
10.127502
10.419446
10.036500
10.074430
10.562644
10.053231
9.973696
9.887790
10.537333
10.036421
10.750557
10.451926
10.065304
10.618710
10.455896
10.148211
10.070464
10.039996
10.013159
10.349708
10.547014
10.010853
9.904504
10.092133
10.265083
10.615101
9.770555
10.791465
9.826671
10.221981
10.489194
10.083056
10.061546
10.387914
10.043859
10.300184
10.471740
10.188912
10.248239
10.305171
10.141599
10.430264
10.619833
10.348009
10.099300
10.365796
9.747100
10.271496
10.486339
10.446316
10.534144
10.193336
10.100056
10.224586
10.292117
10.048979
9.923433
10.050135
9.776950
10.612361
9.921154
10.015574
10.688843
10.403239
10.694977
10.322359
10.299420
10.404101
10.125340
10.271408
10.406104
10.312456
10.326360
10.096416
10.555560
9.994022
10.125913
10.197226
10.519486
10.045343
10.106225
10.545412
10.192652
10.470391
10.128174
10.120869
10.235271
10.198202
10.045211
9.690540
10.680132
10.272112
10.064293
10.104812
10.074244
10.457388
10.216684
10.085278
9.991831
10.117292
10.272969
9.812629
10.480243
10.450930
10.340495
10.425917
10.575771
10.232527
10.497139
10.173750
10.752061
10.278833
10.162984
10.865817
10.609035
10.347245
10.307274
10.216417
10.368755
10.227974
10.286709
10.001260
10.179377
10.409208
10.514737
10.802034
10.155514
9.974456
10.349067
10.511432
9.934086
9.811397
10.001601
9.822301
10.435183
10.212260
10.010523
9.956863
10.204811
10.537681
10.452154
10.306197
10.132482
9.936822
10.332183
10.012359
10.302676
10.132520
9.973534
10.264532
9.559979
10.191043
10.193365
10.153505
9.962775
10.109596
10.005121
10.136463
10.081012
10.347865
10.385151
10.122046
10.221809
10.032381
10.193826
10.263206
10.005601
9.787510
10.114623
10.144924
9.890072
10.083187
10.457217
10.001583
10.004911
10.269232
10.145257
10.092976
10.503746
10.003932
10.572264
10.232761
10.372615
10.259501
10.356631
9.744696
9.652430
10.329735
9.943663
10.074154
10.136312
9.663760
10.359730
10.007151
10.022267
9.876259
10.135011
10.400180
10.484715
10.059517
10.019587
10.304188
9.982082
10.480537
10.134755
10.028298
10.130773
10.501282
9.660911
9.567827
10.403187
10.588605
10.063648
10.100863
10.185454
10.062243
9.952907
9.890281
9.846523
10.387012
10.046299
9.813378
10.000042
9.714487
10.361982
10.081474
9.852504
10.266045
10.123493
10.185889
10.135808
10.440351
10.565874
10.065007
10.195940
10.255557
10.226128
10.298026
10.285776
10.398365
10.495238
10.055336
10.243107
10.036712
10.544415
10.046947
10.486020
10.372766
10.006486
10.201372
9.737183
10.227521
10.224977
10.210667
10.040917
10.655463
10.108370
10.381197
10.348894
9.837790
10.397552
9.980997
9.932856
10.002432
10.140944
9.817870
9.787583
9.850187
9.872759
10.027045
9.846560
10.203041
10.472380
10.391475
10.055415
10.210737
10.121121
10.272478
10.107768
9.894135
10.596475
9.919102
10.270852
10.116342
9.882571
9.968415
10.246804
10.428354
10.080763
10.375182
10.226840
10.194237
10.387672
10.274683
10.092868
10.278291
10.314226
9.904510
10.188543
10.034032
10.331965
9.953868
9.622641
10.331275
9.819450
9.726666
9.676983
9.692344
10.635488
9.741048
10.289651
10.143591
9.894193
10.088086
9.862976
9.658995
9.936769
10.214821
10.363977
10.071685
9.962735
10.077130
10.184957
9.846886
10.477793
9.686044
10.345002
10.202303
10.017085
9.882088
10.026165
10.427274
9.832237
9.966686
10.129820
10.230942
10.129425
9.708433
9.912736
10.397639
9.792914
10.290429
10.048710
9.999116
9.837928
10.092949
9.810564
9.916366
10.204678
9.828939
9.864500
10.347072
9.843071
9.764061
9.680258
10.323256
9.827892
10.533680
10.239011
9.856536
10.403361
10.243859
9.938873
9.860956
9.830020
9.804143
10.138219
10.332180
9.802733
9.696690
9.882936
10.053645
10.400184
9.563934
10.574867
9.619832
10.011670
10.276307
9.872987
9.851460
10.173750
9.834419
10.088681
10.256976
9.977421
10.037201
10.093328
9.931742
10.218234
10.405261
10.135618
9.890399
10.153464
9.541512
10.059680
10.271472
10.232891
10.319239
9.983055
9.890358
10.013308
10.080200
9.839976
9.716714
9.842049
9.571430
10.396576
9.714029
9.805742
10.472657
10.190788
10.479445
10.111089
10.087164
10.191317
9.915241
10.060266
10.192945
10.101013
10.113553
9.887243
10.341729
9.785419
9.916818
9.987896
10.305633
9.837099
9.896560
10.332631
9.982635
10.258303
9.917907
9.911417
10.024517
9.988486
9.835831
9.484200
10.464810
10.061987
9.854545
9.895194
9.863576
10.244944
10.007056
9.875707
9.784069
9.905972
10.061561
9.606381
10.266830
10.238147
10.129550
10.212874
10.361545
10.022514
10.284092
9.964118
10.536379
10.066518
9.953289
10.647876
10.394674
10.135768
10.094882
10.006473
10.157516
10.017016
10.075671
9.793399
9.970341
10.196321
10.300740
10.584267
9.945988
9.767282
10.137271
10.298171
9.726405
9.606158
9.794608
9.617130
10.221788
10.001927
9.803286
9.749540
9.994250
10.324190
10.239320
10.094758
9.923145
9.728515
10.120861
9.804379
10.091116
9.923323
9.765109
10.052116
9.356721
9.981902
9.984362
9.944252
9.755256
9.900563
9.797548
9.926744
9.872785
10.136297
10.172379
9.912483
10.012570
9.824598
9.984521
10.051589
9.798896
9.582601
9.905267
9.935020
9.683579
9.874548
10.244781
9.792809
9.798108
10.059064
9.936138
9.883626
10.289873
9.796784
10.358920
10.022950
10.160708
10.049115
10.145591
9.540945
9.449173
10.117979
9.736861
9.865893
9.928039
9.460523
10.148182
9.799845
9.814872
9.670247
9.927097
10.189287
10.271277
9.852443
9.811790
10.091432
9.775319
10.267727
9.925021
9.820262
9.922095
10.289902
9.458036
9.366385
10.191462
10.374809
9.854800
9.891560
9.976054
9.853644
9.746720
9.684783
9.641177
10.174258
9.838861
9.608438
9.792757
9.511527
10.150103
9.874075
9.646734
10.056443
9.914260
9.976694
9.925909
10.228621
10.353280
9.856438
9.986216
10.045150
10.016751
10.087753
10.075389
10.186361
10.283670
9.847245
10.033101
9.828965
10.331279
9.839543
10.273202
10.162026
9.798844
9.991393
9.534454
10.018590
10.015465
10.001473
9.833128
10.442150
9.900242
10.171375
10.138138
9.632060
10.187931
9.773040
9.726117
9.795239
9.932635
9.612557
9.582686
9.644463
9.667789
9.819831
9.642322
9.993504
10.260580
10.180168
9.847397
10.002428
9.912277
10.061782
9.899940
9.688090
10.384378
9.712879
10.060524
9.906948
9.676493
9.762042
10.036386
10.217317
9.872746
10.164927
10.018531
9.984922
10.176373
10.065777
9.885527
10.069063
10.103717
9.699518
9.979833
9.826518
10.121963
9.747478
9.420832
10.119872
9.613954
9.522605
9.472973
9.489947
10.421656
9.536088
10.079334
9.935802
9.688704
9.880932
9.656838
9.455850
9.730944
10.006742
10.152707
9.864542
9.756481
9.869295
9.975602
9.641785
10.267223
9.482470
10.133078
9.992995
9.810793
9.676296
9.819728
10.216187
9.627270
9.760752
9.922613
10.021665
9.921789
9.505585
9.706897
10.186011
9.588696
10.080651
9.842155
9.792598
9.632164
9.885152
9.605574
9.710521
9.995972
9.624573
9.659727
10.136389
9.638412
9.560449
9.476871
10.112926
9.623860
10.321480
10.030946
9.651513
10.192100
10.033295
9.732919
9.656287
9.624777
9.599645
9.931004
10.121080
9.598705
9.493787
9.677930
9.845983
10.189198
9.361537
10.361483
9.418793
9.804971
10.066791
9.668539
9.647147
9.966243
9.629707
9.882391
10.048585
9.772256
9.830167
9.885489
9.726701
10.009299
10.193825
9.926923
9.684737
9.944857
9.340838
9.852620
10.061929
10.024394
10.109468
9.776239
9.686337
9.805240
9.872220
9.635506
9.512312
9.637632
9.369344
10.186131
9.510547
9.602572
10.261348
9.981909
10.267862
9.903174
9.880716
9.983313
9.709259
9.852544
9.985333
9.893797
9.906349
9.683224
10.131823
9.583117
9.712317
9.782640
10.095631
9.633024
9.690972
10.122066
9.776450
10.050086
9.713337
9.705333
9.819187
9.782346
9.631480
9.284447
10.254018
9.854863
9.650393
9.690083
9.658755
10.035697
9.800678
9.671676
9.580973
9.701700
9.854955
9.404696
10.058614
10.029399
9.921716
10.004657
10.152155
9.816292
10.074944
9.759732
10.324338
9.858501
9.747491
10.434617
10.185068
9.929138
9.887493
9.800966
9.950184
9.810447
9.868446
9.590014
9.765086
9.989149
10.090699
10.372849
9.741324
9.563779
9.930401
10.089364
9.523722
9.404778
9.589664
9.416196
10.013737
9.796263
9.600126
9.545811
9.788764
10.114912
10.030582
9.888556
9.718193
9.525649
9.912910
9.600208
9.884403
9.718068
9.562207
9.846625
9.156962
9.776966
9.778777
9.739486
9.551298
9.695337
9.593887
9.722642
9.668200
9.928068
9.964911
9.708433
9.806190
9.620952
9.778646
9.845293
9.596428
9.381159
9.700991
9.730537
9.481459
9.671486
10.038649
9.590276
9.595070
9.853377
9.732803
9.679814
10.081247
9.592701
10.149335
9.817464
9.953549
9.842344
9.938819
9.339797
9.249802
9.911717
9.533561
9.661550
9.722617
9.260989
9.941569
9.595973
9.612589
9.468141
9.722274
9.981258
10.062930
9.648745
9.608925
9.884722
9.573276
10.059723
9.721375
9.617473
9.719214
10.083044
9.259643
9.168035
9.984151
10.166455
9.651662
9.687592
9.771477
9.649867
9.544690
9.483531
9.440320
9.967566
9.634849
9.408911
9.589762
9.311391
9.942951
9.670460
9.445369
9.851377
9.709926
9.771494
9.720922
10.021911
10.144266
9.653151
9.781693
9.839225
9.810912
9.882207
9.869574
9.979691
10.075698
9.644580
9.828131
9.625569
10.122766
9.635955
10.064624
9.955843
9.596905
9.786925
9.335520
9.812525
9.809673
9.797482
9.630051
10.232905
9.696109
9.963213
9.931494
9.431386
9.981954
9.570685
9.523985
9.593088
9.728432
9.412200
9.383109
9.442836
9.466878
9.616295
9.441275
9.788325
10.052766
9.973009
9.645088
9.797099
9.708840
9.856808
9.696379
9.486716
10.173760
9.510499
9.854855
9.704111
9.475245
9.559063
9.832233
10.010367
9.669105
9.958219
9.814209
9.780417
9.969851
9.861073
9.681458
9.862921
9.897115
9.497882
9.775806
9.624470
9.916115
9.545022
9.223447
9.913298
9.414263
9.321578
9.274730
9.290372
10.213420
9.336768
9.873565
9.732108
9.487799
9.677317
9.456617
9.257361
9.529044
9.802524
9.947023
9.661287
9.552779
9.665979
9.770882
9.442228
10.058270
9.282752
9.928515
9.788136
9.607390
9.475557
9.616423
10.009013
9.426323
9.558144
9.718393
9.817029
9.717457
9.305171
9.506870
9.980739
9.389688
9.876389
9.639306
9.590106
9.432106
9.681187
9.405920
9.509330
9.791135
9.424975
9.459558
9.930042
9.438281
9.359992
9.277713
9.908115
9.423397
10.112908
9.825447
9.451533
9.986614
9.827882
9.531809
9.455925
9.423791
9.399159
9.727879
9.915744
9.398815
9.294825
9.476736
9.643317
9.982526
9.163942
10.152982
9.221733
9.603474
9.862702
9.467690
9.446486
9.762074
9.428476
9.681068
9.843691
9.571105
9.627769
9.682477
9.525027
9.805252
9.987814
9.724079
9.484200
9.741878
9.144260
9.649673
9.856832
9.819582
9.904513
9.574267
9.484788
9.602677
9.669506
9.435683
9.313981
9.437326
9.172289
9.979305
9.312216
9.402628
10.053765
9.777783
10.061688
9.699810
9.677977
9.779218
9.507621
9.649980
9.780562
9.690475
9.704005
9.482262
9.926622
9.384954
9.511879
9.581025
9.890751
9.431726
9.489821
9.917423
9.573918
9.845717
9.511853
9.504421
9.617096
9.581541
9.430591
9.087356
10.047368
9.652553
9.450891
9.489330
9.457788
9.832416
9.598525
9.471523
9.381058
9.500392
9.653331
9.208004
9.854620
9.825080
9.718955
9.800734
9.946780
9.614396
9.870479
9.558265
10.117178
9.655935
9.546582
10.226136
9.979282
9.726320
9.685958
9.598557
9.746415
9.608587
9.666617
9.390686
9.564284
9.784745
9.886108
10.165772
9.540469
9.365989
9.727374
9.885132
9.324810
9.208408
9.390352
9.219792
9.809849
9.594365
9.400916
9.347520
9.587124
9.909520
9.827629
9.686322
9.518628
9.328121
9.710316
9.400845
9.682550
9.517944
9.362872
9.644806
8.962720
9.576084
9.577183
9.538879
9.352986
9.496130
9.394456
9.521330
9.468637
9.725377
9.761357
9.507726
9.604282
9.421558
9.576806
9.643207
9.397727
9.184613
9.499624
9.530487
9.283364
9.471760
9.835446
9.390717
9.396099
9.652021
9.532578
9.479287
9.877028
9.393501
9.944798
9.616414
9.749759
9.641036
9.736603
9.143928
9.054113
9.708678
9.336164
9.462767
9.522915
9.066072
9.737505
9.397456
9.413950
9.271467
9.521522
9.779177
9.859792
9.447574
9.409307
9.682355
9.375149
9.855861
9.520534
9.417713
9.518889
9.879466
9.065849
8.974398
9.780944
9.961720
9.452071
9.487250
9.570354
9.449568
9.346122
9.285914
9.243336
9.764595
9.435742
9.212885
9.391164
9.116881
9.740314
9.470458
9.248530
9.650454
9.509675
9.570459
9.521448
9.819155
9.939286
9.452784
9.580753
9.637471
9.610582
9.680132
9.666738
9.776804
9.871453
9.445058
9.626650
9.427586
9.918078
9.435718
9.860741
9.753720
9.398786
9.586776
9.139686
9.610881
9.608837
9.596983
9.430499
10.027824
9.496068
9.760651
9.729506
9.234486
9.780190
9.372918
9.325733
9.394120
9.528936
9.216562
9.186864
9.245560
9.270738
9.416943
9.245667
9.588552
9.850945
9.770725
9.445838
9.597190
9.509900
9.654967
9.496186
9.289700
9.969890
9.313609
9.654803
9.504534
9.278229
9.361838
9.630748
9.807867
9.470101
9.755146
9.614425
9.580271
9.767499
9.659250
9.482447
9.662689
9.695120
9.301253
9.574221
9.425546
9.714482
9.348892
9.027981
9.711116
9.217967
9.126259
9.079739
9.095292
10.009304
9.141809
9.671776
9.532579
9.290561
9.478614
9.260387
9.062330
9.331386
9.602502
9.744601
9.461699
9.355494
9.466598
9.570650
9.247047
9.855069
9.088171
9.726373
9.587273
9.408609
9.279008
9.418264
9.807805
9.229544
9.360068
9.518432
9.617134
9.517789
9.111250
9.309745
9.778284
9.194402
9.674829
9.441680
9.391883
9.235570
9.481934
9.210931
9.311797
9.590652
9.228726
9.262289
9.727500
9.242556
9.165259
9.083896
9.707251
9.227311
9.909203
9.625441
9.254481
9.784381
9.627642
9.333867
9.259995
9.227151
9.203102
9.527667
9.713623
9.203690
9.099256
9.280162
9.445522
9.781034
8.971078
9.948872
9.026538
9.405478
9.663107
9.270752
9.250820
9.562979
9.232767
9.481134
9.642832
9.373467
9.429036
9.483574
9.328574
9.605031
9.785450
9.524583
9.287744
9.542865
8.952324
9.450976
9.655540
9.620105
9.704172
9.377261
9.288169
9.403313
9.471228
9.238804
9.118726
9.241001
8.978732
9.776676
9.117249
9.207239
9.851458
9.578585
9.858727
9.501152
9.480122
9.580048
9.310463
9.451210
9.581178
9.491673
9.504457
9.287291
9.725906
9.188707
9.314576
9.383757
9.689778
9.236272
9.293644
9.716125
9.377150
9.645394
9.314088
9.307459
9.420214
9.383766
9.234959
8.895748
9.844781
9.454731
9.254791
9.293300
9.261418
9.631892
9.401468
9.275364
9.186145
9.303631
9.455095
9.015133
9.655248
9.625157
9.519458
9.601072
9.745722
9.417276
9.670105
9.360501
9.914640
9.457931
9.349053
10.023021
9.778213
9.527657
9.486762
9.401441
9.547131
9.411052
9.467904
9.196102
9.367549
9.585468
9.685381
9.962167
9.344203
9.171270
9.528716
9.685359
9.130330
9.015795
9.195477
9.027071
9.610152
9.397175
9.206174
9.152026
9.389906
9.708915
9.627587
9.488297
9.322198
9.133429
9.511109
9.206760
9.484877
9.320967
9.168620
9.446679
8.772374
9.379551
9.381013
9.342669
9.158070
9.300579
9.200165
9.324762
9.272833
9.526452
9.562592
9.312333
9.406590
9.226278
9.379463
9.444619
9.203698
8.992533
9.303228
9.333918
9.089756
9.276629
9.636685
9.196831
9.202352
9.454176
9.337108
9.283220
9.677320
9.198491
9.744591
9.419031
9.551882
9.444228
9.537855
8.952657
8.863321
9.511201
9.142152
9.266796
9.327719
8.875194
9.539511
9.203213
9.218390
9.077932
9.325997
9.581569
9.659417
9.253575
9.214715
9.484393
9.181297
9.656913
9.325733
9.222041
9.323417
9.681204
8.874661
8.784534
9.581918
9.760341
9.256536
9.291553
9.373933
9.254755
9.152355
9.092684
9.050508
9.564988
9.240731
9.021027
9.197647
8.925890
9.541914
9.275313
9.054651
9.452635
9.314427
9.373604
9.324969
9.620066
9.739462
9.257511
9.384633
9.440088
9.413680
9.482666
9.469098
9.578403
9.672430
9.250016
9.429629
9.233555
9.718255
9.240595
9.660435
9.555510
9.205511
9.389689
8.949012
9.413815
9.411320
9.399643
9.236221
9.826398
9.300981
9.561920
9.531224
9.041832
9.583286
9.178596
9.132101
9.200538
9.333545
9.024092
8.994204
9.052214
9.079115
9.221541
9.053480
9.392616
9.651537
9.572064
9.250652
9.401071
9.314307
9.457630
9.301615
9.097768
9.769067
9.119324
9.457484
9.310149
9.085257
9.167413
9.433302
9.608970
9.274801
9.557767
9.418482
9.384171
9.569260
9.463501
9.286957
9.465599
9.498426
9.108652
9.378519
9.231882
9.517162
9.154459
8.838436
9.513365
9.026326
8.934414
8.889547
8.905014
9.808844
8.949073
9.473869
9.336691
9.097900
9.284026
9.067782
8.871840
9.137935
9.406706
9.545986
9.266429
9.162549
9.271285
9.374148
9.055021
9.655061
8.897057
9.529094
9.390807
9.215073
9.086594
9.224002
9.608021
9.037364
9.166795
9.323469
9.420822
9.322396
8.920495
9.117273
9.580046
9.002689
9.477666
9.247797
9.197729
9.043380
9.287301
9.019091
9.119110
9.394169
9.037932
9.070656
9.529642
9.049784
8.973497
8.892937
9.510010
9.034803
9.709857
9.428966
9.063186
9.585093
9.431950
9.141064
9.067308
9.034657
9.011403
9.333436
9.517059
9.012528
8.909113
9.087968
9.251237
9.582679
8.781151
9.748935
8.837132
9.212722
9.466400
9.079025
9.058676
9.367634
9.040748
9.287524
9.446691
9.180823
9.235284
9.289105
9.135416
9.409444
9.586723
9.329362
9.095133
9.346922
8.763999
9.255670
9.458725
9.424885
9.507131
9.183172
9.096162
9.209133
9.276101
9.047139
8.928111
9.049110
8.789364
9.579579
8.926410
9.014982
9.652911
9.383941
9.660563
9.306325
9.284694
9.385568
9.117993
9.256682
9.385523
9.296870
9.309593
9.094964
9.528172
8.998294
9.122790
9.190846
9.492756
9.043882
9.100480
9.519410
9.183235
9.450046
9.122301
9.114984
9.225825
9.191229
9.043314
8.707212
9.647196
9.261409
9.062798
9.100875
9.070284
9.436963
9.207845
9.083069
8.995428
9.110558
9.261439
8.825836
