13.065468
12.967816
12.789530
12.770210
13.043575
12.655525
12.851033
12.543063
13.121941
12.580092
12.322569
13.051884
12.839788
12.492409
12.421576
12.419938
12.277986
12.172922
12.127606
11.915886
12.017275
12.191459
12.316250
12.428965
11.740751
11.539963
11.931525
12.040556
11.265442
11.237607
11.304833
11.082652
11.716942
11.320478
11.072309
11.060184
11.371725
11.518731
11.440149
11.183870
11.057727
10.696655
11.043495
10.638934
10.980618
10.684828
10.510389
10.735890
9.935796
10.616057
10.424094
10.458835
10.198786
10.323288
10.219578
10.329302
10.017306
10.314720
10.321470
10.106154
9.971203
9.862688
9.921279
10.017057
9.672799
9.475793
9.773122
9.750835
9.449891
9.517768
9.912850
9.470791
9.322656
9.544935
9.452049
9.276149
9.700284
9.143040
9.641833
9.325233
9.375738
9.125519
9.245337
8.629805
8.467667
9.004709
8.787425
8.753428
8.834009
8.363809
8.975664
8.445472
8.554172
8.325686
8.615619
8.754516
8.751142
8.428040
8.260150
8.418246
8.228785
8.580472
8.256588
8.014783
8.163987
8.440843
7.700351
7.560653
8.286680
8.400056
7.855788
7.947549
7.952423
7.792617
7.652985
7.666033
7.561471
7.936558
7.695036
7.388518
7.397285
7.302365
7.693403
7.439435
7.238863
7.515771
7.351608
7.416748
7.259568
7.569574
7.631013
7.146276
7.200044
7.237211
7.145163
7.224983
7.197850
7.282001
7.310647
6.913816
6.966935
6.842888
7.189992
6.784974
7.020231
6.931203
6.621842
6.739372
6.406094
6.728490
6.641486
6.696976
6.394458
6.873053
6.496766
6.658402
6.587605
6.200797
6.642744
6.244612
6.168976
6.236178
6.260249
5.949546
5.964420
5.980283
6.023119
6.027752
5.998542
6.116353
6.268965
6.139315
5.991817
6.057920
5.894975
6.027768
5.912919
5.683079
6.165331
5.652053
5.824673
5.702402
5.532448
5.566339
5.762184
5.804178
5.632897
5.809910
5.621801
5.579773
5.700054
5.590250
5.458712
5.547046
5.538621
5.233663
5.373615
5.322062
5.448826
5.153472
5.034607
5.374184
4.989998
4.948888
4.813326
4.800134
5.436880
4.809498
5.170761
5.067416
4.860071
4.974191
4.840779
4.612332
4.798334
5.013090
5.095085
4.787366
4.748253
4.781706
4.803759
4.616745
4.966512
4.501945
4.840448
4.704572
4.571581
4.483847
4.596428
4.807482
4.349400
4.500726
4.536321
4.614686
4.511354
4.215464
4.355747
4.611140
4.252466
4.500033
4.367968
4.291195
4.184751
4.281198
4.134711
4.129748
4.326626
4.085944
4.113093
4.334059
4.065418
3.905960
3.853268
4.231487
3.945301
4.335621
4.162393
3.917095
4.228555
4.122990
3.855084
3.835214
3.784855
3.748178
3.965099
4.034642
3.682160
3.639581
3.737191
3.830040
4.041355
3.462376
4.055518
3.546687
3.744991
3.863097
3.561630
3.541206
3.780835
3.548771
3.663484
3.713344
3.507934
3.628959
3.546480
3.429814
3.669112
3.738123
3.506642
3.385014
3.505293
3.193844
3.444981
3.532588
3.476007
3.560513
3.286284
3.269092
3.299001
3.333849
3.192152
3.153656
3.167365
3.050082
3.465190
3.090766
3.105348
3.422384
3.297325
3.384503
3.138348
3.211823
3.244653
3.009046
3.098946
3.157499
3.088519
3.124752
3.016702
3.243871
2.939925
2.985165
3.012666
3.153882
2.844385
2.891073
3.118350
2.914302
3.023491
2.857710
2.838800
2.896355
2.902272
2.783641
2.535411
2.993054
2.831469
2.734665
2.731415
2.673637
2.886537
2.760967
2.691238
2.645949
2.634387
2.714147
2.514809
2.824268
2.875010
2.807263
2.722820
2.697334
2.820199
2.657376
2.725146
2.591664
2.843855
2.569384
2.503800
2.821807
2.752554
2.598109
2.552670
2.558377
2.516922
2.468572
2.456558
2.383048
2.460623
2.504771
2.564769
2.645550
2.367281
2.303292
2.463090
2.535850
2.197012
2.229599
2.218890
2.182295
2.415612
2.259514
2.206980
2.192120
2.321949
2.394609
2.381524
2.286965
2.252300
2.096149
2.247694
2.093717
2.271458
2.130359
2.069177
2.171314
1.842697
2.191393
2.099560
2.117470
1.992370
2.097897
2.038807
2.099288
1.993584
2.101347
2.121201
2.063528
1.987579
1.986131
1.993684
2.027430
1.946362
1.849753
1.968506
1.983950
1.866170
1.938900
2.145204
1.916939
1.877996
1.985909
1.973106
1.848637
2.065974
1.832306
2.071883
1.934816
1.946893
1.864935
1.938598
1.687563
1.628201
1.851545
1.769593
1.767781
1.813225
1.630313
1.879392
1.669741
1.741328
1.658194
1.795024
1.864611
1.851817
1.708596
1.669916
1.708265
1.694197
1.837119
1.711636
1.596687
1.716810
1.858482
1.547385
1.477542
1.775217
1.830436
1.588589
1.638430
1.654169
1.590736
1.556633
1.586252
1.542471
1.682083
1.596342
1.517385
1.514897
1.488115
1.617168
1.550492
1.441091
1.597587
1.515555
1.550561
1.492513
1.648014
1.673443
1.459709
1.504889
1.512592
1.483010
1.548944
1.507721
1.578219
1.607628
1.441298
1.468749
1.452900
1.581103
1.403788
1.501088
1.502258
1.386685
1.438069
1.345734
1.414307
1.411329
1.453950
1.306893
1.548987
1.374201
1.441317
1.434890
1.259903
1.513960
1.292105
1.273389
1.320592
1.336637
1.220952
1.223821
1.215717
1.298804
1.248397
1.293380
1.322749
1.410439
1.330077
1.284897
1.339958
1.256641
1.296812
1.282862
1.199676
1.393212
1.175515
1.279525
1.232973
1.155280
1.161347
1.255272
1.300299
1.223595
1.311411
1.283270
1.215504
1.261402
1.251478
1.174711
1.223162
1.215642
1.136676
1.161397
1.172995
1.219211
1.107088
1.073211
1.171446
1.052162
1.007839
0.985902
0.984805
1.281371
0.992940
1.127440
1.128901
1.048782
1.082791
1.053097
0.949970
1.022534
1.167315
1.145821
1.036261
1.026245
1.033171
1.038354
1.037973
1.122425
0.938631
1.083358
1.019517
0.979561
0.973888
1.016716
1.113746
0.914047
0.981849
0.990310
1.045663
1.008024
0.892180
0.990770
1.064985
0.948916
1.044225
0.997728
0.938643
0.909238
0.938585
0.914253
0.898553
0.964460
0.930890
0.919752
0.982572
0.915283
0.828732
0.823708
0.989826
0.861402
1.018938
0.973244
0.866508
0.999954
0.953750
0.854667
0.856139
0.806761
0.815926
0.940380
0.940998
0.813454
0.785285
0.835734
0.878616
0.980292
0.718372
0.967296
0.788601
0.887883
0.949257
0.788409
0.793116
0.888666
0.789712
0.868783
0.867189
0.812032
0.854404
0.811502
0.772366
0.885495
0.897998
0.794260
0.767588
0.823003
0.727143
0.786383
0.824761
0.834824
0.867056
0.752706
0.761783
0.719503
0.781196
0.733347
0.700990
0.729338
0.671067
0.846562
0.702294
0.706266
0.840567
0.801854
0.849721
0.716137
0.777776
0.804987
0.680693
0.716789
0.748047
0.728604
0.745412
0.743784
0.816082
0.719719
0.723053
0.749757
0.773433
0.658388
0.667047
0.788121
0.690812
0.771656
0.667865
0.657299
0.716165
0.723540
0.643193
0.549335
0.749321
0.703292
0.655081
0.648770
0.616582
0.735421
0.676075
0.660608
0.646417
0.608262
0.679529
0.596267
0.714600
0.763737
0.722281
0.691451
0.672523
0.736474
0.680632
0.697299
0.644660
0.753223
0.598872
0.618505
0.754940
0.745516
0.673775
0.636171
0.641599
0.640335
0.610821
0.607932
0.589098
0.649895
0.630509
0.655291
0.714951
0.606493
0.594200
0.645048
0.692441
0.540191
0.588451
0.576827
0.692029
0.671085
0.751033
0.887586
1.073878
1.463685
1.204734
1.129793
1.075283
1.061067
1.024750
1.123587
1.029034
1.161637
1.055431
1.018656
1.086061
0.871064
1.134170
1.062178
1.087752
0.908721
1.004534
0.952595
0.994945
0.940046
0.992083
0.943255
0.924668
0.860507
0.946957
0.872241
0.882732
0.872692
0.799934
0.861742
0.882990
0.813021
0.882016
1.029436
0.857073
0.844641
0.914439
0.919769
0.805169
0.957796
0.812661
0.972470
0.882380
0.878481
0.840233
0.895765
0.745049
0.710524
0.838687
0.790995
0.793750
0.824391
0.719521
0.859536
0.737518
0.793830
0.747930
0.836185
0.881330
0.861336
0.765331
0.759307
0.758835
0.790718
0.869338
0.796469
0.713521
0.821055
0.921204
0.727349
0.673115
0.843860
0.878224
0.718793
0.752483
0.767203
0.727203
0.719038
0.749254
0.718745
0.786951
0.741661
0.723705
0.713880
0.702684
0.752738
0.735511
0.648133
0.766292
0.703720
0.726194
0.692482
0.800039
0.811329
0.670939
0.709822
0.705298
0.689690
0.747872
0.698862
0.761722
0.787614
0.683120
0.699575
0.710785
0.773099
0.656841
0.711320
0.734500
0.670365
0.699380
0.672087
0.664853
0.682190
0.717650
0.611184
0.782744
0.661630
0.698519
0.706956
0.588529
0.786149
0.610684
0.604695
0.642897
0.653353
0.589545
0.585708
0.567549
0.658782
0.589548
0.652274
0.653448
0.719608
0.650000
0.630561
0.679368
0.615403
0.626325
0.637752
0.592858
0.701913
0.564515
0.646159
0.617929
0.563232
0.558466
0.620717
0.663659
0.610637
0.670436
0.684719
0.606497
0.628603
0.644293
0.579670
0.614073
0.604003
0.585793
0.575269
0.601855
0.622695
0.559311
0.546698
0.574287
0.526689
0.478682
0.486091
0.485532
0.684097
0.487992
0.556339
0.584559
0.537497
0.546462
0.543355
0.472594
0.510857
0.633565
0.580573
0.523920
0.519534
0.516566
0.514565
0.564204
0.571757
0.463940
0.552142
0.506000
0.489617
0.504460
0.525463
0.588333
0.458331
0.500513
0.499094
0.545730
0.524091
0.456102
0.540871
0.562313
0.511731
0.562208
0.537384
0.480891
0.470700
0.479185
0.486691
0.465754
0.493110
0.515229
0.490998
0.507762
0.494459
0.425845
0.431937
0.537192
0.450373
0.541296
0.528923
0.458551
0.540636
0.508865
0.454537
0.459910
0.408804
0.428671
0.525565
0.505149
0.437882
0.411738
0.447207
0.474354
0.543819
0.367602
0.519542
0.430145
0.500209
0.544067
0.420164
0.429954
0.483918
0.419860
0.487294
0.469691
0.454150
0.473054
0.439283
0.419729
0.496353
0.491549
0.421234
0.418956
0.454801
0.416530
0.421271
0.444422
0.471125
0.487310
0.415214
0.429981
0.366068
0.433488
0.409764
0.377453
0.408206
0.364478
0.472646
0.389902
0.389360
0.471993
0.455376
0.490912
0.386611
0.443505
0.467602
0.372235
0.392080
0.414353
0.406954
0.416949
0.442976
0.471415
0.430372
0.420720
0.445756
0.435833
0.372440
0.369264
0.459934
0.390313
0.462410
0.373680
0.363991
0.421844
0.428266
0.356910
0.303726
0.432181
0.416312
0.379928
0.371414
0.344846
0.437292
0.394078
0.392058
0.385028
0.338260
0.405988
0.353073
0.418059
0.465528
0.429901
0.412367
0.393970
0.440685
0.412672
0.414192
0.382230
0.450652
0.327623
0.369125
0.455198
0.460771
0.410305
0.373546
0.377727
0.386158
0.360560
0.358967
0.353759
0.408897
0.371190
0.385301
0.438127
0.374418
0.375179
0.395216
0.435945
0.326779
0.380812
0.314846
0.368518
0.367901
0.332067
0.374950
0.345868
0.362717
0.381631
0.391876
0.373589
0.375954
0.319737
0.350743
0.321754
0.396230
0.327266
0.315389
0.336647
0.254384
0.409067
0.358016
0.353713
0.289884
0.372222
0.324703
0.345354
0.340254
0.331127
0.345529
0.361822
0.305709
0.350531
0.317587
0.304869
0.355887
0.302049
0.310540
0.334479
0.305022
0.368439
0.459023
0.336001
0.344985
0.378297
0.397567
0.289507
0.381773
0.313784
0.399698
0.349491
0.328980
0.327753
0.364739
0.302003
0.287616
0.327943
0.308893
0.313574
0.328705
0.292003
0.331562
0.286403
0.326812
0.312384
0.354692
0.375659
0.347055
0.291606
0.313027
0.275390
0.346764
0.365162
0.337823
0.281853
0.375916
0.435345
0.346843
0.304882
0.358538
0.371991
0.285366
0.302426
0.314256
0.293606
0.307081
0.335923
0.315580
0.316947
0.306553
0.342200
0.323873
0.324895
0.301251
0.327242
0.258102
0.339479
0.292843
0.302061
0.288759
0.350732
0.347296
0.272139
0.303486
0.286013
0.281421
0.330756
0.272866
0.326984
0.347909
0.298346
0.303004
0.337328
0.337508
0.275577
0.289058
0.330763
0.312206
0.319015
0.349707
0.271296
0.305682
0.332930
0.262211
0.367215
0.293920
0.301361
0.321868
0.254040
0.397915
0.263795
0.268021
0.296367
0.300116
0.282706
0.271168
0.242202
0.339446
0.251314
0.328969
0.302550
0.347285
0.286149
0.289089
0.330630
0.283154
0.265490
0.299019
0.288239
0.317397
0.253172
0.312609
0.300003
0.265289
0.249061
0.280442
0.320046
0.287702
0.320017
0.372230
0.283138
0.281692
0.319640
0.265304
0.285259
0.271460
0.308636
0.263922
0.303186
0.298990
0.279866
0.285759
0.246079
0.264279
0.211617
0.245147
0.243981
0.349391
0.238663
0.243688
0.295780
0.278512
0.262749
0.283317
0.241885
0.246702
0.347421
0.263618
0.255571
0.255310
0.241838
0.231895
0.327273
0.261404
0.224098
0.257811
0.227227
0.231960
0.265045
0.264295
0.293748
0.228533
0.245367
0.233486
0.270760
0.263173
0.239425
0.309967
0.280353
0.290630
0.297672
0.292275
0.237261
0.244262
0.231885
0.268547
0.241655
0.231315
0.305143
0.267669
0.239580
0.276508
0.224113
0.239806
0.285997
0.237907
0.264296
0.282704
0.246057
0.278113
0.259138
0.246597
0.254739
0.201027
0.230182
0.299749
0.258250
0.247751
0.222626
0.242816
0.253948
0.291596
0.196664
0.254626
0.250027
0.291130
0.317248
0.227953
0.241740
0.254826
0.223437
0.278784
0.244899
0.266628
0.262061
0.236212
0.234673
0.275235
0.252870
0.213947
0.234372
0.250472
0.266990
0.218249
0.225837
0.267790
0.267623
0.235595
0.254948
0.169387
0.241540
0.240390
0.207327
0.239612
0.209227
0.251269
0.227456
0.221766
0.253420
0.257487
0.280259
0.203653
0.255130
0.275459
0.207498
0.210763
0.223530
0.227113
0.229720
0.281934
0.266875
0.279028
0.256021
0.278691
0.235249
0.221609
0.206154
0.266361
0.223121
0.285637
0.211282
0.201747
0.257885
0.262649
0.199461
0.185491
0.243066
0.256076
0.230662
0.219326
0.197611
0.263032
0.235444
0.245979
0.245319
0.189482
0.253019
0.229267
0.241155
0.286293
0.255793
0.250725
0.232204
0.261265
0.260053
0.246016
0.233867
0.261965
0.169292
0.231816
0.267406
0.287208
0.257135
0.220672
0.223001
0.240441
0.218133
0.217237
0.224956
0.273866
0.217375
0.220305
0.265749
0.245935
0.258933
0.247962
0.280461
0.218461
0.275606
0.196527
0.267899
0.216346
0.204577
0.266275
0.232797
0.224330
0.230474
0.244294
0.240811
0.249667
0.213296
0.217395
0.213585
0.264822
0.209839
0.207113
0.209891
0.178634
0.290640
0.247138
0.236838
0.184750
0.260872
0.214564
0.225482
0.240516
0.205282
0.217277
0.248067
0.194941
0.248385
0.205601
0.181774
0.259708
0.213777
0.197586
0.222140
0.210316
0.270552
0.335311
0.233558
0.251598
0.267843
0.292797
0.187093
0.251526
0.217754
0.269737
0.236937
0.208348
0.223241
0.251281
0.227666
0.221794
0.221914
0.215221
0.220204
0.227773
0.221272
0.214944
0.203913
0.236590
0.235815
0.256841
0.266353
0.233322
0.195633
0.228899
0.173957
0.262617
0.253312
0.245991
0.201668
0.289130
0.329666
0.288181
0.251246
0.251554
0.255059
0.200777
0.209828
0.219849
0.207429
0.230169
0.257894
0.241642
0.212357
0.217218
0.276565
0.253918
0.259966
0.202588
0.247599
0.186211
0.250516
0.210597
0.213363
0.208804
0.249740
0.239193
0.193011
0.220497
0.196723
0.196647
0.241538
0.179187
0.228911
0.247145
0.221927
0.220816
0.265129
0.236832
0.198978
0.193525
0.243154
0.244734
0.241095
0.297522
0.186568
0.228224
0.251344
0.196334
0.270889
0.218752
0.212495
0.238034
0.192628
0.311843
0.195974
0.204406
0.227901
0.228221
0.231349
0.215938
0.181699
0.281264
0.184211
0.268213
0.228954
0.263633
0.205938
0.218593
0.256473
0.216056
0.185116
0.228243
0.232481
0.225216
0.193636
0.242681
0.236760
0.210697
0.188932
0.206023
0.243758
0.220386
0.239940
0.308916
0.214563
0.202133
0.249776
0.199733
0.212819
0.196992
0.258816
0.198329
0.242973
0.227138
0.227647
0.241556
0.171184
0.218741
0.163645
0.208632
0.206865
0.269909
0.197381
0.173507
0.236048
0.231902
0.204659
0.235595
0.207076
0.196485
0.286969
0.188947
0.202521
0.203812
0.185291
0.171454
0.287168
0.187864
0.182071
0.190894
0.167031
0.180991
0.222011
0.211150
0.225228
0.188952
0.194057
0.177163
0.209923
0.208387
0.204316
0.268153
0.215213
0.252672
0.239832
0.242919
0.188292
0.202773
0.180707
0.230251
0.200395
0.172773
0.269661
0.225940
0.177346
0.236669
0.191326
0.211085
0.230360
0.199483
0.196488
0.228526
0.206837
0.216061
0.202602
0.208659
0.217797
0.162656
0.195749
0.252736
0.201471
0.216338
0.191424
0.204474
0.208132
0.231179
0.172682
0.187995
0.221417
0.249213
0.267089
0.193171
0.208525
0.202926
0.186046
0.235702
0.194241
0.232557
0.217167
0.194664
0.201023
0.225087
0.194570
0.169587
0.200032
0.207000
0.248018
0.174922
0.175267
0.223881
0.216118
0.201952
0.223159
0.127615
0.201688
0.210513
0.176900
0.209664
0.185085
0.197082
0.199651
0.191429
0.199876
0.213069
0.229875
0.165566
0.214395
0.232820
0.177026
0.172610
0.180886
0.189229
0.188303
0.252137
0.217253
0.253218
0.223990
0.245401
0.186640
0.195258
0.174071
0.220344
0.188822
0.246824
0.178771
0.169117
0.224297
0.228129
0.168442
0.171986
0.197396
0.223254
0.202610
0.189823
0.170117
0.223167
0.202455
0.218478
0.220519
0.160413
0.221885
0.211120
0.198876
0.242790
0.214434
0.214822
0.196073
0.217002
0.227715
0.206492
0.203119
0.212854
0.133715
0.205560
0.218206
0.244268
0.223238
0.186748
0.188079
0.209424
0.188445
0.187704
0.201102
0.247042
0.181921
0.179651
0.221608
0.221450
0.239815
0.214702
0.243335
0.202465
0.260867
0.175721
0.254931
0.180246
0.179188
0.249229
0.213622
0.193586
0.193825
0.209111
0.212164
0.223809
0.196250
0.188067
0.195477
0.236087
0.187276
0.188538
0.182839
0.174462
0.267072
0.226843
0.213699
0.166773
0.239959
0.194062
0.200455
0.224443
0.177294
0.188071
0.225274
0.173363
0.230569
0.183217
0.154248
0.244199
0.201710
0.174252
0.198961
0.194967
0.253644
0.306624
0.214343
0.236347
0.244766
0.272169
0.167404
0.219158
0.200705
0.237253
0.212191
0.179837
0.201886
0.225770
0.219693
0.217545
0.199407
0.198175
0.203180
0.207221
0.214234
0.187085
0.191342
0.220418
0.225689
0.237003
0.241234
0.206095
0.176311
0.214814
0.151955
0.248308
0.226390
0.227994
0.188819
0.273195
0.305103
0.284727
0.249955
0.226083
0.224998
0.185207
0.190540
0.199642
0.190835
0.217654
0.244771
0.230268
0.187049
0.198695
0.268635
0.243940
0.252161
0.179461
0.232955
0.174971
0.231474
0.194490
0.194249
0.193538
0.224887
0.211039
0.177836
0.203487
0.176777
0.178646
0.221436
0.156981
0.204630
0.221562
0.207236
0.203433
0.252165
0.210926
0.183848
0.169762
0.222880
0.233457
0.225017
0.292970
0.167242
0.212094
0.233264
0.185259
0.245987
0.203318
0.190791
0.218520
0.183147
0.291149
0.183434
0.193679
0.214905
0.213598
0.225910
0.208671
0.171972
0.272503
0.171347
0.258135
0.213001
0.243063
0.186843
0.203803
0.239956
0.202645
0.165637
0.213018
0.223957
0.200179
0.183256
0.227540
0.224558
0.202323
0.177986
0.188553
0.225372
0.205973
0.219700
0.296163
0.199366
0.181910
0.233855
0.185676
0.195593
0.178779
0.251652
0.183984
0.230985
0.209830
0.219127
0.236582
0.152295
0.213030
0.156770
0.206860
0.204752
0.248612
0.193255
0.156276
0.223464
0.225176
0.192689
0.228233
0.205479
0.187874
0.273669
0.169170
0.192439
0.194366
0.173503
0.157851
0.282674
0.168220
0.176583
0.174117
0.153224
0.171286
0.215829
0.200341
0.207424
0.184146
0.183898
0.164684
0.195349
0.196486
0.201234
0.261984
0.198464
0.248129
0.226261
0.233120
0.178610
0.196412
0.169914
0.225212
0.193965
0.158489
0.265728
0.219135
0.161231
0.230606
0.188389
0.209932
0.217010
0.193844
0.177535
0.215674
0.200677
0.199546
0.188523
0.202923
0.212458
0.156617
0.191438
0.242695
0.186973
0.213237
0.188369
0.198146
0.198382
0.214789
0.172687
0.168702
0.219234
0.240973
0.255080
0.188054
0.204067
0.189991
0.179608
0.226650
0.181719
0.227476
0.207154
0.186114
0.195994
0.212562
0.178321
0.159582
0.194503
0.197303
0.249334
0.165203
0.162236
0.213811
0.202576
0.196425
0.218424
0.118331
0.193231
0.206508
0.172599
0.205540
0.183546
0.181934
0.196368
0.186963
0.184892
0.202165
0.216235
0.157433
0.205027
0.222549
0.172206
0.164285
0.170493
0.180943
0.178381
0.247424
0.203554
0.250224
0.218144
0.238950
0.173240
0.191861
0.168049
0.207997
0.181721
0.237652
0.172399
0.162656
0.217366
0.220741
0.162596
0.174004
0.184865
0.216481
0.197954
0.184475
0.165641
0.213073
0.195424
0.213891
0.217114
0.155046
0.215553
0.210609
0.187443
0.230769
0.203346
0.206160
0.187279
0.204503
0.220561
0.196061
0.196612
0.198031
0.124965
0.200982
0.203246
0.232097
0.215111
0.178578
0.179428
0.202503
0.182087
0.181389
0.197313
0.241885
0.172834
0.168188
0.208543
0.217221
0.237978
0.206450
0.233309
0.201945
0.260884
0.172969
0.255683
0.170529
0.174273
0.248054
0.211457
0.186168
0.183714
0.199631
0.205608
0.218480
0.194870
0.181112
0.193558
0.229347
0.183289
0.186325
0.176769
0.178688
0.262520
0.223741
0.209284
0.164662
0.236491
0.190757
0.195077
0.223078
0.170528
0.180732
0.220798
0.169415
0.228286
0.178845
0.147532
0.242878
0.201920
0.169353
0.194102
0.193620
0.251561
0.299209
0.211173
0.234940
0.239806
0.268285
0.163917
0.209925
0.198361
0.227927
0.206325
0.172250
0.197506
0.219488
0.221302
0.220813
0.194408
0.195621
0.200613
0.203037
0.216124
0.179559
0.190690
0.218117
0.226100
0.233004
0.234831
0.198715
0.172478
0.213319
0.146864
0.246666
0.219039
0.224649
0.187776
0.270734
0.298724
0.287857
0.254038
0.219238
0.216057
0.182782
0.186417
0.195086
0.187889
0.216526
0.243346
0.229608
0.180086
0.194772
0.269474
0.243838
0.253015
0.173380
0.230684
0.174212
0.227174
0.191498
0.189881
0.190886
0.217891
0.202531
0.175168
0.199974
0.171917
0.174645
0.216473
0.151047
0.197741
0.214066
0.204639
0.199599
0.250308
0.203213
0.180981
0.162979
0.217653
0.232273
0.221644
0.294785
0.162375
0.208646
0.228922
0.184058
0.238532
0.200116
0.184741
0.213443
0.182581
0.285512
0.181453
0.192505
0.212679
0.210629
0.227066
0.208981
0.171161
0.272113
0.169085
0.257113
0.209313
0.237282
0.181703
0.200596
0.235947
0.200028
0.160263
0.209550
0.223496
0.192253
0.181926
0.224048
0.222376
0.201855
0.176341
0.183950
0.220339
0.202722
0.213799
0.293625
0.195713
0.175976
0.229848
0.182496
0.190971
0.173696
0.251541
0.180612
0.228664
0.205097
0.218347
0.237390
0.146806
0.213477
0.156675
0.209056
0.206781
0.241965
0.194348
0.151437
0.220712
0.225050
0.190185
0.227799
0.207634
0.186846
0.270517
0.163081
0.190711
0.192910
0.170979
0.154492
0.283420
0.162112
0.176858
0.169277
0.149715
0.169617
0.215731
0.198148
0.202064
0.184637
0.181964
0.161685
0.191395
0.193724
0.202441
0.261789
0.193481
0.248639
0.222688
0.231237
0.176766
0.196055
0.167550
0.225439
0.193544
0.154518
0.266414
0.218519
0.156394
0.230295
0.189480
0.211814
0.213373
0.193680
0.171354
0.212229
0.200248
0.194430
0.184499
0.202654
0.212354
0.156189
0.191778
0.240438
0.182697
0.214086
0.189230
0.197522
0.196207
0.209609
0.174887
0.162192
0.220432
0.239429
0.251825
0.187896
0.204199
0.186284
0.178830
0.224682
0.178180
0.227277
0.204724
0.184330
0.195788
0.208967
0.173036
0.157104
0.194041
0.194953
0.251937
0.162821
0.158349
0.211250
0.198433
0.195897
0.218244
0.116088
0.191350
0.206632
0.172591
0.205591
0.184754
0.176996
0.196774
0.186821
0.179999
0.199103
0.211930
0.155608
0.202634
0.219744
0.171850
0.162338
0.167607
0.178994
0.175696
0.247073
0.199140
0.250631
0.217263
0.237783
0.168924
0.192059
0.167056
0.204133
0.180225
0.235206
0.171215
0.161424
0.215913
0.219075
0.161622
0.176566
0.180853
0.215067
0.197487
0.183685
0.165238
0.210124
0.193855
0.213417
0.217165
0.154199
0.214266
0.211946
0.183840
0.226896
0.199889
0.203792
0.184837
0.200385
0.218848
0.192862
0.195175
0.192833
0.122505
0.200397
0.197965
0.228066
0.212908
0.176346
0.176972
0.200817
0.180653
0.179965
0.197029
0.240968
0.170141
0.164420
0.204041
0.216702
0.238531
0.204106
0.230149
0.203070
0.262245
0.173075
0.257366
0.167483
0.173394
0.248846
0.211795
0.184140
0.180461
0.196657
0.203944
0.217365
0.195531
0.179254
0.193967
0.227567
0.182751
0.186582
0.175283
0.181846
0.261705
0.223572
0.208519
0.164932
0.236147
0.190476
0.193856
0.223665
0.168671
0.178604
0.219961
0.168805
0.228433
0.178041
0.145664
0.243441
0.203160
0.168286
0.193053
0.194149
0.251756
0.296980
0.210862
0.235423
0.238678
0.267633
0.163448
0.206856
0.198393
0.224799
0.204760
0.169900
0.196601
0.217724
0.223088
0.223339
0.193203
0.195512
0.200490
0.202182
0.218008
0.177188
0.191417
0.218101
0.227293
0.232208
0.232939
0.196384
0.171740
0.213638
0.145551
0.246908
0.216697
0.224112
0.188271
0.270600
0.296810
0.290228
0.256830
0.217100
0.212964
0.182627
0.185492
0.193958
0.187482
0.216938
0.243626
0.230227
0.177851
0.193910
0.270753
0.244682
0.254293
0.171523
0.230543
0.174753
0.226117
0.191022
0.188776
0.190553
0.215596
0.199549
0.174818
0.199235
0.170574
0.173679
0.215068
0.149199
0.195462
0.211508
0.204283
0.198687
0.250282
0.200541
0.180488
0.160721
0.216089
0.232532
0.220915
0.296395
0.160953
0.207871
0.227739
0.184291
0.235933
0.199437
0.182781
0.211910
0.183079
0.283706
0.181308
0.192716
0.212427
0.210023
0.228324
0.209859
0.171521
0.272661
0.168793
0.257372
0.208367
0.235381
0.180097
0.199849
0.234843
0.199543
0.158539
0.208677
0.223983
0.189366
0.182013
0.223152
0.222068
0.202321
0.176267
0.182537
0.218737
0.201922
0.211796
0.293150
0.194719
0.173950
0.228688
0.181706
0.189524
0.172037
0.252135
0.179724
0.228246
0.203589
0.218621
0.238379
0.144947
0.214290
0.157244
0.210655
0.208298
0.239572
0.195439
0.149856
0.220068
0.225588
0.189646
0.228193
0.209185
0.186962
0.269672
0.160909
0.190502
0.192824
0.170411
0.153548
0.284309
0.159921
0.177542
0.167651
0.148687
0.169417
0.216246
0.197707
0.200180
0.185400
0.181620
0.160873
0.190138
0.193002
0.203513
0.262228
0.191759
0.249397
0.221594
0.230903
0.176452
0.196408
0.166991
0.226049
0.193864
0.153226
0.267232
0.218731
0.154714
0.230654
0.190465
0.213158
0.212222
0.194087
0.169041
0.211162
0.200529
0.192601
0.183155
0.203003
0.212777
0.156467
0.192398
0.239883
0.181224
0.214938
0.190082
0.197693
0.195682
0.207717
0.176331
0.159699
0.221411
0.239173
0.250802
0.188270
0.204693
0.185050
0.178911
0.224228
0.177002
0.227613
0.204047
0.183951
0.196120
0.207766
0.171077
0.156404
0.194242
0.194301
0.253523
0.162150
0.157001
0.210495
0.196971
0.196054
0.218566
0.115473
0.190894
0.207081
0.172969
0.206008
0.185686
0.175153
0.197339
0.187148
0.178176
0.198106
0.210367
0.155150
0.201929
0.218855
0.172059
0.161831
0.166671
0.178482
0.174841
0.247278
0.197511
0.251178
0.217223
0.237609
0.167334
0.192496
0.166955
0.202743
0.179898
0.234452
0.171030
0.161209
0.215601
0.218654
0.161519
0.178058
0.179373
0.214759
0.197602
0.183655
0.165386
0.209121
0.193472
0.213527
0.217508
0.154143
0.214008
0.212868
0.182534
0.225465
0.198637
0.203029
0.184046
0.198831
0.218387
0.191731
0.194837
0.190796
0.121696
0.200435
0.195884
0.226553
0.212205
0.175634
0.176153
0.200361
0.180299
0.179612
0.197186
0.240843
0.169218
0.163005
0.202291
0.216750
0.239062
0.203320
0.229002
0.203860
0.263146
0.173401
0.258401
0.166386
0.173263
0.249473
0.212217
0.183486
0.179253
0.195577
0.203454
0.217123
0.196085
0.178676
0.194403
0.227023
0.182767
0.186956
0.174865
0.183512
0.261594
0.223747
0.208420
0.165303
0.236234
0.190584
0.193550
0.224171
0.168074
0.177890
0.219824
0.168774
0.228742
0.177915
0.145057
0.243926
0.203957
0.168035
0.192810
0.194612
0.252073
0.296204
0.210947
0.235861
0.238388
0.267579
0.163460
0.205695
0.198632
0.223613
0.204276
0.169061
0.196409
0.217138
0.224113
0.224705
0.192879
0.195669
0.200646
0.202013
0.219069
0.176324
0.191958
0.218299
0.228038
0.232048
0.232290
0.195532
0.171614
0.213980
0.145161
0.247220
0.215838
0.224070
0.188694
0.270717
0.296153
0.291477
0.258280
0.216310
0.211768
0.182751
0.185265
0.193635
0.187484
0.217303
0.243932
0.230684
0.177027
0.193698
0.271502
0.245243
0.255044
0.170875
0.230662
0.175173
0.225812
0.190989
0.188456
0.190583
0.214732
0.198369
0.174831
0.199075
0.170137
0.173420
0.214597
0.148539
0.194604
0.210526
0.204298
0.198446
0.250445
0.199500
0.180432
0.159860
0.215551
0.232813
0.220745
0.297275
0.160483
0.207677
0.227360
0.184547
0.234922
0.199291
0.182042
0.211373
0.183464
0.283054
0.181388
0.192964
0.212454
0.209898
0.229037
0.210406
0.171842
0.273058
0.168794
0.257631
0.208086
0.234670
0.179510
0.199660
0.234493
0.199479
0.157896
0.208425
0.224329
0.188205
0.182194
0.222885
0.222068
0.202658
0.176373
0.182040
0.218148
0.201694
0.211023
0.293051
0.194402
0.173168
0.228294
0.181479
0.188998
0.171420
0.252531
0.179459
0.228187
0.203034
0.218870
0.238940
0.144240
0.214787
0.157624
0.211504
0.209112
0.238619
0.196057
0.149263
0.219896
0.225953
0.189533
0.228487
0.210013
0.187135
0.269412
0.160046
0.190517
0.192905
0.170266
0.153229
0.284831
0.159044
0.177957
0.167028
0.148334
0.169436
0.216572
0.197619
0.199451
0.185856
0.181588
0.160613
0.189686
0.192795
0.204114
0.262546
0.191091
0.249834
0.221213
0.230853
0.176418
0.196670
0.166844
0.226421
0.194109
0.152748
0.267689
0.218922
0.154048
0.230909
0.191008
0.213859
0.211803
0.194367
0.168099
0.210776
0.200764
0.191873
0.182648
0.203248
0.213064
0.156682
0.192763
0.239723
0.180661
0.215415
0.190550
0.197859
0.195531
0.206965
0.177077
0.158663
0.221956
0.239148
0.250420
0.188525
0.205008
0.184587
0.179033
0.224090
0.176569
0.227855
0.203828
0.183866
0.196361
0.207310
0.170272
0.156179
0.194431
0.194088
0.254326
0.161933
0.156471
0.210245
0.196398
0.196220
0.218804
0.115277
0.190767
0.207364
0.173223
0.206274
0.186188
0.174404
0.197668
0.187363
0.177426
0.197734
0.209745
0.155023
0.201694
0.218524
0.172228
0.161672
0.166324
0.178321
0.174526
0.247447
0.196846
0.251489
0.217269
0.237610
0.166685
0.192769
0.166980
0.202184
0.179820
0.234187
0.171006
0.161190
0.215537
0.218549
0.161541
0.178803
0.178779
0.214686
0.197730
0.183718
0.165515
0.208742
0.193366
0.213642
0.217728
0.154184
0.213957
0.213347
0.182007
0.224872
0.198143
0.202752
0.183754
0.198204
0.218244
0.191275
0.194749
0.189939
0.121394
0.200513
0.195001
0.225938
0.211958
0.175379
0.175849
0.200203
0.180194
0.179522
0.197306
0.240845
0.168856
0.162423
0.201560
0.216830
0.239369
0.203024
0.228555
0.204270
0.263594
0.173604
0.258924
0.165939
0.173265
0.249816
0.212466
0.183235
0.178771
0.195145
0.203300
0.217068
0.196395
0.178467
0.194663
0.226831
0.182822
0.187176
0.174734
0.184326
0.261586
0.223876
0.208439
0.165514
0.236325
0.190704
0.193466
0.224458
0.167855
0.177612
0.219813
0.168804
0.228921
0.177917
0.144828
0.244211
0.204373
0.167976
0.192748
0.194867
0.252268
0.295907
0.211031
0.236112
0.238308
0.267590
0.163505
0.205212
0.198783
0.223109
0.204099
0.168716
0.196365
0.216924
0.224612
0.225354
0.192769
0.195791
0.200767
0.201974
0.219587
0.175977
0.192239
0.218430
0.228423
0.232021
0.232042
0.195196
0.171595
0.214173
0.145026
0.247397
0.215493
0.224095
0.188921
0.270805
0.295878
0.292082
0.258975
0.216007
0.211259
0.182838
0.185192
0.193530
0.187521
0.217508
0.244104
0.230940
0.176688
0.193645
0.271898
0.245535
0.255428
0.170610
0.230751
0.175398
0.225707
0.191006
0.188346
0.190632
0.214382
0.197887
0.174882
0.199030
0.169972
0.173333
0.214426
0.148272
0.194243
0.210112
0.204337
0.198369
0.250545
0.199068
0.180439
0.159512
0.215336
0.232974
0.220709
0.297713
0.160302
0.207628
0.227221
0.184702
0.234502
0.199249
0.181755
0.211161
0.183660
0.282808
0.181471
0.193110
0.212496
0.209878
0.229386
0.210676
0.172006
0.273269
0.168835
0.257777
0.207989
0.234376
0.179279
0.199606
0.234354
0.199467
0.157642
0.208346
0.224524
0.187699
0.182294
0.222797
0.222099
0.202856
0.176451
0.181842
0.217917
0.201617
0.210708
0.293059
0.194281
0.172838
0.228158
0.181408
0.188800
0.171171
0.252728
0.179361
0.228181
0.202808
0.219003
0.239226
0.143941
0.215040
0.157819
0.211906
0.209499
0.238216
0.196359
0.149020
0.219858
0.226136
0.189490
0.228646
0.210407
0.187236
0.269311
0.159686
0.190563
0.192960
0.170231
0.153113
0.285088
0.158681
0.178179
0.166773
0.148190
0.169466
0.216762
0.197594
0.199127
0.186090
0.181591
0.160518
0.189505
0.192725
0.204391
0.262676
0.190807
0.250076
0.221051
0.230857
0.176420
0.196807
0.166791
0.226615
0.194241
0.152549
0.267932
0.219036
0.153777
0.231058
0.191277
0.214189
0.211639
0.194517
0.167701
0.210618
0.200883
0.191562
0.182435
0.203392
0.213213
0.156804
0.192959
0.239674
0.180424
0.215644
0.190797
0.197963
0.195480
0.206637
0.177434
0.158224
0.222212
0.239167
0.250275
0.188675
0.205167
0.184387
0.179101
0.224067
0.176388
0.227978
0.203759
0.183840
0.196483
0.207116
0.169920
0.156079
0.194517
0.194017
0.254710
0.161847
0.156258
0.210135
0.196149
0.196306
0.218904
0.115210
0.190731
0.207507
0.173351
0.206416
0.186426
0.174082
0.197827
0.187485
0.177108
0.197573
0.209480
0.154995
0.201602
0.218385
0.172323
0.161618
0.166185
0.178287
0.174410
0.247517
0.196566
0.251640
0.217301
0.237612
0.166408
0.192900
0.167012
0.201948
0.179796
0.234069
0.171033
0.161190
0.215517
0.218495
0.161550
0.179154
0.178519
0.214663
0.197797
0.183750
0.165588
0.208575
0.193333
0.213699
0.217841
0.154218
0.213943
0.213574
0.181781
