12.172379
12.476110
12.438704
12.548998
12.392059
11.902259
12.374555
11.910501
12.632304
11.994504
11.843780
12.829741
12.258680
12.082169
12.169517
11.668609
12.036193
12.073020
12.086859
11.529574
11.557320
11.696575
12.287544
12.053548
11.620027
11.155815
11.694731
11.772289
11.220840
11.010561
11.064463
10.907027
11.712429
11.332068
10.976874
10.869674
11.034145
11.487263
11.142873
10.852841
10.623551
10.717015
11.055460
10.714166
10.891821
10.633078
10.376178
10.429636
9.823977
10.545847
10.306074
10.534614
10.085797
10.319964
10.067531
10.307336
10.123546
10.214820
10.191433
9.992273
10.007598
9.764715
9.652183
10.013729
9.443124
9.342451
9.538996
9.516106
9.152634
9.531359
9.540201
9.426036
8.998921
9.427248
9.294605
9.302876
9.305179
9.045524
9.409566
9.014060
9.190252
9.099827
9.072887
8.608862
8.318770
8.880366
8.652330
8.565825
8.763786
8.118406
8.836168
8.399622
8.637602
8.477803
8.487901
8.676616
8.616899
8.177636
8.200994
8.470691
8.202360
8.418664
8.101610
8.110683
8.102674
8.194314
7.689743
7.458368
8.220094
8.342280
7.781213
7.938210
7.861054
7.779507
7.600304
7.558187
7.389169
7.712522
7.666841
7.262262
7.412130
7.394818
7.511081
7.083595
6.905553
7.282739
7.203643
7.406233
7.186361
7.614887
7.484579
7.125824
7.193726
7.217597
7.060682
6.966650
7.075691
7.132154
7.088367
6.909982
6.830408
6.566879
7.251917
6.690902
6.976524
6.974460
6.432274
6.693381
6.368760
6.527155
6.771288
6.621663
6.399841
6.928777
6.505547
6.547132
6.457637
6.135387
6.629933
6.206747
6.109888
6.252185
6.162116
5.974325
5.937684
5.947206
5.772376
5.880154
5.885033
6.213664
6.147085
6.228407
5.790891
6.057828
5.933792
6.077947
5.922997
5.660441
6.251266
5.611360
5.722387
5.664507
5.366730
5.595591
5.666102
5.727130
5.473380
5.834378
5.562855
5.492253
5.730742
5.644240
5.439075
5.566329
5.518771
5.306959
5.466648
5.171079
5.166286
5.187444
4.943846
5.330644
4.916183
4.931496
4.872415
4.733868
5.436747
4.742568
5.166799
5.013813
4.828753
5.000143
4.817494
4.631315
4.784767
4.988817
5.088345
4.835200
4.688901
4.758238
4.765659
4.620068
4.874565
4.535681
4.873634
4.702848
4.526811
4.525813
4.622061
4.745811
4.304232
4.484101
4.509198
4.631804
4.548317
4.254165
4.306735
4.669248
4.249998
4.420908
4.375842
4.349404
4.193490
4.273948
4.217354
4.213645
4.309704
4.035514
4.114927
4.417392
4.069437
4.009643
3.894472
4.325227
3.982848
4.412197
4.113447
3.927929
4.302637
4.106091
3.872671
3.888645
3.762621
3.717020
3.992697
4.016600
3.777848
3.672438
3.805312
3.897120
4.110140
3.411032
4.088451
3.517484
3.792338
3.852396
3.538219
3.536542
3.769913
3.565967
3.755001
3.748279
3.557249
3.675723
3.625766
3.448713
3.527223
3.764877
3.486961
3.377871
3.495353
3.239356
3.380378
3.582519
3.462460
3.600156
3.341346
3.304850
3.288892
3.372309
3.209175
3.176607
3.179774
3.012305
3.464185
3.030162
3.174749
3.462305
3.331508
3.440222
3.184838
3.175161
3.291605
3.065742
3.070479
3.099936
3.098457
3.111590
3.052563
3.252759
2.977329
3.045452
3.060884
3.183452
2.896602
2.891423
3.142054
2.956230
3.103971
2.830515
2.853531
2.962599
2.905483
2.808193
2.605535
3.055448
2.837372
2.796662
2.741280
2.757377
2.922939
2.785969
2.730596
2.619213
2.656771
2.786798
2.555587
2.861341
2.851005
2.539824
2.900515
2.581121
2.707810
2.689876
2.770505
2.397590
2.549450
2.523896
2.589769
2.446949
2.593567
2.562912
2.712476
2.481027
2.708583
2.634881
2.504840
2.454452
2.494266
2.432022
2.421590
2.399898
2.577970
2.491840
2.613019
2.380978
2.576020
2.443768
2.617029
2.504515
2.246529
2.236444
2.408015
2.503475
2.221779
2.348621
2.340142
2.267479
2.391265
2.162866
2.354896
2.301585
2.315653
2.435164
2.189732
2.276434
2.143467
2.220482
2.239741
2.333561
2.139098
2.126240
2.162993
2.120302
2.063724
1.967624
2.083831
2.223964
2.155397
2.105542
2.157861
2.226314
2.125308
2.044169
1.977783
2.008741
1.835500
1.920621
1.970558
1.994026
1.866758
1.972192
1.914021
1.960098
2.042499
2.123904
1.869671
2.060082
1.871056
1.849760
1.916684
1.803253
1.863844
1.902835
1.976586
1.853268
2.124586
1.776350
1.766135
1.991930
1.972451
1.942297
1.916835
1.782397
1.770450
1.777236
1.880521
1.928653
1.863626
1.857294
1.781713
1.771262
1.854290
1.726573
1.819228
1.688872
1.918212
1.650362
1.645765
1.902763
1.820724
1.727073
1.682581
1.667756
1.694624
1.645564
1.655880
1.551296
1.611973
1.671097
1.719556
1.798420
1.573973
1.524210
1.643258
1.693172
1.464513
1.474023
1.474500
1.466300
1.631670
1.508501
1.472371
1.457449
1.538539
1.614485
1.597527
1.545204
1.485194
1.402583
1.515164
1.390926
1.540125
1.438853
1.388015
1.469620
1.191128
1.488387
1.426699
1.421574
1.336096
1.418023
1.346258
1.402001
1.371619
1.432772
1.446717
1.385149
1.368532
1.353445
1.352830
1.358490
1.319188
1.240100
1.313628
1.341100
1.249018
1.317475
1.494067
1.280960
1.284927
1.363492
1.345592
1.248807
1.412672
1.222679
1.429215
1.310590
1.335377
1.276752
1.341017
1.146368
1.103861
1.294360
1.198848
1.207661
1.260155
1.111980
1.286199
1.158765
1.183380
1.146163
1.236126
1.313419
1.292809
1.166245
1.164631
1.195513
1.180916
1.282490
1.166219
1.101820
1.207170
1.336452
1.077880
1.031517
1.248554
1.281761
1.100914
1.113013
1.148726
1.076899
1.093084
1.071854
1.066201
1.174905
1.083874
1.070368
1.060158
1.029355
1.144757
1.106495
0.999118
1.123966
1.079048
1.082222
1.040846
1.167423
1.185864
1.027717
1.059892
1.050580
1.060904
1.094018
1.057886
1.111390
1.160568
1.016779
1.033067
1.053503
1.125918
0.971569
1.067465
1.067210
1.009155
1.018483
0.943587
1.023738
0.996040
1.035327
0.943969
1.143543
0.978109
1.034258
1.041754
0.906678
1.102954
0.918016
0.892898
0.919737
0.958289
0.874854
0.852314
0.841685
0.960634
0.891296
0.916226
0.934777
1.041310
0.961843
0.932899
0.947106
0.919452
0.923806
0.924498
0.859042
0.994696
0.820494
0.965537
0.889084
0.848801
0.836244
0.910298
0.978238
0.883534
0.936313
0.963229
0.888628
0.899530
0.906929
0.836796
0.892251
0.889665
0.832124
0.842427
0.861760
0.926720
0.814908
0.779406
0.844885
0.770918
0.705600
0.709959
0.744615
0.971414
0.743115
0.805671
0.859266
0.770516
0.774058
0.748573
0.706647
0.756036
0.852874
0.832068
0.762796
0.758950
0.778808
0.773716
0.769520
0.837418
0.670192
0.808437
0.746359
0.717379
0.727859
0.731567
0.840673
0.693389
0.712000
0.724726
0.774993
0.730838
0.664248
0.752664
0.783574
0.727510
0.796334
0.759606
0.671194
0.685650
0.702444
0.686574
0.662612
0.717318
0.731265
0.679296
0.724934
0.692160
0.602311
0.614886
0.737604
0.642969
0.740638
0.759376
0.647785
0.773736
0.717723
0.660038
0.648795
0.628200
0.627168
0.704695
0.708904
0.624123
0.591018
0.628189
0.652622
0.725874
0.579562
0.716864
0.620984
0.671277
0.735726
0.614887
0.605118
0.678741
0.587864
0.659576
0.659963
0.648821
0.638934
0.615334
0.606862
0.722869
0.685118
0.614384
0.589375
0.682643
0.553992
0.615408
0.634543
0.679334
0.678811
0.600986
0.588952
0.557415
0.607551
0.577681
0.533207
0.586365
0.539142
0.639525
0.587361
0.521124
0.670610
0.607991
0.672289
0.585175
0.614722
0.636109
0.532544
0.595563
0.625704
0.587775
0.596109
0.587715
0.651275
0.555915
0.549346
0.580707
0.606814
0.496227
0.549241
0.635495
0.526110
0.614575
0.556504
0.518859
0.553585
0.594717
0.517292
0.427296
0.599303
0.582088
0.513809
0.534183
0.465682
0.621044
0.546807
0.520808
0.536599
0.490002
0.558333
0.461682
0.568271
0.572688
0.502535
0.555644
0.489454
0.563232
0.512414
0.571877
0.441664
0.511939
0.533135
0.498869
0.480870
0.520041
0.505806
0.571018
0.520004
0.566503
0.540687
0.479579
0.480681
0.519144
0.513405
0.511853
0.510209
0.496630
0.496685
0.547002
0.464120
0.601223
0.488831
0.573776
0.530977
0.439980
0.499675
0.508528
0.587209
0.442609
0.495539
0.497644
0.482391
0.487453
0.482968
0.507656
0.514618
0.497655
0.556414
0.508303
0.469302
0.419924
0.434986
0.485197
0.552918
0.429709
0.447715
0.473596
0.461323
0.466337
0.438286
0.465324
0.491012
0.482992
0.489280
0.490826
0.509467
0.443986
0.467120
0.436350
0.437514
0.409587
0.389951
0.430482
0.442544
0.386446
0.452253
0.398782
0.416824
0.473962
0.473048
0.419383
0.510887
0.442758
0.409008
0.446017
0.446838
0.424701
0.432164
0.436828
0.487892
0.490643
0.359823
0.413343
0.451338
0.439019
0.463599
0.453162
0.398152
0.420332
0.385105
0.451011
0.449348
0.550368
0.495598
0.449116
0.418298
0.513537
0.495755
0.492046
0.459174
0.532724
0.391654
0.434648
0.488771
0.517348
0.465823
0.406517
0.463154
0.438398
0.389196
0.391252
0.399845
0.446373
0.452199
0.395031
0.502364
0.395232
0.426770
0.427965
0.460376
0.351039
0.409876
0.390544
0.417272
0.387961
0.344021
0.391178
0.381361
0.407432
0.395888
0.430920
0.434096
0.422925
0.338158
0.363835
0.321419
0.417991
0.361392
0.355283
0.404209
0.278253
0.422958
0.419546
0.349017
0.329816
0.384274
0.347482
0.347278
0.360483
0.370195
0.387968
0.380509
0.344005
0.382184
0.379452
0.317410
0.404073
0.339242
0.346376
0.382407
0.359109
0.375528
0.524736
0.344173
0.410623
0.406854
0.419757
0.308850
0.444072
0.329845
0.444155
0.397127
0.376868
0.350631
0.408262
0.327269
0.331803
0.387561
0.343803
0.362627
0.372031
0.356958
0.366450
0.336862
0.323829
0.320703
0.387281
0.418855
0.389517
0.348096
0.358792
0.314399
0.379011
0.405779
0.364752
0.295416
0.405410
0.510402
0.371598
0.373088
0.423024
0.433576
0.355086
0.339019
0.379522
0.328716
0.376178
0.367277
0.382947
0.404582
0.341011
0.409873
0.366030
0.348831
0.401349
0.441431
0.362598
0.424336
0.384203
0.352954
0.350612
0.398154
0.422916
0.334336
0.360665
0.334724
0.369325
0.414097
0.348760
0.395467
0.445697
0.352613
0.370965
0.442414
0.381384
0.328465
0.358170
0.375139
0.410080
0.367818
0.377571
0.382581
0.328794
0.389766
0.334519
0.434515
0.345800
0.379445
0.401747
0.331766
0.449526
0.352633
0.343660
0.341433
0.364966
0.330898
0.307589
0.285312
0.440328
0.330326
0.377591
0.323456
0.428041
0.333823
0.378408
0.358735
0.346534
0.311536
0.346668
0.339188
0.345083
0.294230
0.404805
0.347956
0.354880
0.300759
0.351175
0.406699
0.358108
0.347751
0.438309
0.354842
0.318037
0.354637
0.306654
0.337546
0.335045
0.341752
0.299751
0.376433
0.420738
0.329681
0.337378
0.304930
0.326083
0.249564
0.279752
0.327155
0.416747
0.313995
0.285218
0.372461
0.329057
0.293475
0.304679
0.295360
0.307473
0.375313
0.311999
0.297326
0.316612
0.316727
0.303706
0.359407
0.336122
0.255857
0.317450
0.277177
0.291260
0.310499
0.289758
0.363690
0.297665
0.287612
0.283826
0.316102
0.289491
0.283005
0.362029
0.309265
0.349052
0.362943
0.343277
0.256915
0.296454
0.289381
0.300173
0.266039
0.287026
0.372864
0.300477
0.269126
0.316839
0.238897
0.272023
0.309893
0.273998
0.279099
0.354328
0.287801
0.331072
0.308347
0.303424
0.288405
0.273721
0.291847
0.327326
0.305820
0.283141
0.261790
0.273288
0.273043
0.306534
0.285549
0.287293
0.316025
0.315379
0.362417
0.292275
0.284770
0.304449
0.254476
0.301407
0.285411
0.320919
0.282626
0.264485
0.291460
0.378167
0.295707
0.272881
0.279504
0.339407
0.286588
0.289477
0.270132
0.342153
0.317374
0.286998
0.287933
0.233241
0.285026
0.287571
0.243984
0.295713
0.276758
0.284477
0.314847
0.230005
0.310920
0.282007
0.322269
0.271756
0.311337
0.314237
0.247123
0.297512
0.318277
0.287712
0.292072
0.311543
0.348439
0.295885
0.270027
0.296972
0.282740
0.232975
0.274159
0.319607
0.246113
0.314268
0.286773
0.248342
0.277761
0.320472
0.253816
0.211170
0.285378
0.316500
0.257456
0.279319
0.208658
0.333135
0.281469
0.269707
0.303833
0.241506
0.294728
0.245579
0.279654
0.286683
0.285050
0.250590
0.256519
0.319308
0.244358
0.298523
0.237106
0.279323
0.306899
0.251577
0.277925
0.267612
0.263186
0.293069
0.291221
0.297147
0.290966
0.243487
0.259020
0.282421
0.292771
0.292119
0.282391
0.230883
0.250243
0.276056
0.238854
0.351492
0.253759
0.302537
0.273927
0.246734
0.314613
0.281506
0.359163
0.250699
0.266047
0.269737
0.277128
0.248522
0.304049
0.281335
0.295610
0.273039
0.298696
0.317787
0.264884
0.242394
0.239224
0.286181
0.345479
0.250504
0.270898
0.292076
0.286731
0.291801
0.291139
0.288117
0.303497
0.298113
0.308253
0.309864
0.308648
0.256527
0.296803
0.279284
0.271001
0.276282
0.236902
0.273678
0.276336
0.243265
0.287256
0.238751
0.252883
0.301943
0.282409
0.267176
0.320986
0.294141
0.255818
0.283560
0.319088
0.263394
0.275841
0.260648
0.328987
0.291446
0.213513
0.273604
0.269179
0.262406
0.286447
0.288416
0.253772
0.274644
0.236358
0.272280
0.263311
0.382260
0.327390
0.297053
0.264325
0.343305
0.349599
0.328108
0.316000
0.351055
0.243289
0.298182
0.310188
0.354007
0.317482
0.262255
0.314609
0.293047
0.251862
0.250705
0.279951
0.317235
0.303259
0.238879
0.335163
0.272135
0.311396
0.288680
0.315404
0.241829
0.308789
0.246761
0.318243
0.244249
0.220787
0.285127
0.271472
0.277474
0.254391
0.289602
0.302573
0.303751
0.234714
0.236039
0.219108
0.292042
0.246642
0.247499
0.278260
0.205396
0.308258
0.283422
0.238887
0.224148
0.278423
0.249195
0.234444
0.258563
0.245175
0.263213
0.273696
0.231021
0.278613
0.266274
0.201675
0.309186
0.251543
0.235861
0.273460
0.263871
0.281805
0.400329
0.250297
0.312584
0.298013
0.318471
0.211095
0.317734
0.239279
0.319970
0.287530
0.258357
0.248141
0.295460
0.252203
0.260803
0.279486
0.252993
0.269888
0.270909
0.283193
0.255442
0.251548
0.239363
0.244691
0.292614
0.311175
0.275023
0.252037
0.273065
0.211613
0.296879
0.295181
0.277584
0.213945
0.316670
0.401190
0.311316
0.290464
0.304683
0.311908
0.258024
0.240785
0.274605
0.236555
0.284874
0.282555
0.296306
0.289067
0.247366
0.328004
0.281360
0.274848
0.285678
0.341522
0.273598
0.324433
0.285101
0.258008
0.259017
0.290828
0.306091
0.240260
0.267972
0.236797
0.270625
0.311089
0.244086
0.288355
0.331312
0.266086
0.297076
0.352427
0.274207
0.242517
0.252977
0.281306
0.324753
0.276607
0.314395
0.283882
0.242959
0.299249
0.253758
0.328495
0.261045
0.280992
0.303632
0.255056
0.357084
0.244586
0.241418
0.247976
0.280814
0.267013
0.243062
0.217052
0.364966
0.249843
0.309654
0.244574
0.331486
0.245999
0.294334
0.281242
0.269665
0.226437
0.267576
0.276068
0.251410
0.228451
0.315725
0.273867
0.283920
0.230720
0.267523
0.315870
0.279949
0.264288
0.362100
0.276426
0.235436
0.279037
0.235130
0.258055
0.251985
0.282834
0.225691
0.305437
0.330813
0.267473
0.280586
0.223426
0.267844
0.194172
0.234318
0.272470
0.329190
0.255346
0.209765
0.296778
0.272068
0.231303
0.249416
0.245876
0.247094
0.309425
0.233781
0.234195
0.253534
0.247733
0.232136
0.310410
0.251978
0.208179
0.244699
0.207231
0.233164
0.257569
0.232592
0.287189
0.240843
0.231383
0.219596
0.249443
0.230470
0.237682
0.307664
0.239958
0.300342
0.292782
0.283405
0.206303
0.243722
0.229601
0.253463
0.216193
0.221457
0.321355
0.251794
0.201297
0.265567
0.199505
0.232319
0.251647
0.226323
0.210729
0.287165
0.241779
0.261352
0.244881
0.254619
0.241125
0.219223
0.245374
0.277233
0.242474
0.242783
0.221648
0.228449
0.220955
0.245742
0.242959
0.220220
0.275473
0.268602
0.304785
0.245961
0.241649
0.245798
0.209944
0.255160
0.228723
0.274378
0.233365
0.216505
0.247693
0.311997
0.233284
0.218255
0.236346
0.278302
0.260462
0.235570
0.213320
0.284591
0.260905
0.241015
0.248021
0.181237
0.238656
0.247420
0.206583
0.252249
0.238406
0.227778
0.267819
0.196285
0.249519
0.235270
0.265826
0.220134
0.262332
0.265108
0.208114
0.244113
0.259376
0.238637
0.241661
0.274229
0.266697
0.265156
0.236253
0.259110
0.230714
0.200532
0.227770
0.266646
0.208316
0.270269
0.238573
0.207454
0.242885
0.275508
0.214331
0.190019
0.233794
0.273218
0.224301
0.238758
0.177498
0.282477
0.239997
0.234540
0.266044
0.204186
0.255441
0.222047
0.232950
0.240504
0.255473
0.201195
0.224831
0.286475
0.203119
0.254828
0.210234
0.244310
0.271022
0.214563
0.255689
0.226379
0.226967
0.244201
0.253640
0.255287
0.256954
0.210711
0.230154
0.244213
0.258945
0.258391
0.241339
0.188706
0.210910
0.229612
0.205191
0.308117
0.219433
0.255361
0.228207
0.223751
0.288970
0.248777
0.297925
0.227437
0.227222
0.231211
0.247234
0.211371
0.279125
0.221472
0.258881
0.236948
0.248339
0.288908
0.205527
0.198121
0.200500
0.235012
0.281152
0.204671
0.223099
0.242275
0.240191
0.238607
0.255923
0.235204
0.229114
0.245163
0.252768
0.260560
0.246861
0.203469
0.247960
0.239170
0.225886
0.245779
0.200315
0.234909
0.230528
0.211063
0.239531
0.195445
0.209427
0.254128
0.226923
0.224999
0.255172
0.253395
0.212554
0.235335
0.290421
0.213456
0.234246
0.208701
0.273524
0.229287
0.176299
0.235537
0.213150
0.211037
0.228598
0.240750
0.216385
0.232412
0.196356
0.208762
0.198900
0.315935
0.266783
0.248535
0.216640
0.279207
0.295808
0.268918
0.265404
0.282448
0.191698
0.252544
0.248484
0.294253
0.267201
0.217765
0.258257
0.245775
0.212348
0.209393
0.245337
0.275820
0.249679
0.190766
0.273736
0.238865
0.276400
0.244910
0.268472
0.215103
0.284124
0.211236
0.294415
0.201071
0.187884
0.259174
0.241578
0.235243
0.211426
0.241213
0.257331
0.264765
0.210849
0.199412
0.197298
0.254298
0.214552
0.217111
0.234817
0.194573
0.275216
0.250789
0.211790
0.193899
0.251711
0.220133
0.203650
0.233289
0.204347
0.222366
0.243745
0.197724
0.248373
0.227490
0.168252
0.281341
0.228996
0.199701
0.237951
0.233674
0.258840
0.353945
0.227135
0.278685
0.274369
0.296805
0.194408
0.283150
0.222410
0.290013
0.259398
0.229860
0.227841
0.284782
0.246959
0.250686
0.269111
0.245239
0.259687
0.263147
0.270705
0.247680
0.243949
0.239163
0.244553
0.285040
0.303566
0.264934
0.239590
0.265586
0.206526
0.291884
0.285214
0.270153
0.211418
0.309262
0.386455
0.306446
0.280797
0.296630
0.284617
0.235409
0.221667
0.249750
0.218961
0.263615
0.264966
0.274307
0.257204
0.229090
0.307162
0.263536
0.263647
0.254614
0.307839
0.257349
0.313266
0.273992
0.250636
0.252701
0.289651
0.297771
0.234065
0.264219
0.233148
0.262147
0.297847
0.235752
0.280098
0.318355
0.262507
0.269250
0.336689
0.273338
0.236439
0.247269
0.280243
0.311472
0.270683
0.310370
0.270918
0.244220
0.293393
0.247723
0.325375
0.257520
0.272946
0.293197
0.246607
0.353749
0.238616
0.235367
0.246713
0.272565
0.262724
0.254250
0.229590
0.364594
0.257476
0.319189
0.267189
0.344872
0.268755
0.300441
0.300534
0.285710
0.248479
0.284497
0.287462
0.279688
0.240859
0.324003
0.286190
0.285941
0.244789
0.280256
0.328091
0.287758
0.286322
0.372373
0.287534
0.257289
0.298446
0.250073
0.275853
0.268015
0.296496
0.244757
0.311159
0.331006
0.279363
0.284437
0.239176
0.272285
0.203768
0.243457
0.272680
0.347285
0.257044
0.226677
0.304629
0.279390
0.246625
0.259242
0.250611
0.255757
0.323136
0.251946
0.246983
0.260232
0.256581
0.241982
0.318126
0.263342
0.218584
0.263245
0.219680
0.241376
0.266987
0.246602
0.299093
0.242638
0.242106
0.230205
0.263992
0.245318
0.244564
0.311778
0.258619
0.305496
0.299690
0.292670
0.221327
0.250456
0.238924
0.264106
0.228012
0.232973
0.321723
0.260237
0.219770
0.271979
0.210677
0.237583
0.269753
0.234548
0.232591
0.293511
0.249472
0.277759
0.255996
0.260383
0.249378
0.221092
0.247344
0.289611
0.253726
0.251630
0.227415
0.238989
0.234192
0.265231
0.237665
0.239068
0.275501
0.279998
0.314191
0.248194
0.245738
0.255663
0.217613
0.269506
0.240946
0.279851
0.245889
0.228580
0.252208
0.309832
0.247795
0.223878
0.240728
0.280396
0.264539
0.238041
0.225898
0.288479
0.273406
0.246622
0.254373
0.186153
0.247471
0.250924
0.212082
0.254070
0.235346
0.240589
0.262105
0.206456
0.261193
0.247405
0.278664
0.225226
0.266461
0.275261
0.214471
0.244038
0.258442
0.242929
0.246483
0.280102
0.276404
0.271483
0.246723
0.268178
0.242235
0.207586
0.228319
0.275626
0.217468
0.281786
0.236956
0.211936
0.253956
0.278629
0.218339
0.192940
0.245421
0.275794
0.231865
0.240341
0.187286
0.287960
0.244935
0.240025
0.263722
0.207591
0.262560
0.226064
0.242964
0.250340
0.255982
0.215248
0.229134
0.294156
0.211150
0.263820
0.209818
0.247047
0.271186
0.221051
0.259379
0.231619
0.233204
0.252429
0.254584
0.266686
0.268252
0.218622
0.236557
0.248412
0.261463
0.260889
0.240864
0.200380
0.218566
0.240066
0.210674
0.314873
0.228125
0.266182
0.235561
0.228049
0.288496
0.256947
0.304382
0.231900
0.231994
0.235883
0.251443
0.221374
0.279302
0.227619
0.262947
0.243689
0.254912
0.290042
0.212718
0.204201
0.194001
0.231182
0.287129
0.210983
0.227254
0.247094
0.244167
0.236671
0.254432
0.235829
0.236825
0.250912
0.254099
0.267938
0.254971
0.211869
0.250178
0.241676
0.229724
0.243258
0.204490
0.239661
0.234613
0.214132
0.241628
0.198937
0.215510
0.261362
0.238752
0.225728
0.257067
0.253783
0.213629
0.237725
0.290218
0.213809
0.240017
0.217227
0.267810
0.243084
0.180981
0.235401
0.222843
0.222044
0.233764
0.248284
0.221211
0.233489
0.201912
0.210500
0.204779
0.308372
0.265296
0.248889
0.219318
0.276213
0.287590
0.267194
0.258916
0.283306
0.188052
0.247326
0.255079
0.292883
0.265815
0.219831
0.251105
0.246150
0.215623
0.213188
0.242397
0.272249
0.246935
0.198916
0.275632
0.240594
0.271222
0.247052
0.271492
0.215142
0.281124
0.208804
0.291257
0.208066
0.192116
0.259104
0.240150
0.234725
0.218432
0.242392
0.255249
0.261008
0.212747
0.204783
0.201095
0.257556
0.216301
0.215996
0.232407
0.190597
0.277451
0.250343
0.217154
0.192930
0.254578
0.220443
0.207608
0.235761
0.206241
0.224268
0.245114
0.200025
0.247446
0.224090
0.173036
0.277391
0.226033
0.198066
0.236142
0.228011
0.260919
0.350370
0.229191
0.271808
0.263945
0.287162
0.188224
0.266045
0.215385
0.276152
0.245599
0.216587
0.219490
0.255522
0.233702
0.236629
0.241386
0.224799
0.237379
0.238702
0.254169
0.219479
0.225137
0.223747
0.232205
0.262484
0.276063
0.233746
0.214187
0.246051
0.181561
0.274569
0.255101
0.249768
0.195144
0.288148
0.354690
0.296856
0.268881
0.248586
0.256303
0.215416
0.203168
0.226233
0.202641
0.245492
0.250301
0.256791
0.227503
0.211747
0.291240
0.248460
0.254625
0.225944
0.280788
0.222997
0.272215
0.233351
0.211515
0.217652
0.244693
0.244972
0.196900
0.228267
0.193505
0.221038
0.252878
0.190314
0.232881
0.265306
0.229847
0.230982
0.299473
0.226552
0.203185
0.200826
0.242122
0.277162
0.233979
0.292382
0.227216
0.211239
0.256064
0.216913
0.277591
0.224085
0.229390
0.249424
0.217639
0.314499
0.207781
0.207496
0.219659
0.237975
0.242904
0.218397
0.189803
0.319558
0.206232
0.279673
0.215194
0.276971
0.207806
0.245258
0.249707
0.235790
0.189621
0.232008
0.250995
0.211238
0.201409
0.262645
0.238500
0.242696
0.200460
0.222921
0.263832
0.236228
0.227345
0.322170
0.234874
0.198759
0.246956
0.203042
0.220587
0.209488
0.261432
0.194106
0.265579
0.268118
0.240964
0.252513
0.181351
0.238647
0.171811
0.221064
0.242865
0.282709
0.222945
0.173654
0.252931
0.245603
0.206283
0.226420
0.224150
0.218049
0.279155
0.195153
0.205551
0.219909
0.210084
0.192694
0.290920
0.201571
0.191804
0.209088
0.170958
0.204720
0.234938
0.209494
0.243843
0.208104
0.206238
0.186623
0.217202
0.205658
0.219521
0.278652
0.208042
0.277378
0.250579
0.252817
0.188929
0.217727
0.198812
0.236144
0.196655
0.186591
0.291173
0.230468
0.169424
0.240040
0.188874
0.216713
0.228284
0.205243
0.180398
0.245899
0.221597
0.225261
0.210570
0.230036
0.219820
0.186062
0.219830
0.256198
0.207856
0.228120
0.204740
0.210629
0.198200
0.219398
0.214967
0.187240
0.253326
0.249088
0.273401
0.219764
0.219819
0.213537
0.189337
0.237912
0.199838
0.249993
0.211607
0.195545
0.225005
0.262983
0.200206
0.185846
0.213825
0.236989
0.253726
0.201218
0.183665
0.247710
0.231391
0.216235
0.229485
0.150089
0.215673
0.226357
0.189495
0.226660
0.213989
0.197607
0.233157
0.185806
0.213841
0.213759
0.235571
0.188708
0.232632
0.239608
0.189333
0.206988
0.216372
0.208650
0.210739
0.256286
0.234542
0.253789
0.224911
0.242845
0.202657
0.187775
0.197063
0.235742
0.191790
0.249590
0.204380
0.184472
0.230245
0.247622
0.192158
0.184348
0.205543
0.246322
0.210436
0.213567
0.166932
0.250465
0.216160
0.216992
0.240477
0.183005
0.235000
0.214264
0.207370
0.215267
0.239379
0.175727
0.209229
0.272213
0.180979
0.231016
0.195662
0.224237
0.248306
0.195068
0.248272
0.201872
0.207884
0.214511
0.229523
0.234323
0.243261
0.195769
0.217825
0.221513
0.239191
0.238647
0.212582
0.167120
0.189246
0.203115
0.187281
0.281648
0.203000
0.228237
0.200017
0.214853
0.274276
0.233199
0.271304
0.218232
0.203456
0.207614
0.231461
0.192563
0.264511
0.195337
0.236340
0.216756
0.214553
0.271497
0.184598
0.186860
0.169912
0.202646
0.255372
0.192105
0.207307
0.225388
0.224723
0.212530
0.242890
0.211637
0.207283
0.226674
0.228079
0.246152
0.224386
0.187300
0.228611
0.226131
0.210595
0.234422
0.191224
0.224860
0.214778
0.203812
0.220370
0.180683
0.197081
0.239843
0.211680
0.208089
0.222844
0.237066
0.195052
0.215640
0.281847
0.190423
0.222326
0.192140
0.240603
0.210656
0.166113
0.220023
0.194646
0.197001
0.204300
0.225810
0.205911
0.214877
0.184654
0.176880
0.170381
0.273026
0.233690
0.225610
0.196483
0.242100
0.260798
0.236372
0.234192
0.245743
0.162420
0.225911
0.222001
0.261398
0.240906
0.198757
0.222080
0.223127
0.197853
0.194063
0.228210
0.253339
0.219411
0.174692
0.242376
0.226939
0.256661
0.225958
0.248175
0.205935
0.273599
0.193473
0.284300
0.186654
0.178182
0.250165
0.228470
0.214377
0.197181
0.217606
0.232767
0.242913
0.204829
0.187794
0.194433
0.239825
0.202526
0.203500
0.210895
0.191790
0.262813
0.236118
0.206429
0.180409
0.244002
0.210422
0.194173
0.225969
0.185928
0.203905
0.232296
0.184800
0.234479
0.205326
0.157445
0.266175
0.218373
0.180897
0.219390
0.215193
0.251934
0.335958
0.224799
0.259934
0.255118
0.279140
0.183311
0.251189
0.209778
0.264295
0.233830
0.205267
0.212573
0.244744
0.229548
0.230112
0.231037
0.217593
0.228562
0.230403
0.245908
0.210011
0.218350
0.221134
0.230431
0.254704
0.266942
0.222530
0.203446
0.239073
0.174175
0.269276
0.244182
0.242566
0.191181
0.280760
0.341403
0.293653
0.262900
0.239117
0.247999
0.208260
0.198587
0.218569
0.198594
0.238824
0.245627
0.249213
0.215588
0.207400
0.284070
0.243644
0.253530
0.214301
0.266367
0.211029
0.261736
0.222935
0.205090
0.210595
0.238621
0.233955
0.189515
0.222312
0.186981
0.211797
0.240567
0.180412
0.222708
0.251765
0.224361
0.222167
0.287118
0.220130
0.196359
0.191986
0.237005
0.266485
0.226613
0.289090
0.215098
0.208091
0.248585
0.210421
0.269733
0.218402
0.219729
0.238509
0.210185
0.307898
0.201251
0.201406
0.216108
0.229649
0.239166
0.214564
0.185559
0.308314
0.196939
0.274158
0.212245
0.265951
0.202635
0.234263
0.245563
0.230452
0.184644
0.226395
0.247025
0.206514
0.197116
0.250994
0.232068
0.232900
0.195640
0.214215
0.253142
0.226846
0.222260
0.314200
0.226634
0.193689
0.242614
0.197886
0.214577
0.201880
0.258749
0.189811
0.256788
0.252507
0.236668
0.246375
0.173775
0.232328
0.168151
0.219651
0.235708
0.274394
0.215316
0.167747
0.243469
0.240463
0.202934
0.222605
0.219751
0.212467
0.274170
0.188836
0.200810
0.212814
0.202348
0.184672
0.287606
0.191028
0.189752
0.203207
0.164192
0.199196
0.231107
0.206350
0.235167
0.200348
0.201986
0.180355
0.211814
0.202208
0.216363
0.272245
0.203429
0.272670
0.241292
0.246892
0.187379
0.212525
0.192846
0.233823
0.193979
0.179965
0.283766
0.226738
0.164771
0.234879
0.188337
0.213876
0.225711
0.201527
0.176707
0.236715
0.218013
0.219137
0.203980
0.224998
0.216048
0.178156
0.213891
0.253197
0.201196
0.226128
0.201647
0.208126
0.194898
0.216257
0.207134
0.182290
0.247906
0.246298
0.267233
0.213699
0.215182
0.207196
0.185608
0.236176
0.194772
0.244915
0.208407
0.192468
0.220188
0.250308
0.194441
0.178736
0.209022
0.226997
0.252891
0.193056
0.178413
0.238854
0.239482
0.218448
0.231702
0.152457
0.220341
0.226659
0.190984
0.226130
0.209484
0.206291
0.227612
0.190440
0.222323
0.221156
0.244462
0.191561
0.234564
0.245926
0.191941
0.206392
0.215719
0.210837
0.213465
0.258517
0.241339
0.255734
0.230179
0.247534
0.210545
0.190511
0.196486
0.241957
0.196648
0.256811
0.202503
0.186322
0.236300
0.248939
0.193599
0.183222
0.213677
0.247145
0.213908
0.213448
0.171868
0.254224
0.218634
0.219261
0.237352
0.184025
0.238927
0.214408
0.214181
0.221910
0.237635
0.185798
0.210496
0.276068
0.185930
0.236928
0.193101
0.224787
0.247082
0.198587
0.248327
0.204934
0.211201
0.220530
0.229154
0.242008
0.250127
0.200068
0.220666
0.223675
0.239714
0.239167
0.211667
0.175199
0.194135
0.210744
0.190069
0.286273
0.208233
0.236276
0.205410
0.215843
0.272062
0.237995
0.275870
0.219434
0.206405
0.210478
0.233171
0.199226
0.262730
0.199687
0.238673
0.221001
0.220055
0.270983
0.189300
0.189486
0.174968
0.205752
0.259654
0.195324
0.209142
0.227866
0.226404
0.210581
0.239986
0.211503
0.212619
0.230118
0.228639
0.250513
0.230149
0.192671
0.229399
0.226517
0.212274
0.230660
0.192579
0.226790
0.216752
0.204142
0.221113
0.182115
0.200348
0.244238
0.219821
0.207579
0.224805
0.236251
0.194908
0.216780
0.279834
0.190295
0.225416
0.197879
0.236656
0.220811
0.168203
0.218826
0.201564
0.204532
0.208208
0.230698
0.208217
0.214909
0.187676
0.178840
0.175322
0.268714
0.233245
0.225650
0.198104
0.240881
0.255238
0.235736
0.229646
0.247574
0.159954
0.221958
0.227429
0.261119
0.239994
0.199885
0.217559
0.223293
0.199537
0.196229
0.225237
0.250398
0.217871
0.180432
0.244632
0.227206
0.252227
0.227241
0.250315
0.204642
0.270119
0.191013
0.280597
0.191411
0.180289
0.248814
0.226441
0.213816
0.201951
0.218674
0.231351
0.239932
0.204831
0.191056
0.195644
0.241739
0.203009
0.201873
0.209211
0.186884
0.263757
0.235166
0.209148
0.178836
0.245097
0.209614
0.196277
0.226920
0.187196
0.205226
0.232542
0.185901
0.233154
0.202809
0.160347
0.262627
0.215186
0.179426
0.217844
0.210603
0.252985
0.324069
0.221091
0.251203
0.247539
0.272525
0.178861
0.238487
0.205318
0.253527
0.224112
0.195169
0.206323
0.235307
0.226930
0.226301
0.222082
0.211835
0.221647
0.223155
0.240635
0.201409
0.213142
0.218534
0.228945
0.248102
0.258518
0.212292
0.194860
0.233538
0.167091
0.264988
0.234287
0.236681
0.187691
0.274584
0.329837
0.292124
0.259595
0.230373
0.239575
0.202421
0.194191
0.211543
0.194960
0.233625
0.242130
0.243770
0.205221
0.203328
0.279170
0.239937
0.252880
0.204261
0.255540
0.202545
0.253261
0.214539
0.199133
0.204777
0.232130
0.223690
0.183222
0.216967
0.180856
0.203943
0.230488
0.171634
0.213547
0.239972
0.219624
0.214844
0.277907
0.213103
0.190752
0.183612
0.231748
0.258537
0.220240
0.287301
0.205158
0.204534
0.242031
0.205216
0.261659
0.213318
0.211141
0.229175
0.204626
0.301550
0.195964
0.196732
0.212958
0.222855
0.236734
0.212003
0.182419
0.300436
0.189748
0.270226
0.208915
0.256373
0.197211
0.225674
0.241550
0.225764
0.179452
0.221312
0.244203
0.200715
0.193838
0.241443
0.226808
0.225899
0.191612
0.206761
0.243914
0.219407
0.216886
0.307715
0.219781
0.188330
0.238245
0.193351
0.208865
0.194911
0.256654
0.185483
0.250071
0.240215
0.233264
0.242336
0.166789
0.228002
0.165593
0.219198
0.231116
0.266411
0.210098
0.162142
0.235741
0.236785
0.199847
0.219803
0.217073
0.208185
0.269747
0.182594
0.196725
0.207355
0.196005
0.177929
0.285460
0.181739
0.188412
0.197531
0.158224
0.194922
0.228222
0.203487
0.227471
0.194806
0.198532
0.175033
0.206775
0.198912
0.214376
0.267605
0.198554
0.269463
0.233621
0.242005
0.185770
0.208628
0.187894
0.232054
0.191724
0.174096
0.278640
0.223932
0.159785
0.231000
0.188095
0.212280
0.222658
0.198711
0.172132
0.229088
0.215365
0.213003
0.198097
0.221230
0.213109
0.172250
0.209760
0.250416
0.195195
0.224733
0.199635
0.206029
0.191711
0.212393
0.202176
0.176831
0.244447
0.243765
0.261859
0.209339
0.211891
0.201600
0.182687
0.234216
0.190017
0.241020
0.205315
0.189543
0.216643
0.240389
0.188708
0.172917
0.205486
0.218971
0.253057
0.186671
0.173400
0.232196
0.221157
0.206976
0.223429
0.137535
0.207889
0.218470
0.183926
0.216204
0.203144
0.187026
0.216732
0.184349
0.200304
0.207253
0.224895
0.175946
0.220519
0.230716
0.183011
0.190391
0.196704
0.196386
0.198107
0.250205
0.222255
0.251034
0.222966
0.238199
0.192683
0.184446
0.183653
0.223846
0.186987
0.243174
0.188809
0.175579
0.227686
0.236039
0.183553
0.183655
0.195276
0.235062
0.206539
0.202957
0.165075
0.237204
0.206832
0.210850
0.228894
0.174678
0.227717
0.212611
0.198110
0.206120
0.232945
0.167256
0.203761
0.267995
0.172982
0.222360
0.189784
0.216225
0.238498
0.188043
0.246625
0.192143
0.200994
0.202760
0.219139
0.227440
0.239933
0.191193
0.214242
0.212401
0.231198
0.230659
0.199597
0.159939
0.181259
0.193252
0.180726
0.270801
0.197753
0.218091
0.188705
0.212490
0.268156
0.228233
0.260557
0.215708
0.193811
0.198026
0.225615
0.186304
0.257254
0.195158
0.227118
0.209179
0.200218
0.264220
0.176707
0.183325
0.164718
0.192900
0.244825
0.188156
0.201364
0.219005
0.218884
0.200378
0.237248
0.201185
0.198942
0.219626
0.217160
0.241395
0.215752
0.181847
0.220465
0.221165
0.204744
0.229376
0.188495
0.221736
0.208720
0.201772
0.212247
0.174981
0.193032
0.235014
0.207192
0.200825
0.208121
0.230006
0.187535
0.207238
0.278486
0.180030
0.218376
0.186361
0.224188
0.204779
0.162834
0.213252
0.188076
0.192877
0.194054
0.220625
0.202477
0.207271
0.180724
0.162244
0.158124
0.251283
0.217874
0.215176
0.187820
0.224011
0.242853
0.220760
0.218431
0.228478
0.148099
0.212626
0.210800
0.245648
0.228419
0.190508
0.203673
0.212765
0.192044
0.187918
0.220015
0.242357
0.204682
0.168903
0.227870
0.222111
0.246744
0.217682
0.239362
0.202196
0.268662
0.184971
0.279464
0.181530
0.174857
0.246458
0.222477
0.204709
0.192030
0.206801
0.220935
0.232176
0.202982
0.183666
0.194461
0.233942
0.197612
0.197318
0.199280
0.190554
0.257837
0.229501
0.205396
0.174185
0.241520
0.206400
0.190918
0.223910
0.177741
0.195727
0.227563
0.179441
0.228138
0.194384
0.153561
0.258719
0.213380
0.171829
0.210511
0.205712
0.250568
0.312260
0.218496
0.244799
0.240283
0.266888
0.175033
0.225377
0.202400
0.241835
0.215096
0.184607
0.200377
0.225841
0.227024
0.226173
0.213482
0.207591
0.216362
0.216421
0.239005
0.192191
0.209757
0.216809
0.229060
0.242362
0.249740
0.201371
0.187555
0.229524
0.159615
0.262146
0.223881
0.232041
0.185259
0.269437
0.318328
0.293784
0.260052
0.220916
0.229764
0.197763
0.190170
0.204889
0.192183
0.229982
0.240428
0.240565
0.194706
0.199774
0.276827
0.237835
0.254107
0.194222
0.246781
0.196793
0.245778
0.207177
0.193218
0.199939
0.224447
0.212313
0.177567
0.212016
0.174594
0.196516
0.221073
0.162651
0.203918
0.227670
0.215603
0.208230
0.270701
0.204397
0.186099
0.174348
0.225951
0.252507
0.214265
0.288083
0.195782
0.200665
0.235716
0.201133
0.251953
0.208563
0.202244
0.219868
0.200732
0.294630
0.191657
0.193427
0.210495
0.216855
0.236278
0.211321
0.180776
0.295073
0.183880
0.268071
0.205253
0.246489
0.190888
0.218249
0.237550
0.221462
0.173498
0.216341
0.242974
0.192881
0.191840
0.232328
0.222324
0.220992
0.188337
0.199436
0.234449
0.212913
0.210508
0.301938
0.213404
0.181959
0.233493
0.189153
0.202694
0.187469
0.255651
0.180773
0.244653
0.228811
0.230881
0.240513
0.159294
0.225719
0.164608
0.220898
0.229189
0.257175
0.207104
0.156032
0.228536
0.234693
0.197101
0.218343
0.216629
0.205055
0.265562
0.175362
0.193085
0.203041
0.190206
0.171454
0.285028
0.171803
0.188498
0.191180
0.152188
0.191708
0.226519
0.201009
0.219341
0.191115
0.195799
0.170024
0.201421
0.195657
0.214100
0.264495
0.192632
0.267898
0.226269
0.237658
0.184481
0.205917
0.183417
0.231293
0.190138
0.168058
0.275438
0.222205
0.153603
0.228275
0.189046
0.212558
0.218903
0.196951
0.165776
0.221653
0.213871
0.205649
0.191969
0.218652
0.211131
0.167659
0.207368
0.247868
0.188817
0.224477
0.199126
0.204573
0.188422
0.207170
0.199884
0.169717
0.243086
0.241576
0.256447
0.206426
0.209969
0.195807
0.180574
0.232128
0.184818
0.238050
0.202103
0.186605
0.214239
0.231229
0.181837
0.167466
0.203065
0.211379
0.255237
0.181017
0.167671
0.225565
0.215439
0.203593
0.221739
0.132354
0.204519
0.216400
0.182734
0.213021
0.200996
0.180810
0.211896
0.184284
0.192672
0.203662
0.218638
0.170429
0.215622
0.226168
0.180944
0.183878
0.188584
0.191296
0.192655
0.248378
0.215670
0.250991
0.222328
0.236303
0.186997
0.183829
0.178727
0.217629
0.184921
0.239520
0.183105
0.172250
0.226399
0.231438
0.180476
0.185522
0.189278
0.230759
0.205295
0.199268
0.164444
0.230904
0.202999
0.208755
0.225572
0.171796
0.224487
0.213502
0.192942
0.201056
0.231869
0.161485
0.202256
0.266350
0.169004
0.217731
0.189208
0.213565
0.235426
0.184979
0.247451
0.187780
0.198043
0.196416
0.215466
0.223133
0.237740
0.189124
0.213137
0.208584
0.228467
0.227923
0.194661
0.155295
0.177164
0.187320
0.178018
0.264354
0.194154
0.224389
0.193057
0.212065
0.269602
0.242250
0.278507
0.221046
0.207887
0.211921
0.234477
0.205044
0.260548
0.202336
0.239785
0.224305
0.222929
0.269909
0.192984
0.192266
0.179637
0.207509
0.262329
0.198564
0.210605
0.229830
0.227745
0.206996
0.237037
0.210031
0.216826
0.232840
0.227710
0.254635
0.234686
0.197584
0.229323
0.226812
0.213586
0.226992
0.194312
0.228972
0.218281
0.205052
0.220981
0.183200
0.203562
0.248339
0.227562
0.206434
0.224249
0.234857
0.194040
0.216924
0.278145
0.188746
0.228442
0.203010
0.230038
0.230098
0.170426
0.217078
0.207601
0.211724
0.210505
0.235101
0.210569
0.214104
0.190597
0.178242
0.178113
0.260424
0.230045
0.224173
0.198552
0.236388
0.246623
0.232374
0.222510
0.246177
0.155141
0.215955
0.230878
0.258034
0.237063
0.199898
0.209773
0.221869
0.200644
0.197736
0.221298
0.245822
0.213777
0.185425
0.244213
0.227167
0.246444
0.227372
0.251081
0.203345
0.266373
0.187503
0.276712
0.195590
0.182358
0.247465
0.223893
0.211784
0.206133
0.217935
0.227976
0.235297
0.205172
0.194022
0.197600
0.242951
0.203077
0.199598
0.205614
0.182637
0.264051
0.233409
0.212277
0.176589
0.246190
0.208610
0.198210
0.227729
0.187233
0.205270
0.232365
0.186427
0.231064
0.198496
0.162937
0.258071
0.211550
0.176649
0.214929
0.204603
0.253456
0.319444
0.221628
0.244025
0.246495
0.270703
0.179994
0.234520
0.204102
0.252695
0.220112
0.193811
0.206557
0.233430
0.224287
0.219979
0.219800
0.209364
0.217785
0.221871
0.233143
0.201508
0.210264
0.220499
0.230028
0.246343
0.258204
0.211124
0.190101
0.230955
0.168028
0.263718
0.232879
0.234396
0.188081
0.272539
0.325027
0.288691
0.253019
0.230380
0.241605
0.200141
0.195312
0.210194
0.195436
0.231952
0.240284
0.238945
0.202034
0.204206
0.273937
0.238273
0.253314
0.200854
0.246013
0.193430
0.248647
0.209874
0.199277
0.202576
0.234940
0.222777
0.181413
0.216646
0.181157
0.201157
0.225011
0.169593
0.211817
0.235889
0.218853
0.211686
0.269603
0.216373
0.188475
0.183532
0.233625
0.251509
0.218597
0.284241
0.199743
0.207279
0.240554
0.202675
0.263595
0.212888
0.209105
0.225551
0.200208
0.302154
0.193532
0.193824
0.213213
0.219452
0.234247
0.209622
0.180495
0.291403
0.184515
0.266773
0.211499
0.253065
0.199286
0.219432
0.242515
0.225105
0.181348
0.220970
0.242072
0.205263
0.192072
0.236034
0.224469
0.218487
0.190453
0.204027
0.240450
0.214527
0.218962
0.304258
0.216605
0.190397
0.239543
0.192631
0.209087
0.193996
0.256146
0.186744
0.244707
0.230757
0.231672
0.237001
0.165903
0.222892
0.163326
0.217381
0.224110
0.266364
0.203607
0.162328
0.231275
0.233322
0.200145
0.217763
0.212825
0.205224
0.269013
0.183317
0.195726
0.203248
0.192613
0.174862
0.282931
0.178624
0.187336
0.197828
0.156664
0.192012
0.226297
0.203639
0.225225
0.188756
0.197070
0.172989
0.206592
0.199418
0.211755
0.262950
0.200331
0.265752
0.229335
0.239644
0.187013
0.205484
0.185600
0.231351
0.191413
0.172548
0.272351
0.221980
0.161795
0.227875
0.188245
0.209392
0.225065
0.196808
0.175759
0.224872
0.213333
0.213772
0.196611
0.218050
0.211323
0.166687
0.204831
0.250562
0.193828
0.223767
0.197115
0.205627
0.192187
0.215461
0.193854
0.179141
0.239022
0.243725
0.260024
0.204650
0.208385
0.199954
0.180929
0.235760
0.189739
0.238020
0.205735
0.189830
0.213370
0.232109
0.189238
0.169461
0.202224
0.213258
0.250874
0.181680
0.173380
0.227685
0.221135
0.204192
0.221478
0.133979
0.206745
0.215080
0.181767
0.211721
0.196559
0.187137
0.208140
0.184865
0.199579
0.207836
0.225137
0.172584
0.216863
0.230137
0.181235
0.184280
0.189755
0.192843
0.194741
0.248355
0.221006
0.249898
0.223727
0.237951
0.192655
0.183582
0.178438
0.222466
0.186822
0.243775
0.182373
0.172813
0.228740
0.232287
0.180668
0.181580
0.195401
0.231177
0.205967
0.198781
0.165800
0.234288
0.204320
0.209094
0.222956
0.171712
0.226509
0.211002
0.197841
0.205800
0.229110
0.168866
0.201719
0.267607
0.172136
0.221829
0.185711
0.213162
0.234052
0.186755
0.245037
0.189908
0.199654
0.201489
0.215001
0.228332
0.241372
0.190999
0.213581
0.209909
0.228183
0.227644
0.194511
0.160988
0.180474
0.193357
0.179271
0.269288
0.197899
0.218344
0.187306
0.211275
0.264303
0.228255
0.258905
0.214575
0.191645
0.195837
0.223864
0.186954
0.254471
0.183049
0.224778
0.208263
0.198120
0.260964
0.175951
0.182694
0.164883
0.190841
0.243151
0.187714
0.199597
0.225585
0.223849
0.201747
0.234324
0.204983
0.211259
0.228182
0.222377
0.250597
0.228983
0.193096
0.224954
0.223653
0.209832
0.224761
0.191738
0.226138
0.214423
0.202969
0.216697
0.179614
0.200142
0.244405
0.222913
0.202762
0.217441
0.231339
0.190220
0.212521
0.276206
0.183940
0.225163
0.198514
0.224014
0.224593
0.167623
0.213803
0.202597
0.207441
0.204903
0.231054
0.207706
0.210305
0.187410
0.171569
0.171616
