13.009045
12.992418
12.604748
12.715641
12.918302
12.416355
12.614426
12.164508
12.695488
11.894248
11.712013
12.219382
11.892613
11.501052
11.177593
11.090533
10.976310
10.607099
10.583508
10.019389
10.013162
10.147708
10.056972
10.115079
9.271396
8.975513
9.125648
9.162460
8.422520
8.133627
8.122267
7.843284
8.169707
7.745343
7.462685
7.316084
7.369694
7.437893
7.251530
6.978977
6.682633
6.331442
6.580553
6.133464
6.266142
6.017238
5.772734
5.804346
5.169150
5.615249
5.360124
5.239194
4.993123
5.017828
4.845895
4.820809
4.646847
4.715015
4.602411
4.415610
4.328110
4.167743
4.128932
4.128972
3.843770
3.667027
3.762916
3.690767
3.465115
3.481033
3.732585
3.307655
3.258093
3.325991
3.206995
3.010668
3.202749
2.829377
3.113848
2.872327
2.883066
2.705725
2.780545
2.412641
2.290704
2.564068
2.361836
2.314193
2.309986
2.095658
2.334342
2.066566
2.094910
2.020719
2.077547
2.140437
2.077620
1.861415
1.866079
1.865878
1.770203
1.901337
1.715904
1.619780
1.701999
1.819239
1.459841
1.409015
1.661563
1.657855
1.419302
1.414260
1.438732
1.333369
1.317107
1.256947
1.230551
1.343005
1.235422
1.168247
1.168676
1.101887
1.215906
1.130818
0.998651
1.128067
1.052504
1.049509
1.001671
1.135778
1.110170
0.937961
0.934060
0.941369
0.925550
0.941587
0.879349
0.926443
0.960173
0.826209
0.818316
0.826256
0.884505
0.729358
0.820643
0.805876
0.744191
0.746379
0.687668
0.703089
0.703203
0.707410
0.634519
0.773118
0.651545
0.670173
0.660305
0.545886
0.719451
0.554614
0.533338
0.544708
0.573466
0.521552
0.480631
0.470022
0.569446
0.484252
0.521222
0.531203
0.577064
0.529345
0.486025
0.510328
0.492195
0.468234
0.488576
0.438862
0.519991
0.388647
0.480999
0.427042
0.401431
0.396470
0.429616
0.472379
0.396294
0.455258
0.483124
0.401520
0.403370
0.426312
0.357374
0.395880
0.369276
0.392282
0.347177
0.379903
0.384574
0.356053
0.330322
0.313577
0.315303
0.258904
0.293444
0.285171
0.413600
0.279399
0.287650
0.340478
0.325892
0.296006
0.294346
0.261902
0.281486
0.351799
0.315858
0.266504
0.268044
0.271282
0.264714
0.330386
0.272916
0.233114
0.283945
0.236010
0.244810
0.275687
0.270094
0.314411
0.222918
0.232847
0.226987
0.275047
0.260615
0.249732
0.290528
0.279860
0.297155
0.280876
0.277977
0.231862
0.236644
0.219980
0.257762
0.228920
0.219895
0.287589
0.235996
0.222395
0.255236
0.204489
0.222375
0.269085
0.218453
0.225156
0.252968
0.239227
0.253046
0.227513
0.234469
0.236813
0.175918
0.218209
0.270687
0.235866
0.236889
0.204866
0.227320
0.219034
0.251121
0.194843
0.220098
0.231441
0.258053
0.280843
0.205398
0.211982
0.210614
0.190298
0.264365
0.204720
0.253595
0.220657
0.202342
0.215075
0.226054
0.210040
0.175868
0.196306
0.223127
0.255153
0.194307
0.181628
0.225213
0.229909
0.203364
0.222848
0.136201
0.208151
0.209239
0.173502
0.204127
0.188419
0.197582
0.204834
0.193654
0.195425
0.216685
0.232738
0.169989
0.217113
0.237327
0.174534
0.185417
0.177165
0.182885
0.196544
0.255384
0.221775
0.243177
0.226853
0.241432
0.200064
0.177619
0.168842
0.216652
0.184793
0.256372
0.165954
0.167612
0.233373
0.233776
0.185598
0.183679
0.190563
0.225786
0.210855
0.202366
0.169587
0.228903
0.194616
0.208256
0.218518
0.165989
0.214019
0.204483
0.192760
0.223742
0.220634
0.196548
0.177384
0.200588
0.215944
0.207010
0.193425
0.218364
0.129168
0.197160
0.204499
0.223526
0.226914
0.179450
0.176716
0.203798
0.184708
0.186588
0.207457
0.235202
0.180095
0.175269
0.221439
0.210548
0.232054
0.202660
0.232557
0.185712
0.261478
0.162350
0.281347
0.175441
0.165068
0.241310
0.214341
0.209344
0.205385
0.189795
0.208833
0.204973
0.196271
0.177503
0.204466
0.228873
0.183269
0.193364
0.193934
0.179496
0.261522
0.218460
0.198709
0.163968
0.229893
0.195156
0.192673
0.230016
0.176804
0.184228
0.235896
0.172763
0.222118
0.171792
0.144656
0.250458
0.188816
0.159840
0.189048
0.187788
0.240050
0.287442
0.221064
0.230040
0.239417
0.264080
0.173563
0.206397
0.198834
0.227792
0.202286
0.166730
0.196631
0.213615
0.218616
0.208498
0.206930
0.201156
0.206423
0.198880
0.229222
0.181410
0.210701
0.226683
0.232987
0.226150
0.235617
0.182776
0.164067
0.215645
0.146089
0.256823
0.214806
0.242084
0.180013
0.266756
0.302077
0.266438
0.241838
0.202714
0.217080
0.189126
0.181874
0.191984
0.178732
0.224404
0.233426
0.216259
0.176099
0.201689
0.261681
0.237780
0.252660
0.173612
0.233236
0.171617
0.228407
0.190164
0.183797
0.186696
0.215959
0.199267
0.162059
0.204184
0.167195
0.177524
0.204258
0.144689
0.190068
0.219116
0.209794
0.189766
0.252318
0.193814
0.170560
0.171010
0.215142
0.243963
0.201212
0.284660
0.179858
0.201543
0.227558
0.193536
0.237023
0.203206
0.189660
0.196624
0.177044
0.282957
0.180426
0.180830
0.208632
0.207514
0.222298
0.202174
0.171683
0.288549
0.183462
0.264278
0.206035
0.227913
0.196780
0.199828
0.229360
0.220799
0.165169
0.210845
0.225843
0.190236
0.180977
0.220656
0.216946
0.205798
0.185702
0.183920
0.220251
0.198093
0.210072
0.291699
0.193631
0.174317
0.228849
0.178455
0.192130
0.177386
0.255496
0.176599
0.238220
0.205162
0.224968
0.230184
0.143522
0.219612
0.157495
0.223037
0.213925
0.239334
0.195398
0.149289
0.213672
0.237919
0.191875
0.213538
0.207231
0.190348
0.251448
0.178373
0.177127
0.183372
0.173780
0.160151
0.274225
0.151803
0.179659
0.179531
0.145533
0.179880
0.214004
0.199470
0.214506
0.173687
0.172951
0.158559
0.196915
0.192692
0.216846
0.245493
0.192471
0.264490
0.210225
0.223874
0.182590
0.199269
0.164798
0.223875
0.187644
0.160243
0.263096
0.206207
0.151166
0.218300
0.179032
0.205503
0.216551
0.189411
0.159829
0.200684
0.217570
0.190781
0.179905
0.209547
0.211682
0.149212
0.203735
0.241334
0.189766
0.221401
0.191796
0.205243
0.186208
0.205137
0.191908
0.168408
0.224109
0.238349
0.249621
0.191540
0.203053
0.178799
0.173576
0.241837
0.173006
0.238356
0.199019
0.180732
0.201462
0.200648
0.175618
0.154981
0.187066
0.201712
0.259202
0.178560
0.153291
0.205572
0.201960
0.189804
0.215974
0.117100
0.194182
0.205320
0.166234
0.195724
0.188451
0.172734
0.201296
0.188880
0.170002
0.198880
0.209936
0.157121
0.205843
0.223054
0.168957
0.175312
0.163973
0.172576
0.183780
0.253249
0.203204
0.243295
0.221832
0.235537
0.182880
0.176052
0.164318
0.202889
0.178672
0.244840
0.160063
0.161982
0.228425
0.226296
0.180853
0.187370
0.178076
0.221228
0.208277
0.198324
0.166140
0.217678
0.188852
0.205738
0.218226
0.162541
0.209506
0.206343
0.184023
0.214419
0.211334
0.192115
0.170577
0.190401
0.212156
0.199132
0.190192
0.206423
0.125338
0.194899
0.193503
0.215275
0.221967
0.176012
0.172224
0.198958
0.182257
0.182207
0.208495
0.234389
0.174509
0.168518
0.212270
0.209922
0.233281
0.199334
0.226932
0.186802
0.265083
0.162680
0.284653
0.171147
0.164005
0.242806
0.215371
0.207666
0.200867
0.185568
0.206443
0.204458
0.198294
0.174395
0.205613
0.226971
0.182268
0.193945
0.192538
0.184338
0.260241
0.218360
0.198413
0.164884
0.229879
0.195272
0.192136
0.230289
0.175397
0.182981
0.235692
0.172027
0.222255
0.171178
0.143192
0.251217
0.189852
0.158463
0.187954
0.188537
0.240276
0.284069
0.221327
0.230123
0.237830
0.263452
0.173418
0.203332
0.199661
0.224497
0.200985
0.164044
0.195868
0.211356
0.220468
0.211098
0.205213
0.201344
0.206632
0.198398
0.231281
0.179129
0.211674
0.226906
0.233686
0.225458
0.233679
0.180420
0.163761
0.215442
0.144470
0.257415
0.212650
0.242243
0.180152
0.266521
0.300374
0.268487
0.243815
0.200450
0.214682
0.189075
0.181419
0.190976
0.178559
0.224687
0.234280
0.216942
0.173719
0.201412
0.262760
0.238223
0.253907
0.172045
0.233468
0.172551
0.227095
0.189271
0.182381
0.185282
0.212152
0.195278
0.160930
0.203572
0.166210
0.176635
0.203310
0.143593
0.188783
0.217618
0.209681
0.188290
0.251950
0.190092
0.169894
0.167657
0.212984
0.243837
0.199607
0.286436
0.178203
0.200050
0.227174
0.193377
0.235839
0.202628
0.188813
0.195857
0.177107
0.282294
0.180271
0.180799
0.208680
0.207212
0.222549
0.202572
0.171992
0.288775
0.183431
0.264599
0.205693
0.226910
0.196290
0.199772
0.229151
0.220616
0.164655
0.210502
0.226011
0.189352
0.181098
0.220287
0.216967
0.205901
0.185624
0.183504
0.219748
0.198007
0.209555
0.291580
0.193358
0.173830
0.228599
0.178366
0.191162
0.177081
0.255615
0.176409
0.238230
0.204783
0.225221
0.230457
0.143199
0.219873
0.157693
0.223453
0.214321
0.238681
0.195232
0.148995
0.213422
0.237978
0.191846
0.213685
0.207582
0.190381
0.251373
0.177982
0.177118
0.183385
0.173666
0.159962
0.274361
0.151438
0.179849
0.179272
0.145376
0.179912
0.213976
0.199829
0.214080
0.173399
0.172942
0.158397
0.197786
0.192488
0.217122
0.245681
0.192187
0.264673
0.210046
0.223839
0.182593
0.199376
0.164721
0.223990
0.187681
0.160087
0.263260
0.206325
0.150860
0.218300
0.179132
0.205313
0.217375
0.189206
0.161346
0.201643
0.217124
0.192304
0.180771
0.209354
0.211533
0.149174
0.203122
0.241489
0.190790
0.220918
0.191213
0.205088
0.187642
0.207070
0.190939
0.169937
0.223416
0.238308
0.250183
0.191236
0.202461
0.180710
0.173709
0.242640
0.175029
0.238326
0.199862
0.181624
0.201364
0.202136
0.178336
0.155974
0.186567
0.202865
0.257029
0.179048
0.155494
0.206658
0.204198
0.190156
0.215469
0.118256
0.194692
0.204509
0.165906
0.195583
0.187200
0.174879
0.200583
0.188363
0.172319
0.200190
0.211955
0.157813
0.206346
0.223990
0.168729
0.175731
0.164837
0.173068
0.184632
0.252667
0.204898
0.242444
0.221709
0.235561
0.184476
0.175569
0.164140
0.202944
0.178671
0.244840
0.160057
0.161972
0.228411
0.226281
0.180839
0.187354
0.178042
0.221135
0.208491
0.198231
0.166128
0.217639
0.188829
0.205732
0.218236
0.162529
0.209487
0.206376
0.183972
