10.487520
9.829853
10.459933
9.229636
10.072352
9.679736
9.405686
12.698495
11.355668
13.942809
10.755219
9.478990
9.216208
8.611537
9.134885
10.079707
10.194880
9.621025
9.431456
8.407260
9.470833
9.444435
10.167883
10.009364
10.861800
9.239037
9.508202
9.722532
9.116770
9.417536
8.694584
9.261866
8.895166
9.629454
9.544024
8.047492
8.705364
9.240688
9.047210
9.735567
8.624646
8.173689
8.885749
7.751065
7.426641
8.189605
8.757492
8.408193
8.888575
9.072067
9.049848
8.575190
9.106213
8.714542
9.560450
10.662060
8.286339
8.489062
9.092245
9.873044
9.404063
9.728437
9.815185
9.609990
9.789665
8.911102
9.284492
8.550785
7.896866
7.449594
7.940181
10.388773
10.135186
10.510918
9.586652
9.888634
9.072300
9.345812
8.375177
8.350466
7.997246
8.229390
10.034580
9.854068
8.598533
8.688263
8.826599
9.830748
9.975435
10.410709
10.225513
7.604022
6.529569
8.082568
9.001518
7.930590
6.595622
7.602290
7.663937
9.306081
5.604363
7.470467
7.483665
9.128839
7.319699
7.637906
9.564319
6.296890
6.888941
7.778162
7.976741
8.973327
8.951589
7.987370
8.599594
7.058436
7.796294
6.651143
7.659516
7.822850
5.955178
4.469983
8.744674
10.240030
7.705627
11.205884
6.949565
10.419495
5.489118
7.011060
10.772890
1.659100
10.362499
4.751739
7.188035
10.067480
9.783499
7.394777
4.926665
9.571090
7.862983
8.029984
6.487657
8.093841
7.601377
7.719855
7.005556
8.345616
9.763098
5.743655
5.813227
1.509367
5.278350
8.895558
7.610691
7.506905
9.333246
8.880972
5.473933
8.554702
7.697728
7.241810
6.408113
7.709306
10.094818
6.162001
7.470277
7.498695
8.643377
10.385975
6.860520
8.923817
8.230400
5.871167
6.757779
3.961932
6.499151
2.726843
8.717910
8.084522
5.514210
6.255893
4.744825
5.204219
5.666043
7.216495
5.432511
4.102227
9.318364
6.710856
5.632812
6.360322
6.396700
6.620147
6.167743
6.479781
5.701655
5.886546
7.550987
3.117739
4.559953
5.884878
5.913403
6.561044
7.217079
8.550479
7.025529
5.471120
6.960700
6.362212
6.728169
6.074627
7.014997
4.343806
6.603119
7.567472
4.768794
6.619725
7.709009
5.308580
7.368833
7.739375
5.788733
5.488513
6.916170
6.332821
5.922891
4.883437
7.926642
7.011559
7.707057
5.399937
5.545944
4.880882
4.953176
6.522025
3.689181
7.055938
4.523293
6.010589
6.192474
6.076021
5.624837
6.993057
6.616392
6.245640
5.755884
5.786745
5.711278
5.535510
4.675026
6.766640
7.541507
5.682203
6.291175
4.849644
5.825859
7.455488
4.842270
5.713057
6.149698
4.027008
5.077313
4.844171
5.961678
5.907689
4.623451
6.162297
5.468235
6.981911
6.069673
4.294567
5.272545
4.657193
7.292118
7.016299
4.157122
4.835959
5.380433
8.224851
4.924687
5.878901
5.966659
6.610043
5.803363
4.705234
5.298945
3.513162
6.601223
5.600763
3.804601
5.114841
4.650802
5.602494
4.955132
4.828094
5.425595
5.283143
4.378571
5.242196
4.154024
4.690686
5.089805
5.546426
3.642704
3.761134
5.594904
4.748771
2.903989
4.683650
3.562538
2.588551
5.182502
3.456454
4.470090
4.169270
3.734122
3.426388
2.811764
2.055403
3.612664
2.716081
3.110683
3.852900
3.654001
4.188615
2.757843
2.274528
3.139858
3.069541
7.194902
3.157080
2.629180
2.528704
1.801192
2.427970
2.342014
5.764604
1.836234
1.778943
2.267081
2.351577
4.132576
2.435022
5.246709
2.621315
1.969240
5.515022
5.005811
5.501748
4.557928
5.185702
4.831918
4.623427
6.991546
6.036695
8.020387
5.648751
4.648497
4.507813
4.137617
4.431785
5.182581
5.173683
4.803068
4.675132
3.958162
4.692244
4.686096
5.186445
5.128637
5.667616
4.570575
4.747517
4.918066
4.450655
4.689283
4.182236
4.592098
4.294014
4.806473
4.755349
3.708784
4.149432
4.550887
4.433859
4.897033
4.142433
3.856939
4.324721
3.580446
3.425506
3.905226
4.265723
4.005648
4.351377
4.483774
4.446532
4.148014
4.513163
4.253088
4.836810
5.602806
3.985403
4.106317
4.531883
5.041886
4.771012
4.947919
5.022681
4.907707
5.025731
4.454721
4.679536
4.171200
3.770204
3.474173
3.786599
5.453958
5.265194
5.547421
4.868227
5.080964
4.511092
4.756060
4.089180
4.104351
3.821818
3.937047
5.181591
5.078367
4.233850
4.301870
4.527277
5.109550
5.214716
5.551839
5.414547
3.587734
2.887232
3.894041
4.510203
3.908490
3.005929
3.682974
3.632120
4.805145
2.371978
3.571147
3.526032
4.657344
3.475547
3.654319
4.975506
2.806685
3.195303
3.840175
3.900080
4.620673
4.594446
3.960037
4.356143
3.377535
3.873665
3.071004
3.699968
3.851396
2.587316
1.579240
4.411066
5.615564
3.706485
6.215073
3.177650
5.653608
2.279463
3.378406
5.936481
0.193026
5.689308
1.799732
3.423534
5.418026
5.258654
3.582901
2.180190
5.187081
3.868261
4.079475
3.263570
4.030441
3.686597
3.839044
3.290139
4.228679
5.319110
2.604073
2.666858
0.158594
2.206768
4.682119
3.728646
3.663740
5.016137
4.687035
2.312985
4.463655
3.936639
3.587495
2.992001
3.829459
5.587462
2.775827
3.774093
3.731892
4.515869
5.813897
3.380031
4.763651
4.247770
2.631785
3.326943
1.396498
3.167765
0.713223
4.755997
4.236412
2.448925
2.936866
1.937543
2.319643
2.500879
3.764623
2.430191
1.632248
5.141538
3.430163
2.581816
3.068299
3.047739
3.248423
2.902875
3.135081
2.585745
2.828230
4.017402
1.025016
1.820383
2.786083
2.812276
3.418860
3.644763
4.622067
3.600431
2.551795
3.481158
3.090745
3.384099
2.961365
3.552194
1.921430
3.267390
3.962047
2.055912
3.375331
4.114088
2.440173
4.042186
4.138345
2.768940
2.563297
3.543486
3.131455
2.970375
2.150716
4.243643
3.595772
4.133313
2.583059
2.639454
2.113483
2.289147
3.327603
1.468194
3.773446
2.185391
2.925141
3.334078
2.943486
2.849081
3.652166
3.331505
3.125846
2.847001
2.852480
2.753235
2.652349
2.055790
3.541601
4.070990
2.811839
3.213125
2.281603
2.839324
3.992900
2.172623
2.831264
3.123758
1.736764
2.619678
2.462449
2.987778
2.912508
2.096452
3.109389
2.697744
3.721289
3.087680
2.148897
2.742502
3.623627
5.900181
5.677663
3.162369
3.760628
4.273397
6.777460
3.920256
4.703999
4.813686
5.331968
4.605856
3.742346
4.208085
2.643053
5.349306
4.460496
2.894212
4.031641
3.665455
4.496085
3.891710
3.899261
4.321680
4.189354
3.414695
4.199351
3.226077
3.748150
4.041790
4.445285
2.801169
2.931249
4.495524
3.774537
2.216171
3.733713
2.737119
1.903523
4.156956
2.645091
3.539493
3.272567
2.898542
2.691629
2.080374
1.557834
2.895797
1.993293
2.450534
3.046088
2.922181
3.325353
2.154583
1.704415
2.412557
2.364323
6.014909
2.471771
1.998011
1.926199
1.369368
1.789232
1.794828
4.747872
1.347160
1.278997
1.719442
1.740904
3.354930
1.896263
4.346234
2.067250
1.486738
4.590952
4.121163
4.589447
3.717062
4.298040
3.956918
3.767027
5.923802
5.062457
6.910436
4.729862
3.795660
3.685386
3.370866
3.615015
4.324013
4.289243
3.966461
3.854294
3.207891
3.869839
3.869856
4.322021
4.288211
4.759305
3.780033
3.937935
4.100566
3.664449
3.890788
3.431995
3.809440
3.526541
3.991905
3.949359
3.001265
3.395912
3.769484
3.669948
4.085768
3.410751
3.159380
3.575898
2.915691
2.797446
3.219242
3.535141
3.294886
3.613476
3.735482
3.696017
3.435340
3.766620
3.534941
4.064869
4.762017
3.303366
3.408119
3.797791
4.252824
4.023853
4.171462
4.244847
4.149469
4.255971
3.753710
3.944374
3.482898
3.134168
2.869576
3.146704
4.657482
4.482949
4.747609
4.118749
4.314814
3.795284
4.035664
3.430190
3.454207
3.186599
3.279706
4.414932
4.328123
3.565319
3.630137
3.873627
4.374792
4.473485
4.792900
4.666199
2.993855
2.366158
3.268909
3.828083
3.317078
2.497825
3.112862
3.041516
4.126585
1.934484
3.008107
2.952821
3.988506
2.925256
3.078759
4.287940
2.324662
2.676137
3.276446
3.311565
3.982174
3.956132
3.383335
3.740758
2.865980
3.318791
2.579289
3.140098
3.290240
2.136132
1.214721
3.787254
4.940626
3.144671
5.476936
2.658272
4.958321
1.861634
2.886281
5.232554
0.084132
5.016535
1.430097
2.912131
4.752824
4.616425
3.065744
1.848699
4.572672
3.322067
3.541831
2.851602
3.475266
3.157784
3.316942
2.797080
3.668330
4.704358
2.210803
2.273052
0.067095
1.826511
4.111210
3.214038
3.156464
4.431028
4.123331
1.921200
3.919026
3.447351
3.116558
2.560912
3.323309
4.980031
2.351880
3.300649
3.247879
3.974599
5.202306
2.944870
4.220577
3.734273
2.237585
2.903105
1.110446
2.761208
0.514890
4.251738
3.751032
2.086805
2.535794
1.616771
1.987350
2.125671
3.345810
2.081305
1.365687
4.613712
3.040397
2.227765
2.678187
2.649660
2.847629
2.518945
2.739881
2.225604
2.477379
3.596132
0.819272
1.518684
2.431576
2.458025
3.059236
3.222363
4.148226
3.201334
2.227357
3.075708
2.716375
2.999963
2.611389
3.152567
1.672275
2.887633
3.544550
1.766504
3.010942
3.700834
2.130483
3.670660
3.727008
2.439963
2.248236
3.166801
2.779405
2.653558
1.864928
3.827630
3.217483
3.734317
2.288283
2.333150
1.826726
2.016958
2.984530
1.256675
3.420127
1.959811
2.599669
3.039652
2.613219
2.566615
3.295980
2.983552
2.800354
2.549752
2.552677
2.451094
2.360604
1.798733
3.207329
3.706165
2.524562
2.900167
2.034074
2.539543
3.633921
1.914183
2.546904
2.822201
1.527395
2.390085
2.243043
2.695671
2.618531
1.860499
2.809892
2.433361
3.398226
2.799165
1.993022
2.334887
2.038693
3.602153
3.472449
1.626428
2.056526
2.497711
4.312752
2.334189
2.767796
2.913876
3.171317
2.600624
2.207415
2.406069
1.286256
3.204393
2.538135
1.439124
2.214706
2.045174
2.619540
2.098753
2.380983
2.433370
2.316674
1.808638
2.422710
1.685852
2.172556
2.238942
2.525007
1.425541
1.576182
2.563420
2.103703
1.151819
2.105680
1.371202
0.834770
2.353328
1.297672
1.931221
1.733175
1.487157
1.494776
0.887298
0.869225
1.700029
0.808866
1.399789
1.671524
1.708399
1.819797
1.215404
0.836651
1.195407
1.192709
3.791267
1.337695
0.980810
0.969648
0.789681
0.746390
0.952927
2.855788
0.630255
0.535372
0.866562
0.743984
1.980100
1.055789
2.688127
1.171602
0.765837
2.868343
2.483980
2.885597
2.171520
2.642034
2.325698
2.174170
3.843225
3.190959
4.722384
2.975734
2.189034
2.144425
1.954311
2.078480
2.685929
2.586334
2.370399
2.290410
1.804661
2.293412
2.303305
2.637713
2.655632
2.961671
2.256077
2.364373
2.502826
2.137253
2.329534
1.981759
2.275552
2.026297
2.373928
2.347372
1.632260
1.911478
2.213125
2.151421
2.447577
1.957461
1.789410
2.076225
1.617756
1.585869
1.858217
2.062968
1.867188
2.113430
2.206290
2.156785
1.985908
2.228299
2.063151
2.453824
2.973293
1.908843
1.968589
2.263161
2.574367
2.446748
2.515007
2.579881
2.529448
2.601468
2.260008
2.368597
2.022831
1.804305
1.616706
1.798343
2.897944
2.755129
2.968606
2.465874
2.612991
2.220351
2.443582
1.995072
2.037811
1.805098
1.834789
2.674001
2.625525
2.076026
2.127314
2.414356
2.692101
2.767916
3.033678
2.929951
1.672378
1.238789
1.852866
2.251036
1.984181
1.389826
1.829779
1.697320
2.533997
1.006143
1.727326
1.639376
2.403092
1.667357
1.745582
2.634701
1.246714
1.489285
1.959158
1.919373
2.442850
2.412429
2.011050
2.252812
1.671918
1.995600
1.434308
1.793533
1.935438
1.097026
0.424821
2.235937
3.234138
1.765492
3.573623
1.394863
3.169425
0.890516
1.690426
3.400573
0.026020
3.266634
0.585329
1.636990
3.009106
2.936427
1.759684
1.102897
2.960797
1.913571
2.154650
1.845857
2.024435
1.783383
1.958443
1.523901
2.181018
3.042193
1.235854
1.292575
0.033869
0.881687
2.560606
1.836675
1.797648
2.819377
2.574834
0.917453
2.420884
2.121888
1.845656
1.414207
1.928931
3.251064
1.215138
1.997583
1.905386
2.438798
3.428604
1.748276
2.661323
2.267193
1.163098
1.725026
0.390050
1.632093
0.084022
2.783757
2.341557
1.091563
1.403767
0.755027
1.082672
1.069888
2.135596
1.108506
0.674472
3.011881
1.913884
1.221767
1.541952
1.481248
1.665238
1.391679
1.568203
1.174122
1.454807
2.318194
0.308411
0.660902
1.380276
1.403706
1.981230
1.912801
2.646575
1.966775
1.261328
1.808436
1.558547
1.801520
1.534614
1.887013
0.961779
1.686509
2.197267
0.895338
1.853417
2.353776
1.170882
2.464797
2.371302
1.394068
1.251330
1.928203
1.630949
1.636878
0.964503
2.415490
1.947006
2.377277
1.335942
1.331006
0.897637
1.141748
1.822614
0.616356
2.207462
1.253843
1.489634
2.050182
1.474523
1.618249
2.041784
1.757828
1.661855
1.523188
1.510813
1.394793
1.343031
0.921820
2.002189
2.366984
1.507417
1.769367
1.176843
1.454881
2.290654
0.997391
1.513961
1.709806
0.810852
1.581586
1.474189
1.605035
1.514808
1.008386
1.671786
1.446463
2.144552
1.694690
1.354361
1.387475
1.243840
2.286941
2.225937
0.868827
1.176604
1.565884
2.879474
1.540615
1.719516
1.892056
1.959857
1.502008
1.450212
1.454636
0.657722
2.003489
1.498407
0.738018
1.250681
1.223338
1.611400
1.150751
1.631627
1.415245
1.309365
0.994048
1.483938
0.917859
1.378362
1.279499
1.479903
0.774487
0.939428
1.508003
1.236982
0.723869
1.268763
0.723564
0.401788
1.387392
0.661598
1.105578
0.956814
0.802905
0.965305
0.359946
0.706658
1.169495
0.285931
0.973067
1.009640
1.162357
1.061809
0.867031
0.539390
0.644475
0.674148
2.510123
0.845104
0.572260
0.604420
0.696801
0.317449
0.668918
1.810549
0.435572
0.320734
0.572193
0.344689
1.306494
0.768607
1.808156
0.843268
0.563473
1.939869
1.616788
1.969529
1.369521
1.759439
1.460468
1.336136
2.651365
2.149944
3.451512
2.018568
1.338107
1.340480
1.239890
1.276579
1.809902
1.662776
1.523653
1.466393
1.096448
1.459172
1.475664
1.724200
1.779024
1.964938
1.457003
1.528796
1.649175
1.334133
1.501202
1.233249
1.465895
1.240448
1.502250
1.486718
0.939798
1.134851
1.383852
1.349012
1.557938
1.201185
1.092930
1.285258
0.972348
1.002453
1.166017
1.289724
1.125613
1.318912
1.390118
1.332803
1.226420
1.403896
1.286391
1.575665
1.965933
1.186453
1.213054
1.438219
1.644719
1.589980
1.600228
1.658413
1.640011
1.686523
1.461012
1.509611
1.247131
1.122387
0.990025
1.101986
1.903262
1.782902
1.958788
1.546889
1.658038
1.356785
1.567082
1.231741
1.287529
1.079577
1.062825
1.687133
1.665912
1.270396
1.311377
1.629455
1.744879
1.803620
2.030020
1.942429
0.984762
0.691258
1.095757
1.376818
1.286295
0.854332
1.166979
0.989764
1.646044
0.598792
1.064219
0.952122
1.518367
1.019355
1.042566
1.699387
0.727580
0.890787
1.265705
1.171186
1.587616
1.553540
1.275833
1.433344
1.064824
1.294503
0.861804
1.074552
1.210015
0.599777
0.107591
1.366761
2.252103
1.020046
2.448091
0.732326
2.125823
0.438739
1.075410
2.324364
0.234108
2.248942
0.222735
0.962226
1.994504
1.967513
1.061143
0.809676
2.039845
1.139462
1.395521
1.362537
1.218296
1.032144
1.218268
0.845069
1.346644
2.080727
0.771668
0.823935
0.250849
0.437975
1.677697
1.078793
1.052755
1.890917
1.691672
0.428395
1.573308
1.398937
1.161783
0.819845
1.154749
2.234110
0.626679
1.288224
1.167035
1.560006
2.377072
1.114295
1.764244
1.436443
0.616262
1.102729
0.098812
1.044404
0.001626
1.949783
1.549530
0.599129
0.811839
0.358433
0.654561
0.531913
1.485349
0.629793
0.399283
2.076741
1.322585
0.717334
0.942777
0.858352
1.031803
0.797756
0.941700
0.634261
0.935473
1.613494
0.158872
0.259689
0.838495
0.859330
1.419291
1.182746
1.776991
1.290232
0.778870
1.107392
0.936368
1.149522
0.970336
1.185606
0.661986
1.030970
1.435470
0.477981
1.228259
1.590951
0.688286
1.803446
1.601031
0.847790
0.740141
1.241572
1.009215
1.110196
0.521631
1.601608
1.235339
1.602527
0.853917
0.812525
0.431683
0.714432
1.187261
0.358399
1.534588
0.947573
0.890329
1.537819
0.853701
1.134899
1.336550
1.072839
1.039664
0.981693
0.957862
0.831010
0.806924
0.487217
1.329487
1.596828
0.970131
1.149392
0.754638
0.867586
1.515690
0.530943
0.963022
1.100954
0.488341
1.192107
1.113059
1.010486
0.910416
0.585867
1.041768
0.925600
1.430112
1.087950
1.084638
0.893773
0.860276
1.526138
1.514535
0.511173
0.730003
1.081336
2.031386
1.155492
1.149565
1.340917
1.271016
0.894547
1.089677
0.953077
0.389681
1.320550
0.931855
0.416374
0.738265
0.813561
1.066343
0.648908
1.273315
0.861929
0.763539
0.587462
0.987071
0.544340
0.985528
0.766642
0.904665
0.484312
0.659274
0.924287
0.789595
0.593936
0.842294
0.433850
0.267211
0.866478
0.379262
0.685610
0.572211
0.484684
0.758857
0.154704
0.765291
0.961293
0.082906
0.839398
0.705325
0.941619
0.687239
0.788809
0.497865
0.418900
0.471696
1.755031
0.660817
0.448523
0.511739
0.801055
0.177985
0.634106
1.224082
0.464822
0.335216
0.528611
0.224799
0.987613
0.729288
1.339184
0.773518
0.584647
1.434830
1.155824
1.472855
0.955152
1.286389
0.999685
0.894745
1.953399
1.560920
2.695705
1.489653
0.885847
0.921940
0.885884
0.858914
1.338244
1.156394
1.072598
1.031510
0.745118
1.016267
1.037245
1.223287
1.304536
1.403147
1.038069
1.083142
1.190122
0.911391
1.059890
0.849474
1.037535
0.829040
1.028384
1.020541
0.595144
0.728953
0.939532
0.923847
1.069310
0.808862
0.743624
0.867226
0.659461
0.734178
0.818668
0.883390
0.741929
0.896595
0.951838
0.888586
0.828631
0.958799
0.875522
1.091085
1.387478
0.814109
0.816432
0.991049
1.121436
1.119200
1.087166
1.140217
1.144736
1.172498
1.030683
1.035565
0.833137
0.776045
0.683411
0.744630
1.329563
1.225196
1.373584
1.027202
1.112029
0.876694
1.077353
0.823708
0.888677
0.698391
0.647734
1.116126
1.114377
0.830120
0.863369
1.203662
1.201257
1.247366
1.444992
1.368826
0.628107
0.435802
0.688248
0.884228
0.921156
0.606547
0.826730
0.616840
1.142205
0.442780
0.722714
0.592869
1.015834
0.688015
0.671126
1.159444
0.488809
0.594283
0.900171
0.765756
1.104400
1.067425
0.879039
0.975277
0.760320
0.921664
0.581852
0.688259
0.818807
0.373580
0.011527
0.870690
1.674044
0.613094
1.765606
0.384929
1.502186
0.243498
0.761697
1.676375
0.516055
1.642848
0.090866
0.604018
1.389918
1.395777
0.684988
0.726842
1.502123
0.707854
0.974523
1.141059
0.762771
0.616145
0.810043
0.481036
0.869719
1.511517
0.562387
0.611193
0.534445
0.242816
1.164206
0.655622
0.638758
1.343735
1.177064
0.198993
1.084009
0.999670
0.790587
0.513251
0.717685
1.620984
0.323670
0.897421
0.755006
1.046031
1.737760
0.777176
1.236345
0.956357
0.341580
0.773169
0.008803
0.739459
0.062425
1.466013
1.095917
0.362280
0.502706
0.190554
0.463632
0.261192
1.133093
0.401553
0.318229
1.517483
1.012142
0.469588
0.626192
0.524369
0.689970
0.484322
0.604453
0.359551
0.675413
1.218964
0.166214
0.084535
0.561317
0.580059
1.127086
0.768567
1.261541
0.914384
0.543380
0.713375
0.599259
0.790606
0.674743
0.790484
0.557532
0.668649
0.995981
0.287751
0.887318
1.150094
0.450183
1.435668
1.154158
0.562944
0.480503
0.854661
0.669101
0.838720
0.310653
1.121715
0.829272
1.150569
0.613768
0.545770
0.202769
0.513302
0.835254
0.279527
1.155003
0.833310
0.563630
1.273889
0.511018
0.891584
0.932334
0.683087
0.695198
0.695474
0.663149
0.528256
0.524019
0.277632
0.947259
1.143822
0.685591
0.804771
0.553060
0.546244
1.058231
0.296741
0.667432
0.763229
0.357811
1.012885
0.954178
0.682353
0.574966
0.381951
0.687377
0.650078
1.014197
0.749852
0.990443
0.637169
0.683253
1.075706
1.099696
0.352356
0.506578
0.830241
1.516804
0.976038
0.836060
1.040853
0.871034
0.553323
0.927111
0.688188
0.293740
0.923926
0.619346
0.281063
0.464604
0.614056
0.768679
0.382360
1.110543
0.557741
0.464597
0.389189
0.723231
0.369660
0.796679
0.490687
0.583351
0.369284
0.551327
0.596302
0.560175
0.594263
0.627671
0.318100
0.263648
0.582928
0.268333
0.474825
0.386865
0.347244
0.702198
0.098747
0.900278
0.902848
0.028038
0.834591
0.576754
0.873410
0.507443
0.823480
0.558944
0.346509
0.415882
1.298788
0.617824
0.449215
0.534757
0.966541
0.166785
0.698536
0.888797
0.575318
0.434849
0.586024
0.226778
0.845305
0.789294
1.087839
0.811154
0.687974
1.156872
0.909626
1.200629
0.742379
1.030952
0.752968
0.661906
1.534572
1.220842
2.234665
1.192800
0.644332
0.704692
0.715220
0.641982
1.082066
0.874898
0.831006
0.801473
0.575445
0.780112
0.804169
0.944797
1.045027
1.080264
0.818500
0.844046
0.941176
0.688584
0.823488
0.654576
0.810192
0.613822
0.767778
0.765358
0.427818
0.517114
0.699712
0.697751
0.797098
0.606248
0.572021
0.645695
0.513924
0.620800
0.647877
0.669718
0.544513
0.671058
0.714583
0.646880
0.620406
0.716166
0.657519
0.819550
1.047804
0.623581
0.608171
0.746025
0.821140
0.856784
0.793975
0.843171
0.864143
0.878180
0.796842
0.769916
0.610835
0.602591
0.538589
0.562918
0.991019
0.898088
1.026418
0.727345
0.792966
0.605232
0.798768
0.604152
0.675630
0.497998
0.422644
0.777969
0.790185
0.586369
0.613879
0.970121
0.882236
0.919058
1.095707
1.027676
0.443950
0.324802
0.466982
0.601203
0.730304
0.500556
0.653631
0.419940
0.850350
0.402712
0.548162
0.405327
0.724385
0.520421
0.474355
0.840496
0.387857
0.451382
0.707142
0.543697
0.825871
0.786663
0.662836
0.714564
0.610697
0.722417
0.449748
0.479004
0.605861
0.280016
0.012085
0.581404
1.325246
0.388094
1.340916
0.202804
1.119859
0.171317
0.603580
1.276025
0.789102
1.272586
0.063943
0.413038
1.020366
1.049889
0.480628
0.734800
1.180491
0.462952
0.737180
1.048097
0.500171
0.382046
0.581451
0.284325
0.591119
1.165953
0.477387
0.523562
0.806175
0.167673
0.858382
0.415091
0.404748
1.013141
0.869941
0.098315
0.794974
0.775721
0.586848
0.356179
0.465997
1.241659
0.168834
0.678879
0.520971
0.738039
1.338871
0.597036
0.917910
0.672433
0.206306
0.598030
0.007046
0.581912
0.169659
1.178713
0.830343
0.253585
0.341541
0.131578
0.387845
0.127499
0.940229
0.298395
0.321558
1.174347
0.849101
0.351842
0.458474
0.343935
0.503736
0.318544
0.421313
0.221590
0.547951
0.993995
0.232197
0.018229
0.421006
0.438119
0.975666
0.528692
0.948208
0.702049
0.432591
0.487659
0.414649
0.590091
0.519980
0.563525
0.540985
0.465228
0.736559
0.208752
0.699052
0.889353
0.336183
1.227640
0.888735
0.414764
0.350473
0.632342
0.480569
0.699794
0.215436
0.831623
0.592545
0.880497
0.496998
0.409622
0.093923
0.424473
0.637043
0.279036
0.936609
0.806975
0.383328
1.138945
0.318930
0.771363
0.695472
0.456597
0.501403
0.543764
0.505183
0.364363
0.374399
0.181013
0.725496
0.870695
0.534377
0.609939
0.461730
0.368070
0.781371
0.181478
0.507607
0.572785
0.317333
0.937038
0.892964
0.498456
0.385668
0.287821
0.484163
0.503886
0.766225
0.558140
0.975285
0.504284
0.607909
0.802240
0.851911
0.289904
0.397234
0.700758
1.196388
0.898248
0.661084
0.875516
0.633232
0.357981
0.861070
0.547941
0.275762
0.688077
0.444322
0.234284
0.317525
0.520593
0.604027
0.240151
1.043400
0.388081
0.298642
0.296052
0.582512
0.293423
0.710087
0.340913
0.400632
0.335879
0.522958
0.408473
0.443641
0.644036
0.521672
0.283620
0.310329
0.426731
0.237069
0.371148
0.301521
0.296505
0.709877
0.106843
1.046580
0.908961
0.036652
0.879376
0.531808
0.872092
0.425218
0.896498
0.651000
0.341806
0.423098
1.015895
0.634148
0.497092
0.598714
1.133596
0.205785
0.792225
0.692896
0.702195
0.553772
0.674282
0.274801
0.788737
0.879170
0.952127
0.884657
0.808968
1.001626
0.777293
1.049367
0.634087
0.891668
0.619924
0.538832
1.276704
1.019923
1.946056
1.023013
0.514554
0.592405
0.636583
0.529752
0.941305
0.715731
0.700664
0.679417
0.497026
0.653460
0.679666
0.787319
0.901219
0.890459
0.703448
0.714776
0.804689
0.570947
0.695919
0.556994
0.689028
0.501357
0.622359
0.623780
0.349795
0.406773
0.569026
0.576930
0.642788
0.502270
0.490419
0.527854
0.451049
0.581138
0.566547
0.557261
0.443754
0.549845
0.584805
0.513801
0.511494
0.582260
0.541388
0.664559
0.843391
0.527104
0.498772
0.609924
0.644930
0.707933
0.622758
0.669084
0.701896
0.705913
0.668303
0.618261
0.490504
0.517565
0.474227
0.471757
0.786194
0.701473
0.815200
0.550316
0.601953
0.448620
0.636924
0.484987
0.561104
0.392563
0.299248
0.572609
0.594865
0.449236
0.472517
0.840238
0.690370
0.720392
0.881774
0.819564
0.349470
0.283235
0.345481
0.434900
0.630687
0.462329
0.566730
0.315728
0.677294
0.411946
0.459923
0.307609
0.551338
0.437010
0.369739
0.647322
0.352501
0.385573
0.604955
0.420416
0.661621
0.620726
0.543588
0.563009
0.539532
0.615241
0.391133
0.364443
0.488557
0.249109
0.049279
0.408604
1.109275
0.261719
1.069843
0.107345
0.879332
0.155353
0.525308
1.022243
1.022975
1.040460
0.080422
0.310627
0.788554
0.835151
0.368327
0.776208
0.983121
0.321089
0.600726
1.016149
0.345292
0.247745
0.451072
0.176972
0.424391
0.950660
0.450747
0.494952
1.037775
0.147979
0.671547
0.275482
0.269798
0.808174
0.681908
0.059741
0.619914
0.647737
0.473438
0.276506
0.317733
1.000888
0.090591
0.554432
0.385239
0.548681
1.083615
0.500153
0.720800
0.500257
0.141731
0.504519
0.039049
0.501019
0.280478
1.003720
0.671024
0.207827
0.257720
0.121708
0.365740
0.063391
0.833206
0.256282
0.356511
0.958305
0.763436
0.298922
0.369301
0.245493
0.401032
0.230595
0.320731
0.153671
0.487575
0.862939
0.311810
0.001970
0.351088
0.366963
0.897585
0.386487
0.752740
0.579673
0.383703
0.355474
0.312178
0.476042
0.439010
0.430208
0.560007
0.348843
0.579558
0.182368
0.593473
0.731224
0.284277
1.107575
0.727045
0.337932
0.286730
0.501701
0.374342
0.629438
0.176682
0.651670
0.451186
0.714932
0.442409
0.340943
0.044963
0.389955
0.523248
0.308387
0.808084
0.817499
0.282283
1.070696
0.209240
0.713668
0.553243
0.321826
0.390257
0.463045
0.419879
0.274712
0.295032
0.139979
0.593771
0.701714
0.453640
0.497558
0.424259
0.267647
0.609419
0.126513
0.420314
0.463263
0.316374
0.910411
0.876882
0.393466
0.276714
0.247741
0.365024
0.425996
0.614565
0.447176
0.992142
0.435824
0.581071
0.631858
0.700077
0.272249
0.345566
0.634454
0.991745
0.869282
0.561678
0.783039
0.488221
0.243672
0.840359
0.473435
0.289761
0.544228
0.344478
0.227273
0.237821
0.479670
0.511494
0.163823
1.021391
0.291772
0.204968
0.255069
0.507016
0.264582
0.673697
0.258713
0.294523
0.337865
0.528541
0.298516
0.385272
0.706072
0.470836
0.284535
0.369979
0.339395
0.240170
0.321754
0.265358
0.285358
0.740992
0.138213
1.178001
0.938801
0.068257
0.937129
0.524526
0.896362
0.390841
0.974512
0.742756
0.363437
0.453315
0.835948
0.670869
0.556618
0.669843
1.279348
0.258744
0.884748
0.575632
0.818665
0.664435
0.762689
0.334021
0.772160
0.968614
0.878138
0.962150
0.920813
0.913356
0.705577
0.963885
0.579683
0.814785
0.547507
0.473598
1.113792
0.898215
1.760790
0.923762
0.444239
0.534714
0.603216
0.472017
0.862862
0.623913
0.629684
0.614380
0.463557
0.585015
0.612738
0.696462
0.820216
0.776113
0.643189
0.644177
0.728819
0.508684
0.626416
0.509173
0.624083
0.442675
0.539765
0.543924
0.315931
0.349460
0.496934
0.511938
0.553505
0.449397
0.453711
0.464859
0.427822
0.574682
0.529872
0.497994
0.392917
0.484154
0.512879
0.439436
0.454596
0.507217
0.479173
0.574162
0.717157
0.479000
0.441274
0.533046
0.538962
0.621742
0.520327
0.564533
0.605882
0.602607
0.596624
0.529802
0.424687
0.477278
0.448866
0.426951
0.659024
0.580209
0.683321
0.443159
0.484629
0.356174
0.540648
0.419583
0.499023
0.337027
0.230664
0.444623
0.474111
0.370589
0.390768
0.766763
0.571963
0.597025
0.747311
0.689278
0.301447
0.273498
0.277811
0.334745
0.578792
0.454859
0.523969
0.260393
0.572060
0.438702
0.416044
0.256827
0.445961
0.396515
0.313851
0.527256
0.346702
0.357680
0.550680
0.350825
0.562320
0.520167
0.476808
0.472794
0.507505
0.557096
0.368123
0.300876
0.422968
0.246059
0.095516
0.302712
0.972081
0.189380
0.892668
0.057328
0.724211
0.162840
0.487631
0.857413
1.211306
0.891246
0.111231
0.255292
0.639463
0.698390
0.305725
0.824897
0.858836
0.236971
0.520491
1.011570
0.251643
0.168965
0.375099
0.117642
0.322023
0.813084
0.449773
0.492516
1.223768
0.151934
0.554412
0.192517
0.190174
0.677805
0.563771
0.049819
0.511106
0.572991
0.409215
0.236683
0.228199
0.844320
0.051704
0.482048
0.304650
0.429218
0.916392
0.447601
0.595625
0.393107
0.112481
0.454280
0.079683
0.459853
0.378132
0.894336
0.572959
0.191980
0.214272
0.131789
0.366927
0.034126
0.772826
0.242883
0.398896
0.818870
0.718398
0.277569
0.321659
0.191106
0.343528
0.183747
0.264701
0.121266
0.460602
0.784744
0.386164
0.006857
0.317080
0.332027
0.857602
0.300031
0.627676
0.507517
0.364743
0.276153
0.254348
0.409796
0.396692
0.349946
0.590048
0.280784
0.482050
0.179433
0.533149
0.632810
0.262768
1.036670
0.625962
0.298280
0.256528
0.423016
0.313311
0.594358
0.164460
0.537153
0.364593
0.610777
0.418601
0.306901
0.025173
0.380596
0.456442
0.345229
0.730552
0.840646
0.224596
1.036734
0.145234
0.687292
0.465613
0.239569
0.325083
0.419879
0.373364
0.225020
0.252760
0.125443
0.513521
0.594453
0.410264
0.431234
0.412162
0.209929
0.499866
0.101663
0.372022
0.398843
0.330555
0.905974
0.880055
0.332217
0.212566
0.233450
0.293446
0.384265
0.519378
0.381438
1.018953
0.400815
0.576182
0.522976
0.604602
0.273930
0.322584
0.600845
0.857914
0.862661
0.504013
0.730367
0.397474
0.175134
0.839585
0.433673
0.314074
0.454190
0.286285
0.236291
0.194162
0.464073
0.458492
0.122532
1.019416
0.235957
0.151036
0.239272
0.466199
0.257528
0.661151
0.212961
0.231429
0.353035
0.546293
0.232560
0.356655
0.764633
0.447623
0.298779
0.426738
0.289670
0.255922
0.299459
0.252621
0.290715
0.776933
0.174314
1.286541
0.973743
0.104452
0.992239
0.532508
0.927171
0.379150
1.044199
0.822371
0.392237
0.488309
0.718702
0.710525
0.612768
0.734371
1.397901
0.310065
0.964699
0.503617
0.915912
0.757453
0.839565
0.389732
0.772950
1.046167
0.837298
1.031002
1.014521
0.862095
0.666278
0.914607
0.552897
0.771685
0.507618
0.438882
1.008307
0.822552
1.639076
0.864321
0.405731
0.505324
0.591433
0.442547
0.818379
0.569718
0.590554
0.579546
0.451554
0.547656
0.576454
0.642827
0.773698
0.705414
0.611641
0.605120
0.685923
0.475625
0.588098
0.486527
0.589019
0.412118
0.491867
0.497995
0.303286
0.319805
0.456556
0.476675
0.500636
0.422872
0.438873
0.430958
0.422703
0.581688
0.514968
0.466716
0.367717
0.448176
0.472354
0.397131
0.424919
0.464372
0.445598
0.520150
0.637174
0.455588
0.411034
0.488748
0.473573
0.570654
0.457457
0.500107
0.547618
0.539039
0.555943
0.476946
0.388209
0.459274
0.441651
0.405629
0.578028
0.503471
0.598874
0.376598
0.410684
0.300225
0.481906
0.383180
0.465005
0.307729
0.191896
0.362811
0.397518
0.324471
0.342384
0.724352
0.496990
0.518437
0.660668
0.605640
0.277370
0.277130
0.239465
0.272849
0.551831
0.460055
0.503585
0.230881
0.506387
0.468607
0.394770
0.230535
0.380107
0.377635
0.283802
0.450705
0.352892
0.347849
0.521721
0.310755
0.500713
0.457629
0.438716
0.417710
0.494546
0.525201
0.361656
0.265017
0.385626
0.253992
0.139128
0.236123
0.882801
0.147054
0.774394
0.031132
0.621872
0.178256
0.470318
0.747988
1.357646
0.793093
0.143444
0.225096
0.541344
0.609183
0.270210
0.869970
0.778610
0.185819
0.472133
1.017989
0.193534
0.121607
0.329756
0.084335
0.257526
0.723069
0.458677
0.500344
1.368052
0.164354
0.479113
0.141949
0.142009
0.592868
0.487676
0.052083
0.441732
0.528270
0.372097
0.217221
0.172715
0.740268
0.032868
0.438934
0.255575
0.351971
0.804536
0.418781
0.514189
0.324710
0.100487
0.427067
0.118269
0.439178
0.457982
0.824218
0.511023
0.189574
0.191859
0.148129
0.376808
0.021934
0.738082
0.242150
0.438549
0.726819
0.694700
0.271009
0.296041
0.160586
0.310734
0.158654
0.232942
0.106602
0.449857
0.736882
0.448775
0.019136
0.301173
0.315432
0.837336
0.246089
0.545756
0.463901
0.359637
0.227315
0.221058
0.370395
0.374605
0.300362
0.620338
0.240006
0.419929
0.185791
0.497926
0.569985
0.255626
0.993738
0.561156
0.277952
0.243028
0.374387
0.277451
0.577279
0.163921
0.462508
0.310157
0.543606
0.409609
0.290482
0.019060
0.382023
0.416246
0.380088
0.682557
0.865556
0.190944
1.020251
0.106975
0.676272
0.410214
0.188047
0.285919
0.396639
0.347684
0.197024
0.230123
0.122879
0.463348
0.524701
0.386768
0.391104
0.411292
0.176001
0.428382
0.091512
0.344878
0.360004
0.348630
0.910549
0.890127
0.295617
0.173852
0.230831
0.249321
0.361744
0.458126
0.341499
1.046032
0.383104
0.580272
0.451732
0.543055
0.282736
0.313514
0.584063
0.768530
0.865399
0.469767
0.699723
0.339238
0.132971
0.846488
0.412323
0.339118
0.396399
0.251545
0.250215
0.169921
0.460144
0.427457
0.099965
1.025311
0.202844
0.119272
0.235116
0.443907
0.259677
0.659308
0.187056
0.192949
0.371227
0.566341
0.191966
0.343091
0.814198
0.437948
0.316219
0.474957
0.260753
0.274414
0.290383
0.250454
0.301640
0.809996
0.207479
1.372159
1.006044
0.137647
1.039120
0.545243
0.956426
0.377611
1.101586
0.886936
0.419985
0.520531
0.640649
0.746098
0.660275
0.787933
1.490578
0.354035
1.029394
0.458233
0.993108
0.831573
0.901980
0.436808
0.780235
1.109037
0.814407
1.087544
1.089054
