12.994143
12.912630
12.741001
12.656170
12.933357
12.480420
12.770321
12.436368
13.054183
12.340930
12.147991
12.836412
12.646080
12.336347
12.137259
12.149440
12.073993
11.923512
11.929425
11.558667
11.591627
11.893908
11.956712
12.070977
11.457125
11.113311
11.411736
11.537679
10.882795
10.709373
10.829995
10.622819
11.221515
10.874392
10.569590
10.461712
10.706133
10.919162
10.784710
10.589985
10.358109
10.014499
10.350828
9.954890
10.222469
9.969776
9.843169
10.077042
9.222318
9.920754
9.751300
9.683485
9.446403
9.512322
9.265935
9.407631
9.270163
9.433328
9.412334
9.171055
9.159365
9.000087
9.059063
9.100035
8.775125
8.559735
8.758146
8.798845
8.531013
8.573165
8.959930
8.410733
8.358745
8.544436
8.427830
8.287009
8.555332
8.020277
8.581568
8.233930
8.239150
8.052850
8.185996
7.677359
7.392691
8.006941
7.720498
7.617909
7.776900
7.296821
7.838359
7.339212
7.394881
7.219279
7.433399
7.606112
7.565544
7.242995
7.156229
7.255344
7.075347
7.380822
6.948258
6.856267
6.954947
7.226082
6.510473
6.413701
6.989968
7.058950
6.607616
6.620779
6.696248
6.466598
6.458312
6.286604
6.259831
6.661356
6.364334
6.190291
6.136733
6.041249
6.381747
6.113024
5.922382
6.222662
6.071820
6.119328
5.962041
6.272590
6.289085
5.904669
5.888843
5.914078
5.823577
5.798252
5.872663
5.915483
5.938652
5.550137
5.573828
5.518796
5.850909
5.416562
5.653500
5.585817
5.354471
5.378449
5.101408
5.352778
5.300164
5.305958
5.128775
5.519088
5.169026
5.298226
5.175692
4.866450
5.253871
4.880178
4.831268
4.847960
4.877115
4.618667
4.647751
4.601774
4.645895
4.636817
4.536901
4.759281
4.863095
4.772090
4.609446
4.642898
4.567606
4.621230
4.575532
4.315961
4.749632
4.240425
4.521022
4.323973
4.190309
4.250863
4.371022
4.449134
4.207042
4.389168
4.228831
4.169396
4.277958
4.198031
4.054341
4.197070
4.168532
3.938132
4.031487
3.909249
4.018363
3.789533
3.734670
3.976728
3.678357
3.637091
3.512126
3.475985
4.087247
3.564951
3.769519
3.721697
3.498918
3.629526
3.470335
3.341666
3.434471
3.620167
3.681000
3.505721
3.416623
3.459170
3.470466
3.329719
3.559153
3.172825
3.464294
3.387221
3.181771
3.217582
3.296101
3.484587
3.105496
3.169878
3.178277
3.252495
3.137259
2.969140
3.063750
3.237018
2.947207
3.163064
3.082170
3.001312
2.919884
2.949986
2.887188
2.875895
3.005984
2.817053
2.801018
2.995379
2.816091
2.686104
2.639518
2.949633
2.695513
2.975993
2.872651
2.658085
2.972079
2.788736
2.640665
2.602072
2.523453
2.513654
2.670542
2.740004
2.496791
2.442620
2.512508
2.596564
2.741007
2.268209
2.745124
2.346388
2.521923
2.586966
2.352364
2.313065
2.497986
2.324926
2.463100
2.468767
2.329645
2.411601
2.373982
2.223395
2.401052
2.506693
2.307327
2.191000
2.345845
2.066981
2.222041
2.313479
2.285130
2.366258
2.167258
2.138760
2.113406
2.152861
2.074539
2.011533
2.053229
1.900107
2.252581
1.994120
1.985580
2.269298
2.108368
2.246858
2.014932
2.026289
2.105158
1.902617
1.974388
1.989744
1.996534
1.979970
1.896554
2.093305
1.837508
1.878736
1.898507
1.974757
1.756792
1.799769
1.989579
1.803062
1.918633
1.786671
1.760249
1.819916
1.846670
1.704139
1.536983
1.895610
1.741487
1.704012
1.674039
1.654513
1.807020
1.720530
1.656380
1.600931
1.598629
1.684420
1.516514
1.724122
1.765830
1.718009
1.659025
1.612405
1.722982
1.585438
1.668953
1.563924
1.784279
1.499497
1.486008
1.722484
1.690387
1.592337
1.518361
1.528808
1.529459
1.481177
1.499855
1.404364
1.454514
1.528357
1.543803
1.631300
1.449052
1.353552
1.453784
1.517037
1.311085
1.298615
1.297278
1.313133
1.449713
1.345625
1.308955
1.272403
1.345347
1.431547
1.406869
1.363610
1.311564
1.196875
1.308841
1.208199
1.321887
1.229286
1.199393
1.289927
1.027950
1.309296
1.247436
1.230823
1.135046
1.227511
1.130502
1.178069
1.164264
1.193978
1.215289
1.174996
1.149937
1.148147
1.143738
1.151356
1.128057
1.037094
1.088407
1.128818
1.052290
1.119982
1.286808
1.068293
1.069955
1.147273
1.135865
1.039360
1.175149
0.989933
1.209102
1.092738
1.087141
1.048416
1.119192
0.970048
0.879129
1.080785
0.997584
0.974948
1.043803
0.904784
1.065266
0.920738
0.961996
0.929876
1.007289
1.082737
1.044312
0.938450
0.949207
0.941461
0.966552
1.044145
0.928483
0.875981
0.963221
1.095113
0.862937
0.815412
0.981742
1.023395
0.864604
0.868153
0.908774
0.844234
0.866105
0.835101
0.826710
0.933762
0.854556
0.860420
0.828971
0.823809
0.887774
0.842109
0.757045
0.891046
0.823827
0.853118
0.810337
0.935568
0.936377
0.795755
0.826880
0.819755
0.800360
0.819184
0.813119
0.860613
0.888082
0.779112
0.777896
0.807974
0.883394
0.731893
0.808640
0.835610
0.779795
0.772763
0.740558
0.756923
0.761938
0.788312
0.721528
0.885216
0.750796
0.793398
0.762360
0.667948
0.875201
0.755886
0.672695
0.700903
0.711283
0.649308
0.654648
0.618261
0.710864
0.647874
0.677960
0.712750
0.771315
0.722999
0.678119
0.726349
0.694184
0.680870
0.698409
0.644382
0.752623
0.589702
0.707227
0.648456
0.608797
0.613620
0.666252
0.715255
0.630486
0.704996
0.707742
0.635885
0.660448
0.676059
0.602499
0.659062
0.645624
0.629565
0.612213
0.608739
0.637066
0.587194
0.574539
0.599506
0.548197
0.509958
0.509143
0.500226
0.728401
0.526205
0.567158
0.600740
0.535358
0.569013
0.531987
0.499406
0.522816
0.619225
0.592633
0.554525
0.527191
0.537867
0.532667
0.572717
0.567951
0.466709
0.559642
0.515025
0.479938
0.537379
0.543312
0.612952
0.468774
0.507076
0.490915
0.542850
0.509259
0.468803
0.534694
0.547152
0.512603
0.552315
0.540409
0.484177
0.471678
0.470640
0.503000
0.466592
0.493358
0.511540
0.471493
0.489677
0.484039
0.425968
0.425273
0.532330
0.441117
0.522946
0.514331
0.456996
0.548270
0.484923
0.458718
0.446249
0.387786
0.421619
0.505061
0.488305
0.436844
0.403186
0.434162
0.457067
0.515236
0.354510
0.500472
0.421405
0.482863
0.523197
0.402660
0.406013
0.452697
0.394018
0.489044
0.446679
0.446703
0.450753
0.430578
0.411676
0.467616
0.476003
0.400174
0.391281
0.443424
0.388776
0.389437
0.417668
0.448892
0.474591
0.406028
0.414941
0.339302
0.410001
0.404976
0.351960
0.392151
0.335483
0.442244
0.375761
0.360092
0.462042
0.424193
0.482674
0.361671
0.400159
0.444863
0.346435
0.364321
0.380632
0.389831
0.389637
0.401103
0.447361
0.394208
0.393506
0.403408
0.401094
0.330640
0.336871
0.434586
0.353777
0.428373
0.341833
0.338182
0.396760
0.412943
0.327614
0.282226
0.404068
0.374448
0.358867
0.342386
0.315901
0.411340
0.361663
0.362321
0.346279
0.313370
0.376503
0.322997
0.373639
0.410461
0.381363
0.366327
0.336024
0.391454
0.360652
0.372552
0.341620
0.424078
0.277918
0.318244
0.396396
0.409439
0.373732
0.332212
0.332475
0.348378
0.323604
0.335697
0.320430
0.364881
0.351432
0.339318
0.406003
0.354551
0.329236
0.351213
0.384077
0.300596
0.339640
0.285072
0.362254
0.333237
0.296986
0.336250
0.310604
0.314349
0.346131
0.345149
0.339377
0.334200
0.282600
0.308177
0.292617
0.343273
0.291251
0.281091
0.312247
0.233703
0.366016
0.327150
0.315610
0.254637
0.344331
0.283968
0.289647
0.305079
0.279325
0.303185
0.317823
0.277092
0.316034
0.279590
0.265152
0.330296
0.269417
0.261375
0.290896
0.266706
0.332356
0.415765
0.295023
0.304728
0.335927
0.348860
0.256693
0.338583
0.258552
0.354863
0.304730
0.285611
0.285646
0.326037
0.285651
0.248888
0.304921
0.279052
0.273304
0.302987
0.267001
0.292524
0.255618
0.282904
0.288924
0.312164
0.346511
0.299775
0.256426
0.290455
0.238665
0.322599
0.316361
0.296512
0.248430
0.323358
0.400764
0.319612
0.279938
0.302744
0.327172
0.256592
0.248802
0.269796
0.260005
0.275428
0.282840
0.272593
0.274705
0.259485
0.316868
0.285009
0.301469
0.267145
0.287448
0.229664
0.301376
0.254296
0.270201
0.257837
0.314688
0.303086
0.235644
0.275099
0.250204
0.247193
0.273560
0.233997
0.276108
0.298116
0.274470
0.258252
0.309640
0.293727
0.228810
0.246125
0.297722
0.293240
0.269488
0.311549
0.244021
0.261664
0.288490
0.251810
0.334534
0.264995
0.272874
0.265876
0.236191
0.378075
0.228895
0.236091
0.262178
0.260481
0.257421
0.249122
0.210118
0.312958
0.226493
0.293755
0.261082
0.299131
0.259319
0.247723
0.295329
0.271914
0.231109
0.264103
0.272459
0.268118
0.214035
0.272554
0.254129
0.240262
0.221558
0.246806
0.281122
0.243139
0.277154
0.328596
0.247730
0.239676
0.281828
0.226547
0.249874
0.236597
0.286385
0.227797
0.278914
0.255760
0.260202
0.256815
0.205634
0.231184
0.189395
0.224978
0.220554
0.317992
0.216879
0.199499
0.255541
0.237692
0.235067
0.234019
0.228852
0.225149
0.287910
0.228316
0.231268
0.220167
0.216231
0.201515
0.297054
0.211114
0.199856
0.223362
0.185495
0.202645
0.263316
0.241443
0.268055
0.197494
0.223396
0.195360
0.236195
0.225790
0.223714
0.276432
0.232242
0.278141
0.256238
0.263474
0.211807
0.218489
0.203662
0.263855
0.215732
0.204979
0.287779
0.236657
0.193359
0.241553
0.203894
0.214997
0.251790
0.211007
0.224080
0.243455
0.234732
0.249381
0.222411
0.233221
0.226226
0.171287
0.216403
0.272550
0.224312
0.233024
0.203106
0.218246
0.217956
0.279699
0.199539
0.255647
0.259081
0.288189
0.319848
0.227349
0.239853
0.247899
0.217339
0.298876
0.241762
0.276449
0.257890
0.240277
0.254081
0.275897
0.256632
0.211387
0.228835
0.251930
0.254424
0.212441
0.222075
0.267073
0.276252
0.240161
0.257031
0.166275
0.243337
0.255764
0.203536
0.241499
0.208419
0.248641
0.230930
0.211595
0.263892
0.256698
0.292349
0.198822
0.242720
0.276707
0.203991
0.205984
0.220862
0.229014
0.231467
0.266261
0.271241
0.269819
0.256455
0.262141
0.237528
0.204330
0.199298
0.271183
0.216653
0.278861
0.202778
0.203589
0.260353
0.272239
0.200468
0.185655
0.243648
0.245339
0.234058
0.219673
0.189905
0.268729
0.227464
0.243770
0.236689
0.194317
0.250090
0.225317
0.233250
0.267411
0.241890
0.237076
0.209724
0.249297
0.245262
0.237002
0.224276
0.269113
0.158174
0.211390
0.246566
0.270231
0.249652
0.215460
0.211793
0.230479
0.210666
0.219807
0.224456
0.266195
0.228547
0.208001
0.268026
0.249839
0.241783
0.242058
0.265222
0.215505
0.264824
0.195171
0.287328
0.213651
0.194115
0.252267
0.228404
0.212836
0.229205
0.233390
0.236422
0.242525
0.206493
0.208267
0.214075
0.247096
0.204735
0.198751
0.213253
0.182011
0.273981
0.240280
0.229079
0.176289
0.264237
0.212743
0.206277
0.228449
0.187137
0.210725
0.238890
0.193098
0.241836
0.196035
0.174872
0.262398
0.208539
0.183966
0.209728
0.198434
0.262628
0.323251
0.227532
0.238325
0.256516
0.275008
0.183137
0.249989
0.196823
0.259944
0.226425
0.202925
0.212352
0.243928
0.231377
0.208077
0.224957
0.213413
0.211317
0.229903
0.220277
0.209487
0.200156
0.223003
0.238309
0.246533
0.269305
0.219644
0.192018
0.231443
0.167326
0.266035
0.237000
0.241669
0.194043
0.265025
0.327469
0.285306
0.247008
0.231339
0.250535
0.202511
0.191059
0.206238
0.199605
0.223244
0.240121
0.228733
0.202566
0.203554
0.273885
0.241268
0.263390
0.201952
0.238999
0.187773
0.242343
0.221666
0.235561
0.227076
0.274545
0.261079
0.203196
0.243537
0.216051
0.214992
0.242129
0.197895
0.239065
0.260120
0.247532
0.229097
0.283064
0.254860
0.201138
0.210381
0.264991
0.267040
0.240856
0.292456
0.213660
0.232734
0.259395
0.226446
0.298298
0.237061
0.240149
0.236037
0.238428
0.381060
0.231444
0.238619
0.264811
0.263328
0.259643
0.251561
0.212641
0.315406
0.229285
0.296122
0.264355
0.302718
0.262841
0.250845
0.298498
0.275003
0.234601
0.267417
0.274954
0.272179
0.216633
0.275990
0.257031
0.242830
0.224475
0.250126
0.284672
0.246057
0.280658
0.331448
0.250718
0.243145
0.284954
0.229420
0.253233
0.239976
0.288859
0.230879
0.261350
0.258821
0.262511
0.259010
0.208938
0.233408
0.191688
0.226766
0.222294
0.321629
0.219076
0.202553
0.258288
0.239767
0.237685
0.236134
0.230582
0.227288
0.290550
0.231448
0.233820
0.222497
0.218785
0.204223
0.298974
0.214222
0.201670
0.226199
0.188246
0.204652
0.265291
0.243832
0.271087
0.199466
0.225561
0.197712
0.238717
0.227990
0.225368
0.278290
0.234936
0.279681
0.258684
0.265651
0.213931
0.220345
0.205731
0.265530
0.217587
0.207392
0.289267
0.238315
0.195922
0.243345
0.205399
0.216342
0.254166
0.212661
0.226747
0.245724
0.236307
0.252081
0.224593
0.234873
0.227808
0.172831
0.217792
0.274347
0.226576
0.234424
0.204463
0.219847
0.219958
0.247184
0.184950
0.220517
0.242447
0.264003
0.293486
0.207207
0.221634
0.220642
0.196372
0.274640
0.213965
0.256496
0.232561
0.215387
0.236614
0.250370
0.231983
0.186277
0.209703
0.225917
0.241568
0.189535
0.194713
0.242795
0.248000
0.219350
0.237952
0.143551
0.221981
0.238365
0.186205
0.223535
0.195847
0.220427
0.213990
0.193689
0.234281
0.234137
0.264350
0.177133
0.222189
0.253570
0.186756
0.184934
0.199368
0.207178
0.210147
0.250295
0.245525
0.256095
0.239671
0.244278
0.214359
0.189769
0.182010
0.247763
0.199279
0.258500
0.184769
0.186530
0.242778
0.253570
0.184874
0.177119
0.220098
0.229018
0.218653
0.204672
0.174048
0.248904
0.209520
0.229397
0.224327
0.179659
0.233627
0.215486
0.213355
0.246813
0.222044
0.219539
0.192796
0.228583
0.230723
0.217672
0.209126
0.245090
0.142305
0.198456
0.223511
0.249584
0.232465
0.199908
0.195251
0.214512
0.195787
0.204162
0.213393
0.254428
0.211050
0.188463
0.246858
0.236378
0.232285
0.227419
0.248247
0.206353
0.258006
0.184760
0.280347
0.196165
0.180470
0.242970
0.219457
0.199312
0.212012
0.217341
0.222364
0.231045
0.198585
0.194737
0.205473
0.234313
0.194148
0.189078
0.199626
0.179381
0.261862
0.229308
0.218124
0.167189
0.254670
0.205191
0.195827
0.219522
0.174513
0.197979
0.229250
0.182221
0.233193
0.185149
0.162359
0.255062
0.202791
0.174300
0.199128
0.190795
0.254597
0.309843
0.219915
0.230915
0.246014
0.265755
0.173899
0.237187
0.190249
0.245563
0.215879
0.191304
0.202877
0.232345
0.226251
0.206052
0.213730
0.205488
0.204199
0.220144
0.216630
0.197306
0.194379
0.216139
0.233573
0.238239
0.258262
0.207872
0.183879
0.224521
0.157478
0.259599
0.225189
0.235550
0.187985
0.258002
0.316923
0.283816
0.245798
0.221094
0.239025
0.196233
0.183886
0.197661
0.193687
0.217250
0.236299
0.224603
0.191786
0.196523
0.269828
0.237008
0.260097
0.215691
0.248284
0.195342
0.254768
0.211164
0.224146
0.217198
0.260673
0.246349
0.192427
0.233089
0.204452
0.204171
0.231594
0.185321
0.226047
0.246654
0.238764
0.219343
0.274390
0.240871
0.191932
0.197675
0.253554
0.258396
0.231137
0.286846
0.203147
0.222819
0.249381
0.218027
0.285154
0.227493
0.228493
0.225681
0.207850
0.337076
0.197196
0.205831
0.231186
0.226885
0.234594
0.223400
0.183580
0.288030
0.196822
0.270770
0.225076
0.258951
0.220430
0.214793
0.261975
0.239905
0.193623
0.229225
0.249029
0.223191
0.189308
0.236425
0.225305
0.216005
0.192581
0.212389
0.243658
0.214203
0.240313
0.300660
0.217807
0.203338
0.250230
0.198103
0.214903
0.201391
0.263323
0.196716
0.233875
0.224732
0.239141
0.237245
0.171487
0.211245
0.168539
0.210719
0.206893
0.279500
0.197151
0.168559
0.228584
0.219429
0.209749
0.215226
0.214974
0.205942
0.262148
0.196121
0.206559
0.198280
0.191370
0.174639
0.280387
0.178965
0.184392
0.194635
0.157816
0.184565
0.245629
0.218316
0.236629
0.179687
0.203051
0.172572
0.211112
0.204858
0.209788
0.259830
0.204791
0.265607
0.231926
0.242558
0.191551
0.201640
0.184027
0.249257
0.198737
0.180744
0.275503
0.222101
0.167066
0.225190
0.191178
0.204314
0.227721
0.196231
0.196205
0.220657
0.220890
0.220966
0.200654
0.218244
0.212102
0.157653
0.204716
0.255567
0.201243
0.221092
0.191712
0.203714
0.198964
0.219661
0.177482
0.190199
0.232703
0.245894
0.272976
0.193564
0.210096
0.199143
0.181776
0.256439
0.191835
0.242935
0.213088
0.196372
0.225688
0.230635
0.197628
0.166893
0.196804
0.205485
0.235419
0.172414
0.172709
0.224100
0.224948
0.204346
0.224791
0.126390
0.206261
0.226893
0.174765
0.211363
0.189483
0.197051
0.202799
0.181410
0.209267
0.216724
0.240998
0.160579
0.206850
0.235359
0.174900
0.168901
0.182819
0.190213
0.193700
0.239604
0.224234
0.247755
0.227976
0.231368
0.195659
0.180360
0.169603
0.228674
0.186701
0.242646
0.171423
0.174174
0.229827
0.239390
0.173995
0.173841
0.200520
0.217235
0.207825
0.194242
0.162656
0.233175
0.195791
0.219502
0.216573
0.169382
0.221360
0.210369
0.197299
0.229958
0.205974
0.205934
0.179818
0.211468
0.220266
0.201991
0.197935
0.224257
0.130272
0.189569
0.203627
0.232276
0.218872
0.188059
0.182295
0.202147
0.184568
0.192085
0.206250
0.246488
0.196875
0.172044
0.228648
0.226483
0.226655
0.216187
0.234455
0.201008
0.255158
0.177990
0.277269
0.181675
0.170114
0.237298
0.214138
0.189002
0.197702
0.204240
0.211398
0.222838
0.194225
0.184255
0.200308
0.224587
0.186775
0.182672
0.188912
0.180552
0.252725
0.221391
0.210204
0.161251
0.248202
0.200880
0.188354
0.213668
0.164634
0.187946
0.222557
0.174161
0.227530
0.177034
0.152458
0.250746
0.200171
0.167414
0.191208
0.186060
0.249413
0.298809
0.215140
0.226337
0.238065
0.259136
0.167279
0.226683
0.186471
0.233304
0.207753
0.181994
0.195872
0.223036
0.223916
0.207052
0.204745
0.200059
0.199622
0.212688
0.215779
0.187190
0.191175
0.211743
0.231459
0.232256
0.249279
0.198081
0.178003
0.219945
0.149714
0.255510
0.215265
0.231768
0.184255
0.253207
0.308250
0.284979
0.247247
0.212740
0.229285
0.192141
0.178806
0.191043
0.189932
0.213397
0.234782
0.222737
0.182699
0.191481
0.268008
0.234938
0.259407
0.203520
0.240070
0.188663
0.244001
0.201485
0.213453
0.208241
0.247258
0.231985
0.182491
0.223508
0.193593
0.194180
0.221916
0.173378
0.213610
0.233720
0.231030
0.210513
0.266743
0.227340
0.183685
0.185545
0.242826
0.250741
0.222285
0.282506
0.193401
0.213724
0.240170
0.210564
0.272472
0.218744
0.217426
0.215982
0.202077
0.327061
0.190253
0.199346
0.224433
0.219244
0.230515
0.218335
0.178219
0.283179
0.190372
0.266526
0.216473
0.248934
0.210821
0.207148
0.254167
0.232525
0.184396
0.220846
0.244444
0.211424
0.184252
0.227546
0.218843
0.211044
0.186031
0.204007
0.234236
0.207607
0.231060
0.294351
0.210822
0.194196
0.242643
0.191555
0.206159
0.192553
0.258508
0.189207
0.228419
0.217207
0.234923
0.233502
0.162863
0.207341
0.164310
0.208674
0.205027
0.269336
0.193230
0.160880
0.222215
0.215945
0.203895
0.211533
0.212904
0.202076
0.256076
0.187885
0.200807
0.193456
0.185536
0.168115
0.277253
0.170650
0.181634
0.187430
0.150948
0.180887
0.242065
0.212922
0.228450
0.176040
0.198539
0.167232
0.204995
0.200109
0.207366
0.256497
0.197822
0.263604
0.225977
0.237730
0.186930
0.198140
0.179584
0.246483
0.195151
0.174727
0.273465
0.219289
0.160322
0.221747
0.188941
0.202744
0.221667
0.193267
0.188857
0.214992
0.218205
0.213399
0.195298
0.215141
0.209272
0.154974
0.202677
0.251745
0.195377
0.218934
0.189719
0.200663
0.194393
0.213054
0.177078
0.182703
0.231570
0.242156
0.268481
0.191187
0.208359
0.194308
0.179069
0.252601
0.186768
0.240514
0.208823
0.192237
0.224047
0.226251
0.191007
0.162600
0.194510
0.200844
0.235195
0.168778
0.167546
0.219954
0.219440
0.201322
0.222327
0.122677
0.202985
0.224925
0.172796
0.209156
0.189066
0.191349
0.200867
0.179130
0.203028
0.212832
0.235258
0.156934
0.203575
0.231183
0.172687
0.165380
0.179129
0.186385
0.190024
0.237704
0.219038
0.246566
0.225738
0.228746
0.191232
0.178803
0.167108
0.224098
0.184137
0.239055
0.168603
0.171654
0.227112
0.236288
0.171907
0.174103
0.195718
0.214843
0.205720
0.192253
0.160362
0.229526
0.192756
0.217647
0.215376
0.167394
0.218747
0.209966
0.193496
0.225899
0.202151
0.202868
0.176939
0.207300
0.218154
0.198252
0.195580
0.218906
0.127643
0.187911
0.198553
0.227990
0.215732
0.185453
0.179339
0.199368
0.182137
0.189382
0.205070
0.245053
0.193501
0.167968
0.224008
0.224416
0.225905
0.213694
0.231159
0.200326
0.255247
0.176855
0.277271
0.178134
0.167848
0.236479
0.213424
0.186734
0.194187
0.201095
0.208908
0.221199
0.193771
0.181898
0.199594
0.222454
0.185367
0.181557
0.186455
0.181775
0.250730
0.219785
0.208591
0.160248
0.247020
0.200371
0.186860
0.212670
0.162383
0.185640
0.221281
0.172453
0.226248
0.189674
0.167668
0.258084
0.205115
0.178453
0.203747
0.194066
0.258075
0.315882
0.223236
0.234157
0.250752
0.269911
0.178064
0.243089
0.193151
0.252265
0.220732
0.196692
0.207229
0.237737
0.228488
0.206774
0.218973
0.209116
0.207435
0.224683
0.218165
0.203051
0.196969
0.219270
0.235657
0.242084
0.263468
0.213443
0.187655
0.227699
0.162106
0.262541
0.230794
0.238338
0.190746
0.261243
0.321882
0.284315
0.246148
0.226297
0.244500
0.199115
0.187214
0.201688
0.196395
0.219997
0.237973
0.226429
0.196909
0.199789
0.271640
0.238905
0.261637
0.197026
0.236030
0.185566
0.238240
0.196386
0.207657
0.203550
0.239593
0.223653
0.177066
0.218299
0.187504
0.188648
0.216574
0.166492
0.206366
0.226118
0.226936
0.205660
0.262682
0.219257
0.179193
0.178391
0.236612
0.246622
0.217335
0.280641
0.187819
0.208576
0.234935
0.206521
0.264830
0.213796
0.210872
0.210367
0.199154
0.321211
0.186514
0.195914
0.220809
0.214998
0.228720
0.215852
0.175528
0.280833
0.186917
0.264584
0.211516
0.242997
0.205161
0.202836
0.249736
0.228379
0.178972
0.216001
0.242210
0.204228
0.181680
0.222333
0.215289
0.208521
0.182403
0.199109
0.228617
0.203930
0.225548
0.290865
0.206861
0.188741
0.238258
0.187880
0.200964
0.187286
0.256015
0.184849
0.225474
0.212828
0.232819
0.231723
0.157708
0.205442
0.162182
0.208047
0.204523
0.263092
0.191292
0.156343
0.218579
0.214295
0.200599
0.209725
0.212216
0.200143
0.252614
0.182925
0.197558
0.190841
0.182221
0.164322
0.275794
0.165610
0.180424
0.183148
0.146893
0.179029
0.240283
0.209870
0.223470
0.174187
0.196087
0.164203
0.201421
0.197479
0.206337
0.254835
0.193647
0.262854
0.222498
0.235021
0.184359
0.196343
0.177131
0.245176
0.193281
0.171173
0.272654
0.217941
0.156253
0.219955
0.187979
0.202238
0.218064
0.191794
0.184350
0.211645
0.216910
0.208733
0.192154
0.213547
0.207863
0.153666
0.201806
0.249642
0.191859
0.217974
0.188870
0.199078
0.191756
0.209006
0.177313
0.178035
0.231293
0.240077
0.265877
0.190042
0.207655
0.191458
0.177686
0.250435
0.183751
0.239320
0.206353
0.189854
0.223382
0.223687
0.186895
0.160096
0.193381
0.198093
0.235490
0.166713
0.164428
0.217532
0.216075
0.199671
0.221062
0.120543
0.201149
0.223991
0.171859
0.208052
0.189195
0.187826
0.199946
0.177965
0.199127
0.210550
0.231695
0.154818
0.201708
0.228694
0.171549
0.163339
0.176968
0.184125
0.187868
0.236770
0.215827
0.246120
0.224565
0.227304
0.188541
0.178092
0.165750
0.221301
0.182724
0.236932
0.167010
0.170264
0.225587
0.234491
0.170808
0.174626
0.192743
0.213527
0.204604
0.191214
0.159109
0.227337
0.190986
0.216692
0.214871
0.166343
0.217261
0.210005
0.191185
0.223410
0.199824
0.201060
0.175259
0.204728
0.217001
0.195973
0.194256
0.215510
0.126125
0.187059
0.195338
0.225321
0.213854
0.183940
0.177582
0.197733
0.180740
0.187794
0.204531
0.244339
0.191445
0.165426
0.221076
0.223258
0.225655
0.212239
0.229152
0.200120
0.255568
0.176331
0.277531
0.175946
0.166539
0.236167
0.213179
0.185416
0.192007
0.199167
0.207433
0.220310
0.193701
0.180510
0.199341
0.221218
0.184629
0.181021
0.184990
0.182851
0.249612
0.218904
0.207704
0.159782
0.246443
0.200242
0.186049
0.212202
0.161046
0.184266
0.220619
0.171496
0.226113
0.174321
0.148800
0.250007
0.200310
0.165305
0.188548
0.185061
0.248171
0.294492
0.214091
0.225383
0.235333
0.257094
0.165224
0.222585
0.185890
0.228270
0.204876
0.178488
0.193565
0.219510
0.224040
0.208917
0.201366
0.198535
0.198538
0.210084
0.216630
0.183174
0.190776
0.210711
0.231616
0.230375
0.245819
0.194190
0.176155
0.218772
0.146862
0.254576
0.211263
0.230979
0.183485
0.251872
0.304932
0.286752
0.249164
0.209509
0.225320
0.191131
0.177270
0.188694
0.189077
0.212482
0.235085
0.222853
0.179021
0.189918
0.268140
0.234918
0.260139
0.182043
0.229339
0.182059
0.226078
0.186469
0.195554
0.195056
0.221650
0.203664
0.166342
0.208275
0.174730
0.177643
0.206170
0.151271
0.190043
0.208685
0.220394
0.196755
0.256212
0.200339
0.171342
0.162315
0.223420
0.239845
0.207984
0.280738
0.176470
0.198536
0.224599
0.199812
0.247066
0.204257
0.196398
0.198721
0.195722
0.308786
0.180512
0.190821
0.215099
0.207358
0.228534
0.213534
0.172535
0.278872
0.181529
0.263789
0.201486
0.229938
0.192910
0.194673
0.241181
0.220672
0.167324
0.206091
0.240244
0.187081
0.178621
0.211177
0.209172
0.205521
0.176003
0.188798
0.216079
0.197291
0.213272
0.284746
0.199271
0.176560
0.229311
0.181074
0.189492
0.175563
0.252730
0.175845
0.220755
0.203704
0.230612
0.230484
0.146144
0.203777
0.159795
0.210216
0.207034
0.248074
0.189382
0.146477
0.211433
0.213191
0.194455
0.208095
0.213968
0.198073
0.245862
0.171576
0.191400
0.186596
0.175814
0.156428
0.275005
0.153868
0.180347
0.173674
0.138088
0.176907
0.238367
0.204064
0.211761
0.171991
0.192037
0.158372
0.193912
0.192823
0.206545
0.253095
0.184215
0.263848
0.215146
0.229997
0.179738
0.194058
0.172824
0.244351
0.190711
0.163450
0.273279
0.216911
0.146906
0.217533
0.188066
0.203697
0.210051
0.190261
0.173547
0.204358
0.215866
0.197383
0.185434
0.211540
0.206402
0.152494
0.201953
0.246010
0.183893
0.217786
0.189009
0.196955
0.186408
0.199341
0.180688
0.166441
0.233077
0.236347
0.260529
0.189125
0.208061
0.185313
0.175996
0.246340
0.177044
0.238157
0.201282
0.185032
0.223789
0.218287
0.176757
0.154843
0.192313
0.192060
0.238734
0.162747
0.157224
0.212446
0.208098
0.196901
0.219451
0.116277
0.197780
0.223352
0.171198
0.206870
0.191763
0.179240
0.199275
0.176540
0.189344
0.205689
0.222910
0.150436
0.198076
0.223145
0.170113
0.159135
0.172385
0.179232
0.183275
0.235896
0.207988
0.246704
0.222920
0.224823
0.182241
0.177825
0.163489
0.214634
0.180278
0.232308
0.163985
0.167853
0.222749
0.230817
0.169252
0.178004
0.185435
0.211278
0.202942
0.189779
0.157011
0.222373
0.187296
0.215471
0.215015
0.164806
0.214392
0.211776
0.185775
0.217449
0.194338
0.197155
0.171732
0.198463
0.215056
0.190582
0.191772
0.206695
0.123028
0.185988
0.187054
0.218689
0.209617
0.180814
0.173703
0.194212
0.177937
0.184403
0.204335
0.243595
0.186600
0.159085
0.213536
0.221123
0.226280
0.209178
0.224388
0.200848
0.257903
0.176076
0.279663
0.170596
0.163861
0.236524
0.213742
0.182692
0.186645
0.194573
0.204205
0.218858
0.194736
0.177523
0.199801
0.218677
0.183600
0.180598
0.181729
0.187333
0.247334
0.217401
0.206176
0.159523
0.245816
0.201003
0.184720
0.211909
0.158104
0.181198
0.219711
0.169675
0.225835
0.172418
0.145708
0.250544
0.201931
0.164118
0.186666
0.185239
0.248031
0.290514
0.214182
0.225580
0.233312
0.255917
0.164026
0.218830
0.186511
0.223334
0.202617
0.175436
0.191999
0.216418
0.225485
0.212523
0.198431
0.197905
0.198447
0.208091
0.218934
0.179406
0.191507
0.210645
0.233023
0.229237
0.242705
0.190530
0.175034
0.218484
0.144473
0.254574
0.207428
0.231145
0.183666
0.251343
0.301734
0.290078
0.252656
0.206488
0.237888
0.195753
0.183332
0.196988
0.193310
0.216884
0.236149
0.224434
0.191042
0.196121
0.269703
0.236853
0.260261
0.192070
0.233295
0.183686
0.234081
0.192835
0.203544
0.200397
0.233969
0.217508
0.173359
0.214786
0.183279
0.184895
0.212987
0.161660
0.201254
0.220727
0.224385
0.202501
0.260161
0.213514
0.176327
0.173399
0.232374
0.244051
0.214105
0.279863
0.184081
0.205184
0.231472
0.204004
0.259456
0.210553
0.206362
0.206592
0.197509
0.317244
0.184213
0.193855
0.218593
0.212288
0.227942
0.214529
0.174033
0.279609
0.184813
0.263672
0.208224
0.238923
0.201303
0.200038
0.246840
0.225708
0.175285
0.212767
0.241036
0.199135
0.180225
0.218782
0.212906
0.219416
0.196912
0.217782
0.249684
0.218692
0.246350
0.305052
0.222614
0.209426
0.255442
0.202727
0.220838
0.207409
0.266959
0.201973
0.237911
0.230019
0.242447
0.240266
0.177460
0.214366
0.171855
0.212710
0.208773
0.286435
0.200283
0.173984
0.233210
0.222291
0.214058
0.218207
0.216962
0.209025
0.266579
0.201878
0.210790
0.201941
0.195647
0.179334
0.282995
0.184756
0.186767
0.199735
0.162708
0.187493
0.248481
0.222293
0.242317
0.182580
0.206468
0.176498
0.215519
0.208413
0.211910
0.262505
0.209701
0.267456
0.236201
0.246140
0.195003
0.204397
0.187357
0.251557
0.201539
0.185035
0.277342
0.224411
0.171795
0.227882
0.193123
0.205845
0.232008
0.198613
0.201286
0.224696
0.223092
0.226170
0.204493
0.220692
0.214379
0.159834
0.206498
0.258444
0.205374
0.222939
0.193449
0.206105
0.202286
0.224233
0.178230
0.195314
0.233892
0.248687
0.276232
0.195514
0.211648
0.202600
0.183919
0.259274
0.195425
0.244894
0.216176
0.199380
0.227157
0.233789
0.202159
0.169989
0.198662
0.208788
0.235997
0.175094
0.176322
0.227086
0.228770
0.206636
0.226734
0.129098
0.208698
0.228524
0.176391
0.213130
0.190146
0.200967
0.204391
0.183215
0.213508
0.219516
0.244929
0.163214
0.209258
0.238316
0.176646
0.171450
0.185469
0.192945
0.196337
0.241142
0.227803
0.248854
0.229719
0.233348
0.198747
0.181673
0.171494
0.231844
0.188632
0.245204
0.173504
0.176070
0.231840
0.241641
0.175618
0.174014
0.203810
0.219038
0.209450
0.195793
0.164394
0.235744
0.197981
0.220962
0.217625
0.170919
0.223280
0.210929
0.199949
0.232764
0.208633
0.208124
0.181890
0.214336
0.221861
0.204590
0.199677
0.227845
0.132179
0.190881
0.207041
0.235198
0.221087
0.189944
0.184392
0.204137
0.186341
0.194023
0.207248
0.247640
0.199222
0.174821
0.231770
0.228016
0.227378
0.217983
0.236742
0.201683
0.255359
0.178941
0.277515
0.184105
0.171757
0.238048
0.214823
0.190643
0.200109
0.206418
0.213171
0.224085
0.194739
0.185940
0.200979
0.226132
0.187872
0.183586
0.190654
0.180024
0.254169
0.222601
0.211417
0.162087
0.249141
0.201408
0.189491
0.214496
0.166234
0.189576
0.223552
0.175417
0.228331
0.178306
0.154072
0.251296
0.200397
0.168457
0.192452
0.186696
0.250138
0.300653
0.215788
0.226950
0.239324
0.260141
0.168286
0.228435
0.186939
0.235395
0.209056
0.183525
0.196963
0.224569
0.224118
0.206618
0.206221
0.200856
0.200259
0.213875
0.215707
0.188890
0.191554
0.212353
0.231634
0.233171
0.250770
0.199727
0.178903
0.220599
0.150977
0.256072
0.216944
0.232274
0.184753
0.253910
0.309739
0.284544
0.246761
0.214127
0.230939
0.192717
0.179572
0.192105
0.190448
0.213933
0.234872
0.222897
0.184239
0.192249
0.268179
0.235142
0.259471
0.186252
0.230563
0.182140
0.229288
0.188879
0.198761
0.196968
0.226979
0.209739
0.169080
0.210768
0.178222
0.180504
0.208821
0.155667
0.194844
0.213894
0.221679
0.198900
0.257484
0.206111
0.173127
0.167075
0.227146
0.241260
0.210337
0.279683
0.179555
0.201156
0.227333
0.201242
0.252493
0.206721
0.200652
0.201958
0.196001
0.312282
0.180982
0.203146
0.228446
0.223859
0.232918
0.221393
0.181491
0.286145
0.194403
0.269136
0.221965
0.255387
0.217031
0.212075
0.259223
0.237307
0.190433
0.226329
0.247380
0.219221
0.187523
0.233412
0.223080
0.214265
0.190343
0.209569
0.240513
0.211961
0.237237
0.298521
0.215455
0.200308
0.247696
0.195901
0.212009
0.198476
0.261674
0.194223
0.232029
0.222239
0.237686
0.235945
0.168654
0.209894
0.167086
0.209954
0.206183
0.276193
0.195801
0.166034
0.226469
0.218218
0.207797
0.213949
0.214210
0.204616
0.260133
0.193428
0.204643
0.196656
0.189433
0.172486
0.279294
0.176255
0.183421
0.192272
0.155560
0.183307
0.244407
0.216523
0.233968
0.178443
0.201534
0.170800
0.209098
0.203272
0.208929
0.258686
0.202513
0.264881
0.229967
0.240950
0.190009
0.200448
0.182540
0.248293
0.197522
0.178767
0.274771
0.221126
0.164863
0.224020
0.190387
0.203731
0.225738
0.195213
0.193819
0.218796
0.219962
0.218512
0.198894
0.217187
0.211131
0.156730
0.203992
0.254288
0.199324
0.220335
0.191003
0.202678
0.197454
0.217512
0.177275
0.187776
0.232269
0.244645
0.271491
0.192742
0.209476
0.197553
0.180853
0.255165
0.190175
0.242102
0.211680
0.195005
0.225101
0.229189
0.195486
0.165480
0.196015
0.203964
0.235277
0.171206
0.171025
0.222733
0.223157
0.203332
0.223953
0.125160
0.205169
0.226210
0.174082
0.210606
0.189285
0.195201
0.202130
0.180632
0.207251
0.215445
0.239140
0.159378
0.205765
0.233992
0.174148
0.167740
0.181604
0.188954
0.192490
0.238949
0.222549
0.247324
0.227219
0.230491
0.194216
0.179814
0.168768
0.227185
0.185844
0.241467
0.170485
0.173331
0.228922
0.238364
0.173287
0.173869
0.198965
0.216432
0.207116
0.193568
0.161887
0.231983
0.194791
0.218872
0.216147
0.168709
0.220492
0.210193
0.196062
0.228640
0.204729
0.204925
0.178869
0.210117
0.219559
0.200775
0.197153
0.222539
0.129405
0.189005
0.201994
0.230890
0.217845
0.187199
0.181323
0.201234
0.183764
0.191196
0.205837
0.245997
0.195777
0.170727
0.227154
0.225793
0.226379
0.215366
0.233385
0.200754
0.255144
0.177595
0.277228
0.180528
0.169366
0.237003
0.213873
0.188254
0.196565
0.203218
0.210580
0.222286
0.194045
0.183480
0.200047
0.223883
0.186298
0.182285
0.188108
0.180897
0.252067
0.220851
0.209663
0.160902
0.247799
0.200685
0.187852
0.213322
0.163896
0.187192
0.222125
0.173595
0.227194
0.176460
0.151709
0.250538
0.200125
0.166954
0.190645
0.185806
0.249111
0.297944
0.214877
0.226094
0.237491
0.258692
0.166831
0.225859
0.186297
0.232308
0.207156
0.181281
0.195382
0.222320
0.223876
0.207334
0.204058
0.199715
0.199360
0.212146
0.215876
0.186386
0.191041
0.211492
0.231429
0.231848
0.248582
0.197303
0.177604
0.219672
0.149129
0.255281
0.214468
0.231566
0.184057
0.252899
0.307326
0.285993
0.247477
0.233143
0.252588
0.203805
0.192528
0.207968
0.200929
0.224598
0.241122
0.229796
0.204818
0.205159
0.274973
0.242393
0.264319
0.204035
0.240368
0.188872
0.244330
0.201746
0.213720
0.208439
0.247537
0.232255
0.182653
0.223649
0.193740
0.194300
0.222019
0.173498
0.213720
0.233823
0.231077
0.210564
0.266779
0.227409
0.183716
0.185593
0.242861
0.250763
0.222305
0.282511
0.193418
0.213736
0.240181
0.210570
0.272484
0.218745
0.217431
0.215985
0.202073
0.327060
0.190251
0.199345
0.224429
0.219240
0.230510
0.218330
0.178214
0.283172
0.190367
0.266521
0.216468
0.248929
0.210816
0.207143
0.254160
0.232516
0.184387
0.220837
0.244437
0.211416
0.184244
0.227538
0.218833
0.211035
0.186022
0.203998
0.234227
0.207597
0.231053
0.294345
0.210812
0.194186
0.242635
0.191546
0.206151
0.192544
0.258501
0.189198
0.228411
0.217200
0.234915
0.233496
0.162855
0.207335
0.164305
0.208667
0.205023
0.269325
0.193222
0.160873
0.222207
0.215939
0.203886
0.211525
0.212900
0.202070
0.256070
0.187876
0.200799
0.193450
0.185531
0.168109
0.277249
0.170642
0.181630
0.187424
0.150942
0.180881
0.242060
0.212916
0.228444
0.176036
0.198533
0.167227
0.204987
0.200105
0.207360
0.256493
0.197816
0.263600
0.225970
0.237724
0.186924
0.198136
0.179580
0.246477
0.195147
0.174720
0.273461
0.219285
0.160314
0.221741
0.188938
0.202739
0.221662
0.193262
0.188851
0.214986
0.218198
0.213394
0.195293
0.215136
0.209266
0.154968
0.202671
0.251741
0.195373
0.218930
0.189714
0.200659
0.194387
0.213047
0.177077
0.182697
0.231566
0.242151
0.268478
0.191182
0.208357
0.194302
0.179065
0.252596
0.186764
0.240512
0.208818
0.192232
0.224044
0.226245
0.191000
0.162599
0.194506
0.200840
0.235192
0.168772
0.167541
0.219949
0.219434
0.201318
0.222326
0.122672
0.202979
0.224920
0.172792
0.209153
0.189063
0.191342
0.200864
0.179126
0.203023
0.212829
0.235252
0.156931
0.203570
0.231178
0.172683
0.165377
0.179126
0.186381
0.190019
0.237699
0.219034
0.246562
0.225735
0.228742
0.191226
0.178800
0.167106
0.224095
0.184134
0.239052
0.168600
0.171651
0.227109
0.236284
0.171903
0.174101
0.195714
0.214838
0.205719
0.192251
0.160357
0.229524
0.192752
0.217644
0.215372
0.167391
0.218744
0.209964
0.193494
0.225896
0.202148
0.202863
0.176936
0.207296
0.218152
0.198249
0.195578
0.218903
0.127642
0.187908
0.198548
0.227985
0.215729
0.185451
0.179334
0.199365
0.182134
0.189378
0.205067
0.245052
0.193497
0.167965
0.224005
0.224414
0.225904
0.213692
0.231159
0.200326
0.255245
0.176852
0.277270
0.178132
0.167847
0.236477
0.213421
0.186731
0.194182
0.201091
0.208904
0.221196
0.193770
0.181895
0.199592
0.222451
0.185364
0.181555
0.186451
0.181775
0.250747
0.219782
0.208588
0.160246
0.247027
0.200370
0.186857
0.212668
0.162381
0.185640
0.221281
0.172456
0.226563
0.175302
0.150168
0.250184
0.200129
0.166043
0.189511
0.185347
0.248558
0.296135
0.214401
0.225654
0.236330
0.257810
0.165947
0.224143
0.186012
0.230211
0.205938
0.179807
0.194395
0.220838
0.223879
0.208046
0.202636
0.199049
0.198874
0.211039
0.216176
0.184707
0.190834
0.211028
0.231449
0.231040
0.247130
0.195676
0.176808
0.219152
0.147927
0.254858
0.212799
0.231203
0.183702
0.252320
0.306247
0.285932
0.248287
0.210733
0.226844
0.191449
0.177805
0.189561
0.189337
0.212764
0.234872
0.222717
0.180434
0.190468
0.268004
0.234840
0.259794
0.183159
0.229562
0.181941
0.226896
0.187049
0.196374
0.195490
0.223106
0.205343
0.167026
0.208887
0.175641
0.178367
0.206831
0.152454
0.191349
0.210113
0.220649
0.197268
0.256465
0.201939
0.171750
0.163614
0.224410
0.240146
0.208565
0.280304
0.177272
0.199200
0.225298
0.200120
0.248571
0.204876
0.197555
0.199576
0.195690
0.309732
0.180763
0.190977
0.215323
0.207793
0.228167
0.213400
0.172477
0.278704
0.181732
0.263499
0.202197
0.230979
0.193866
0.195190
0.241741
0.221144
0.168222
0.206804
0.240104
0.188580
0.178600
0.212035
0.209488
0.205502
0.176353
0.189573
0.217097
0.197672
0.214266
0.285078
0.199762
0.177549
0.229955
0.181487
0.190412
0.176511
0.252768
0.176503
0.220953
0.204380
0.230542
0.230312
0.147090
0.203655
0.159753
0.209682
0.206466
0.249400
0.189296
0.147251
0.211916
0.213024
0.194834
0.207989
0.213499
0.198018
0.246315
0.172526
0.191791
0.186781
0.176235
0.157012
0.274826
0.154869
0.180095
0.174435
0.138779
0.176878
0.238318
0.204435
0.212773
0.171976
0.192223
0.158753
0.194476
0.193082
0.206278
0.253041
0.184993
0.263501
0.215702
0.230303
0.180002
0.194070
0.173057
0.244209
0.190760
0.164057
0.272988
0.216798
0.147693
0.217572
0.187836
0.203318
0.210698
0.190208
0.174499
0.204930
0.215766
0.198397
0.185949
0.211549
0.206353
0.152415
0.201731
0.246198
0.184552
0.217607
0.188794
0.196987
0.186788
0.200190
0.180129
0.167500
0.232691
0.236557
0.260918
0.189037
0.207831
0.185790
0.175994
0.246601
0.177587
0.238102
0.201650
0.185374
0.223569
0.218693
0.177677
0.155236
0.192255
0.192540
0.238215
0.163006
0.157833
0.212828
0.208793
0.197034
0.219461
0.116574
0.197981
0.223257
0.171107
0.206839
0.191327
0.180011
0.199190
0.176538
0.190245
0.206061
0.223708
0.150758
0.198318
0.223595
0.170119
0.159442
0.172734
0.179614
0.183623
0.235846
0.208692
0.246501
0.222956
0.224952
0.182783
0.177717
0.163596
0.215217
0.180406
0.232674
0.164178
0.167979
0.222923
0.231082
0.169290
0.177509
0.186095
0.211392
0.202994
0.189808
0.157111
0.222785
0.187570
0.215479
0.214875
0.164849
0.214580
0.211462
0.186240
0.217973
0.194813
0.197457
0.171995
0.199024
0.215149
0.191051
0.191927
0.207532
0.123251
0.185994
0.187836
0.219295
0.209966
0.181043
0.174013
0.194483
0.178134
0.184663
0.204252
0.243570
0.187019
0.159668
0.214247
0.221252
0.226109
0.209406
0.224805
0.200672
0.257551
0.176004
0.279334
0.171076
0.164054
0.236390
0.213583
0.182893
0.187129
0.194973
0.204458
0.218923
0.194536
0.177756
0.199661
0.218861
0.183624
0.180557
0.181994
0.186761
0.247494
0.217475
0.206254
0.159467
0.245796
0.200836
0.184781
0.211857
0.158337
0.181448
0.219727
0.169789
0.225783
0.172544
0.145962
0.250406
0.201678
0.164168
0.186793
0.185143
0.247973
0.290866
0.214094
0.225483
0.233453
0.255971
0.164082
0.219163
0.186370
0.223791
0.202790
0.175696
0.192097
0.216679
0.225261
0.212063
0.198679
0.197903
0.198390
0.208239
0.218618
0.179747
0.191362
0.210585
0.232806
0.229293
0.242976
0.190860
0.175090
0.218452
0.144669
0.254508
0.207780
0.231064
0.183583
0.251338
0.302149
0.289660
0.252224
0.206840
0.221829
0.190920
0.176469
0.186984
0.189021
0.212355
0.236305
0.223856
0.175805
0.189045
0.269124
0.235752
0.261690
0.179616
0.229339
0.182980
0.224442
0.185482
0.193912
0.194464
0.218266
0.199663
0.165058
0.207183
0.172819
0.176240
0.204931
0.148605
0.187038
0.205345
0.220247
0.195900
0.256061
0.196519
0.170766
0.159307
0.221250
0.239549
0.206921
0.282445
0.174799
0.197239
0.223204
0.199473
0.243467
0.203065
0.193747
0.196890
0.196296
0.306710
0.180311
0.190878
0.214966
0.206644
0.230003
0.214365
0.173160
0.279793
0.181432
0.265029
0.200003
0.227556
0.190757
0.193710
0.240093
0.219826
0.165311
0.204580
0.241060
0.183423
0.179099
0.209264
0.208732
0.205989
0.175462
0.187101
0.213718
0.196654
0.210968
0.284246
0.198330
0.174261
0.227954
0.180338
0.187377
0.173366
0.253006
0.174433
0.220594
0.202239
0.231174
0.231322
0.143940
0.204476
0.160272
0.212026
0.208937
0.244813
0.189971
0.144718
0.210469
0.213992
0.193769
0.208732
0.215592
0.198566
0.244971
0.169325
0.190668
0.186421
0.174996
0.155166
0.275828
0.151460
0.181367
0.171922
0.136525
0.177304
0.238818
0.203364
0.209316
0.172340
0.191832
0.157637
0.192678
0.192425
0.207570
0.253542
0.182392
0.265085
0.213922
0.229451
0.179305
0.194305
0.172473
0.245019
0.190859
0.162077
0.274355
0.217495
0.145039
0.217695
0.188961
0.204987
0.208555
0.190665
0.171219
0.203056
0.216396
0.194876
0.184283
0.211771
0.206790
0.152962
0.202801
0.245739
0.182346
0.218522
0.189835
0.197110
0.185608
0.197267
0.182446
0.163792
0.234358
0.236001
0.259700
0.189596
0.208917
0.184237
0.176224
0.245859
0.175790
0.238531
0.200500
0.184319
0.224608
0.217396
0.174468
0.153983
0.192681
0.190963
0.240363
0.162250
0.155772
0.211609
0.206411
0.196739
0.219626
0.115667
0.197428
0.223798
0.171637
0.207151
0.193140
0.177338
0.199693
0.176732
0.187072
0.204863
0.220929
0.149743
0.197602
0.222104
0.170274
0.158479
0.171613
0.178367
0.182493
0.236206
0.206247
0.247435
0.222989
0.224649
0.180938
0.178294
0.163363
0.213214
0.180094
0.231483
0.163625
0.167668
0.222438
0.230253
0.169308
0.179508
0.183794
0.211118
0.202961
0.189855
0.156892
0.221402
0.186696
0.215599
0.215541
0.164833
0.214023
0.212766
0.184656
0.216162
0.193191
0.196467
0.171148
0.197080
0.214937
0.189449
0.191487
0.204545
0.122561
0.186111
0.185050
0.217172
0.208803
0.180323
0.172991
0.193596
0.177537
0.183823
0.204692
0.243788
0.185582
0.157630
0.211720
0.220897
0.226857
0.208672
0.223340
0.201423
0.255996
0.179981
0.277932
0.186590
0.173529
0.238981
0.215699
0.192491
0.202758
0.208859
0.215213
0.225594
0.195485
0.187936
0.201904
0.227998
0.189263
0.184786
0.192752
0.179652
0.255956
0.224135
0.212960
0.163216
0.250387
0.202200
0.190955
0.215621
0.168216
0.191595
0.224860
0.177021
0.229424
0.179925
0.156077
0.252106
0.200845
0.169822
0.194039
0.187600
0.251140
0.302914
0.216706
0.227826
0.240923
0.261456
0.169603
0.230590
0.187646
0.237930
0.210701
0.185425
0.198370
0.226471
0.224518
0.206301
0.208056
0.201927
0.201146
0.215384
0.215793
0.190973
0.192146
0.213204
0.231995
0.234366
0.252612
0.201746
0.180073
0.221494
0.152559
0.256861
0.218991
0.232998
0.185466
0.254853
0.311571
0.284206
0.246362
0.215841
0.232954
0.193514
0.180583
0.193448
0.191175
0.214682
0.235118
0.223218
0.186119
0.193254
0.268493
0.235508
0.259568
0.187815
0.231225
0.182455
0.230548
0.189894
0.200012
0.197826
0.228866
0.211851
0.170184
0.211796
0.179550
0.181639
0.209891
0.157263
0.196562
0.215729
0.222333
0.199810
0.258129
0.208110
0.173921
0.168765
0.228523
0.241942
0.211297
0.279620
0.180734
0.202193
0.228402
0.201917
0.254371
0.207704
0.202174
0.203172
0.196321
0.313620
0.182331
0.192221
0.216793
0.209965
0.227646
0.213654
0.172977
0.278837
0.183110
0.263218
0.205260
0.235141
0.197738
0.197588
0.244285
0.223385
0.171892
0.209850
0.240277
0.194249
0.179175
0.215543
0.211177
0.206066
0.178152
0.192788
0.221121
0.199565
0.218202
0.286791
0.202011
0.181460
0.232699
0.183460
0.194077
0.180269
0.253478
0.179284
0.222187
0.207211
0.230872
0.230295
0.150811
0.203798
0.160162
0.208446
0.205108
0.254386
0.189543
0.150379
0.214062
0.212987
0.196623
0.208148
0.212437
0.198340
0.248335
0.176210
0.193602
0.187902
0.178142
0.159458
0.274702
0.158714
0.179721
0.177463
0.141567
0.177252
0.238619
0.206147
0.216621
0.172386
0.193308
0.160482
0.196817
0.194391
0.205830
0.253300
0.188038
0.262777
0.217998
0.231761
0.181315
0.194543
0.174263
0.244156
0.191340
0.166503
0.272415
0.216828
0.150733
0.218112
0.187469
0.202457
0.213265
0.190435
0.178079
0.207242
0.215820
0.202182
0.188062
0.211957
0.206566
0.152526
0.201368
0.247203
0.187127
0.217369
0.188442
0.197453
0.188425
0.203389
0.178612
0.171401
0.231754
0.237618
0.262565
0.189082
0.207400
0.187731
0.176324
0.247801
0.179737
0.238247
0.203211
0.186847
0.223151
0.220378
0.181077
0.156872
0.192379
0.194460
0.236778
0.164182
0.160182
0.214412
0.211426
0.197784
0.219793
0.117869
0.198954
0.223243
0.171103
0.207024
0.190157
0.182878
0.199196
0.176817
0.193549
0.207587
0.226654
0.152113
0.199403
0.225374
0.170412
0.160738
0.174168
0.181164
0.185067
0.235943
0.211310
0.246071
0.223337
0.225635
0.184849
0.177602
0.164204
0.217422
0.181085
0.234140
0.165068
0.168649
0.223748
0.232211
0.169654
0.176089
0.188542
0.212010
0.203403
0.190134
0.157679
0.224388
0.188716
0.215734
0.214638
0.165220
0.215434
0.210640
0.188015
0.219950
0.196618
0.198693
0.173094
0.201114
0.215679
0.192827
0.192653
0.210552
0.124200
0.186210
0.190665
0.221527
0.211331
0.182010
0.175253
0.195594
0.178986
0.185728
0.204163
0.243681
0.188614
0.161804
0.216818
0.221869
0.225732
0.210361
0.226375
0.200255
0.256557
0.175947
0.278415
0.172864
0.164876
0.236115
0.213236
0.183734
0.188928
0.196497
0.205488
0.219309
0.194018
0.178698
0.199356
0.219644
0.183859
0.180574
0.183039
0.185007
0.248187
0.217887
0.206677
0.159430
0.245897
0.200432
0.185132
0.211837
0.159277
0.182433
0.219931
0.170326
0.225762
0.173110
0.146960
0.250092
0.200972
0.164479
0.187355
0.184961
0.247906
0.292190
0.213949
0.225299
0.234072
0.256283
0.164403
0.220409
0.186035
0.225469
0.203496
0.176689
0.192555
0.217693
0.224629
0.210654
0.199633
0.198028
0.198318
0.208856
0.217682
0.181008
0.190995
0.210510
0.232197
0.229606
0.244003
0.192087
0.175399
0.218458
0.145436
0.254415
0.209072
0.230909
0.183424
0.251434
0.303189
0.288365
0.250868
0.207807
0.223131
0.190890
0.176681
0.187565
0.188933
0.212294
0.235701
0.223342
0.177001
0.189291
0.268619
0.235306
0.260953
0.180495
0.229232
0.182503
0.225003
0.185780
0.194476
0.194602
0.219537
0.201188
0.165480
0.207528
0.173497
0.176712
0.205339
0.149590
0.188165
0.206605
0.220212
0.196154
0.256030
0.197974
0.170907
0.160435
0.222039
0.239580
0.207262
0.281666
0.175388
0.197677
0.223683
0.199523
0.244839
0.203462
0.194737
0.197550
0.195978
0.307471
0.180310
0.190771
0.214935
0.206852
0.229324
0.213949
0.172828
0.279335
0.181390
0.264449
0.200527
0.228445
0.191552
0.194025
0.240460
0.220095
0.166052
0.205118
0.240656
0.184832
0.178828
0.209969
0.208840
0.205726
0.175610
0.187717
0.214605
0.196842
0.211834
0.284379
0.198643
0.175125
0.228438
0.180569
0.188167
0.174190
0.252829
0.174938
0.220593
0.202770
0.230880
0.230918
0.144770
0.204130
0.160016
0.211230
0.208101
0.246074
0.189672
0.145371
0.210799
0.213607
0.193990
0.208414
0.214874
0.198307
0.245274
0.170180
0.190909
0.186434
0.175272
0.155622
0.275439
0.152381
0.180898
0.172576
0.137105
0.177088
0.238581
0.203594
0.210256
0.172145
0.191865
0.157884
0.193129
0.192535
0.207103
0.253312
0.183081
0.264533
0.214369
0.229624
0.179431
0.194157
0.172568
0.244700
0.190751
0.162587
0.273871
0.217211
0.145750
0.217583
0.188553
0.204418
0.209115
0.190455
0.172119
0.203540
0.216137
0.195850
0.184706
0.211634
0.206588
0.152731
0.202413
0.245807
0.182932
0.218183
0.189458
0.197006
0.185893
0.198068
0.181692
0.164825
0.233797
0.236098
0.259998
0.189366
0.208532
0.184634
0.176094
0.246016
0.176261
0.238341
0.200779
0.184570
0.224241
0.217717
0.175359
0.154296
0.192497
0.191371
0.239668
0.162416
0.156325
0.211914
0.207060
0.196772
0.219523
0.115880
0.197540
0.223582
0.171423
0.207004
0.192548
0.178075
0.199491
0.176622
0.187961
0.205167
0.221704
0.149992
0.197762
0.222495
0.170178
0.158715
0.171900
0.178686
0.182777
0.236053
0.206926
0.247109
0.222933
0.224694
0.181440
0.178076
0.163389
0.213765
0.180140
0.231790
0.163745
0.167715
0.222536
0.230456
0.169260
0.178871
0.184434
0.211158
0.202927
0.189801
0.156913
0.221769
0.186915
0.215521
0.215303
0.164798
0.214147
0.212340
0.185084
0.216657
0.193633
0.196727
0.171366
0.197641
0.214965
0.189920
0.191590
0.205483
0.122750
0.186032
0.185969
0.217879
0.209182
0.180548
0.173333
0.193898
0.177727
0.184119
0.204472
0.243653
0.186142
0.158451
0.212772
0.221011
0.226487
0.208967
0.223999
0.201048
0.258265
0.176168
0.279995
0.170167
0.163706
0.236666
0.213903
0.182534
0.186230
0.194242
0.204002
0.218822
0.194923
0.177353
0.199930
0.218547
0.183599
0.180646
0.181544
0.187782
0.247233
0.217357
0.206131
0.159583
0.245846
0.201142
0.184689
0.211964
0.157940
0.181023
0.219714
0.169601
0.225889
0.172340
0.145534
0.250655
0.202129
0.164097
0.186585
0.185321
0.248093
0.290269
0.214253
0.225665
0.233218
0.255890
0.164003
0.218606
0.186623
0.223022
0.202512
0.175273
0.191943
0.216264
0.225635
0.212813
0.198289
0.197916
0.198487
0.208014
0.219130
0.179211
0.191603
0.210685
0.233162
0.229209
0.242551
0.190339
0.175009
0.218511
0.144371
0.254619
0.207239
0.231191
0.183714
0.251345
0.301755
0.290303
0.252897
0.206454
0.221288
0.190989
0.176430
0.186777
0.189112
0.212437
0.236633
0.224146
0.175313
0.188984
0.269410
0.236003
0.262081
0.179259
0.229444
0.183254
0.224232
0.185396
0.193700
0.194450
0.217715
0.199002
0.164916
0.207072
0.172559
0.176078
0.204800
0.148218
0.186602
0.204858
0.220304
0.195840
0.256116
0.195990
0.170749
0.158927
0.220996
0.239570
0.206834
0.282732
0.174636
0.197128
0.223082
0.199483
0.243080
0.202971
0.193491
0.196730
0.196396
0.306535
0.180333
0.190919
0.214989
0.206615
0.230170
0.214475
0.173249
0.279908
0.181456
0.265181
0.199899
0.227367
0.190590
0.193657
0.240028
0.219784
0.165170
0.204484
0.241153
0.183155
0.179159
0.209151
0.208726
0.206041
0.175448
0.187009
0.213592
0.196635
0.210855
0.284236
0.198300
0.174171
0.227914
0.180322
0.187317
0.173312
0.253019
0.174412
0.220600
0.202228
0.231181
0.231327
0.143931
0.204474
0.160269
0.212020
0.208931
0.244815
0.189967
0.144721
0.210471
0.213986
0.193771
0.208723
0.215574
0.198558
0.244972
0.169332
0.190670
0.186418
0.174997
0.155173
0.275815
0.151482
0.181348
0.171940
0.136546
0.177289
0.238803
0.203372
0.209367
0.172324
0.191832
0.157650
0.192711
0.192428
0.207523
0.253516
0.182452
0.265026
0.213963
0.229464
0.179315
0.194285
0.172479
0.244977
0.190841
0.162133
0.274294
0.217458
0.145115
0.217678
0.188909
0.204918
0.208610
0.190639
0.171310
0.203108
0.216363
0.194988
0.184333
0.211748
0.206757
0.152924
0.202740
0.245746
0.182428
0.218467
0.189770
0.197090
0.185647
0.197384
0.182323
0.163947
0.234261
0.236011
0.259747
0.189553
0.208848
0.184298
0.176198
0.245883
0.175866
0.238493
0.200544
0.184358
0.224536
0.217450
0.174631
0.154041
0.192637
0.191045
0.240203
0.162282
0.155891
0.211675
0.206562
0.196743
0.219592
0.115719
0.197455
0.223730
0.171568
0.207102
0.192961
0.177547
0.199627
0.176694
0.187334
0.204954
0.221172
0.149821
0.197653
0.222239
0.170234
0.158564
0.171721
0.178492
0.182608
0.236134
0.206545
0.247279
0.222957
0.224665
0.181178
0.178177
0.163373
0.213491
0.180113
0.231643
0.163687
0.167689
0.222489
0.230368
0.169276
0.179118
0.184176
0.211138
0.202933
0.189816
0.156900
0.221633
0.186834
0.215542
0.215377
0.164806
0.214103
0.212474
0.184940
0.216495
0.193490
0.196643
0.171297
0.197472
0.214954
0.189782
0.191558
0.205222
0.122695
0.186049
0.185728
0.217698
0.209087
0.180490
0.173247
0.193824
0.177680
0.184048
0.204514
0.243677
0.186017
0.158275
0.212551
0.220983
0.226556
0.208904
0.223874
0.201121
0.258394
0.176204
0.280116
0.170018
0.163653
0.236723
0.213966
0.182479
0.186077
0.194114
0.203926
0.218811
0.195005
0.177284
0.199989
0.218494
0.183603
0.180672
0.181462
0.187991
0.247188
0.217340
0.206113
0.159614
0.245861
0.201210
0.184676
0.211992
0.157866
0.180944
0.219718
0.169568
0.225917
0.172305
0.145451
0.250715
0.202231
0.164088
0.186547
0.185366
0.248126
0.290146
0.214294
0.225711
0.233172
0.255880
0.163992
0.218491
0.186684
0.222854
0.202454
0.175184
0.191913
0.216170
0.225731
0.212998
0.198201
0.197923
0.198518
0.207963
0.219262
0.179085
0.191669
0.210716
0.233257
0.229193
0.242448
0.190214
0.174993
0.218532
0.144300
0.254651
0.207105
0.231229
0.183754
0.251351
0.301651
0.290481
0.253085
0.206354
0.221148
0.191012
0.176425
0.186725
0.189144
0.212465
0.236731
0.224231
0.175179
0.188973
0.269496
0.236079
0.262194
0.179165
0.229475
0.183336
0.224180
0.185378
0.193645
0.194452
0.217567
0.198819
0.164881
0.207047
0.172489
0.176035
0.204764
0.148104
0.186471
0.204707
0.220325
0.195822
0.256138
0.195808
0.170744
0.158789
0.220905
0.239582
0.206803
0.282858
0.174569
0.197082
0.223030
0.199491
0.242901
0.202931
0.193366
0.196653
0.196456
0.306440
0.180347
0.190948
0.215004
0.206599
0.230283
0.214549
0.173312
0.279986
0.181474
0.265280
0.199835
0.227248
0.190485
0.193625
0.239986
0.219757
0.165072
0.204416
0.241227
0.182954
0.179212
0.209057
0.208721
0.206092
0.175439
0.186924
0.213467
0.196617
0.210732
0.284223
0.198263
0.174046
0.227847
0.180295
0.187201
0.173191
0.253057
0.174341
0.220609
0.202153
0.231237
0.231400
0.143805
0.204540
0.160319
0.212158
0.209076
0.244615
0.190025
0.144622
0.210423
0.214059
0.193744
0.208784
0.215702
0.198610
0.244929
0.169196
0.190638
0.186425
0.174958
0.155102
0.275888
0.151331
0.181434
0.171835
0.136452
0.177333
0.238851
0.203339
0.209209
0.172364
0.191833
0.157614
0.192639
0.192415
0.207613
0.253564
0.182333
0.265131
0.213888
0.229440
0.179298
0.194319
0.172468
0.245042
0.190866
0.162044
0.274390
0.217517
0.144989
0.217705
0.188991
0.205031
0.208512
0.190684
0.171146
0.203022
0.216416
0.194809
0.184258
0.211780
0.206800
0.152974
0.202819
0.245739
0.182320
0.218538
0.189852
0.197116
0.185596
0.197232
0.182477
0.163747
0.234378
0.235995
0.259691
0.189605
0.208930
0.184222
0.176230
0.245855
0.175772
0.238536
0.200491
0.184311
0.224615
0.217387
0.174450
0.153981
0.192681
0.190963
0.240352
0.162251
0.155779
0.211615
0.206429
0.196739
0.219617
0.115677
0.197434
0.223780
0.171618
0.207137
0.193093
0.177391
0.199674
0.176721
0.187143
0.204889
0.221004
0.149769
0.197620
0.222154
0.170256
0.158513
0.171659
0.178422
0.182546
0.236170
0.206392
0.247354
0.222973
0.224655
0.181064
0.178229
0.163367
0.213365
0.180103
0.231573
0.163659
0.167678
0.222465
0.230319
0.169287
0.179269
0.184023
0.211128
0.202941
0.189829
0.156895
0.221546
0.186781
0.215561
0.215437
0.164813
0.214073
0.212578
0.184834
0.216371
0.193382
0.196579
0.171244
0.197336
0.214946
0.189670
0.191533
0.205005
0.122651
0.186068
0.185524
0.217543
0.209008
0.180442
0.173175
0.193761
0.177641
0.183989
0.204554
0.243699
0.185911
0.158120
0.212359
0.220960
0.226618
0.208849
0.223766
0.201186
0.258510
0.176237
0.280226
0.169886
0.163608
0.236776
0.214026
0.182430
0.185942
0.194003
0.203860
0.218802
0.195079
0.177224
0.200044
0.218448
0.183607
0.180698
0.181392
0.188181
0.247148
0.217326
0.206099
0.159642
0.245876
0.201274
0.184668
0.212019
0.157801
0.180876
0.219723
0.169540
0.225941
0.172275
0.145378
0.250769
0.202326
0.164081
0.186519
0.185409
0.248155
0.290038
0.214333
0.225753
0.233135
0.255874
0.163981
0.218387
0.186741
0.222706
0.202404
0.175105
0.191890
0.216090
0.225820
0.213167
0.198124
0.197932
0.198548
0.207921
0.219383
0.178974
0.191729
0.210746
0.233343
0.229180
0.242357
0.190104
0.174982
0.218552
0.144238
0.254680
0.206985
0.231265
0.183792
0.251363
0.301559
0.290648
0.253255
0.206268
0.221024
0.191035
0.176421
0.186678
0.189173
0.212492
0.236820
0.224309
0.175062
0.188965
0.269576
0.236149
0.262298
0.179083
0.229506
0.183413
0.224132
0.185361
0.193598
0.194454
0.217436
0.198658
0.164849
0.207025
0.172429
0.175997
0.204733
0.148004
0.186354
0.204572
0.220346
0.195808
0.256158
0.195646
0.170743
0.158666
0.220823
0.239592
0.206775
0.282971
0.174512
0.197041
0.222986
0.199501
0.242742
0.202895
0.193255
0.196586
0.196512
0.306358
0.180360
0.190977
0.215021
0.206585
0.230384
0.214620
0.173370
0.280059
0.181492
0.265371
0.199781
0.227146
0.190392
0.193597
0.239952
0.219735
0.164984
0.204357
0.241294
0.182777
0.179261
0.208973
0.208719
0.206138
0.175430
0.186851
0.213355
0.196602
0.210624
0.284219
0.198230
0.173936
0.227791
0.180274
0.187101
0.173084
0.253092
0.174277
0.220619
0.202088
0.231290
0.231468
0.143694
0.204600
0.160367
0.212285
0.209207
0.244441
0.190080
0.144535
0.210384
0.214128
0.193721
0.208840
0.215817
0.198657
0.244892
0.169076
0.190611
0.186432
0.174925
0.155043
0.275956
0.151198
0.181515
0.171742
0.136371
0.177374
0.238896
0.203310
0.209073
0.172404
0.191837
0.157584
0.192574
0.192404
0.207694
0.253608
0.182229
0.265227
0.213825
0.229420
0.179285
0.194349
0.172460
0.245101
0.190892
0.161967
0.274477
0.217571
0.144877
0.217730
0.189068
0.205135
0.208425
0.190726
0.171001
0.202948
0.216467
0.194651
0.184192
0.211811
0.206840
0.153020
0.202893
0.245734
0.182225
0.218604
0.189925
0.197141
0.185553
0.197095
0.182617
0.163568
0.234484
0.235982
0.259645
0.189653
0.209006
0.184155
0.176261
0.245833
0.175693
0.238576
0.200446
0.184270
0.224692
0.217334
0.174290
0.153928
0.192722
0.190893
0.240489
0.162225
0.155680
0.211563
0.206311
0.196738
0.219645
0.115642
0.197416
0.223826
0.171666
0.207171
0.193211
0.177252
0.199718
0.176747
0.186973
0.204833
0.220854
0.149724
0.197593
0.222081
0.170281
0.158469
0.171606
0.178361
0.182491
0.236205
0.206257
0.247424
0.222986
0.224649
0.180964
0.178279
0.163364
0.213254
0.180096
0.231511
0.163637
0.167671
0.222446
0.230278
0.169300
0.179406
0.183889
0.211122
0.202952
0.189842
0.156893
0.221469
0.186735
0.215580
0.215489
0.164822
0.214047
0.212673
0.184741
0.216263
0.193285
0.196522
0.171198
0.197217
0.214940
0.189571
0.191512
0.204812
0.122614
0.186084
0.185345
0.217407
0.208938
0.180400
0.173112
0.193707
0.177609
0.183936
0.204592
0.243722
0.185816
0.157984
0.212188
0.220941
0.226674
0.208803
0.223669
0.201247
0.258616
0.176269
0.280329
0.169770
0.163569
0.236827
0.214080
0.182387
0.185826
0.193905
0.203805
0.218796
0.195148
0.177172
0.200095
0.218411
0.183611
0.180721
0.181329
0.188353
0.247116
0.217317
0.206088
0.159670
0.245893
0.201334
0.184663
0.212046
0.157744
0.180817
0.219730
0.169517
0.225965
0.172249
0.145314
0.250819
0.202412
0.164077
0.186494
0.185449
0.248185
0.289945
0.214369
0.225794
0.233104
0.255868
0.163973
0.218296
0.186794
0.222577
0.202363
0.175035
0.191870
0.216018
0.225901
0.213323
0.198056
0.197943
0.198577
0.207884
0.219493
0.178875
0.191785
0.210777
0.233422
0.229174
0.242279
0.190008
0.174973
0.218572
0.144183
0.254711
0.206879
0.231301
0.183827
0.251375
0.301476
0.290796
0.253409
0.206192
0.220913
0.191056
0.176419
0.186638
0.189203
0.212516
0.236899
0.224380
0.174958
0.188961
0.269650
0.236217
0.262391
0.179012
0.229535
0.183483
0.224091
0.185348
0.193558
0.194458
0.217321
0.198516
0.164823
0.207008
0.172374
0.175965
0.204708
0.147915
0.186252
0.204454
0.220367
0.195795
0.256177
0.195503
0.170744
0.158558
0.220753
0.239606
0.206754
0.283074
0.174462
0.197008
0.222949
0.199512
0.242602
0.202865
0.193157
0.196525
0.196564
0.306289
0.180377
0.191003
0.215039
0.206576
0.230479
0.214683
0.173422
0.280125
0.181511
0.265456
0.199732
0.227054
0.190312
0.193574
0.239921
0.219714
0.164907
0.204304
0.241356
0.182620
0.179309
0.208900
0.208718
0.206183
0.175423
0.186788
0.213256
0.196591
0.210529
0.284217
0.198201
0.173839
0.227743
0.180256
0.187011
0.172991
0.253126
0.174222
0.220629
0.202029
0.231338
0.231531
0.143596
0.204656
0.160412
0.212402
0.209327
0.244285
0.190131
0.144459
0.210348
0.214191
0.193702
0.208892
0.215924
0.198702
0.244861
0.168970
0.190588
0.186439
0.174897
0.154990
0.276018
0.151081
0.181588
0.171659
0.136299
0.177415
0.238938
0.203287
0.208950
0.172439
0.191842
0.157560
0.192520
0.192398
0.207771
0.253650
0.182138
0.265315
0.213770
0.229404
0.179275
0.194380
0.172454
0.245156
0.190917
0.161899
0.274556
0.217621
0.144778
0.217757
0.189138
0.205228
0.208348
0.190764
0.170872
0.202883
0.216514
0.194509
0.184135
0.211838
0.206878
0.153064
0.202961
0.245732
0.182141
0.218666
0.189991
0.197165
0.185516
0.196976
0.182745
0.163410
0.234581
0.235973
0.259606
0.189699
0.209077
0.184099
0.176289
0.245816
0.175623
0.238614
0.200406
0.184235
0.224759
0.217285
0.174149
0.153882
0.192760
0.190830
0.240614
0.162204
0.155593
0.211518
0.206206
0.196739
0.219668
0.115611
0.197402
0.223871
0.171708
0.207202
0.193320
0.177128
0.199761
0.176773
0.186823
0.204786
0.220722
0.149685
0.197569
0.222017
0.170304
0.158432
0.171561
0.178307
0.182443
0.236239
0.206137
0.247489
0.223001
0.224645
0.180874
0.178323
0.163363
0.213156
0.180091
0.231457
0.163617
0.167666
0.222431
0.230243
0.169312
0.179532
0.183770
0.211119
0.202961
0.189858
0.156891
0.221401
0.186696
0.215597
0.215539
0.164833
0.214024
0.212761
0.184660
0.216167
0.193199
0.196475
0.171158
0.197110
0.214938
0.189485
0.191495
0.204642
0.122582
0.186099
0.185185
0.217287
0.208873
0.180365
0.173060
0.193660
0.177580
0.183892
0.204627
0.243743
0.185733
0.157862
0.212034
0.220926
0.226728
0.208762
0.223584
0.201302
0.258713
0.176301
0.280423
0.169666
0.163536
0.236875
0.214130
0.182351
0.185721
0.193817
0.203753
0.218793
0.195211
0.177127
0.200143
0.218376
0.183616
0.180745
0.181275
0.188510
0.247087
0.217307
0.206079
0.159698
0.245908
0.201388
0.184662
0.212071
0.157694
0.180764
0.219738
0.169499
0.225991
0.172226
0.145258
0.250868
0.202490
0.164074
0.186473
0.185486
0.248214
0.289862
0.214403
0.225829
0.233078
0.255866
0.163968
0.218217
0.186843
0.222461
0.202326
0.174976
0.191854
0.215955
0.225975
0.213463
0.197996
0.197952
0.198603
0.207852
0.219594
0.178788
0.191836
0.210805
0.233495
0.229167
0.242212
0.189924
0.174967
0.218591
0.144137
0.254739
0.206785
0.231335
0.183861
0.251387
0.301405
0.290929
0.253550
0.206124
0.220815
0.191077
0.176418
0.186602
0.189231
0.212538
0.236974
0.224445
0.174867
0.188957
0.269714
0.236276
0.262479
0.178949
0.229563
0.183547
0.224057
0.185338
0.193523
0.194460
0.217219
0.198390
0.164800
0.206993
0.172326
0.175936
0.204688
0.147837
0.186159
0.204348
0.220390
0.195787
0.256198
0.195374
0.170746
0.158462
0.220689
0.239620
0.206737
0.283168
0.174418
0.196979
0.222916
0.199523
0.242476
0.202840
0.193071
0.196472
0.196613
0.306223
0.180392
0.191028
0.215056
0.206569
0.230563
0.214741
0.173470
0.280185
0.181529
0.265530
0.199691
0.226971
0.190242
0.193552
0.239894
0.219699
0.164840
0.204257
0.241413
0.182478
0.179352
0.208834
0.208719
0.206226
0.175418
0.186732
0.213167
0.196583
0.210446
0.284215
0.198176
0.173754
0.227698
0.180241
0.186932
0.172907
0.253159
0.174173
0.220640
0.201979
0.231383
0.231589
0.143509
0.204706
0.160453
0.212504
0.209438
0.244146
0.190177
0.144391
0.210319
0.214247
0.193685
0.208942
0.216023
0.198743
0.244834
0.168875
0.190569
0.186447
0.174873
0.154944
0.276077
0.150975
0.181657
0.171586
0.136236
0.177452
0.238978
0.203267
0.208841
0.172473
0.191848
0.157539
0.192472
0.192392
0.207841
0.253689
0.182057
0.265396
0.213721
0.229390
0.179268
0.194410
0.172452
0.245207
0.190939
0.161839
0.274629
0.217667
0.144691
0.217781
0.189200
0.205315
0.208277
0.190800
0.170757
0.202826
0.216557
0.194385
0.184085
0.211865
0.206913
0.153104
0.203022
0.245731
0.182067
0.218721
0.190051
0.197188
0.185484
0.196871
0.182861
0.163270
0.234669
0.235967
0.259573
0.189740
0.209141
0.184049
0.176317
0.245800
0.175562
0.238648
0.200372
0.184205
0.224820
0.217245
0.174021
0.153842
0.192794
0.190776
0.240724
0.162186
0.155515
0.211480
0.206111
0.196740
0.219690
0.115585
0.197392
0.223909
0.171745
0.207231
0.193420
0.177020
0.199799
0.176797
0.186689
0.204744
0.220605
0.149651
0.197549
0.221959
0.170325
0.158400
0.171524
0.178259
0.182400
0.236269
0.206031
0.247547
0.223016
0.224642
0.180795
0.178364
0.163365
0.213068
0.180088
0.231410
0.163600
0.167663
0.222416
0.230213
0.169325
0.179647
0.183664
0.211118
0.202969
0.189871
0.156892
0.221341
0.186663
0.215616
0.215583
0.164842
0.214006
0.212841
0.184587
0.216081
0.193124
0.196432
0.171124
0.197015
0.214937
0.189408
0.191481
0.204488
0.122555
0.186114
0.185041
0.217180
0.208816
0.180334
0.173012
0.193620
0.177554
0.183853
0.204660
0.243764
0.185659
0.157756
0.211897
0.220912
0.226776
0.208728
0.223511
0.201353
0.258800
0.176329
0.280506
0.169574
0.163508
0.236917
0.214177
0.182321
0.185626
0.193741
0.203708
0.218793
0.195269
0.177090
0.200188
0.218346
0.183622
0.180767
0.181227
0.188651
0.247060
0.217302
0.206073
0.159722
0.245926
0.201439
0.184662
0.212095
0.157650
0.180716
0.219744
0.169485
0.226014
0.172207
0.145210
0.250913
0.202561
0.164072
0.186455
0.185521
0.248240
0.289786
0.214433
0.225865
0.233052
0.255864
0.163966
0.218146
0.186888
0.222357
0.202295
0.174923
0.191841
0.215900
0.226040
0.213589
0.197945
0.197964
0.198629
0.207826
0.219684
0.178713
0.191885
0.210832
0.233561
0.229161
0.242154
0.189848
0.174964
0.218610
0.144096
0.254766
0.206702
0.231368
0.183892
0.251400
0.301344
0.291051
0.253678
0.206065
0.220728
0.191098
0.176418
0.186572
0.189258
0.212559
0.237039
0.224508
0.174788
0.188954
0.269775
0.236331
0.262558
0.178895
0.229589
0.183605
0.224027
0.185329
0.193494
0.194466
0.217128
0.198279
0.164780
0.206981
0.172284
0.175912
0.204671
0.147769
0.186076
0.204254
0.220411
0.195784
0.256216
0.195261
0.170751
0.158378
0.220636
0.239635
0.206722
0.283254
0.174381
0.196955
0.222889
0.199532
0.242365
0.202817
0.192994
0.196425
0.196657
0.306169
0.180406
0.191052
0.215072
0.206563
0.230640
0.214793
0.173515
0.280242
0.181547
0.265597
0.199654
0.226898
0.190177
0.193535
0.239872
0.219688
0.164780
0.204217
0.241466
0.182352
0.179389
0.208776
0.208722
0.206266
0.175415
0.186683
0.213090
0.196578
0.210372
0.284217
0.198156
0.173679
0.227662
0.180229
0.186865
0.172835
0.253187
0.174133
0.220650
0.201933
0.231426
0.231644
0.143434
0.204753
0.160492
0.212600
0.209538
0.244024
0.190220
0.144332
0.210295
0.214299
0.193671
0.208987
0.216112
0.198783
0.244809
0.168791
0.190551
0.186457
0.174852
0.154904
0.276131
0.150883
0.181721
0.171522
0.136182
0.177487
0.239016
0.203251
0.208744
0.172505
0.191854
0.157519
0.192429
0.192389
0.207906
0.253726
0.181988
0.265472
0.213678
0.229379
0.179263
0.194437
0.172450
0.245256
0.190962
0.161788
0.274697
0.217708
0.144615
0.217804
0.189258
0.205391
0.208216
0.190833
0.170657
0.202774
0.216598
0.194272
0.184039
0.211891
0.206947
0.153139
0.203080
0.245731
0.181999
0.218773
0.190106
0.197211
0.185457
0.196779
0.182966
0.163146
0.234749
0.235964
0.259543
0.189777
0.209200
0.184008
0.176342
0.245787
0.175509
0.238681
0.200344
0.184180
0.224877
0.217209
0.173909
0.153809
0.192825
0.190730
0.240827
0.162171
0.155447
0.211445
0.206029
0.196744
0.219713
0.115563
0.197387
0.223947
0.171781
0.207259
0.193513
0.176920
0.199835
0.176822
0.186569
0.204709
0.220500
0.149621
0.197532
0.221908
0.170347
0.158372
0.171492
0.178219
0.182365
0.236299
0.205937
0.247602
0.223031
0.224643
0.180726
0.178402
0.163369
0.212991
0.180086
0.231366
0.163587
0.167661
0.222406
0.230188
0.169340
0.179752
0.183570
0.211120
0.202978
0.189886
0.156892
0.221289
0.186633
0.215633
0.215623
0.164853
0.213990
0.212914
0.184522
0.216006
0.193057
0.196393
0.171095
0.196933
0.214937
0.189343
0.191469
0.204354
0.122532
0.186128
0.184915
0.217086
0.208767
0.180308
0.172971
0.193584
0.177533
0.183820
0.204691
0.243785
0.185597
0.157661
0.211777
0.220902
0.226824
0.208698
0.223446
0.201401
0.258881
0.176355
0.280579
0.169495
0.163482
0.236957
0.214221
0.182295
0.185541
0.193671
0.203669
0.218793
0.195320
0.177055
0.200229
0.218322
0.183630
0.180787
0.181185
0.188782
0.247040
0.217297
0.206069
0.159747
0.245941
0.201485
0.184661
0.212119
0.157612
0.180675
0.219753
0.169472
0.226037
0.172191
0.145168
0.250953
0.202627
0.164073
0.186437
0.185552
0.248268
0.289722
0.214462
0.225897
0.233030
0.255862
0.163967
0.218084
0.186930
0.222265
0.202270
0.174876
0.191830
0.215850
0.226101
0.213705
0.197899
0.197974
0.198654
0.207803
0.219767
0.178646
0.191930
0.210857
0.233621
0.229159
0.242102
0.189781
0.174961
0.218629
0.144060
0.254790
0.206628
0.231399
0.183921
0.251407
0.301291
0.291159
0.253794
0.206013
0.220650
0.191117
0.176421
0.186547
0.189282
0.212580
0.237099
0.224564
0.174718
0.188951
0.269832
0.236383
0.262629
0.178846
0.229613
0.183658
0.224003
0.185322
0.193468
0.194475
0.217048
0.198180
0.164763
0.206971
0.172248
0.175893
0.204656
0.147708
0.186004
0.204173
0.220428
0.195781
0.256237
0.195162
0.170756
0.158303
0.220590
0.239652
0.206709
0.283333
0.174348
0.196935
0.222866
0.199541
0.242266
0.202800
0.192926
0.196383
0.196695
0.306117
0.180421
0.191073
0.215088
0.206561
0.230710
0.214841
0.173557
0.280292
0.181562
0.265656
0.199621
0.226831
0.190122
0.193522
0.239855
0.219679
0.164729
0.204181
0.241515
0.182240
0.179425
0.208727
0.208724
0.206303
0.175414
0.186639
0.213021
0.196573
0.210307
0.284212
0.198139
0.173610
0.227628
0.180219
0.186801
0.172769
0.253215
0.174098
0.220662
0.201894
0.231463
0.231690
0.143364
0.204796
0.160527
0.212683
0.209628
0.243912
0.190257
0.144279
0.210273
0.214344
0.193658
0.209028
0.216192
0.198819
0.244789
0.168716
0.190536
0.186464
0.174835
0.154869
0.276179
0.150800
0.181777
0.171465
0.136135
0.177519
0.239052
0.203238
0.208657
0.172533
0.191860
0.157501
0.192392
0.192386
0.207965
0.253760
0.181924
0.265539
0.213638
0.229372
0.179257
0.194464
0.172447
0.245298
0.190982
0.161740
0.274758
0.217750
0.144548
0.217826
0.189312
0.205463
0.208163
0.190864
0.170567
0.202728
0.216636
0.194172
0.184001
0.211913
0.206976
0.153174
0.203132
0.245732
0.181941
0.218819
0.190158
0.197231
0.185433
0.196696
0.183061
0.163035
0.234820
0.235962
0.259517
0.189811
0.209254
0.183968
0.176364
0.245774
0.175462
0.238711
0.200319
0.184159
0.224929
0.217177
0.173808
0.153781
0.192854
0.190687
0.240921
0.162158
0.155386
0.211414
0.205956
0.196748
0.219733
0.115543
0.197383
0.223981
0.171812
0.207283
0.193596
0.176832
0.199868
0.176842
0.186461
0.204676
0.220407
0.149595
0.197517
0.221864
0.170366
0.158349
0.171461
0.178183
0.182334
0.236326
0.205854
0.247651
0.223046
0.224643
0.180665
0.178436
0.163370
0.212922
0.180085
0.231329
0.163577
0.167659
0.222397
0.230165
0.169350
0.179845
0.183487
0.211119
0.202984
0.189896
0.156894
0.221242
0.186610
0.215648
0.215663
0.164864
0.213976
0.212979
0.184466
0.215938
0.192998
0.196361
0.171071
0.196857
0.214937
0.189283
0.191460
0.204234
0.122511
0.186144
0.184801
0.217001
0.208726
0.180286
0.172935
0.193553
0.177513
0.183789
0.204719
0.243803
0.185542
0.157576
0.211668
0.220894
0.226868
0.208671
0.223387
0.201445
0.258955
0.176379
0.280649
0.169425
0.163460
0.236991
0.214259
0.182274
0.185464
0.193614
0.203635
0.218794
0.195367
0.177026
0.200266
0.218296
0.183640
0.180806
0.181148
0.188899
0.247020
0.217295
0.206066
0.159771
0.245954
0.201528
0.184661
0.212139
0.157579
0.180640
0.219760
0.169462
0.226059
0.172177
0.145131
0.250992
0.202685
0.164075
0.186424
0.185581
0.248288
0.289666
0.214490
0.225928
0.233011
0.255862
0.163968
0.218027
0.186967
0.222183
0.202245
0.174835
0.191821
0.215806
0.226156
0.213807
0.197858
0.197984
0.198677
0.207782
0.219843
0.178587
0.191970
0.210877
0.233677
0.229157
0.242054
0.189720
0.174957
0.218648
0.144031
0.254812
0.206564
0.231426
0.183949
0.251418
0.301247
0.291262
0.253899
0.205965
0.220583
0.191137
0.176423
0.186525
0.189303
0.212600
0.237157
0.224616
0.174653
0.188948
0.269882
0.236429
0.262696
0.178804
0.229635
0.183707
0.223981
0.185319
0.193444
0.194481
0.216976
0.198092
0.164750
0.206963
0.172217
0.175877
0.204644
0.147654
0.185940
0.204099
0.220444
0.195779
0.256252
0.195073
0.170760
0.158237
0.220548
0.239665
0.206699
0.283405
0.174319
0.196917
0.222844
0.199551
0.242180
0.202786
0.192863
0.196349
0.196730
0.306076
0.180431
0.191094
0.215105
0.206558
0.230774
0.214884
0.173597
0.280341
0.181576
0.265713
0.199593
0.226774
0.190073
0.193508
0.239839
0.219672
0.164683
0.204151
0.241559
0.182140
0.179457
0.208683
0.208727
0.206339
0.175415
0.186601
0.212961
0.196570
0.210247
0.284208
0.198125
0.173549
0.227601
0.180209
0.186746
0.172710
0.253241
0.174068
0.220673
0.201860
0.231495
0.231732
0.143304
0.204834
0.160560
0.212760
0.209709
0.243815
0.190293
0.144232
0.210254
0.214388
0.193650
0.209065
0.216263
0.198850
0.244771
0.168652
0.190527
0.186474
0.174822
0.154838
0.276224
0.150728
0.181829
0.171415
0.136091
0.177546
0.239084
0.203226
0.208582
0.172559
0.191865
0.157486
0.192360
0.192384
0.208017
0.253791
0.181870
0.265600
0.213605
0.229364
0.179255
0.194487
0.172448
0.245338
0.191000
0.161701
0.274811
0.217786
0.144488
0.217846
0.189362
0.205529
0.208117
0.190895
0.170488
0.202688
0.216671
0.194083
0.183966
0.211937
0.207005
0.153205
0.203180
0.245734
0.181891
0.218860
0.190204
0.197250
0.185410
0.196621
0.183145
0.162936
0.234884
0.235958
0.259494
0.189843
0.209302
0.183933
0.176388
0.245766
0.175421
0.238738
0.200296
0.184141
0.224980
0.217149
0.173718
0.153756
0.192884
0.190651
0.241004
0.162147
0.155332
0.211389
0.205893
0.196751
0.219754
0.115527
0.197380
0.224012
0.171843
0.207307
0.193670
0.176753
0.199898
0.176861
0.186365
0.204648
0.220325
0.149573
0.197506
0.221825
0.170384
0.158328
0.171434
0.178153
0.182306
0.236349
0.205781
0.247696
0.223060
0.224645
0.180611
0.178467
0.163373
0.212861
0.180084
0.231297
0.163567
0.167658
0.222391
0.230146
0.169361
0.179929
0.183414
0.211119
0.202993
0.189906
0.156897
0.221200
0.186587
0.215662
0.215698
0.164875
0.213964
0.213039
0.184414
0.215879
0.192946
0.196332
0.171049
0.196793
0.214936
0.189228
0.191456
0.204125
0.122491
0.186160
0.184701
0.216928
0.208689
0.180266
0.172900
0.193526
0.177497
0.183762
0.204746
0.243819
0.185492
0.157502
0.211574
0.220885
0.226907
0.208646
0.223335
0.201484
0.259023
0.176402
0.280712
0.169362
0.163442
0.237022
0.214297
0.182254
0.185399
0.193564
0.203606
0.218794
0.195410
0.177000
0.200300
0.218279
0.183648
0.180823
0.181116
0.189003
0.247005
0.217297
0.206062
0.159790
0.245968
0.201564
0.184660
0.212159
0.157551
0.180608
0.219769
0.169454
0.226079
0.172168
0.145098
0.251025
0.202738
0.164078
0.186412
0.185609
0.248308
0.289615
0.214516
0.225956
0.232993
0.255861
0.163968
0.217976
0.187002
0.222112
0.202225
0.174799
0.191813
0.215769
0.226208
0.213900
0.197822
0.197992
0.198698
0.207765
0.219910
0.178532
0.192007
0.210897
0.233726
0.229155
0.242013
0.189665
0.174956
0.218663
0.144001
0.254833
0.206505
0.231448
0.183973
0.251428
0.301205
0.291359
0.253995
0.205925
0.220522
0.191156
0.176426
0.186506
0.189326
0.212621
0.237207
0.224661
0.174597
0.188950
0.269929
0.236472
0.262757
0.178766
0.229657
0.183752
0.223962
0.185315
0.193427
0.194489
0.216912
0.198012
0.164737
0.206958
0.172190
0.175863
0.204632
0.147608
0.185885
0.204034
0.220458
0.195777
0.256269
0.194994
0.170766
0.158177
0.220513
0.239675
0.206690
0.283466
0.174295
0.196900
0.222825
0.199556
0.242103
0.202771
0.192810
0.196318
0.196763
0.306041
0.180442
0.191112
0.215118
0.206557
0.230834
0.214923
0.173632
0.280388
0.181589
0.265762
0.199568
0.226725
0.190028
0.193499
0.239828
0.219665
0.164642
0.204126
0.241598
0.182052
0.179487
0.208645
0.208730
0.206369
0.175415
0.186567
0.212907
0.196567
0.210194
0.284210
0.198113
0.173494
0.227576
0.180205
0.186698
0.172659
0.253264
0.174040
0.220684
0.201828
0.231529
0.231772
0.143251
0.204870
0.160588
0.212831
0.209781
0.243725
0.190325
0.144192
0.210236
0.214427
0.193643
0.209099
0.216326
0.198880
0.244756
0.168592
0.190519
0.186483
0.174811
0.154812
0.276261
0.150663
0.181876
0.171370
0.136054
0.177572
0.239112
0.203217
0.208512
0.172585
0.191870
0.157474
0.192332
0.192384
0.208062
0.253818
0.181820
0.265656
0.213575
0.229357
0.179251
0.194507
0.172449
0.245371
0.191018
0.161667
0.274863
0.217820
0.144433
0.217865
0.189406
0.205589
0.208077
0.190921
0.170416
0.202653
0.216702
0.194002
0.183937
0.211958
0.207031
0.153233
0.203223
0.245737
0.181845
0.218901
0.190248
0.197267
0.185391
0.196554
0.183224
0.162847
0.234946
0.235957
0.259473
0.189873
0.209348
0.183901
0.176408
0.245761
0.175381
0.238765
0.200275
0.184124
0.225026
0.217125
0.173639
0.153734
0.192911
0.190621
0.241081
0.162138
0.155284
0.211364
0.205837
0.196756
0.219772
0.115512
0.197376
0.224043
0.171872
0.207329
0.193736
0.176684
0.199925
0.176878
0.186280
0.204623
0.220253
0.149554
0.197495
0.221789
0.170402
0.158309
0.171408
0.178127
0.182282
0.236373
0.205715
0.247737
0.223074
0.224647
0.180564
0.178499
0.163375
0.212808
0.180085
0.231269
0.163560
0.167658
0.222388
0.230130
0.169370
0.180005
0.183348
0.211122
0.203002
0.189918
0.156899
0.221164
0.186567
0.215676
0.215733
0.164886
0.213956
0.213093
0.184370
0.215830
0.192901
0.196309
0.171029
0.196736
0.214939
0.189183
0.191449
0.204031
0.122475
0.186173
0.184610
0.216861
0.208654
0.180247
0.172870
0.193502
0.177482
0.183740
0.204770
0.243833
0.185448
0.157434
0.211490
0.220880
0.226942
0.208626
0.223289
0.201520
0.259085
0.176426
0.280769
0.169308
0.163426
0.237053
0.214330
0.182236
0.185340
0.193519
0.203584
0.218796
0.195451
0.176977
0.200330
0.218264
0.183657
0.180840
0.181087
0.189094
0.246995
0.217297
0.206060
0.159809
0.245980
0.201598
0.184662
0.212176
0.157527
0.180581
0.219776
0.169446
0.226097
0.172161
0.145069
0.251057
0.202787
0.164080
0.186400
0.185635
0.248327
0.289573
0.214540
0.225979
0.232981
0.255863
0.163970
0.217932
0.187035
0.222050
0.202206
0.174767
0.191806
0.215738
0.226256
0.213981
0.197789
0.198000
0.198716
0.207749
0.219973
0.178484
0.192039
0.210915
0.233775
0.229156
0.241979
0.189616
0.174954
0.218678
0.143977
0.254852
0.206453
0.231471
0.183997
0.251437
0.301166
0.291445
0.254081
0.205887
0.220469
0.191170
0.176429
0.186489
0.189345
0.212640
0.237257
0.224705
0.174547
0.188952
0.269969
0.236509
0.262814
0.178733
0.229679
0.183791
0.223947
0.185314
0.193411
0.194496
0.216857
0.197940
0.164729
0.206951
0.172166
0.175850
0.204623
0.147566
0.185835
0.203974
0.220472
0.195775
0.256285
0.194924
0.170770
0.158124
0.220479
0.239684
0.206681
0.283525
0.174272
0.196886
0.222808
0.199567
0.242034
0.202760
0.192764
0.196294
0.196793
0.306011
0.180454
0.191133
0.215130
0.206554
0.230886
0.214962
0.173666
0.280425
0.181604
0.265812
0.199546
0.226681
0.189991
0.193490
0.239815
0.219656
0.164607
0.204104
0.241635
0.181975
0.179515
0.208610
0.208735
0.206397
0.175415
0.186538
0.212859
0.196565
0.210146
0.284213
0.198102
0.173447
0.227550
0.180200
0.186656
0.172614
0.253286
0.174014
0.220692
0.201802
0.231558
0.231810
0.143203
0.204903
0.160612
0.212891
0.209846
0.243647
0.190353
0.144155
0.210222
0.214461
0.193635
0.209129
0.216385
0.198905
0.244746
0.168541
0.190509
0.186489
0.174800
0.154787
0.276298
0.150606
0.181917
0.171330
0.136019
0.177596
0.239138
0.203208
0.208451
0.172608
0.191877
0.157465
0.192309
0.192386
0.208102
0.253841
0.181776
0.265704
0.213550
0.229353
0.179248
0.194526
0.172450
0.245403
0.191034
0.161635
0.274905
0.217850
0.144385
0.217881
0.189446
0.205643
0.208043
0.190947
0.170351
0.202625
0.216729
0.193933
0.183912
0.211976
0.207056
0.153262
0.203260
0.245738
0.181805
0.218936
0.190284
0.197284
0.185372
0.196493
0.183295
0.162766
0.235000
0.235956
0.259456
0.189902
0.209387
0.183874
0.176428
0.245755
0.175347
0.238791
0.200258
0.184109
0.225070
0.217103
0.173571
0.153712
0.192935
0.190589
0.241149
0.162130
0.155240
0.211346
0.205786
0.196760
0.219786
0.115500
0.197370
0.224069
0.171898
0.207345
0.193797
0.176621
0.199951
0.176894
0.186203
0.204600
0.220188
0.149538
0.197485
0.221762
0.170418
0.158293
0.171384
0.178102
0.182261
0.236394
0.205656
0.247775
0.223087
0.224650
0.180522
0.178525
0.163379
0.212762
0.180087
0.231244
0.163554
0.167659
0.222383
0.230115
0.169381
0.180072
0.183292
0.211121
0.203010
0.189930
0.156900
0.221133
0.186550
0.215686
0.215762
0.164893
0.213952
0.213141
0.184330
0.215781
0.192859
0.196290
0.171013
0.196682
0.214940
0.189142
0.191444
0.203944
0.122462
0.186185
0.184531
0.216799
0.208624
0.180233
0.172844
0.193480
0.177468
0.183720
0.204792
0.243847
0.185405
0.157373
0.211412
0.220877
0.226973
0.208607
0.223248
0.201552
0.259140
0.176445
0.280822
0.169257
0.163413
0.237080
0.214360
0.182222
0.185292
0.193479
0.203562
0.218795
0.195487
0.176956
0.200359
0.218248
0.183664
0.180854
0.181062
0.189177
0.246984
0.217299
0.206058
0.159824
0.245992
0.201629
0.184662
0.212193
0.157505
0.180556
0.219785
0.169440
0.226114
0.172154
0.145043
0.251084
0.202830
0.164081
0.186392
0.185656
0.248342
0.289530
0.214563
0.226003
0.232968
0.255863
0.163970
0.217896
0.187064
0.221992
0.202188
0.174738
0.191801
0.215710
0.226296
0.214054
0.197761
0.198011
0.198731
0.207737
0.220028
0.178442
0.192067
0.210933
0.233817
0.229156
0.241948
0.189573
0.174954
0.218689
0.143955
0.254870
0.206409
0.231492
0.184019
0.251449
0.301130
0.291521
0.254159
0.205857
0.220423
0.191184
0.176432
0.186477
0.189361
0.212656
0.237296
0.224740
0.174503
0.188955
0.270003
0.236542
0.262867
0.178702
0.229701
0.183827
0.223934
0.185312
0.193395
0.194502
0.216807
0.197878
0.164722
0.206946
0.172145
0.175838
0.204615
0.147529
0.185791
0.203919
0.220489
0.195775
0.256298
0.194862
0.170774
0.158077
0.220446
0.239691
0.206676
0.283574
0.174252
0.196873
0.222794
0.199573
0.241972
0.202751
0.192724
0.196272
0.196823
0.305979
0.180462
0.191151
0.215141
0.206552
0.230934
0.214995
0.173695
0.280460
0.181617
0.265858
0.199529
0.226642
0.189954
0.193482
0.239803
0.219645
0.164574
0.204083
0.241669
0.181905
0.179540
0.208576
0.208740
0.206422
0.175417
0.186514
0.212816
0.196564
0.210104
0.284215
0.198093
0.173405
0.227531
0.180199
0.186619
0.172574
0.253307
0.173988
0.220699
0.201780
0.231585
0.231845
0.143161
0.204932
0.160635
0.212951
0.209905
0.243576
0.190382
0.144123
0.210211
0.214493
0.193633
0.209157
0.216439
0.198931
0.244738
0.168495
0.190505
0.186497
0.174791
0.154763
0.276332
0.150555
0.181956
0.171295
0.135988
0.177617
0.239161
0.203200
0.208397
0.172630
0.191883
0.157456
0.192286
0.192389
0.208140
0.253863
0.181736
0.265750
0.213527
0.229345
0.179247
0.194540
0.172452
0.245433
0.191051
0.161607
0.274945
0.217876
0.144342
0.217895
0.189479
0.205690
0.208010
0.190970
0.170293
0.202596
0.216753
0.193870
0.183890
0.211993
0.207080
0.153286
0.203295
0.245741
0.181769
0.218970
0.190317
0.197298
0.185357
0.196440
0.183360
0.162693
0.235051
0.235955
0.259438
0.189927
0.209422
0.183851
0.176444
0.245749
0.175317
0.238811
0.200243
0.184097
0.225108
0.217081
0.173509
0.153696
0.192957
0.190560
0.241210
0.162124
0.155202
0.211329
0.205737
0.196765
0.219802
0.115489
0.197364
0.224092
0.171921
0.207363
0.193852
0.176566
0.199973
0.176908
0.186136
0.204580
0.220132
0.149524
0.197478
0.221733
0.170429
0.158278
0.171368
0.178080
0.182239
0.236413
0.205603
0.247809
0.223094
0.224655
0.180485
0.178548
0.163385
0.212719
0.180087
0.231225
0.163550
0.167659
0.222379
0.230103
0.169393
0.180134
0.183239
0.211122
0.203019
0.189944
0.156901
0.221104
0.186534
0.215699
0.215787
0.164901
0.213948
0.213183
0.184294
0.215741
0.192821
0.196272
0.170997
0.196636
0.214942
0.189106
0.191439
0.203865
0.122450
0.186197
0.184462
0.216746
0.208597
0.180218
0.172821
0.193463
0.177457
0.183704
0.204811
0.243862
0.185369
0.157320
0.211343
0.220874
0.227002
0.208591
0.223212
0.201584
0.259187
0.176464
0.280867
0.169213
0.163401
0.237106
0.214389
0.182206
0.185247
0.193441
0.203544
0.218797
0.195520
0.176936
0.200381
0.218236
0.183670
0.180868
0.181039
0.189255
0.246977
0.217300
0.206059
0.159838
0.246005
0.201657
0.184664
0.212207
0.157486
0.180533
0.219790
0.169435
0.226130
0.172149
0.145021
0.251109
0.202873
0.164083
0.186386
0.185677
0.248357
0.289491
0.214583
0.226023
0.232960
0.255864
0.163973
0.217864
0.187092
0.221939
0.202173
0.174712
0.191796
0.215684
0.226330
0.214120
0.197738
0.198020
0.198745
0.207726
0.220078
0.178404
0.192094
0.210950
0.233854
0.229156
0.241919
0.189536
0.174956
0.218698
0.143934
0.254885
0.206367
0.231513
0.184039
0.251457
0.301096
0.291583
0.254227
0.205830
0.220383
0.191196
0.176434
0.186466
0.189376
0.212674
0.237333
0.224774
0.174464
0.188959
0.270037
0.236575
0.262913
0.178673
0.229719
0.183859
0.223921
0.185310
0.193383
0.194508
0.216763
0.197821
0.164714
0.206941
0.172125
0.175824
0.204606
0.147496
0.185748
0.203874
0.220504
0.195773
0.256312
0.194807
0.170778
0.158035
0.220420
0.239698
0.206670
0.283620
0.174234
0.196864
0.222780
0.199579
0.241917
0.202740
0.192688
0.196246
0.196851
0.305944
0.180473
0.191170
0.215153
0.206550
0.230976
0.215025
0.173721
0.280490
0.181631
0.265895
0.199510
0.226606
0.189923
0.193475
0.239790
0.219640
0.164546
0.204064
0.241700
0.181841
0.179566
0.208550
0.208746
0.206443
0.175418
0.186492
0.212779
0.196562
0.210066
0.284221
0.198085
0.173370
0.227512
0.180198
0.186589
0.172539
0.253327
0.173967
0.220705
0.201759
0.231611
0.231879
0.143123
0.204960
0.160651
0.213005
0.209961
0.243513
0.190408
0.144096
0.210201
0.214521
0.193628
0.209183
0.216490
0.198953
0.244732
0.168453
0.190498
0.186504
0.174783
0.154743
0.276365
0.150508
0.181989
0.171264
0.135961
0.177638
0.239180
0.203192
0.208350
0.172651
0.191891
0.157449
0.192264
0.192389
0.208175
0.253883
0.181705
0.265789
0.213507
0.229342
0.179245
0.194557
0.172450
0.245459
0.191065
0.161583
0.274983
0.217902
0.144304
0.217907
0.189510
0.205732
0.207981
0.190990
0.170240
0.202573
0.216776
0.193815
0.183872
0.212010
0.207099
0.153309
0.203326
0.245744
0.181735
0.219000
0.190352
0.197312
0.185347
0.196395
0.183420
0.162629
0.235098
0.235955
0.259423
0.189948
0.209454
0.183831
0.176459
0.245745
0.175291
0.238832
0.200232
0.184084
0.225141
0.217066
0.173452
0.153681
0.192974
0.190538
0.241265
0.162118
0.155169
0.211312
0.205696
0.196771
0.219815
0.115480
0.197361
0.224116
0.171945
0.207382
0.193904
0.176515
0.199993
0.176923
0.186077
0.204563
0.220083
0.149512
0.197470
0.221708
0.170442
0.158265
0.171354
0.178059
0.182222
0.236431
0.205557
0.247840
0.223103
0.224658
0.180453
0.178569
0.163390
0.212682
0.180088
0.231206
0.163548
0.167660
0.222377
0.230093
0.169405
0.180190
0.183193
0.211123
0.203028
0.189957
0.156903
0.221080
0.186519
0.215710
0.215810
0.164909
0.213944
0.213224
0.184263
0.215703
0.192788
0.196256
0.170984
0.196594
0.214945
0.189076
0.191433
0.203800
0.122441
0.186208
0.184397
0.216696
0.208573
0.180208
0.172802
0.193445
0.177446
0.183690
0.204829
0.243875
0.185336
0.157271
0.211282
0.220872
0.227029
0.208579
0.223180
0.201611
0.259230
0.176479
0.280910
0.169172
0.163390
0.237128
0.214411
0.182194
0.185205
0.193407
0.203526
0.218799
0.195550
0.176919
0.200404
0.218224
0.183676
0.180882
0.181019
0.189326
0.246967
0.217298
0.206059
0.159853
0.246015
0.201686
0.184663
0.212221
0.157469
0.180513
0.219794
0.169430
0.226144
0.172143
0.145002
0.251132
0.202911
0.164085
0.186380
0.185694
0.248369
0.289460
0.214602
0.226042
0.232950
0.255868
0.163974
0.217834
0.187116
0.221894
0.202161
0.174690
0.191791
0.215662
0.226364
0.214184
0.197717
0.198027
0.198762
0.207717
0.220123
0.178370
0.192118
0.210967
0.233887
0.229159
0.241892
0.189502
0.174957
0.218708
0.143920
0.254899
0.206332
0.231531
0.184059
0.251464
0.301071
0.291642
0.254289
0.205806
0.220347
0.191207
0.176437
0.186456
0.189392
0.212688
0.237369
0.224806
0.174430
0.188959
0.270070
0.236602
0.262950
0.178649
0.229734
0.183888
0.223909
0.185311
0.193372
0.194513
0.216723
0.197770
0.164710
0.206937
0.172106
0.175814
0.204602
0.147465
0.185713
0.203832
0.220517
0.195773
0.256320
0.194756
0.170781
0.158000
0.220394
0.239708
0.206667
0.283664
0.174217
0.196857
0.222768
0.199590
0.241867
0.202735
0.192654
0.196229
0.196872
0.305914
0.180482
0.191183
0.215164
0.206549
0.231013
0.215053
0.173744
0.280515
0.181642
0.265930
0.199496
0.226574
0.189894
0.193471
0.239782
0.219635
0.164519
0.204045
0.241729
0.181783
0.179585
0.208526
0.208749
0.206461
0.175418
0.186470
0.212751
0.196560
0.210031
0.284223
0.198078
0.173336
0.227499
0.180193
0.186558
0.172504
0.253346
0.173950
0.220714
0.201742
0.231630
0.231908
0.143089
0.204985
0.160670
0.213054
0.210010
0.243460
0.190430
0.144070
0.210192
0.214547
0.193624
0.209206
0.216536
0.198974
0.244722
0.168418
0.190493
0.186510
0.174777
0.154727
0.276393
0.150467
0.182019
0.171238
0.135936
0.177657
0.239200
0.203186
0.208308
0.172667
0.191895
0.157442
0.192246
0.192387
0.208208
0.253902
0.181676
0.265823
0.213487
0.229341
0.179249
0.194572
0.172450
0.245484
0.191078
0.161561
0.275014
0.217926
0.144270
0.217917
0.189540
0.205768
0.207954
0.191009
0.170196
0.202554
0.216799
0.193767
0.183854
0.212023
0.207117
0.153327
0.203357
0.245745
0.181708
0.219025
0.190380
0.197324
0.185337
0.196354
0.183468
0.162574
0.235137
0.235953
0.259408
0.189968
0.209481
0.183813
0.176473
0.245738
0.175270
0.238848
0.200223
0.184074
0.225169
0.217054
0.173400
0.153669
0.192990
0.190514
0.241316
0.162114
0.155139
0.211299
0.205660
0.196777
0.219830
0.115471
0.197356
0.224135
0.171965
0.207401
0.193949
0.176472
0.200012
0.176936
0.186021
0.204548
0.220036
0.149498
0.197465
0.221689
0.170454
0.158254
0.171344
0.178043
0.182207
0.236446
0.205516
0.247866
0.223109
0.224660
0.180423
0.178589
0.163395
0.212649
0.180089
0.231190
0.163543
0.167663
0.222374
0.230083
0.169413
0.180240
0.183152
0.211122
0.203038
0.189967
0.156907
0.221055
0.186509
0.215719
0.215833
0.164915
0.213937
0.213261
0.184234
0.215670
0.192759
0.196237
0.170973
0.196556
0.214949
0.189048
0.191431
0.203738
0.122432
0.186215
0.184339
0.216654
0.208557
0.180197
0.172784
0.193431
0.177438
0.183675
0.204845
0.243884
0.185308
0.157226
0.211227
0.220871
0.227055
0.208567
0.223150
0.201636
0.259267
0.176492
0.280945
0.169137
0.163381
0.237150
0.214434
0.182183
0.185170
0.193377
0.203505
0.218799
0.195579
0.176906
0.200423
0.218215
0.183681
0.180891
0.181003
0.189390
0.246960
0.217297
0.206059
0.159866
0.246023
0.201710
0.184664
0.212233
0.157453
0.180496
0.219802
0.169426
0.226155
0.172135
0.144983
0.251154
0.202942
0.164086
0.186375
0.185711
0.248380
0.289427
0.214618
0.226058
0.232947
0.255869
0.163974
0.217806
0.187138
0.221854
0.202149
0.174670
0.191788
0.215638
0.226396
0.214240
0.197697
0.198038
0.198779
0.207706
0.220159
0.178340
0.192138
0.210978
0.233918
0.229159
0.241865
0.189475
0.174957
0.218718
0.143906
0.254913
0.206301
0.231543
0.184074
0.251473
0.301043
0.291691
0.254347
0.205783
0.220312
0.191217
0.176438
0.186448
0.189406
0.212697
0.237399
0.224834
0.174398
0.188961
0.270101
0.236627
0.262983
0.178628
0.229749
0.183915
0.223895
0.185310
0.193363
0.194516
0.216687
0.197725
0.164704
0.206935
0.172092
0.175807
0.204597
0.147435
0.185681
0.203798
0.220530
0.195772
0.256330
0.194711
0.170784
0.157967
0.220375
0.239717
0.206665
0.283701
0.174202
0.196849
0.222757
0.199595
0.241823
0.202727
0.192622
0.196211
0.196893
0.305886
0.180490
0.191192
0.215174
0.206551
0.231043
0.215074
0.173762
0.280544
0.181653
0.265962
0.199483
0.226547
0.189870
0.193465
0.239776
0.219635
0.164497
0.204029
0.241753
0.181732
0.179604
0.208507
0.208751
0.206479
0.175421
0.186450
0.212723
0.196558
0.210003
0.284225
0.198072
0.173306
0.227489
0.180189
0.186530
0.172475
0.253360
0.173935
0.220720
0.201723
0.231649
0.231931
0.143057
0.205009
0.160689
0.213099
0.210053
0.243410
0.190450
0.144048
0.210180
0.214572
0.193621
0.209229
0.216575
0.198992
0.244713
0.168385
0.190490
0.186516
0.174770
0.154713
0.276416
0.150430
0.182048
0.171212
0.135915
0.177671
0.239218
0.203182
0.208268
0.172682
0.191898
0.157436
0.192231
0.192390
0.208235
0.253919
0.181650
0.265857
0.213473
0.229335
0.179249
0.194585
0.172452
0.245502
0.191090
0.161541
0.275045
0.217949
0.144242
0.217927
0.189565
0.205802
0.207929
0.191026
0.170158
0.202533
0.216821
0.193721
0.183837
0.212035
0.207131
0.153345
0.203385
0.245747
0.181685
0.219048
0.190410
0.197334
0.185331
0.196319
0.183515
0.162527
0.235175
0.235954
0.259396
0.189984
0.209508
0.183797
0.176485
0.245736
0.175252
0.238863
0.200212
0.184064
0.225192
0.217043
0.173353
0.153656
0.193006
0.190497
0.241361
0.162108
0.155112
0.211282
0.205628
0.196780
0.219841
0.115464
0.197356
0.224151
0.171984
0.207416
0.193987
0.176435
0.200027
0.176946
0.185975
0.204539
0.219996
0.149487
0.197458
0.221670
0.170463
0.158243
0.171331
0.178029
0.182194
0.236460
0.205477
0.247887
0.223120
0.224659
0.180394
0.178607
0.163397
0.212618
0.180091
0.231175
0.163540
0.167665
0.222373
0.230077
0.169419
0.180287
0.183113
0.211124
0.203048
0.189975
0.156910
0.221035
0.186499
0.215731
0.215853
0.164921
0.213932
0.213293
0.184209
0.215639
0.192732
0.196225
0.170960
0.196522
0.214952
0.189022
0.191427
0.203683
0.122423
0.186224
0.184286
0.216615
0.208541
0.180187
0.172768
0.193421
0.177432
0.183663
0.204860
0.243894
0.185281
0.157188
0.211181
0.220865
0.227076
0.208555
0.223126
0.201658
0.259305
0.176508
0.280980
0.169104
0.163374
0.237168
0.214457
0.182174
0.185138
0.193349
0.203492
0.218804
0.195606
0.176895
0.200441
0.218208
0.183685
0.180902
0.180988
0.189443
0.246956
0.217296
0.206061
0.159878
0.246028
0.201732
0.184666
0.212243
0.157440
0.180482
0.219806
0.169421
0.226167
0.172131
0.144967
0.251177
0.202972
0.164088
0.186371
0.185729
0.248395
0.289398
0.214632
0.226075
0.232944
0.255874
0.163973
0.217783
0.187157
0.221820
0.202139
0.174650
0.191787
0.215618
0.226423
0.214290
0.197680
0.198042
0.198792
0.207699
0.220193
0.178311
0.192160
0.210990
0.233943
0.229159
0.241843
0.189451
0.174958
0.218727
0.143893
0.254925
0.206273
0.231553
0.184087
0.251477
0.301018
0.291735
0.254397
0.205764
0.220281
0.191230
0.176442
0.186438
0.189417
0.212707
0.237425
0.224863
0.174369
0.188962
0.270130
0.236651
0.263012
0.178608
0.229759
0.183940
0.223885
0.185310
0.193353
0.194520
0.216655
0.197684
0.164699
0.206935
0.172079
0.175801
0.204592
0.147411
0.185652
0.203766
0.220538
0.195774
0.256341
0.194670
0.170790
0.157936
0.220358
0.239724
0.206661
0.283735
0.174190
0.196842
0.222748
0.199606
0.241783
0.202721
0.192593
0.196196
0.196911
0.305867
0.180499
0.191204
0.215183
0.206554
0.231073
0.215096
0.173781
0.280573
0.181662
0.265992
0.199473
0.226520
0.189849
0.193460
0.239775
0.219637
0.164476
0.204016
0.241777
0.181684
0.179619
0.208488
0.208753
0.206495
0.175421
0.186431
0.212697
0.196556
0.209975
0.284225
0.198066
0.173280
0.227478
0.180183
0.186504
0.172450
0.253370
0.173922
0.220727
0.201707
0.231668
0.231950
0.143030
0.205029
0.160707
0.213136
0.210093
0.243367
0.190465
0.144028
0.210173
0.214598
0.193619
0.209250
0.216610
0.199009
0.244704
0.168356
0.190486
0.186521
0.174764
0.154700
0.276439
0.150398
0.182072
0.171189
0.135896
0.177683
0.239230
0.203179
0.208230
0.172697
0.191901
0.157434
0.192218
0.192391
0.208261
0.253935
0.181629
0.265884
0.213459
0.229337
0.179250
0.194598
0.172454
0.245523
0.191098
0.161525
0.275076
0.217969
0.144214
0.217937
0.189589
0.205835
0.207910
0.191039
0.170125
0.202514
0.216838
0.193681
0.183823
0.212047
0.207147
0.153363
0.203410
0.245745
0.181662
0.219067
0.190434
0.197345
0.185324
0.196287
0.183555
0.162482
0.235209
0.235954
0.259385
0.190001
0.209533
0.183782
0.176499
0.245732
0.175233
0.238878
0.200203
0.184055
0.225214
0.217034
0.173313
0.153643
0.193019
0.190481
0.241403
0.162105
0.155088
0.211272
0.205602
0.196781
0.219852
0.115459
0.197358
0.224167
0.171999
0.207428
0.194021
0.176400
0.200042
0.176958
0.185933
0.204529
0.219959
0.149478
0.197452
0.221653
0.170475
0.158235
0.171319
0.178014
0.182183
0.236472
0.205444
0.247908
0.223131
0.224658
0.180371
0.178626
0.163400
0.212591
0.180093
0.231158
0.163534
0.167666
0.222370
0.230069
0.169425
0.180328
0.183080
0.211125
0.203056
0.189982
0.156913
0.221017
0.186492
0.215737
0.215873
0.164926
0.213928
0.213326
0.184186
