12.174203
12.465388
12.409575
12.494416
12.308251
11.785886
12.214561
11.710136
12.375473
11.691210
11.488264
12.393354
11.775511
11.535931
11.548545
11.005977
11.282136
11.238272
11.176583
10.575524
10.532553
10.592237
11.050961
10.772117
10.270657
9.775887
10.188787
10.183576
9.586458
9.328078
9.301953
9.084742
9.717870
9.295295
8.914589
8.750660
8.831089
9.133489
8.782723
8.466629
8.197854
8.169374
8.391362
8.018541
8.129262
7.835480
7.561973
7.565787
6.958351
7.514731
7.259620
7.350099
6.948321
7.070621
6.811452
6.934817
6.734755
6.769391
6.698878
6.478513
6.427849
6.206850
6.088032
6.258111
5.827667
5.678583
5.789240
5.734548
5.424914
5.622110
5.673663
5.447013
5.165910
5.399024
5.266092
5.177160
5.229585
4.931770
5.200996
4.884363
4.950267
4.820649
4.804673
4.407385
4.201498
4.561186
4.350079
4.277171
4.366564
3.930737
4.346451
4.023044
4.107013
3.973388
4.007576
4.108425
4.041567
3.735347
3.704237
3.814138
3.647964
3.785638
3.540544
3.470326
3.507314
3.612401
3.190913
3.047701
3.473565
3.512991
3.147952
3.185560
3.159529
3.048217
2.970849
2.912677
2.829509
3.006594
2.889623
2.718055
2.738024
2.681118
2.801428
2.613960
2.456884
2.644378
2.568104
2.607712
2.489630
2.691451
2.654093
2.404614
2.425627
2.408945
2.356556
2.341158
2.324552
2.361739
2.374509
2.185313
2.165845
2.100528
2.309251
2.030632
2.164895
2.139572
1.954859
2.005642
1.845678
1.949874
1.953680
1.942861
1.805073
2.068780
1.826289
1.873713
1.849195
1.653995
1.898887
1.651226
1.598293
1.631059
1.641675
1.517544
1.481304
1.464139
1.532308
1.480752
1.484628
1.541169
1.622319
1.547706
1.452267
1.484117
1.433096
1.447692
1.415708
1.308690
1.500688
1.250343
1.394134
1.301987
1.225113
1.226294
1.297439
1.358896
1.234666
1.307054
1.297550
1.214328
1.235494
1.225207
1.130729
1.188063
1.175382
1.088380
1.106194
1.098060
1.160377
1.035188
0.979699
1.063599
0.957167
0.886996
0.877460
0.903743
1.153478
0.891815
0.964788
1.006286
0.900829
0.903426
0.865734
0.813239
0.862373
0.956047
0.934612
0.851780
0.841486
0.857722
0.847563
0.828601
0.903684
0.718134
0.857627
0.790005
0.753337
0.756596
0.754264
0.864494
0.712471
0.721007
0.730893
0.774061
0.723066
0.655158
0.743160
0.760160
0.707619
0.774503
0.729686
0.630169
0.649876
0.660807
0.637515
0.609319
0.661933
0.684081
0.619430
0.648811
0.627822
0.528111
0.546368
0.646118
0.563967
0.636169
0.676813
0.560658
0.667458
0.617744
0.567703
0.549328
0.537409
0.534593
0.588986
0.591165
0.511519
0.482594
0.506864
0.521965
0.577599
0.486496
0.563299
0.512936
0.533947
0.598169
0.495094
0.479959
0.533732
0.449951
0.502487
0.503500
0.510654
0.479987
0.455993
0.466957
0.591832
0.508911
0.463503
0.444425
0.536108
0.413445
0.467840
0.455285
0.523351
0.496422
0.442236
0.427982
0.396120
0.435310
0.423389
0.373188
0.433752
0.404098
0.443607
0.455017
0.343050
0.472206
0.414589
0.470145
0.410644
0.443565
0.443738
0.358184
0.434419
0.463694
0.412415
0.417345
0.411714
0.450021
0.380909
0.356842
0.389857
0.399512
0.315977
0.383653
0.432877
0.332637
0.406290
0.396004
0.339559
0.352382
0.416807
0.339596
0.267202
0.381214
0.405953
0.325005
0.363825
0.268780
0.424612
0.360909
0.337373
0.383237
0.313409
0.363782
0.292952
0.354883
0.359833
0.342890
0.321911
0.312226
0.368784
0.312457
0.362805
0.289192
0.337873
0.369585
0.306497
0.313711
0.330138
0.314755
0.358793
0.351622
0.345887
0.327888
0.283569
0.295135
0.334945
0.340645
0.340305
0.345122
0.272844
0.294709
0.324256
0.278258
0.395018
0.286590
0.347593
0.323207
0.270943
0.350553
0.322369
0.386037
0.273176
0.307649
0.310515
0.307134
0.275503
0.333580
0.303488
0.332860
0.303078
0.346370
0.350726
0.271645
0.242316
0.237477
0.298659
0.356641
0.248237
0.275451
0.296029
0.290857
0.319214
0.305213
0.308397
0.289453
0.299169
0.324892
0.302353
0.307510
0.247475
0.305032
0.281725
0.271755
0.289533
0.238916
0.266682
0.275549
0.237909
0.294142
0.237991
0.242881
0.290094
0.258693
0.274777
0.337399
0.301877
0.262362
0.287881
0.321984
0.275725
0.263861
0.243966
0.365962
0.260278
0.202543
0.280708
0.249005
0.234622
0.283482
0.271138
0.241247
0.278511
0.222156
0.284088
0.259503
0.430704
0.349648
0.306241
0.264011
0.372767
0.394474
0.351059
0.352780
0.367227
0.269336
0.327689
0.299930
0.374704
0.333786
0.261882
0.357175
0.300738
0.244047
0.241617
0.295536
0.338523
0.326605
0.214305
0.342654
0.267607
0.336598
0.291772
0.311232
0.241535
0.320323
0.260979
0.330904
0.221168
0.205137
0.284841
0.279021
0.286437
0.230858
0.293741
0.319586
0.325397
0.227682
0.216636
0.200313
0.282290
0.241229
0.254150
0.296131
0.216525
0.304639
0.291182
0.218660
0.235357
0.268671
0.250206
0.234990
0.249667
0.251520
0.264883
0.272121
0.227043
0.287152
0.297984
0.186619
0.330261
0.265661
0.250852
0.288872
0.293964
0.273435
0.433850
0.244843
0.356187
0.306816
0.329428
0.205437
0.349287
0.243728
0.332706
0.314374
0.272588
0.248113
0.311420
0.261023
0.290251
0.296358
0.265900
0.291737
0.280036
0.321116
0.260886
0.265804
0.224489
0.232544
0.306761
0.321664
0.293189
0.284787
0.289168
0.213160
0.304055
0.313648
0.292843
0.211231
0.331170
0.437182
0.323881
0.325000
0.297765
0.293367
0.261122
0.222741
0.273428
0.221101
0.290096
0.280667
0.313783
0.302027
0.230119
0.347328
0.278697
0.256375
0.304921
0.395801
0.326929
0.348074
0.309008
0.247678
0.265369
0.269472
0.311079
0.244990
0.262809
0.229903
0.283036
0.342042
0.253335
0.296244
0.356357
0.262715
0.291521
0.399147
0.249524
0.249014
0.249759
0.262440
0.362635
0.280205
0.320888
0.314623
0.216499
0.301943
0.264435
0.312112
0.255630
0.289493
0.322774
0.274850
0.346421
0.251801
0.250956
0.236040
0.295821
0.271519
0.247083
0.218827
0.418826
0.277054
0.322419
0.220049
0.349091
0.224825
0.329735
0.265863
0.265235
0.206054
0.261487
0.278967
0.226075
0.234836
0.355356
0.287376
0.330349
0.240587
0.287534
0.343495
0.312581
0.251781
0.384372
0.297849
0.222693
0.268869
0.237461
0.257097
0.259811
0.279342
0.215410
0.339807
0.400131
0.272879
0.310163
0.230717
0.296626
0.202320
0.235974
0.313672
0.332850
0.294577
0.207857
0.327620
0.289920
0.227789
0.259131
0.268516
0.265580
0.314822
0.234427
0.240458
0.281494
0.273300
0.256590
0.321667
0.282123
0.208978
0.246213
0.220742
0.251412
0.266824
0.228935
0.308400
0.281363
0.238831
0.234706
0.252148
0.225263
0.249511
0.337640
0.229770
0.321469
0.326604
0.299364
0.192830
0.262829
0.245331
0.252408
0.217457
0.238524
0.364796
0.266163
0.195170
0.287179
0.192185
0.246927
0.237238
0.237857
0.193012
0.324600
0.253697
0.264124
0.261059
0.276366
0.252195
0.261004
0.279056
0.275618
0.257925
0.244948
0.235136
0.228620
0.218012
0.227663
0.300489
0.211094
0.311136
0.267345
0.321398
0.278940
0.264578
0.261676
0.220660
0.242047
0.233699
0.295372
0.230018
0.213582
0.269591
0.381010
0.234734
0.246470
0.258384
0.330059
0.267620
0.275403
0.216744
0.322396
0.264208
0.261204
0.259516
0.209919
0.246708
0.270309
0.219163
0.285025
0.285576
0.230047
0.333849
0.186977
0.260579
0.230558
0.267509
0.248008
0.291528
0.270470
0.219051
0.294379
0.318353
0.267421
0.269606
0.285621
0.279696
0.268336
0.225688
0.258038
0.233329
0.202528
0.269413
0.280267
0.206916
0.264958
0.290905
0.228029
0.230833
0.305458
0.235544
0.198286
0.235417
0.303936
0.224964
0.271096
0.167183
0.308193
0.259422
0.245745
0.312002
0.226091
0.263760
0.228272
0.236478
0.244136
0.282112
0.190307
0.237794
0.286253
0.209601
0.259535
0.238483
0.266971
0.305314
0.223546
0.262139
0.244683
0.236231
0.257062
0.286526
0.248063
0.242730
0.209670
0.231730
0.263947
0.281623
0.281082
0.283521
0.184719
0.217259
0.230596
0.215342
0.322338
0.216458
0.255348
0.241672
0.228925
0.317133
0.246481
0.312798
0.232098
0.245298
0.249433
0.259226
0.205306
0.305645
0.236695
0.278054
0.243896
0.269493
0.313682
0.212314
0.201165
0.182690
0.243946
0.296200
0.205259
0.234855
0.252666
0.252063
0.284713
0.285544
0.269769
0.236831
0.255848
0.285800
0.260607
0.253794
0.202080
0.271590
0.256053
0.239249
0.277102
0.206485
0.240261
0.245296
0.218350
0.267575
0.212991
0.215558
0.259314
0.219237
0.253951
0.301988
0.282530
0.241182
0.262841
0.310509
0.251935
0.240210
0.212436
0.344862
0.219102
0.183070
0.264944
0.215435
0.202818
0.253188
0.244651
0.222712
0.260476
0.204193
0.254592
0.226568
0.407083
0.324627
0.286282
0.242939
0.347490
0.378436
0.326748
0.337228
0.337511
0.251553
0.313990
0.270163
0.351477
0.315427
0.244258
0.339785
0.283016
0.228414
0.224880
0.286280
0.326362
0.308299
0.192132
0.317894
0.256574
0.328894
0.270933
0.293264
0.234795
0.316076
0.251593
0.326489
0.203692
0.193551
0.278992
0.271960
0.273243
0.213496
0.276965
0.306013
0.315605
0.219372
0.203584
0.194610
0.269703
0.231949
0.246992
0.283837
0.219448
0.291953
0.279649
0.206860
0.224826
0.258535
0.240359
0.211192
0.241878
0.232905
0.250804
0.262906
0.216185
0.278996
0.279496
0.174993
0.323981
0.261204
0.240615
0.278865
0.287393
0.267456
0.415324
0.237363
0.344537
0.295477
0.319802
0.197364
0.336877
0.238164
0.321017
0.305043
0.261998
0.240669
0.301365
0.257930
0.287312
0.287543
0.260066
0.285310
0.272510
0.317312
0.251988
0.260736
0.220315
0.229761
0.296583
0.308443
0.278203
0.274131
0.281165
0.201289
0.296964
0.299625
0.284375
0.204457
0.322303
0.423771
0.321562
0.319644
0.289441
0.284054
0.255035
0.217267
0.266376
0.216445
0.284814
0.276611
0.308722
0.292946
0.225363
0.342664
0.277115
0.256610
0.295748
0.387132
0.315350
0.344606
0.301555
0.241605
0.259624
0.262928
0.302159
0.238992
0.257470
0.223151
0.276096
0.333700
0.245904
0.288479
0.346899
0.258052
0.285178
0.391594
0.248543
0.243915
0.242794
0.257634
0.356087
0.274725
0.318638
0.306774
0.213052
0.296541
0.256867
0.305751
0.251247
0.282755
0.315558
0.270108
0.341547
0.247337
0.246899
0.233165
0.290409
0.269020
0.244517
0.215979
0.410466
0.271356
0.318665
0.215414
0.342040
0.220894
0.323134
0.262628
0.261640
0.202411
0.257735
0.276801
0.210653
0.227133
0.340032
0.277009
0.320353
0.225945
0.274145
0.327795
0.300509
0.239117
0.373092
0.285912
0.210311
0.258466
0.227972
0.245161
0.250316
0.273655
0.205537
0.329627
0.383612
0.265958
0.303992
0.222470
0.290173
0.197214
0.233888
0.307729
0.318858
0.287367
0.200646
0.318775
0.284956
0.219814
0.252727
0.263305
0.257430
0.305576
0.221839
0.231913
0.272243
0.262467
0.245070
0.316924
0.266967
0.204850
0.235209
0.210066
0.243774
0.260904
0.222366
0.295743
0.273163
0.232088
0.225434
0.242824
0.218272
0.245421
0.330443
0.220357
0.316153
0.315076
0.291306
0.188384
0.256419
0.237257
0.248673
0.209108
0.224736
0.355932
0.255991
0.181053
0.278534
0.188505
0.242578
0.226768
0.232482
0.178892
0.309727
0.247100
0.249255
0.248089
0.268476
0.245117
0.250486
0.271557
0.267928
0.245065
0.240532
0.230402
0.222661
0.209627
0.216779
0.293423
0.197217
0.305413
0.260745
0.310510
0.271225
0.258272
0.250565
0.214360
0.236104
0.223540
0.288016
0.222688
0.206718
0.263208
0.365242
0.222936
0.236074
0.252011
0.312996
0.267183
0.264775
0.206718
0.310596
0.254317
0.253847
0.254453
0.200222
0.239748
0.264556
0.214714
0.277738
0.279106
0.220235
0.323840
0.184774
0.248807
0.224111
0.257778
0.238389
0.282660
0.262783
0.214084
0.283001
0.304835
0.258454
0.260268
0.281112
0.269713
0.266281
0.223434
0.254035
0.224758
0.199856
0.260366
0.270923
0.202810
0.259320
0.280624
0.221629
0.230133
0.299469
0.231035
0.197416
0.231148
0.298105
0.223224
0.265331
0.168555
0.305502
0.257264
0.244506
0.306437
0.223512
0.263021
0.227460
0.236322
0.245986
0.278829
0.192186
0.236221
0.286531
0.209054
0.259318
0.234855
0.264289
0.301213
0.222548
0.261369
0.242514
0.235197
0.255808
0.282530
0.249227
0.244593
0.209809
0.231491
0.261605
0.278900
0.278351
0.278557
0.181663
0.216402
0.230653
0.214019
0.320889
0.216775
0.255503
0.240091
0.228011
0.313419
0.246664
0.311022
0.231339
0.242996
0.247079
0.257647
0.205813
0.303606
0.238580
0.278426
0.246090
0.271879
0.311939
0.214014
0.201500
0.185675
0.245784
0.297943
0.206887
0.235043
0.253365
0.252296
0.279358
0.282053
0.265590
0.236225
0.254819
0.282176
0.260996
0.253225
0.202439
0.269031
0.252947
0.237831
0.273249
0.204811
0.240155
0.241850
0.217887
0.264575
0.209734
0.213501
0.257077
0.217840
0.249452
0.299183
0.280291
0.239163
0.261342
0.308614
0.249047
0.241139
0.214352
0.337988
0.223585
0.183512
0.262398
0.218464
0.206238
0.252656
0.246172
0.223193
0.258432
0.202668
0.251524
0.225917
0.398162
0.319718
0.283254
0.241352
0.341385
0.369819
0.321699
0.329804
0.333334
0.245685
0.307603
0.269897
0.346447
0.311014
0.242310
0.331344
0.279811
0.227508
0.224143
0.281910
0.321116
0.302595
0.193483
0.314463
0.255082
0.323029
0.268889
0.291600
0.232681
0.312343
0.247430
0.322944
0.204187
0.193515
0.276812
0.268569
0.269486
0.214347
0.273767
0.301020
0.310022
0.218426
0.203752
0.195025
0.268543
0.230296
0.243704
0.278701
0.216015
0.290563
0.276628
0.207874
0.220552
0.258132
0.237209
0.208992
0.240110
0.227709
0.245630
0.259649
0.212643
0.274481
0.274535
0.175588
0.319398
0.258676
0.239790
0.277921
0.283070
0.269098
0.413683
0.237391
0.337978
0.293623
0.317564
0.198755
0.333519
0.237592
0.320364
0.301810
0.260864
0.241081
0.299826
0.256218
0.282503
0.285747
0.258184
0.282236
0.271402
0.312597
0.256174
0.260822
0.224921
0.233029
0.298340
0.312340
0.281663
0.273007
0.281485
0.205934
0.298301
0.302511
0.285038
0.207240
0.323324
0.424282
0.319957
0.315095
0.284016
0.279896
0.250357
0.214944
0.261419
0.214270
0.280239
0.273451
0.303075
0.285117
0.223081
0.337373
0.271254
0.254402
0.283263
0.373114
0.303884
0.329567
0.290667
0.233883
0.251774
0.255041
0.289876
0.230773
0.250463
0.215452
0.266191
0.321137
0.235088
0.277448
0.332795
0.251764
0.279273
0.379617
0.235488
0.236590
0.233074
0.251503
0.345537
0.270514
0.316164
0.298537
0.213717
0.292349
0.252759
0.302788
0.248437
0.277253
0.308768
0.264736
0.338775
0.243278
0.242848
0.231766
0.285022
0.266348
0.241835
0.213272
0.401155
0.264656
0.314679
0.215354
0.335321
0.219513
0.315105
0.261278
0.258959
0.201052
0.255043
0.274127
0.210664
0.224484
0.332016
0.273024
0.312347
0.223298
0.268798
0.321127
0.293840
0.237832
0.367956
0.280583
0.209027
0.257377
0.225365
0.242480
0.242897
0.272416
0.204275
0.322977
0.371536
0.263403
0.298827
0.214349
0.284865
0.194579
0.232667
0.301082
0.314927
0.280841
0.194770
0.309461
0.279862
0.216457
0.248929
0.258940
0.251916
0.300669
0.215604
0.227230
0.265239
0.254847
0.237175
0.313681
0.256628
0.202825
0.229512
0.203458
0.238348
0.257168
0.219383
0.287302
0.265493
0.227998
0.219352
0.237705
0.215074
0.242361
0.324172
0.216109
0.311475
0.309537
0.288377
0.189308
0.252971
0.234175
0.247976
0.208544
0.221972
0.349515
0.253897
0.181440
0.275093
0.188914
0.240023
0.228422
0.228582
0.180417
0.304157
0.244897
0.248378
0.245357
0.264934
0.243023
0.244232
0.266410
0.267550
0.242335
0.239622
0.227949
0.221986
0.209340
0.218489
0.285036
0.197750
0.299968
0.260215
0.307569
0.266126
0.254534
0.247556
0.212184
0.237077
0.222023
0.284436
0.222281
0.206168
0.261078
0.358329
0.226310
0.234210
0.249710
0.308799
0.265242
0.260933
0.209034
0.307602
0.256629
0.252221
0.253503
0.197951
0.240076
0.261876
0.213301
0.273895
0.272477
0.222427
0.315197
0.186277
0.250310
0.226360
0.260112
0.236149
0.279929
0.263698
0.213047
0.277520
0.298619
0.255772
0.257850
0.279845
0.270052
0.265577
0.225107
0.254700
0.226249
0.199522
0.255483
0.270835
0.203488
0.261230
0.274350
0.219423
0.230157
0.294161
0.227036
0.196074
0.228566
0.292773
0.221935
0.260032
0.166719
0.296590
0.250796
0.240060
0.298661
0.217696
0.257851
0.225953
0.229871
0.237736
0.274303
0.186201
0.232263
0.283395
0.203477
0.253341
0.230700
0.258784
0.294588
0.217649
0.259962
0.235929
0.230438
0.247982
0.275559
0.244549
0.242193
0.206599
0.228925
0.255532
0.273535
0.272981
0.269975
0.176943
0.211140
0.224293
0.209630
0.314462
0.213326
0.249075
0.232839
0.226284
0.309226
0.243461
0.304189
0.229573
0.236769
0.240923
0.253854
0.202049
0.298856
0.228061
0.269684
0.238169
0.257916
0.305805
0.205753
0.197578
0.179682
0.235490
0.287708
0.202512
0.229422
0.247213
0.246867
0.269628
0.278078
0.256715
0.231431
0.247848
0.275214
0.258303
0.248372
0.202982
0.263882
0.249613
0.234162
0.269324
0.203015
0.236673
0.238298
0.215524
0.255500
0.204134
0.208898
0.251680
0.211925
0.243100
0.281207
0.272046
0.230024
0.250596
0.305174
0.236977
0.233955
0.203685
0.322014
0.210399
0.177694
0.254905
0.205946
0.196643
0.238806
0.237095
0.217376
0.249598
0.196009
0.234369
0.209748
0.377185
0.302823
0.271676
0.230815
0.322661
0.353465
0.305287
0.315177
0.314088
0.231519
0.295275
0.255278
0.329922
0.298148
0.232809
0.314101
0.268686
0.220360
0.216421
0.274478
0.310862
0.287740
0.188179
0.298382
0.249693
0.314507
0.259621
0.281531
0.229131
0.308721
0.239375
0.319327
0.199521
0.189035
0.273321
0.263029
0.259611
0.207101
0.262244
0.289379
0.300042
0.216304
0.198250
0.194385
0.261791
0.224995
0.237852
0.267437
0.216200
0.285151
0.270174
0.205796
0.214652
0.255155
0.233282
0.204907
0.237458
0.219035
0.237007
0.254739
0.206878
0.268572
0.261981
0.167747
0.312224
0.253236
0.225932
0.264542
0.272570
0.263772
0.393206
0.231918
0.325031
0.280977
0.307259
0.188644
0.306639
0.229075
0.296361
0.282365
0.238898
0.227494
0.279891
0.253159
0.278702
0.267424
0.247569
0.269660
0.256751
0.304873
0.232873
0.249521
0.216852
0.228803
0.282441
0.290277
0.255365
0.254097
0.269278
0.186793
0.288588
0.277688
0.271850
0.198522
0.309249
0.397802
0.319450
0.310822
0.261268
0.259170
0.237744
0.203630
0.244840
0.205453
0.269480
0.266567
0.293019
0.261229
0.213118
0.329068
0.263988
0.253695
0.260570
0.351992
0.288522
0.311676
0.273030
0.219858
0.239392
0.238344
0.265644
0.217093
0.238438
0.201216
0.249180
0.299911
0.215497
0.256814
0.306769
0.241803
0.260632
0.361939
0.218305
0.225303
0.214064
0.239394
0.330583
0.253535
0.313654
0.274222
0.200946
0.274964
0.240142
0.278593
0.234706
0.254554
0.285094
0.252544
0.320887
0.230582
0.232261
0.223480
0.268746
0.261944
0.236995
0.206532
0.385408
0.248529
0.306664
0.205489
0.311401
0.204152
0.295736
0.250615
0.247361
0.186703
0.242275
0.268616
0.193395
0.217528
0.309738
0.260975
0.298064
0.214082
0.251027
0.298949
0.277191
0.223633
0.353318
0.264827
0.195045
0.246456
0.214861
0.228490
0.226081
0.268414
0.193699
0.308644
0.344055
0.256442
0.291551
0.197776
0.276741
0.190086
0.233531
0.292859
0.295659
0.270753
0.181661
0.292303
0.272820
0.209867
0.243729
0.254643
0.243169
0.291052
0.200991
0.218525
0.253803
0.241027
0.222288
0.310245
0.235411
0.201071
0.216700
0.190291
0.229657
0.251771
0.213688
0.270096
0.254227
0.221064
0.207979
0.226771
0.208240
0.238392
0.314691
0.208074
0.305030
0.291052
0.276391
0.185028
0.243673
0.222246
0.243627
0.202976
0.207748
0.337670
0.247224
0.169155
0.265992
0.188320
0.236429
0.220892
0.221987
0.169240
0.286213
0.238746
0.233825
0.231535
0.256223
0.236264
0.230526
0.256915
0.261189
0.228408
0.236531
0.223398
0.217264
0.202103
0.209797
0.273466
0.185428
0.291981
0.254632
0.295352
0.256098
0.247024
0.234893
0.205646
0.233011
0.211488
0.275624
0.215645
0.199998
0.251504
0.332249
0.209244
0.218289
0.240308
0.287353
0.266083
0.243925
0.194408
0.288902
0.242132
0.241216
0.246494
0.182847
0.230048
0.253369
0.207239
0.262527
0.262059
0.207566
0.298208
0.184163
0.232102
0.217175
0.245372
0.220855
0.265741
0.252080
0.205742
0.258695
0.276082
0.241406
0.242896
0.273041
0.254325
0.262873
0.222452
0.248951
0.213205
0.195941
0.240597
0.255998
0.197609
0.252829
0.257210
0.209409
0.226766
0.281058
0.217503
0.196672
0.215409
0.280204
0.217617
0.248459
0.164549
0.281029
0.240224
0.233352
0.286534
0.208632
0.249474
0.225018
0.218619
0.226676
0.268005
0.175388
0.226578
0.278762
0.194183
0.243127
0.225154
0.250215
0.284161
0.209800
0.258995
0.224971
0.222806
0.234252
0.264324
0.236385
0.238352
0.201624
0.225317
0.245494
0.265017
0.264454
0.255772
0.168570
0.202181
0.212881
0.202589
0.302423
0.207612
0.237408
0.220066
0.224348
0.303175
0.238211
0.292213
0.227443
0.226223
0.230455
0.247832
0.195261
0.292585
0.216347
0.259737
0.230041
0.241907
0.298252
0.197278
0.194234
0.174356
0.224976
0.276249
0.198719
0.223367
0.240645
0.240945
0.256481
0.272457
0.245182
0.221841
0.242435
0.262628
0.252817
0.238591
0.193295
0.254487
0.243834
0.227419
0.263261
0.199891
0.233054
0.231382
0.213084
0.246209
0.197626
0.204324
0.246288
0.207138
0.234524
0.264630
0.263907
0.221422
0.240844
0.300535
0.227107
0.231300
0.200838
0.304877
0.209764
0.175142
0.247586
0.203084
0.196245
0.231176
0.234377
0.214810
0.242203
0.193422
0.221931
0.200972
0.355175
0.288054
0.261839
0.223373
0.305482
0.334034
0.290572
0.298196
0.299257
0.216923
0.280753
0.247681
0.315230
0.285949
0.225440
0.294741
0.258908
0.215406
0.211463
0.264845
0.298802
0.273096
0.186147
0.290888
0.246037
0.302870
0.254891
0.277338
0.224489
0.300989
0.230693
0.311569
0.197673
0.188196
0.268686
0.256292
0.252067
0.207853
0.255676
0.279627
0.289364
0.214218
0.197946
0.194660
0.259067
0.221423
0.231338
0.257494
0.209507
0.281764
0.264060
0.206924
0.208186
0.253548
0.228918
0.206207
0.235692
0.214159
0.232139
0.250996
0.203609
0.262241
0.251533
0.167167
0.302935
0.245880
0.217817
0.256353
0.261038
0.261947
0.381528
0.229982
0.311431
0.275303
0.301123
0.187077
0.295089
0.224669
0.289485
0.272134
0.231678
0.223983
0.272342
0.247823
0.268378
0.259820
0.241060
0.260933
0.250953
0.292604
0.227752
0.242785
0.217186
0.228637
0.276383
0.285054
0.248219
0.243473
0.262760
0.183666
0.284234
0.270387
0.265496
0.196535
0.303073
0.386218
0.314004
0.302001
0.256247
0.254608
0.231131
0.202032
0.239000
0.203538
0.262887
0.261943
0.283861
0.251628
0.211426
0.319825
0.259526
0.253299
0.250741
0.334576
0.272819
0.301255
0.262583
0.216308
0.233188
0.237612
0.258566
0.211078
0.234686
0.197731
0.241195
0.287586
0.207851
0.249317
0.295111
0.237833
0.252473
0.346803
0.217669
0.219067
0.208836
0.238133
0.317542
0.247619
0.308676
0.261849
0.201621
0.269097
0.233808
0.275783
0.230866
0.246884
0.275167
0.243861
0.317496
0.224318
0.225796
0.221508
0.260510
0.257280
0.232380
0.202098
0.370140
0.237969
0.300043
0.206028
0.301619
0.202910
0.283190
0.248931
0.243436
0.185378
0.238473
0.264125
0.194691
0.213183
0.297543
0.254800
0.285122
0.209975
0.243086
0.289109
0.266836
0.222344
0.345121
0.256732
0.193744
0.244874
0.210925
0.224887
0.220430
0.266201
0.192102
0.298154
0.325557
0.252211
0.282735
0.192130
0.268017
0.185645
0.230885
0.281853
0.290219
0.259614
0.180701
0.284081
0.266203
0.209110
0.239343
0.246833
0.237344
0.288671
0.200840
0.215748
0.246186
0.234493
0.216244
0.305144
0.229332
0.198273
0.215849
0.186576
0.223943
0.247625
0.212710
0.265211
0.243648
0.217631
0.203528
0.225174
0.207874
0.234118
0.306541
0.206752
0.298832
0.281306
0.270562
0.185241
0.237638
0.216376
0.241651
0.201073
0.202071
0.327428
0.243202
0.167702
0.259921
0.188194
0.232137
0.221327
0.217959
0.169917
0.276434
0.234694
0.230368
0.225841
0.250176
0.232266
0.220471
0.248752
0.259350
0.222736
0.234478
0.219279
0.215329
0.200335
0.210293
0.261150
0.183991
0.283771
0.252766
0.289603
0.248043
0.240974
0.229159
0.201685
0.233221
0.207768
0.269652
0.213846
0.198175
0.245487
0.316434
0.205672
0.210459
0.234301
0.275566
0.263840
0.234056
0.190735
0.279115
0.238458
0.235301
0.242507
0.175016
0.226190
0.247350
0.203208
0.254539
0.251954
0.203920
0.284236
0.184157
0.226510
0.215380
0.241724
0.213081
0.257925
0.248312
0.201807
0.246928
0.262396
0.233594
0.235138
0.269098
0.248663
0.260846
0.222485
0.247042
0.209511
0.193954
0.230807
0.250320
0.195712
0.251028
0.245467
0.203564
0.226832
0.273281
0.211649
0.194555
0.211726
0.272419
0.215674
0.240647
0.164575
0.273365
0.234425
0.229461
0.276723
0.202790
0.245645
0.222975
0.214888
0.222940
0.262087
0.173672
0.222670
0.276852
0.190396
0.239369
0.219228
0.244387
0.276373
0.205973
0.256976
0.219226
0.218976
0.228595
0.256582
0.234587
0.238438
0.199733
0.223389
0.239741
0.259230
0.258678
0.246120
0.166781
0.198406
0.209177
0.198761
0.296809
0.205749
0.233713
0.214404
0.222381
0.297332
0.236340
0.286537
0.225490
0.220515
0.224752
0.244017
0.193432
0.286813
0.210673
0.254020
0.226265
0.234346
0.292118
0.196010
0.192912
0.174474
0.221569
0.273543
0.197716
0.220361
0.238037
0.237856
0.247667
0.265431
0.239214
0.218065
0.238652
0.255024
0.250946
0.234787
0.191392
0.248792
0.240045
0.223629
0.257636
0.197919
0.231143
0.227544
0.211113
0.240568
0.195215
0.204191
0.246844
0.211144
0.229959
0.258945
0.258946
0.216856
0.237300
0.296626
0.219416
0.229337
0.198819
0.291588
0.209542
0.173195
0.241894
0.200997
0.196054
0.225336
0.232333
0.212864
0.236488
0.191440
0.212309
0.194209
0.338089
0.276600
0.254203
0.217599
0.292141
0.318939
0.279129
0.284988
0.287755
0.205572
0.269458
0.241778
0.303827
0.276494
0.219696
0.279701
0.251330
0.211589
0.207627
0.257444
0.289477
0.261975
0.179952
0.276562
0.241105
0.293335
0.246610
0.268484
0.220710
0.296188
0.222403
0.306885
0.192154
0.184645
0.264935
0.250385
0.242514
0.202472
0.245015
0.268079
0.278916
0.212187
0.193661
0.194407
0.253134
0.216469
0.225224
0.246210
0.208187
0.276493
0.257044
0.207064
0.202713
0.251867
0.225334
0.202261
0.233939
0.208909
0.226899
0.247448
0.200136
0.256807
0.242479
0.165609
0.295538
0.240286
0.210624
0.249154
0.251828
0.260160
0.370810
0.228244
0.300458
0.270023
0.295771
0.185397
0.284444
0.221067
0.282550
0.263195
0.224687
0.220540
0.265307
0.244153
0.260989
0.252412
0.235406
0.254918
0.247945
0.282476
0.225968
0.238070
0.218397
0.228910
0.272859
0.283062
0.245050
0.236228
0.258348
0.183230
0.281470
0.266916
0.261382
0.195780
0.299204
0.378812
0.309001
0.293159
0.254457
0.255189
0.226992
0.201993
0.235820
0.202884
0.258244
0.258572
0.276852
0.245752
0.211100
0.312381
0.256330
0.252901
0.244697
0.321437
0.260476
0.294031
0.255306
0.214833
0.229072
0.239061
0.255223
0.207317
0.232740
0.196357
0.236066
0.279071
0.203390
0.245128
0.287835
0.235441
0.246966
0.335229
0.219280
0.215128
0.206520
0.238549
0.307610
0.243884
0.304239
0.253272
0.203246
0.265490
0.229283
0.275607
0.228673
0.242226
0.268602
0.237189
0.316143
0.219863
0.220944
0.220416
0.254667
0.253360
0.228553
0.198643
0.357953
0.230047
0.294768
0.207394
0.295219
0.203241
0.273852
0.248380
0.240981
0.185536
0.236255
0.260535
0.197506
0.209872
0.288825
0.250391
0.274896
0.207120
0.237701
0.282500
0.259176
0.222546
0.339190
0.251004
0.193917
0.244484
0.208370
0.223003
0.217015
0.264508
0.191658
0.290134
0.311742
0.249027
0.275477
0.188695
0.260922
0.182007
0.228313
0.272729
0.287332
0.251266
0.179072
0.277024
0.261384
0.208328
0.236243
0.241507
0.232848
0.286412
0.199502
0.213314
0.240157
0.228908
0.210860
0.301775
0.222950
0.196596
0.214180
0.182922
0.219459
0.244582
0.211767
0.260268
0.235551
0.214870
0.199547
0.223157
0.207124
0.230655
0.300147
0.206728
0.293863
0.274243
0.266371
0.185766
0.232993
0.212214
0.240177
0.199817
0.198320
0.319234
0.240140
0.167655
0.255303
0.188130
0.228582
0.222430
0.214896
0.171693
0.269349
0.231559
0.228728
0.222061
0.245491
0.229249
0.212656
0.242207
0.258285
0.218994
0.232837
0.215891
0.213982
0.199432
0.211661
0.250983
0.184000
0.276990
0.251579
0.285565
0.241583
0.236788
0.225071
0.198861
0.233784
0.205473
0.265058
0.212868
0.197131
0.240766
0.304345
0.203719
0.204641
0.229585
0.266679
0.261657
0.226516
0.188501
0.271788
0.236214
0.230799
0.239406
0.169142
0.223440
0.242594
0.200025
0.248279
0.243741
0.201725
0.273076
0.184216
0.222873
0.214400
0.239539
0.207280
0.252005
0.245781
0.198789
0.237871
0.251930
0.227738
0.229324
0.266042
0.244780
0.259159
0.222623
0.245700
0.207166
0.192368
0.223177
0.246350
0.194385
0.249976
0.236272
0.199051
0.227039
0.267282
0.207086
0.192441
0.209736
0.266551
0.214283
0.234617
0.164770
0.267966
0.230167
0.226527
0.268884
0.198310
0.242976
0.221081
0.212665
0.220690
0.257202
0.173298
0.219604
0.275537
0.187887
0.237003
0.214242
0.239868
0.270235
0.203255
0.255114
0.215081
0.216231
0.224879
0.250588
0.233829
0.238922
0.198493
0.221944
0.235477
0.254738
0.254186
0.238704
0.166062
0.195885
0.207027
0.195952
0.293075
0.204634
0.231611
0.210579
0.220701
0.292495
0.235165
0.282597
0.223846
0.216365
0.220589
0.241076
0.192496
0.282354
0.206702
0.249796
0.223653
0.229161
0.287910
0.190958
0.190892
0.171338
0.215154
0.266582
0.195332
0.217681
0.235435
0.235151
0.240404
0.260772
0.233382
0.215874
0.236183
0.249450
0.249954
0.232664
0.190549
0.244610
0.237137
0.220908
0.252805
0.196509
0.229834
0.224899
0.209640
0.236317
0.191081
0.201294
0.243420
0.208004
0.224692
0.248357
0.253833
0.211430
0.231276
0.294180
0.211909
0.226537
0.194765
0.279696
0.205497
0.170866
0.236982
0.196440
0.193279
0.218081
0.228766
0.210479
0.231045
0.188732
0.201884
0.185606
0.322365
0.265265
0.246752
0.211488
0.279166
0.305890
0.267963
0.273537
0.275521
0.195243
0.259813
0.234096
0.292593
0.267572
0.213930
0.266333
0.243984
0.207604
0.203422
0.251462
0.281514
0.251396
0.176255
0.266403
0.237732
0.285999
0.240845
0.262407
0.217995
0.292453
0.216226
0.303234
0.188816
0.182497
0.262236
0.246004
0.235593
0.199260
0.237456
0.259572
0.271037
0.210895
0.191071
0.194569
0.249154
0.213049
0.220697
0.237844
0.206860
0.273174
0.252739
0.205249
0.197500
0.249235
0.221997
0.198455
0.231673
0.200553
0.218522
0.242964
0.194690
0.251359
0.232932
0.160922
0.289880
0.236912
0.202583
0.241284
0.244551
0.258346
0.358181
0.226263
0.291237
0.263181
0.289947
0.182651
0.271057
0.217907
0.272028
0.253347
0.214886
0.215542
0.256199
0.242830
0.257530
0.243895
0.230688
0.247121
0.239225
0.277902
0.214727
0.232891
0.216825
0.229265
0.265215
0.272261
0.231409
0.225711
0.252474
0.174521
0.277518
0.253929
0.254955
0.192928
0.292280
0.363638
0.309627
0.291212
0.243261
0.244342
0.220610
0.197637
0.227499
0.199782
0.252909
0.255852
0.271238
0.232268
0.207273
0.307563
0.253183
0.254410
0.231788
0.307528
0.250152
0.283570
0.244964
0.208118
0.222612
0.231492
0.241963
0.200127
0.226985
0.189416
0.226516
0.266156
0.192455
0.233635
0.272368
0.230618
0.238239
0.323579
0.211181
0.208656
0.196321
0.233057
0.297803
0.236616
0.303671
0.240582
0.200346
0.257976
0.223689
0.266086
0.223376
0.231728
0.256919
0.230922
0.309082
0.214128
0.216046
0.217973
0.246672
0.251684
0.226686
0.195993
0.347816
0.221284
0.290793
0.204908
0.283248
0.197748
0.262943
0.244754
0.236210
0.180393
0.230975
0.258177
0.191875
0.206919
0.276647
0.244591
0.265952
0.203185
0.228781
0.271114
0.249977
0.217257
0.331505
0.242870
0.188680
0.240474
0.203803
0.216991
0.209112
0.263268
0.187731
0.281776
0.295127
0.245818
0.270701
0.180842
0.255803
0.179792
0.229007
0.266853
0.278363
0.244537
0.170237
0.265169
0.257146
0.204337
0.233299
0.239271
0.227301
0.280034
0.189359
0.207685
0.232547
0.219445
0.200565
0.300168
0.207809
0.196206
0.205278
0.173829
0.213829
0.241400
0.208260
0.248077
0.228090
0.210483
0.191790
0.215634
0.202759
0.229196
0.294046
0.199265
0.290261
0.262470
0.259475
0.184438
0.228009
0.205192
0.238788
0.197490
0.189546
0.312308
0.236968
0.160165
0.250299
0.189376
0.227645
0.218440
0.211679
0.164887
0.257710
0.228634
0.219426
0.213365
0.240647
0.225795
0.204143
0.236797
0.255000
0.210120
0.231986
0.213962
0.211929
0.195548
0.206708
0.243915
0.176405
0.272486
0.248803
0.278015
0.235625
0.231923
0.217316
0.195149
0.232011
0.199033
0.259849
0.209197
0.193727
0.236088
0.288976
0.195825
0.196277
0.224896
0.254577
0.262957
0.217085
0.181748
0.261492
0.229497
0.225254
0.236289
0.161087
0.218845
0.238201
0.197320
0.241973
0.237371
0.194759
0.262512
0.184391
0.213720
0.210616
0.232541
0.199004
0.244258
0.240265
0.195361
0.226849
0.238601
0.219855
0.221146
0.262803
0.236699
0.258386
0.222353
0.243407
0.200823
0.191053
0.214554
0.238630
0.192002
0.246356
0.225987
0.193671
0.226322
0.259914
0.201919
0.193229
0.202967
0.259243
0.212482
0.227843
0.164466
0.259040
0.224267
0.223046
0.261421
0.193194
0.238576
0.221020
0.206705
0.214824
0.253539
0.167894
0.216603
0.273436
0.182927
0.231540
0.210948
0.234936
0.263959
0.199038
0.254941
0.208835
0.212108
0.217122
0.243842
0.229728
0.237479
0.196102
0.220283
0.229682
0.249757
0.249204
0.229977
0.161790
0.190967
0.200768
0.192062
0.286106
0.201766
0.225185
0.203232
0.219869
0.288785
0.232511
0.275661
0.222887
0.210199
0.214464
0.237674
0.188970
0.278471
0.199897
0.243923
0.219075
0.219672
0.283343
0.186177
0.189212
0.168561
0.208940
0.259857
0.193472
0.213148
0.230232
0.230777
0.231181
0.258293
0.225133
0.207679
0.229953
0.240479
0.245645
0.224053
0.185207
0.238270
0.234047
0.216495
0.251074
0.195248
0.227979
0.220172
0.209376
0.229995
0.186884
0.198072
0.239076
0.202766
0.219591
0.235257
0.249018
0.205960
0.224558
0.293286
0.203650
0.223475
0.189156
0.266824
0.198467
0.168738
0.232477
0.189775
0.188785
0.208804
0.224040
0.208150
0.225387
0.185739
0.189041
0.174225
0.304490
0.251974
0.238411
0.204412
0.263945
0.291896
0.254930
0.261332
0.260339
0.183872
0.249762
0.223760
0.279357
0.257541
0.207385
0.251592
0.235683
0.203216
0.198618
0.245867
0.273301
0.239395
0.171027
0.253812
0.234546
0.279043
0.234249
0.255114
0.216101
0.289848
0.210154
0.300746
0.184466
0.180300
0.260313
0.242096
0.227971
0.194892
0.228541
0.250136
0.262857
0.210345
0.187920
0.195531
0.244591
0.209599
0.216406
0.228624
0.207526
0.269385
0.247903
0.204966
0.193116
0.247772
0.219472
0.196196
0.230443
0.193979
0.211947
0.239615
0.190688
0.246741
0.224337
0.158019
0.284479
0.233655
0.195574
0.234372
0.237394
0.257229
0.347026
0.225057
0.282034
0.258670
0.285281
0.181191
0.262048
0.214679
0.266276
0.245660
0.209041
0.212619
0.250260
0.239313
0.250669
0.237886
0.225928
0.240785
0.234722
0.269535
0.210471
0.228065
0.216863
0.229122
0.260641
0.267996
0.225689
0.217967
0.247791
0.171768
0.274331
0.248150
0.250283
0.191370
0.287657
0.354571
0.306018
0.284407
0.239051
0.241808
0.215909
0.196210
0.223004
0.198266
0.248179
0.252595
0.264827
0.224881
0.205833
0.301086
0.249976
0.254185
0.224368
0.295096
0.239101
0.275940
0.237329
0.205253
0.218017
0.230399
0.236296
0.195606
0.223990
0.186569
0.220503
0.257108
0.186608
0.227844
0.263566
0.227613
0.232217
0.312778
0.210151
0.204102
0.192120
0.231798
0.288553
0.232168
0.300322
0.231598
0.200539
0.253563
0.219117
0.263509
0.220444
0.225911
0.249542
0.224760
0.306302
0.209586
0.211437
0.216474
0.240671
0.248475
0.223492
0.192862
0.337046
0.213705
0.286064
0.205240
0.276237
0.196767
0.254033
0.243499
0.233379
0.179368
0.228222
0.254986
0.192661
0.203786
0.268178
0.240144
0.256786
0.200241
0.223112
0.263995
0.242612
0.216254
0.325641
0.237093
0.187669
0.239256
0.200946
0.214362
0.205037
0.261642
0.186630
0.274342
0.282004
0.242810
0.264489
0.176783
0.249649
0.176650
0.227177
0.259113
0.274484
0.236913
0.167613
0.257969
0.252585
0.202972
0.230294
0.234644
0.222836
0.277280
0.186826
0.204839
0.226663
0.213700
0.194884
0.297024
0.200900
0.194576
0.202679
0.169661
0.209413
0.238397
0.206861
0.242560
0.220662
0.207575
0.187545
0.212951
0.201430
0.226089
0.288119
0.198155
0.285727
0.255379
0.255188
0.184471
0.223596
0.200922
0.237258
0.196032
0.185403
0.304880
0.234001
0.159058
0.245825
0.188303
0.223021
0.221078
0.208625
0.169334
0.252829
0.225392
0.220561
0.211563
0.236201
0.222934
0.197164
0.230219
0.254572
0.208489
0.229884
0.210082
0.210647
0.195515
0.209912
0.233496
0.178892
0.265358
0.248035
0.275476
0.229520
0.227070
0.215302
0.192450
0.233080
0.198262
0.255745
0.209057
0.193410
0.231633
0.279273
0.196054
0.191833
0.220464
0.247686
0.259472
0.210893
0.181221
0.255897
0.228950
0.221437
0.233321
0.156486
0.216876
0.233624
0.194087
0.236217
0.229194
0.194393
0.252229
0.184175
0.212364
0.210591
0.232206
0.194610
0.239516
0.238945
0.192652
0.219401
0.230248
0.215225
0.216720
0.259986
0.234656
0.256381
0.222451
0.242417
0.200075
0.189444
0.208014
0.236368
0.191078
0.246258
0.218166
0.189887
0.226739
0.255038
0.198009
0.190286
0.202289
0.254227
0.211131
0.222522
0.164541
0.255022
0.220753
0.220400
0.254219
0.189221
0.236488
0.218644
0.205554
0.213619
0.248717
0.168718
0.213694
0.272296
0.181188
0.230103
0.205928
0.230893
0.258425
0.196868
0.252665
0.205584
0.209890
0.214769
0.238611
0.229784
0.238248
0.195151
0.218905
0.226184
0.245783
0.245235
0.223666
0.161951
0.189237
0.199827
0.189735
0.283295
0.201109
0.224343
0.200669
0.218027
0.284105
0.231732
0.272865
0.221125
0.206957
0.211201
0.235086
0.188703
0.273887
0.197035
0.240525
0.217172
0.216124
0.279194
0.184392
0.187856
0.167969
0.205758
0.256982
0.192332
0.210638
0.227889
0.228234
0.224728
0.253610
0.220137
0.206055
0.227864
0.235673
0.244784
0.222530
0.184593
0.234502
0.231183
0.213389
0.244402
0.193536
0.226782
0.218776
0.206806
0.227303
0.185042
0.198081
0.240066
0.207236
0.215857
0.233120
0.245040
0.202559
0.222254
0.288584
0.200005
0.223374
0.191287
0.259151
0.204543
0.167825
0.228263
0.192842
0.192642
0.208781
0.225412
0.207423
0.222199
0.185596
0.186777
0.174823
0.295898
0.247431
0.234908
0.202487
0.258431
0.282641
0.250197
0.253216
0.257498
0.177719
0.242471
0.224705
0.274859
0.252921
0.205048
0.243129
0.232234
0.201667
0.197433
0.240099
0.267169
0.233911
0.172842
0.251477
0.231984
0.271872
0.232010
0.253480
0.212446
0.284199
0.204877
0.295010
0.185528
0.179522
0.256707
0.237595
0.224054
0.195974
0.225734
0.245193
0.256852
0.208177
0.187966
0.194660
0.243262
0.207329
0.212280
0.223541
0.201778
0.267422
0.244255
0.205156
0.189093
0.246403
0.216443
0.195500
0.228882
0.191823
0.209790
0.237293
0.188917
0.242944
0.218801
0.157873
0.278810
0.228731
0.191267
0.229991
0.230697
0.255596
0.341126
0.223506
0.274569
0.254643
0.281509
0.179785
0.253952
0.212388
0.260485
0.239273
0.203431
0.209846
0.244830
0.237561
0.246825
0.232602
0.222414
0.236072
0.230785
0.264415
0.206125
0.224698
0.216852
0.229424
0.256878
0.263719
0.220024
0.211892
0.244321
0.168736
0.272081
0.242585
0.246708
0.190212
0.284001
0.346817
0.304521
0.280663
0.234695
0.238430
0.212389
0.194813
0.219144
0.197049
0.244771
0.250526
0.260467
0.218317
0.204487
0.296865
0.247837
0.254626
0.217897
0.285751
0.231261
0.269883
0.231291
0.202517
0.214439
0.228418
0.230681
0.191906
0.221464
0.183802
0.215533
0.249751
0.181369
0.222503
0.255769
0.225143
0.227370
0.304752
0.208043
0.200556
0.187886
0.230132
0.281733
0.228433
0.298613
0.224294
0.200187
0.249782
0.215663
0.260263
0.217922
0.220743
0.243295
0.220316
0.303478
0.206110
0.208105
0.215311
0.235933
0.246570
0.221556
0.190792
0.329343
0.207980
0.282964
0.204756
0.269664
0.194803
0.246965
0.241986
0.230831
0.177479
0.225549
0.253035
0.191406
0.201723
0.260590
0.236631
0.250224
0.197908
0.218064
0.257569
0.236727
0.214320
0.320899
0.232219
0.185744
0.237663
0.198466
0.211506
0.200966
0.260742
0.184924
0.268667
0.271319
0.240631
0.260442
0.172713
0.245517
0.174719
0.226700
0.254057
0.270119
0.231671
0.164784
0.251997
0.249470
0.201712
0.228272
0.231807
0.219539
0.274788
0.183820
0.202441
0.222181
0.208967
0.190041
0.295174
0.194497
0.193789
0.199837
0.165886
0.206108
0.236324
0.205646
0.237462
0.215301
0.205335
0.183946
0.210285
0.200090
0.224242
0.283848
0.196391
0.282701
0.249437
0.251706
0.184435
0.220370
0.197419
0.236315
0.194956
0.181661
0.299623
0.231905
0.157289
0.242657
0.189485
0.222621
0.218460
0.206599
0.164892
0.244953
0.223562
0.214326
0.205725
0.233029
0.220732
0.191428
0.226642
0.252482
0.202497
0.229499
0.208972
0.209378
0.192902
0.206431
0.228882
0.173512
0.262502
0.246231
0.270259
0.225550
0.224403
0.209543
0.190104
0.231933
0.193787
0.252273
0.206564
0.191112
0.228556
0.268614
0.190472
0.186075
0.217376
0.239297
0.260695
0.204418
0.176483
0.248770
0.224235
0.217691
0.231308
0.150946
0.213752
0.230741
0.192380
0.231985
0.225007
0.189483
0.245070
0.184445
0.205894
0.207973
0.227264
0.188890
0.234191
0.235113
0.190388
0.211798
0.221004
0.209792
0.211059
0.257819
0.229243
0.256016
0.222370
0.240917
0.195618
0.188722
0.202058
0.230960
0.189486
0.243726
0.211091
0.186220
0.226286
0.249953
0.194494
0.191010
0.197748
0.249321
0.210034
0.217973
0.164477
0.248983
0.216806
0.218128
0.249188
0.185812
0.233580
0.218738
0.201566
0.209693
0.246308
0.165115
0.211746
0.270970
0.177885
0.226451
0.203768
0.227601
0.254200
0.194073
0.252665
0.201383
0.207156
0.209522
0.234058
0.227066
0.237368
0.193612
0.217866
0.222286
0.242448
0.241896
0.217737
0.159108
0.185944
0.195607
0.187148
0.278482
0.199230
0.220006
0.195692
0.217548
0.281636
0.229996
0.268170
0.220556
0.202792
0.207064
0.232825
0.186360
0.271060
0.192425
0.236558
0.214101
0.209660
0.276124
0.181182
0.186809
0.166035
0.201545
0.252400
0.191035
0.208210
0.225694
0.225940
0.219098
0.251219
0.215391
0.202612
0.226001
0.230763
0.243150
0.219007
0.182656
0.231024
0.229299
0.211677
0.244090
0.192921
0.225620
0.215338
0.207108
0.222765
0.182084
0.195638
0.236577
0.202517
0.212439
0.223035
0.241888
0.198793
0.217320
0.288694
0.194027
0.221050
0.186577
0.250057
0.198089
0.166371
0.225390
0.187127
0.188556
0.201423
0.221511
0.205770
0.218237
0.183320
0.176878
0.165667
