12.975582
12.970825
12.792193
12.797525
13.061876
12.552948
12.988329
12.522603
13.218017
12.563951
12.488425
13.183826
12.902405
12.654085
12.654504
12.609592
12.539126
12.452451
12.488717
12.173684
12.208383
12.517295
12.572788
12.825194
12.171363
11.931327
12.296309
12.440355
11.808219
11.669193
11.838403
11.568358
12.276896
11.891778
11.561533
11.505101
11.838155
12.001806
11.934079
11.859344
11.523678
11.309731
11.625023
11.166855
11.474383
11.259029
11.040641
11.309299
10.373811
11.103300
10.908376
10.850421
10.603329
10.691611
10.579969
10.636090
10.426660
10.779734
10.688734
10.328158
10.368240
10.164745
10.169545
10.211555
9.905985
9.637286
9.986463
9.904921
9.572092
9.656897
10.064761
9.550593
9.466584
9.693342
9.519419
9.390501
9.758060
9.140003
9.609234
9.283792
9.381243
9.112592
9.178841
8.570683
8.470945
9.031878
8.702181
8.661950
8.743778
8.258677
8.801176
8.295909
8.354836
8.156779
8.386848
8.603292
8.542141
8.214740
8.118900
8.272954
7.956005
8.335110
7.904708
7.667078
7.910376
8.158393
7.378928
7.324111
7.949561
8.009895
7.521770
7.519866
7.574374
7.364771
7.299573
7.161383
7.131703
7.537447
7.200690
6.956965
6.944046
6.822182
7.243703
6.939524
6.727488
6.998115
6.882648
6.864199
6.776219
7.031578
7.051770
6.638073
6.623230
6.678462
6.590806
6.594898
6.580831
6.660203
6.643822
6.292306
6.304443
6.242571
6.570565
6.099730
6.363117
6.313334
6.039315
6.134900
5.736704
6.020621
5.995428
6.008065
5.789403
6.236268
5.822872
5.944499
5.924593
5.535588
5.940809
5.559004
5.464672
5.451662
5.500098
5.258928
5.177611
5.202399
5.259460
5.237159
5.115272
5.346255
5.504827
5.423014
5.174929
5.221204
5.151580
5.225954
5.128050
4.904900
5.358103
4.800173
5.070110
4.880175
4.720352
4.796304
4.903860
5.024100
4.754003
4.908607
4.799652
4.714905
4.846542
4.737267
4.561651
4.686013
4.661692
4.425297
4.546629
4.400676
4.559991
4.339909
4.157044
4.464544
4.163570
4.028432
3.954131
3.984705
4.561443
3.981095
4.224910
4.220140
3.983910
4.030491
3.973611
3.770211
3.922332
4.080202
4.166258
3.908489
3.856232
3.905683
3.888525
3.734815
4.012005
3.605771
3.937792
3.813016
3.654852
3.581157
3.653238
3.872733
3.485093
3.540209
3.578039
3.677355
3.590922
3.338837
3.457231
3.640847
3.340724
3.584355
3.454211
3.362534
3.292297
3.350600
3.234237
3.266149
3.379803
3.170033
3.198297
3.442347
3.176004
3.017474
2.952756
3.291668
3.039530
3.337354
3.231635
3.004277
3.287999
3.166292
2.970416
2.958099
2.883364
2.800894
3.040451
3.055158
2.838938
2.757175
2.812556
2.908379
3.109523
2.564764
3.041792
2.640303
2.828159
2.898171
2.680823
2.624037
2.827664
2.651498
2.720760
2.801949
2.626080
2.703625
2.664071
2.534832
2.727276
2.808097
2.603671
2.476787
2.652884
2.331123
2.472384
2.562455
2.612947
2.638684
2.445779
2.396761
2.373592
2.445826
2.315716
2.284948
2.295466
2.171148
2.508503
2.208958
2.254392
2.507150
2.380024
2.453436
2.268253
2.275947
2.345346
2.148516
2.188209
2.265992
2.211514
2.174932
2.143081
2.339269
2.053402
2.062124
2.129370
2.234957
1.975338
2.031918
2.210746
2.037605
2.172192
1.983503
1.965706
2.038193
2.052381
1.949683
1.752051
2.135638
1.953807
1.908781
1.889152
1.839459
2.023176
1.921261
1.845762
1.796260
1.781316
1.887874
1.680071
1.927785
1.962655
1.936554
1.870032
1.848227
1.949738
1.773942
1.907161
1.735869
1.982255
1.696138
1.709166
1.954664
1.862196
1.766504
1.745652
1.719254
1.708130
1.664685
1.671718
1.584715
1.618537
1.685962
1.688864
1.810749
1.588351
1.521453
1.629017
1.696650
1.462317
1.461449
1.464861
1.444274
1.626421
1.494444
1.428179
1.405723
1.508033
1.559507
1.556247
1.551599
1.459920
1.377853
1.482004
1.351165
1.490229
1.399806
1.335094
1.437430
1.142214
1.444026
1.371302
1.354782
1.253404
1.351296
1.294979
1.319334
1.290486
1.390625
1.380520
1.298604
1.295462
1.282026
1.260917
1.266184
1.249004
1.144651
1.241788
1.254903
1.144613
1.228002
1.413034
1.195220
1.195917
1.287883
1.252538
1.168795
1.327610
1.124747
1.310591
1.205942
1.221769
1.167324
1.218590
1.034935
1.011402
1.198201
1.097143
1.103221
1.138239
1.002895
1.165606
1.031245
1.062365
1.016984
1.106198
1.204470
1.147397
1.044302
1.062941
1.070066
1.055880
1.149395
1.025769
0.936388
1.076585
1.201677
0.951102
0.915015
1.096256
1.139346
0.969135
0.980921
1.012929
0.953520
0.956727
0.932866
0.924529
1.035024
0.947318
0.924462
0.913048
0.889521
0.987254
0.935134
0.842028
0.969524
0.916567
0.920139
0.898316
1.015037
1.011932
0.866115
0.898184
0.900275
0.888774
0.912565
0.881895
0.941346
0.959069
0.864122
0.853271
0.877739
0.959182
0.802771
0.885237
0.918330
0.855587
0.867967
0.792143
0.823694
0.843259
0.869486
0.785275
0.971453
0.813839
0.855721
0.868193
0.744353
0.944050
0.760332
0.737877
0.758251
0.772029
0.722739
0.684172
0.677095
0.768593
0.703811
0.735669
0.766799
0.850190
0.800300
0.730437
0.781714
0.752090
0.753214
0.757461
0.703466
0.826420
0.656049
0.762349
0.713599
0.652503
0.673046
0.719085
0.785279
0.689156
0.751841
0.781007
0.696634
0.731021
0.737100
0.649473
0.711247
0.691938
0.669180
0.669586
0.664127
0.702104
0.650598
0.605779
0.651855
0.606234
0.527381
0.553958
0.565482
0.785908
0.558524
0.616848
0.668013
0.596024
0.596327
0.600132
0.534694
0.575726
0.682401
0.660872
0.587229
0.576673
0.584347
0.571771
0.613050
0.621834
0.524501
0.628592
0.561327
0.548580
0.551141
0.567682
0.638972
0.506321
0.536321
0.527863
0.590045
0.568057
0.502713
0.575597
0.594856
0.558433
0.602567
0.579882
0.511668
0.507248
0.519781
0.521445
0.511962
0.526379
0.538811
0.520747
0.561860
0.522958
0.455848
0.453903
0.565172
0.475953
0.559677
0.555852
0.481269
0.580296
0.530740
0.492779
0.491505
0.430122
0.439047
0.556092
0.516348
0.476283
0.439553
0.464556
0.487484
0.570564
0.386533
0.524767
0.443442
0.512023
0.548561
0.440948
0.433774
0.493157
0.430513
0.495550
0.491467
0.471839
0.477705
0.462334
0.436827
0.504814
0.513559
0.438443
0.423241
0.486865
0.418371
0.407083
0.436588
0.505701
0.502133
0.431123
0.439846
0.366047
0.451274
0.413189
0.383727
0.413563
0.365874
0.465185
0.383689
0.399673
0.483087
0.456536
0.483227
0.391165
0.429800
0.479984
0.375870
0.384487
0.415525
0.409974
0.396586
0.434324
0.472878
0.409004
0.400406
0.446529
0.435632
0.360335
0.366202
0.453102
0.377006
0.466489
0.359636
0.353938
0.417900
0.425570
0.358759
0.303846
0.442905
0.407952
0.377066
0.369510
0.330855
0.434780
0.387696
0.371211
0.365906
0.331429
0.403977
0.333957
0.397873
0.432514
0.410287
0.397156
0.375502
0.426020
0.383313
0.413131
0.358544
0.447672
0.303633
0.355610
0.444335
0.426607
0.391646
0.368548
0.353782
0.368413
0.344501
0.345032
0.341826
0.378223
0.363721
0.350533
0.429144
0.357901
0.351622
0.370779
0.412194
0.313603
0.358613
0.303525
0.365309
0.365618
0.316030
0.334872
0.319094
0.338444
0.346476
0.358510
0.370475
0.352914
0.306783
0.331931
0.301159
0.374627
0.315860
0.291755
0.328222
0.234613
0.383284
0.339670
0.325271
0.260407
0.349589
0.299606
0.301400
0.320239
0.324568
0.329129
0.327299
0.297778
0.335149
0.293456
0.274613
0.340841
0.278929
0.280944
0.313577
0.265106
0.336363
0.436184
0.304718
0.321898
0.357917
0.356957
0.276810
0.355444
0.278446
0.359593
0.316733
0.294575
0.299853
0.335247
0.280807
0.271602
0.324192
0.287879
0.298595
0.307588
0.277109
0.304061
0.281652
0.293248
0.287941
0.320459
0.369579
0.303743
0.264580
0.310980
0.259710
0.335503
0.325009
0.292800
0.242605
0.339158
0.414130
0.328441
0.289060
0.314405
0.342456
0.267781
0.274842
0.290246
0.271236
0.287927
0.292751
0.282493
0.286734
0.272300
0.313480
0.293825
0.294035
0.276381
0.298798
0.236382
0.308221
0.267456
0.269930
0.261609
0.324363
0.305372
0.239719
0.279156
0.255674
0.261280
0.283616
0.239575
0.284608
0.305772
0.287662
0.261527
0.306809
0.299360
0.239051
0.254363
0.307316
0.306816
0.284392
0.307521
0.248600
0.275693
0.299215
0.252192
0.345336
0.264996
0.273586
0.289774
0.246438
0.371507
0.246266
0.240720
0.265361
0.261013
0.268324
0.237235
0.213082
0.309402
0.224125
0.300219
0.259058
0.311300
0.265607
0.248211
0.294891
0.272249
0.243057
0.274853
0.270532
0.278566
0.229945
0.276328
0.268185
0.233736
0.230151
0.250091
0.292679
0.248158
0.274826
0.343847
0.253957
0.250681
0.289214
0.225062
0.260705
0.237582
0.279820
0.234970
0.270463
0.263117
0.261886
0.257315
0.211989
0.245351
0.179893
0.234597
0.234745
0.332652
0.216593
0.208774
0.273412
0.250631
0.230774
0.249710
0.224910
0.224513
0.309528
0.247787
0.230124
0.228622
0.217866
0.202171
0.303129
0.218860
0.218815
0.243254
0.190463
0.221196
0.244468
0.238298
0.256363
0.203424
0.220830
0.192822
0.238501
0.233522
0.225530
0.279233
0.240156
0.286532
0.260801
0.269463
0.204934
0.218187
0.211635
0.248229
0.221154
0.198936
0.280717
0.243509
0.213876
0.246125
0.205350
0.220324
0.252799
0.213559
0.223003
0.249084
0.221206
0.255715
0.226334
0.236837
0.235641
0.175117
0.210650
0.283812
0.222643
0.237194
0.211879
0.223458
0.218969
0.259763
0.191298
0.214528
0.235441
0.261422
0.283664
0.208985
0.214946
0.223580
0.195181
0.255667
0.220336
0.249093
0.228234
0.217754
0.223384
0.247307
0.229271
0.193779
0.212409
0.235990
0.248034
0.183535
0.190166
0.262531
0.246432
0.212751
0.237677
0.144370
0.231083
0.220554
0.188759
0.222219
0.197062
0.215194
0.202885
0.206487
0.231416
0.235377
0.244044
0.180069
0.226311
0.267586
0.191476
0.187307
0.200411
0.208474
0.200240
0.258437
0.242568
0.249426
0.232685
0.269429
0.217734
0.200811
0.187591
0.241832
0.195388
0.267675
0.185488
0.181483
0.240352
0.243608
0.186374
0.176266
0.232496
0.243752
0.215332
0.209573
0.172387
0.247857
0.216708
0.217548
0.224700
0.181684
0.240935
0.214262
0.215529
0.248049
0.225066
0.227513
0.203898
0.235615
0.234793
0.228558
0.210483
0.245829
0.146690
0.209587
0.244724
0.249737
0.232912
0.207203
0.194409
0.215680
0.196372
0.192934
0.215540
0.250981
0.207683
0.187413
0.249994
0.226816
0.238773
0.227058
0.258105
0.202550
0.260979
0.184917
0.272176
0.210874
0.186785
0.232034
0.216821
0.207196
0.199292
0.214762
0.230609
0.235891
0.200030
0.197570
0.198228
0.248527
0.198657
0.186413
0.199649
0.170989
0.267683
0.232176
0.216997
0.162702
0.247553
0.198210
0.191124
0.224249
0.195573
0.203554
0.226718
0.187107
0.239838
0.189981
0.161819
0.254181
0.204904
0.174225
0.211955
0.182534
0.248475
0.318899
0.214593
0.235915
0.252206
0.261304
0.181072
0.232016
0.195254
0.240645
0.216918
0.181008
0.204750
0.233699
0.220650
0.214967
0.222127
0.205971
0.217044
0.216289
0.219216
0.200266
0.213614
0.217637
0.224409
0.237112
0.268918
0.199081
0.179889
0.234342
0.162738
0.267111
0.221255
0.218111
0.179771
0.260886
0.318284
0.285912
0.244408
0.217336
0.239410
0.195212
0.199704
0.208635
0.201944
0.222090
0.235388
0.223520
0.191767
0.200518
0.261851
0.238526
0.245618
0.188988
0.235037
0.181811
0.234380
0.196720
0.197918
0.193142
0.237212
0.212089
0.171976
0.212957
0.180169
0.190544
0.211534
0.162224
0.201652
0.223099
0.229474
0.197466
0.248775
0.211197
0.181746
0.174102
0.232790
0.251998
0.217302
0.272251
0.182720
0.211506
0.233358
0.197816
0.259517
0.203888
0.200741
0.217396
0.199844
0.299564
0.192860
0.192150
0.217464
0.206411
0.231655
0.202313
0.171817
0.269016
0.176279
0.266251
0.200565
0.241847
0.196851
0.196065
0.240550
0.219536
0.179680
0.219891
0.231282
0.200778
0.191633
0.217615
0.222215
0.195909
0.183736
0.194436
0.228614
0.200479
0.214654
0.296196
0.203874
0.187571
0.236200
0.179182
0.205615
0.180642
0.243713
0.183355
0.231771
0.208902
0.223668
0.231795
0.155768
0.214603
0.152999
0.216419
0.212262
0.269232
0.189323
0.159159
0.227696
0.220601
0.193565
0.216960
0.205028
0.190456
0.267811
0.192294
0.192575
0.193548
0.176208
0.158980
0.279112
0.163674
0.195204
0.192897
0.144390
0.188973
0.218589
0.204454
0.204499
0.177363
0.190150
0.155229
0.195005
0.195172
0.205629
0.252554
0.193798
0.267017
0.217813
0.236366
0.172610
0.191251
0.177973
0.225649
0.192345
0.157625
0.261844
0.217904
0.164531
0.219820
0.187311
0.207453
0.213549
0.190379
0.174934
0.210473
0.197595
0.210442
0.187317
0.213410
0.211846
0.151223
0.195144
0.253461
0.184851
0.217033
0.195105
0.201889
0.187992
0.214483
0.183747
0.168710
0.222963
0.234550
0.251724
0.187546
0.197487
0.189045
0.171590
0.230229
0.184259
0.228623
0.198621
0.189421
0.204980
0.214047
0.186855
0.164098
0.193554
0.203617
0.241890
0.159531
0.158308
0.231429
0.210888
0.189203
0.219161
0.119118
0.206015
0.204268
0.171401
0.205761
0.187735
0.178810
0.189017
0.188248
0.193606
0.207341
0.209783
0.154779
0.203251
0.241310
0.174149
0.165491
0.172410
0.184689
0.177877
0.242552
0.208476
0.238386
0.218694
0.252084
0.186679
0.188740
0.168970
0.212195
0.175266
0.241632
0.167325
0.163628
0.220571
0.222127
0.167805
0.172219
0.200908
0.227153
0.199308
0.193908
0.156969
0.222823
0.196695
0.203014
0.214041
0.167981
0.222627
0.210016
0.190405
0.222006
0.198550
0.205916
0.181436
0.206736
0.219510
0.201174
0.194921
0.212331
0.127780
0.194068
0.211331
0.223633
0.212589
0.185814
0.173467
0.196725
0.178732
0.173792
0.204707
0.239638
0.186656
0.163853
0.220959
0.213435
0.231213
0.209132
0.236574
0.195022
0.257689
0.174529
0.270002
0.188209
0.172347
0.226118
0.210914
0.191559
0.178229
0.194656
0.211608
0.224253
0.191605
0.179873
0.190723
0.233220
0.186115
0.177612
0.183023
0.175611
0.255010
0.222017
0.206415
0.155445
0.238711
0.189416
0.179252
0.216929
0.177220
0.186175
0.217423
0.174337
0.231976
0.179285
0.147899
0.248728
0.203476
0.161869
0.201133
0.177845
0.241892
0.302484
0.206987
0.229533
0.239186
0.251458
0.171061
0.212737
0.189103
0.222570
0.205017
0.164444
0.194135
0.220832
0.221294
0.216642
0.208697
0.199062
0.210122
0.206030
0.219839
0.185630
0.210642
0.212046
0.222672
0.228729
0.254703
0.183431
0.170697
0.227688
0.149258
0.262934
0.205308
0.211627
0.177085
0.252991
0.304491
0.289563
0.247259
0.202795
0.222785
0.188525
0.192061
0.198749
0.196012
0.217194
0.233174
0.220672
0.176941
0.193239
0.261107
0.236469
0.245721
0.176146
0.229884
0.179587
0.225704
0.188967
0.189648
0.185941
0.223754
0.196511
0.164719
0.206114
0.170167
0.182016
0.202472
0.151326
0.188816
0.210265
0.224616
0.190583
0.243786
0.196190
0.176819
0.161521
0.222011
0.247631
0.208800
0.274153
0.174441
0.203706
0.224915
0.193075
0.244333
0.196755
0.189659
0.206388
0.197258
0.288544
0.187860
0.188669
0.214126
0.200781
0.231861
0.203015
0.170353
0.267767
0.172490
0.266956
0.193114
0.230710
0.185863
0.190482
0.234170
0.213616
0.170177
0.213088
0.229581
0.186309
0.190108
0.209293
0.218020
0.194328
0.179253
0.186841
0.218181
0.195374
0.205362
0.290968
0.197776
0.177118
0.229009
0.174274
0.197608
0.171956
0.241838
0.176301
0.228913
0.200866
0.220846
0.233087
0.146885
0.214053
0.153659
0.219893
0.214256
0.257671
0.189617
0.152028
0.221797
0.219807
0.190353
0.215156
0.207413
0.188105
0.262888
0.182773
0.188910
0.190643
0.171078
0.153289
0.279688
0.153918
0.195806
0.184622
0.137479
0.186571
0.218231
0.201418
0.195469
0.176788
0.188003
0.150754
0.188530
0.190345
0.206830
0.251476
0.186185
0.268205
0.211212
0.232975
0.169427
0.189796
0.174257
0.225539
0.190134
0.151247
0.262813
0.216615
0.155369
0.218204
0.188375
0.210174
0.207529
0.189614
0.165924
0.204543
0.196555
0.202221
0.181121
0.212300
0.210585
0.149881
0.196527
0.249910
0.178808
0.216757
0.195910
0.201063
0.184034
0.205765
0.187435
0.159739
0.224945
0.231738
0.247204
0.186460
0.197675
0.183563
0.169678
0.227667
0.178161
0.227632
0.194577
0.185760
0.204559
0.208687
0.178444
0.159847
0.192845
0.198414
0.245291
0.157019
0.153174
0.226508
0.204467
0.186703
0.218285
0.115990
0.202916
0.204033
0.170781
0.205402
0.189695
0.171818
0.189414
0.187174
0.186053
0.202976
0.203328
0.151262
0.200431
0.237400
0.173164
0.162993
0.167841
0.181478
0.175114
0.241890
0.201780
0.239260
0.218569
0.250820
0.180868
0.189158
0.167207
0.206765
0.172949
0.237333
0.165603
0.161979
0.218263
0.219220
0.165841
0.175017
0.194595
0.225758
0.198078
0.192765
0.155883
0.218549
0.194049
0.202154
0.214432
0.167338
0.220447
0.212438
0.185926
0.217196
0.193563
0.202529
0.177735
0.200904
0.218131
0.195781
0.193406
0.204873
0.125113
0.192498
0.203853
0.218528
0.209363
0.182215
0.169993
0.193887
0.176307
0.170849
0.204482
0.239227
0.183025
0.159371
0.214649
0.212267
0.231942
0.206420
0.232665
0.195698
0.259741
0.174227
0.272381
0.183815
0.170647
0.227210
0.211993
0.189417
0.174274
0.190998
0.208293
0.223344
0.191736
0.176932
0.191121
0.231024
0.184813
0.177533
0.180342
0.179922
0.253599
0.221410
0.205661
0.155766
0.238487
0.189202
0.177998
0.217157
0.173800
0.183054
0.216952
0.172701
0.231951
0.178304
0.145839
0.249443
0.205491
0.160268
0.200027
0.178746
0.242150
0.299495
0.206885
0.229816
0.237264
0.250578
0.170103
0.208711
0.189388
0.218906
0.203376
0.161250
0.192891
0.218828
0.223724
0.219410
0.206462
0.198965
0.210008
0.204793
0.222185
0.182934
0.211777
0.212301
0.224187
0.228036
0.252079
0.180315
0.169705
0.227521
0.146825
0.263553
0.202033
0.211463
0.178150
0.252330
0.301873
0.292685
0.250103
0.199899
0.219183
0.188193
0.191406
0.197340
0.195892
0.217400
0.234256
0.221530
0.173850
0.192619
0.262618
0.237553
0.247501
0.173645
0.229914
0.180566
0.224535
0.188102
0.188595
0.185238
0.220974
0.193024
0.163962
0.205488
0.168484
0.180811
0.201078
0.149322
0.186162
0.207602
0.224576
0.189864
0.243678
0.192766
0.176717
0.158882
0.219962
0.247682
0.207474
0.276249
0.173177
0.202583
0.223574
0.192942
0.240746
0.195825
0.187417
0.204159
0.197786
0.286294
0.187578
0.188880
0.214370
0.200275
0.233261
0.204577
0.171184
0.268647
0.172545
0.268491
0.191945
0.228308
0.183518
0.189907
0.233321
0.212924
0.168277
0.212078
0.230249
0.182752
0.190807
0.207736
0.217822
0.194996
0.178947
0.185510
0.215901
0.194848
0.203448
0.290389
0.196900
0.174793
0.227753
0.173771
0.196070
0.170193
0.242308
0.175055
0.229032
0.199283
0.220969
0.234563
0.145004
0.214909
0.154908
0.222051
0.215934
0.254879
0.190728
0.150679
0.220842
0.220538
0.190278
0.215543
0.209167
0.188297
0.262220
0.180582
0.188643
0.190620
0.170328
0.152338
0.280794
0.151621
0.196905
0.182811
0.136102
0.186677
0.219002
0.201304
0.193365
0.177473
0.188161
0.150139
0.187257
0.189602
0.208076
0.251952
0.184506
0.269424
0.209863
0.232672
0.169193
0.190123
0.173838
0.226297
0.190201
0.149931
0.263921
0.216960
0.153119
0.218441
0.189492
0.211827
0.206305
0.190104
0.163697
0.203324
0.196951
0.200247
0.179800
0.212662
0.210883
0.150152
0.197686
0.249433
0.177514
0.217358
0.196859
0.201478
0.183400
0.203570
0.189311
0.157450
0.226256
0.231482
0.246378
0.186750
0.198378
0.182407
0.169679
0.227461
0.176772
0.227923
0.193859
0.185173
0.205024
0.207534
0.176287
0.159050
0.193206
0.197292
0.247004
0.156776
0.152065
0.225471
0.202931
0.186448
0.218571
0.115522
0.202458
0.204510
0.171127
0.205832
0.190891
0.170058
0.190084
0.187355
0.184103
0.202068
0.201738
0.150619
0.200011
0.236623
0.173351
0.162677
0.166847
0.180924
0.174696
0.242163
0.200072
0.240034
0.219019
0.250891
0.179439
0.189775
0.167095
0.205444
0.172657
0.236388
0.165486
0.161897
0.217957
0.218717
0.165643
0.176388
0.192970
0.225755
0.198110
0.192827
0.155964
0.217571
0.193608
0.202285
0.214985
0.167557
0.220128
0.213652
0.184865
0.216024
0.192329
0.201817
0.176924
0.199381
0.218069
0.194402
0.193301
0.202806
0.124624
0.192375
0.201753
0.217229
0.208684
0.181406
0.169222
0.193319
0.175881
0.170250
0.204765
0.239448
0.182199
0.158244
0.212922
0.212235
0.232548
0.205879
0.231717
0.196263
0.260760
0.174470
0.273509
0.182702
0.170417
0.227896
0.212675
0.189039
0.173291
0.190104
0.207521
0.223359
0.192102
0.176285
0.191560
0.230611
0.184688
0.177811
0.179764
0.181636
0.253424
0.221503
0.205705
0.156161
0.238703
0.189413
0.177868
0.217520
0.172956
0.182305
0.217076
0.172450
0.232216
0.178258
0.145431
0.249947
0.206427
0.160017
0.199939
0.179314
0.242495
0.298764
0.207116
0.230170
0.236884
0.250533
0.170038
0.207632
0.189731
0.217957
0.203081
0.160446
0.192729
0.218411
0.224780
0.220568
0.205967
0.199170
0.210203
0.204627
0.223191
0.182279
0.212385
0.212622
0.224916
0.228031
0.251437
0.179512
0.169596
0.227676
0.146241
0.263986
0.201170
0.211622
0.178732
0.252334
0.301212
0.293925
0.251237
0.199141
0.218210
0.188292
0.191388
0.197078
0.196056
0.217671
0.234801
0.222018
0.173033
0.192606
0.263332
0.238098
0.248277
0.173004
0.230104
0.181077
0.224341
0.188007
0.188440
0.185181
0.220238
0.192060
0.163897
0.205458
0.168108
0.180585
0.200792
0.148830
0.185467
0.206892
0.224731
0.189784
0.243805
0.191807
0.176844
0.158168
0.219442
0.247861
0.207203
0.277101
0.172914
0.202374
0.223287
0.193061
0.239721
0.195676
0.186830
0.203576
0.198125
0.285682
0.187645
0.189106
0.214605
0.200263
0.233883
0.205237
0.171601
0.269096
0.172703
0.269130
0.191700
0.227656
0.182875
0.189860
0.233179
0.212812
0.167791
0.211869
0.230595
0.181717
0.191159
0.207374
0.217887
0.195333
0.178984
0.185189
0.215271
0.194794
0.202942
0.290310
0.196723
0.174155
0.227461
0.173724
0.195683
0.169730
0.242572
0.174770
0.229217
0.198884
0.221137
0.235178
0.144500
0.215304
0.155433
0.222883
0.216597
0.254075
0.191207
0.150346
0.220636
0.220885
0.190356
0.215771
0.209845
0.188459
0.262106
0.179966
0.188659
0.190715
0.170173
0.152127
0.281263
0.150967
0.197377
0.182309
0.135742
0.186814
0.219351
0.201359
0.192781
0.177788
0.188312
0.150024
0.186925
0.189458
0.208567
0.252211
0.184053
0.269920
0.209501
0.232652
0.169198
0.190322
0.173778
0.226643
0.190299
0.149587
0.264376
0.217156
0.152464
0.218606
0.189943
0.212464
0.205975
0.190355
0.163039
0.202983
0.197159
0.199673
0.179436
0.212868
0.211061
0.150315
0.198146
0.249361
0.177153
0.217632
0.197246
0.201690
0.183267
0.202917
0.190008
0.156762
0.226759
0.231468
0.246171
0.186907
0.198685
0.182079
0.169751
0.227470
0.176387
0.228092
0.193699
0.185043
0.205257
0.207218
0.175641
0.158858
0.193395
0.196984
0.247632
0.156757
0.151759
0.225180
0.202484
0.186431
0.218721
0.115437
0.202376
0.204726
0.171309
0.206022
0.191346
0.169541
0.190367
0.187469
0.183511
0.201813
0.201259
0.150468
0.199935
0.236434
0.173469
0.162625
0.166561
0.180793
0.174619
0.242321
0.199561
0.240343
0.219216
0.250950
0.179023
0.190034
0.167117
0.205065
0.172607
0.236147
0.165508
0.161920
0.217895
0.218613
0.165621
0.176891
0.192482
0.225785
0.198178
0.192904
0.156041
0.217290
0.193500
0.202383
0.215196
0.167661
0.220087
0.214108
0.184556
0.215682
0.191971
0.201623
0.176701
0.198917
0.218093
0.193988
0.193312
0.202169
0.124503
0.192375
0.201114
0.216844
0.208492
0.181176
0.169007
0.193181
0.175771
0.170089
0.204897
0.239561
0.181942
0.157912
0.212398
0.212248
0.232767
0.205726
0.231435
0.196495
0.261139
0.174580
0.273907
0.182371
0.170383
0.228159
0.212927
0.188936
0.173003
0.189847
0.207294
0.223396
0.192254
0.176090
0.191742
0.230515
0.184683
0.177930
0.179604
0.182234
0.253410
0.221565
0.205751
0.156328
0.238810
0.189513
0.177866
0.217674
0.172710
0.182086
0.217159
0.172388
0.232323
0.178270
0.145339
0.250153
0.206772
0.159974
0.199924
0.179515
0.242638
0.298527
0.207208
0.230298
0.236797
0.250541
0.170046
0.207319
0.189869
0.217667
0.203012
0.160208
0.192701
0.218301
0.225146
0.220960
0.205847
0.199262
0.210295
0.204592
0.223563
0.182092
0.212600
0.212747
0.225180
0.228047
0.251240
0.179263
0.169585
0.227767
0.146061
0.264157
0.200903
0.211711
0.178937
0.252352
0.301031
0.294374
0.251651
0.198930
0.217905
0.188355
0.191399
0.197011
0.196126
0.217784
0.235016
0.222189
0.172778
0.192628
0.263568
0.238284
0.248565
0.172820
0.230189
0.181259
0.224298
0.187980
0.188407
0.185191
0.220019
0.191764
0.163887
0.205468
0.168007
0.180523
0.200729
0.148698
0.185242
0.206688
0.224807
0.189790
0.243881
0.191499
0.176895
0.157959
0.219287
0.247937
0.207132
0.277391
0.172846
0.202322
0.223203
0.193112
0.239397
0.195643
0.186658
0.203383
0.198246
0.285495
0.187664
0.189182
0.214694
0.200257
0.234096
0.205450
0.171761
0.269258
0.172774
0.269359
0.191631
0.227459
0.182688
0.189848
0.233144
0.212803
0.167648
0.211822
0.230734
0.181378
0.191307
0.207253
0.217926
0.195458
0.179001
0.185095
0.215088
0.194804
0.202786
0.290301
0.196686
0.173952
0.227370
0.173722
0.195578
0.169585
0.242688
0.174677
0.229256
0.198746
0.221194
0.235386
0.144341
0.215450
0.155626
0.223176
0.216822
0.253818
0.191364
0.150245
0.220591
0.220993
0.190401
0.215860
0.210082
0.188525
0.262085
0.179766
0.188674
0.190762
0.170136
0.152076
0.281430
0.150743
0.197536
0.182151
0.135640
0.186862
0.219469
0.201388
0.192588
0.177904
0.188365
0.150004
0.186817
0.189412
0.208750
0.252294
0.183893
0.270082
0.209383
0.232676
0.169215
0.190397
0.173773
0.226751
0.190334
0.149473
0.264532
0.217228
0.152252
0.218675
0.190106
0.212668
0.205873
0.190454
0.162823
0.202896
0.197240
0.199495
0.179328
0.212941
0.211134
0.150385
0.198298
0.249345
0.177046
0.217726
0.197401
0.201772
0.183245
0.202712
0.190238
0.156555
0.226925
0.231472
0.246111
0.186980
0.198793
0.181991
0.169798
0.227481
0.176268
0.228156
0.193652
0.185008
0.205334
0.207125
0.175430
0.158810
0.193453
0.196893
0.247863
0.156765
0.151660
0.225109
0.202346
0.186430
0.218773
0.115412
0.202333
0.204802
0.171374
0.206115
0.191503
0.169379
0.190462
0.187516
0.183320
0.201758
0.201107
0.150421
0.199908
0.236373
0.173513
0.162612
0.166474
0.180762
0.174598
0.242360
0.199396
0.240463
0.219292
0.250996
0.178878
0.190116
0.167113
0.204949
0.172604
0.236047
0.165528
0.161919
0.217883
0.218580
0.165625
0.177057
0.192318
0.225804
0.198200
0.192924
0.156060
0.217200
0.193483
0.202420
0.215280
0.167712
0.220067
0.214246
0.184464
0.215562
0.191856
0.201553
0.176624
0.198782
0.218111
0.193860
0.193312
0.201963
0.124464
0.192362
0.200908
0.216719
0.208443
0.181104
0.168941
0.193132
0.175748
0.170037
0.204954
0.239595
0.181875
0.157815
0.212214
0.212288
0.232836
0.205686
0.231356
0.196557
0.261262
0.174615
0.274040
0.182268
0.170367
0.228263
0.213031
0.188905
0.172917
0.189780
0.207221
0.223413
0.192305
0.176028
0.191784
0.230469
0.184688
0.177971
0.179561
0.182427
0.253392
0.221603
0.205772
0.156387
0.238847
0.189551
0.177863
0.217718
0.172637
0.182026
0.217188
0.172368
0.232382
0.178263
0.145306
0.250205
0.206883
0.159948
0.199932
0.179586
0.242690
0.298492
0.207249
0.230361
0.236751
0.250556
0.170045
0.207201
0.189918
0.217573
0.202992
0.160133
0.192696
0.218267
0.225278
0.221094
0.205787
0.199283
0.210326
0.204596
0.223663
0.182010
0.212687
0.212795
0.225253
0.228058
0.251181
0.179186
0.169586
0.227793
0.146014
0.264205
0.200822
0.211719
0.178992
0.252371
0.300961
0.294518
0.251794
0.198848
0.217801
0.188363
0.191405
0.196984
0.196154
0.217806
0.235075
0.222254
0.172697
0.192623
0.263647
0.238371
0.248652
0.172746
0.230228
0.181316
0.224274
0.187987
0.188391
0.185189
0.219952
0.191665
0.163888
0.205483
0.167966
0.180524
0.200692
0.148648
0.185172
0.206609
0.224825
0.189792
0.243897
0.191411
0.176919
0.157892
0.219224
0.247951
0.207112
0.277504
0.172822
0.202309
0.223194
0.193125
0.239307
0.195637
0.186595
0.203331
0.198295
0.285461
0.187690
0.189210
0.214725
0.200253
0.234169
0.205535
0.171805
0.269290
0.172795
0.269418
0.191613
0.227401
0.182607
0.189844
0.233127
0.212800
0.167598
0.211811
0.230788
0.181277
0.191347
0.207219
0.217941
0.195494
0.179011
0.185068
0.215019
0.194797
0.202744
0.290303
0.196665
0.173876
0.227336
0.173721
0.195528
0.169545
0.242702
0.174652
0.229292
0.198697
0.221200
0.235446
0.144300
0.215491
0.155671
0.223268
0.216901
0.253746
0.191408
0.150212
0.220569
0.221045
0.190409
0.215883
0.210161
0.188557
0.262056
0.179718
0.188681
0.190778
0.170122
0.152056
0.281465
0.150683
0.197579
0.182094
0.135607
0.186874
0.219508
0.201386
0.192527
0.177935
0.188376
0.149990
0.186809
0.189406
0.208801
0.252331
0.183847
0.270133
0.209366
0.232678
0.169208
0.190418
0.173762
0.226797
0.190376
0.149455
0.264568
0.217239
0.152190
0.218670
0.190146
0.212737
0.205831
0.190467
0.162759
0.202868
0.197254
0.199427
0.179291
0.212940
0.211140
0.150400
0.198348
0.249330
0.177007
0.217747
0.197431
0.201790
0.183222
0.202640
0.190323
0.156478
0.226994
0.231447
0.246083
0.186989
0.198833
0.181964
0.169786
0.227470
0.176234
0.228178
0.193622
0.184991
0.205345
0.207088
0.175359
0.158775
0.193474
0.196855
0.247912
0.156760
0.151631
0.225064
0.202296
0.186432
0.218777
0.115391
0.202316
0.204805
0.171377
0.206120
0.191530
0.169325
0.190479
0.187518
0.183258
0.201714
0.201065
0.150402
0.199911
0.236340
0.173520
0.162610
0.166445
0.180742
0.174588
0.242365
0.199341
0.240466
0.219297
0.250991
0.178847
0.190151
0.167116
0.204908
0.172583
0.236027
0.165504
0.161923
0.217890
0.218552
0.165616
0.177104
0.192270
0.225794
0.198178
0.192930
0.156062
0.217170
0.193457
0.202418
0.215289
0.167722
0.220065
0.214279
0.184438
0.215524
0.191801
0.201526
0.176595
0.198717
0.218103
0.193813
0.193308
0.201895
0.124448
0.192355
0.200846
0.216689
0.208393
0.181086
0.168916
0.193119
0.175732
0.170011
0.204957
0.239600
0.181844
0.157766
0.212156
0.212263
0.232864
0.205674
0.231312
0.196576
0.261279
0.174611
0.274074
0.182231
0.170355
0.228265
0.213038
0.188887
0.172887
0.189743
0.207194
0.223410
0.192296
0.176016
0.191812
0.230460
0.184685
0.177980
0.179543
0.182494
0.253372
0.221578
0.205769
0.156384
0.238846
0.189555
0.177847
0.217728
0.172604
0.181988
0.217169
0.172359
0.232372
0.178262
0.145283
0.250218
0.206908
0.159930
0.199909
0.179607
0.242699
0.298451
0.207241
0.230355
0.236749
0.250548
0.170038
0.207165
0.189929
0.217544
0.202981
0.160100
0.192680
0.218245
0.225299
0.221134
0.205759
0.199285
0.210323
0.204575
0.223680
0.181998
0.212686
0.212789
0.225268
0.228054
0.251168
0.179162
0.169571
0.227779
0.146006
0.264192
0.200791
0.211727
0.179011
0.252345
0.300946
0.294535
0.251816
0.198826
0.217777
0.188365
0.191401
0.196978
0.196156
0.217793
0.235094
0.222261
0.172666
0.192633
0.263642
0.238365
0.248646
0.172726
0.230214
0.181334
0.224281
0.187967
0.188378
0.185185
0.219927
0.191627
0.163897
0.205461
0.167948
0.180494
0.200673
0.148636
0.185150
0.206575
0.224813
0.189774
0.243880
0.191351
0.176911
0.157854
0.219217
0.247952
0.207093
0.277508
0.172815
0.202293
0.223169
0.193132
0.239255
0.195630
0.186569
0.203315
0.198288
0.285423
0.187686
0.189221
0.214722
0.200258
0.234163
0.205547
0.171807
0.269314
0.172785
0.269422
0.191603
0.227382
0.182593
0.189832
0.233112
0.212781
0.167568
0.211800
0.230767
0.181234
0.191361
0.207204
0.217936
0.195510
0.179008
0.185053
0.214992
0.194782
0.202728
0.290278
0.196663
0.173868
0.227333
0.173710
0.195500
0.169541
0.242701
0.174646
0.229289
0.198689
0.221202
0.235452
0.144278
0.215494
0.155687
0.223277
0.216911
0.253721
0.191421
0.150200
0.220553
0.221043
0.190399
0.215872
0.210179
0.188559
0.262053
0.179690
0.188670
0.190761
0.170104
0.152037
0.281468
0.150646
0.197595
0.182074
0.135588
0.186849
0.219514
0.201390
0.192498
0.177964
0.188368
0.149986
0.186788
0.189395
0.208794
0.252320
0.183835
0.270133
0.209338
0.232656
0.169216
0.190400
0.173756
0.226799
0.190346
0.149422
0.264553
0.217250
0.152175
0.218659
0.190157
0.212749
0.205829
0.190464
0.162749
0.202856
0.197253
0.199398
0.179281
0.212952
0.211128
0.150404
0.198364
0.249307
0.177001
0.217761
0.197421
0.201798
0.183221
0.202628
0.190335
0.156456
0.226993
0.231443
0.246071
0.186984
0.198815
0.181932
0.169781
0.227459
0.176207
0.228160
0.193623
0.184988
0.205342
0.207064
0.175328
0.158758
0.193470
0.196829
0.247927
0.156757
0.151621
0.225054
0.202256
0.186400
0.218777
0.115391
0.202312
0.204821
0.171375
0.206120
0.191526
0.169295
0.190470
0.187516
0.183239
0.201709
0.201048
0.150396
0.199894
0.236325
0.173515
0.162613
0.166435
0.180734
0.174583
0.242381
0.199328
0.240484
0.219309
0.250989
0.178826
0.190148
0.167112
0.204890
0.172579
0.235988
0.165505
0.161917
0.217866
0.218547
0.165604
0.177112
0.192238
0.225797
0.198187
0.192924
0.156072
0.217152
0.193447
0.202415
0.215300
0.167714
0.220043
0.214278
0.184421
0.215520
0.191798
0.201524
0.176570
0.198687
0.218099
0.193784
0.193297
0.201863
0.124443
0.192352
0.200799
0.216643
0.208393
0.181064
0.168901
0.193104
0.175715
0.170003
0.204969
0.239605
0.181821
0.157758
0.212129
0.212260
0.232867
0.205655
0.231281
0.196585
0.261285
0.174620
0.274074
0.182224
0.170340
0.228250
0.213033
0.188881
0.172879
0.189744
0.207185
0.223401
0.192306
0.175997
0.191826
0.230455
0.184671
0.177975
0.179521
0.182509
0.253385
0.221567
0.205755
0.156380
0.238838
0.189549
0.177841
0.217712
0.172601
0.181988
0.217159
0.172360
0.232368
0.178257
0.145269
0.250218
0.206911
0.159926
0.199902
0.179602
0.242701
0.298428
0.207237
0.230355
0.236732
0.250526
0.170042
0.207158
0.189920
0.217523
0.202965
0.160087
0.192673
0.218233
0.225313
0.221146
0.205750
0.199281
0.210323
0.204570
0.223679
0.181984
0.212674
0.212780
0.225267
0.228056
0.251163
0.179156
0.169578
0.227763
0.145988
0.264199
0.200769
0.211713
0.179016
0.252324
0.300934
0.294545
0.251825
0.198819
0.217762
0.188358
0.191410
0.196968
0.196140
0.217791
0.235092
0.222256
0.172663
0.192630
0.263633
0.238360
0.248638
0.172721
0.230202
0.181324
0.224277
0.187966
0.188358
0.185174
0.219911
0.191595
0.163876
0.205449
0.167935
0.180493
0.200664
0.148627
0.185119
0.206551
0.224817
0.189770
0.243873
0.191350
0.176926
0.157845
0.219198
0.247951
0.207060
0.277504
0.172803
0.202279
0.223148
0.193125
0.239238
0.195613
0.186560
0.203304
0.198285
0.285407
0.187685
0.189225
0.214712
0.200244
0.234152
0.205544
0.171803
0.269300
0.172783
0.269415
0.191603
0.227394
0.182581
0.189842
0.233088
0.212761
0.167565
0.211791
0.230778
0.181206
0.191350
0.207190
0.217939
0.195516
0.178993
0.185046
0.214965
0.194779
0.202698
0.290291
0.196650
0.173852
0.227320
0.173696
0.195488
0.169515
0.242706
0.174637
0.229277
0.198685
0.221194
0.235448
0.144260
0.215496
0.155686
0.223271
0.216901
0.253741
0.191410
0.150192
0.220550
0.221038
0.190396
0.215866
0.210183
0.188541
0.262040
0.179683
0.188653
0.190763
0.170100
0.152028
0.281465
0.150641
0.197589
0.182065
0.135577
0.186864
0.219510
0.201379
0.192485
0.177950
0.188370
0.149985
0.186779
0.189382
0.208805
0.252318
0.183824
0.270137
0.209330
0.232645
0.169208
0.190403
0.173757
0.226775
0.190348
0.149418
0.264557
0.217251
0.152168
0.218661
0.190156
0.212756
0.205824
0.190456
0.162733
0.202843
0.197263
0.199377
0.179258
0.212949
0.211142
0.150408
0.198371
0.249308
0.177000
0.217766
0.197428
0.201802
0.183210
0.202607
0.190339
0.156446
0.226991
0.231440
0.246069
0.186982
0.198822
0.181920
0.169770
0.227449
0.176197
0.228170
0.193607
0.184977
0.205357
0.207049
0.175316
0.158756
0.193462
0.196820
0.247935
0.156749
0.151608
0.225037
0.202252
0.186412
0.218767
0.115390
0.202304
0.204833
0.171384
0.206130
0.191523
0.169291
0.190476
0.187517
0.183229
0.201707
0.201036
0.150390
0.199890
0.236329
0.173513
0.162605
0.166424
0.180729
0.174584
0.242389
0.199304
0.240479
0.219297
0.250983
0.178800
0.190141
0.167110
0.204865
0.172585
0.235978
0.165506
0.161908
0.217869
0.218542
0.165610
0.177111
0.192236
0.225792
0.198183
0.192919
0.156055
0.217131
0.193450
0.202410
0.215294
0.167720
0.220045
0.214290
0.184405
0.215509
0.191787
0.201517
0.176573
0.198689
0.218098
0.193777
0.193304
0.201832
0.124439
0.192345
0.200781
0.216629
0.208382
0.181060
0.168904
0.193090
0.175722
0.169990
0.204973
0.239602
0.181814
0.157740
0.212121
0.212257
0.232865
0.205643
0.231282
0.196586
0.261288
0.174616
0.274089
0.182215
0.170340
0.228263
0.213031
0.188882
0.172871
0.189720
0.207175
0.223401
0.192294
0.175994
0.191819
0.230448
0.184678
0.177990
0.179519
0.182516
0.253381
0.221582
0.205764
0.156389
0.238841
0.189550
0.177844
0.217718
0.172599
0.181995
0.217163
0.172353
0.232379
0.178257
0.145274
0.250229
0.206927
0.159926
0.199906
0.179614
0.242686
0.298414
0.207239
0.230356
0.236730
0.250536
0.170040
0.207153
0.189927
0.217516
0.202961
0.160082
0.192670
0.218228
0.225309
0.221153
0.205746
0.199285
0.210323
0.204563
0.223687
0.181980
0.212679
0.212785
0.225265
0.228051
0.251170
0.179146
0.169577
0.227770
0.145983
0.264206
0.200768
0.211714
0.179006
0.252333
0.300923
0.294547
0.251834
0.198806
0.217755
0.188361
0.191409
0.196964
0.196136
0.217799
0.235089
0.222247
0.172652
0.192623
0.263643
0.238352
0.248656
0.172720
0.230214
0.181325
0.224268
0.187960
0.188364
0.185166
0.219899
0.191599
0.163879
0.205462
0.167934
0.180477
0.200657
0.148619
0.185110
0.206538
0.224825
0.189782
0.243886
0.191341
0.176929
0.157843
0.219183
0.247939
0.207061
0.277517
0.172795
0.202273
0.223146
0.193122
0.239229
0.195611
0.186542
0.203301
0.198285
0.285398
0.187689
0.189221
0.214711
0.200243
0.234161
0.205558
0.171804
0.269299
0.172777
0.269416
0.191599
0.227383
0.182577
0.189833
0.233111
0.212769
0.167557
0.211787
0.230784
0.181197
0.191354
0.207180
0.217933
0.195518
0.179000
0.185041
0.214956
0.194766
0.202697
0.290287
0.196654
0.173841
0.227319
0.173693
0.195486
0.169506
0.242699
0.174638
0.229282
0.198687
0.221198
0.235468
0.144260
0.215497
0.155692
0.223271
0.216902
0.253735
0.191415
0.150190
0.220534
0.221045
0.190392
0.215875
0.210177
0.188542
0.262032
0.179678
0.188657
0.190756
0.170103
0.152028
0.281478
0.150635
0.197599
0.182058
0.135572
0.186868
0.219518
0.201383
0.192484
0.177951
0.188365
0.149982
0.186777
0.189378
0.208809
0.252334
0.183813
0.270135
0.209327
0.232641
0.169211
0.190411
0.173754
0.226783
0.190346
0.149418
0.264558
0.217256
0.152162
0.218665
0.190153
0.212762
0.205816
0.190455
0.162732
0.202835
0.197261
0.199367
0.179254
0.212937
0.211147
0.150408
0.198380
0.249310
0.176985
0.217761
0.197431
0.201806
0.183203
0.202603
0.190337
0.156441
0.227000
0.231436
0.246065
0.186986
0.198812
0.181916
0.169783
0.227451
0.176197
0.228166
0.193606
0.184971
0.205362
0.207042
0.175296
0.158752
0.193457
0.196812
0.247934
0.156749
0.151602
0.225029
0.202252
0.186423
0.218771
0.115387
0.202304
0.204827
0.171386
0.206120
0.191517
0.169290
0.190477
0.187512
0.183223
0.201691
0.201036
0.150381
0.199881
0.236321
0.173523
0.162601
0.166415
0.180715
0.174576
0.242389
0.199294
0.240490
0.219299
0.250979
0.178800
0.190138
0.167109
0.204865
0.172581
0.235971
0.165504
0.161910
0.217869
0.218538
0.165606
0.177113
0.192232
0.225792
0.198178
0.192920
0.156060
0.217129
0.193447
0.202408
0.215292
0.167718
0.220042
0.214292
0.184401
0.215503
0.191784
0.201519
0.176567
0.198689
0.218094
0.193781
0.193303
0.201825
0.124436
0.192354
0.200775
0.216627
0.208387
0.181053
0.168904
0.193093
0.175720
0.169989
0.204970
0.239608
0.181817
0.157736
0.212106
0.212258
0.232858
0.205648
0.231283
0.196577
0.261288
0.174612
0.274088
0.182224
0.170337
0.228261
0.213031
0.188878
0.172866
0.189718
0.207172
0.223389
0.192291
0.175991
0.191822
0.230442
0.184674
0.177992
0.179516
0.182525
0.253382
0.221583
0.205764
0.156387
0.238844
0.189550
0.177840
0.217713
0.172605
0.181994
0.217164
0.172349
0.232374
0.178259
0.145264
0.250217
0.206929
0.159925
0.199902
0.179607
0.242689
0.298409
0.207239
0.230357
0.236726
0.250531
0.170039
0.207145
0.189931
0.217511
0.202958
0.160076
0.192666
0.218226
0.225304
0.221146
0.205748
0.199290
0.210322
0.204556
0.223684
0.181980
0.212681
0.212784
0.225265
0.228052
0.251172
0.179137
0.169567
0.227778
0.145974
0.264207
0.200763
0.211711
0.179019
0.252323
0.300914
0.294538
0.251835
0.198801
0.217755
0.188354
0.191404
0.196961
0.196137
0.217801
0.235088
0.222246
0.172649
0.192618
0.263642
0.238358
0.248655
0.172721
0.230214
0.181322
0.224265
0.187953
0.188366
0.185164
0.219892
0.191596
0.163875
0.205460
0.167928
0.180480
0.200659
0.148608
0.185107
0.206534
0.224822
0.189779
0.243884
0.191341
0.176926
0.157839
0.219184
0.247939
0.207062
0.277516
0.172801
0.202270
0.223146
0.193120
0.239226
0.195606
0.186540
0.203292
0.198283
0.285393
0.187688
0.189214
0.214708
0.200243
0.234161
0.205561
0.171802
0.269304
0.172779
0.269414
0.191596
0.227384
0.182566
0.189834
0.233104
0.212769
0.167551
0.211783
0.230777
0.181187
0.191356
0.207172
0.217927
0.195521
0.179007
0.185036
0.214948
0.194766
0.202694
0.290279
0.196650
0.173837
0.227314
0.173698
0.195484
0.169501
0.242698
0.174633
0.229279
0.198679
0.221204
0.235465
0.144254
0.215494
0.155693
0.223269
0.216900
0.253733
0.191411
0.150188
0.220528
0.221040
0.190387
0.215870
0.210183
0.188540
0.262023
0.179676
0.188654
0.190756
0.170103
0.152028
0.281478
0.150630
0.197589
0.182050
0.135568
0.186868
0.219515
0.201377
0.192482
0.177946
0.188361
0.149981
0.186773
0.189375
0.208807
0.252323
0.183811
0.270134
0.209323
0.232639
0.169210
0.190411
0.173758
0.226779
0.190342
0.149413
0.264554
0.217251
0.152166
0.218664
0.190155
0.212758
0.205812
0.190452
0.162724
0.202831
0.197254
0.199365
0.179250
0.212942
0.211146
0.150408
0.198379
0.249309
0.176989
0.217755
0.197425
0.201802
0.183204
0.202604
0.190330
0.156444
0.226999
0.231439
0.246064
0.186976
0.198815
0.181910
0.169781
0.227456
0.176193
0.228170
0.193598
0.184968
0.205360
0.207043
0.175295
0.158754
0.193465
0.196813
0.247946
0.156755
0.151593
0.225032
0.202244
0.186421
0.218776
0.115383
0.202302
0.204827
0.171387
0.206121
0.191518
0.169288
0.190479
0.187511
0.183214
0.201681
0.201032
0.150382
0.199883
0.236319
0.173523
0.162601
0.166405
0.180707
0.174578
0.242386
0.199284
0.240493
0.219296
0.250974
0.178798
0.190139
0.167102
0.204859
0.172581
0.235968
0.165494
0.161915
0.217867
0.218534
0.165603
0.177114
0.192230
0.225788
0.198180
0.192924
0.156064
0.217125
0.193441
0.202408
0.215291
0.167715
0.220047
0.214295
0.184401
0.215500
0.191784
0.201507
0.176568
0.198677
0.218088
0.193775
0.193308
0.201816
0.124432
0.192353
0.200769
0.216628
0.208381
0.181047
0.168906
0.193103
0.175718
0.169987
0.204970
0.239607
0.181815
0.157732
0.212099
0.212254
0.232850
0.205642
0.231284
0.196573
0.261281
0.174612
0.274082
0.182220
0.170337
0.228260
0.213030
0.188880
0.172862
0.189721
0.207173
0.223387
0.192291
0.175990
0.191825
0.230439
0.184676
0.177991
0.179508
0.182527
0.253377
0.221580
0.205763
0.156386
0.238838
0.189552
0.177843
0.217717
0.172602
0.181990
0.217177
0.172346
0.232370
0.178261
0.145267
0.250226
0.206929
0.159921
0.199905
0.179606
0.242685
0.298412
0.207236
0.230360
0.236724
0.250530
0.170039
0.207138
0.189929
0.217507
0.202953
0.160072
0.192660
0.218228
0.225299
0.221144
0.205748
0.199289
0.210320
0.204554
0.223684
0.181982
0.212681
0.212785
0.225271
0.228048
0.251173
0.179128
0.169569
0.227782
0.145974
0.264205
0.200761
0.211707
0.179018
0.252323
0.300915
0.294539
0.251836
0.198800
0.217755
0.188351
0.191405
0.196956
0.196133
0.217794
0.235089
0.222246
0.172646
0.192621
0.263641
0.238353
0.248654
0.172720
0.230208
0.181328
0.224263
0.187953
0.188365
0.185162
0.219891
0.191584
0.163872
0.205458
0.167928
0.180476
0.200654
0.148605
0.185105
0.206530
0.224821
0.189776
0.243877
0.191341
0.176923
0.157836
0.219185
0.247937
0.207060
0.277513
0.172798
0.202273
0.223146
0.193117
0.239222
0.195601
0.186539
0.203291
0.198277
0.285388
0.187681
0.189207
0.214711
0.200245
0.234161
0.205548
0.171803
0.269302
0.172784
0.269412
0.191593
0.227385
0.182562
0.189836
0.233098
0.212767
0.167549
0.211783
0.230784
0.181179
0.191355
0.207170
0.217922
0.195521
0.179003
0.185032
0.214948
0.194765
0.202693
0.290278
0.196648
0.173836
0.227313
0.173696
0.195481
0.169500
0.242693
0.174628
0.229279
0.198682
0.221205
0.235461
0.144251
0.215486
0.155690
0.223270
0.216892
0.253731
0.191407
0.150188
0.220528
0.221035
0.190389
0.215872
0.210184
0.188536
0.262028
0.179676
0.188654
0.190756
0.170102
0.152019
0.281474
0.150629
0.197584
0.182048
0.135567
0.186864
0.219514
0.201379
0.192483
0.177944
0.188361
0.149981
0.186774
0.189376
0.208801
0.252323
0.183806
0.270135
0.209321
0.232639
0.169208
0.190407
0.173759
0.226776
0.190333
0.149410
0.264552
0.217243
0.152167
0.218664
0.190158
0.212762
0.205816
0.190450
0.162721
0.202826
0.197253
0.199366
0.179248
0.212942
0.211140
0.150402
0.198375
0.249309
0.176987
0.217752
0.197414
0.201794
0.183208
0.202597
0.190329
0.156444
0.226999
0.231436
0.246059
0.186972
0.198813
0.181908
0.169777
0.227452
0.176190
0.228167
0.193596
0.184967
0.205363
0.207042
0.175294
0.158755
0.193461
0.196811
0.247944
0.156756
0.151593
0.225030
0.202243
0.186420
0.218772
0.115378
0.202298
0.204816
0.171383
0.206130
0.191513
0.169286
0.190476
0.187512
0.183214
0.201680
0.201028
0.150383
0.199885
0.236322
0.173521
0.162597
0.166403
0.180705
0.174573
0.242384
0.199280
0.240491
0.219301
0.250973
0.178798
0.190136
0.167102
0.204859
0.172579
0.235963
0.165497
0.161912
0.217865
0.218528
0.165602
0.177114
0.192228
0.225789
0.198177
0.192923
0.156065
0.217127
0.193437
0.202406
0.215292
0.167712
0.220043
0.214298
0.184401
0.215497
0.191786
0.201504
0.176567
0.198669
0.218085
0.193775
0.193305
0.201810
0.124432
0.192356
0.200760
0.216626
0.208383
0.181042
0.168904
0.193088
0.175717
0.169985
0.204968
0.239606
0.181817
0.157728
0.212095
0.212248
0.232852
0.205640
0.231283
0.196568
0.261277
0.174610
0.274076
0.182224
0.170335
0.228258
0.213024
0.188883
0.172862
0.189722
0.207158
0.223389
0.192294
0.175985
0.191820
0.230433
0.184668
0.177991
0.179508
0.182522
0.253364
0.221570
0.205756
0.156378
0.238838
0.189551
0.177841
0.217718
0.172600
0.181983
0.217175
0.172336
0.232367
0.178256
0.145263
0.250223
0.206929
0.159922
0.199903
0.179600
0.242683
0.298405
0.207232
0.230343
0.236733
0.250520
0.170037
0.207134
0.189928
0.217505
0.202948
0.160071
0.192657
0.218225
0.225298
0.221136
0.205748
0.199284
0.210319
0.204549
0.223682
0.181986
0.212679
0.212781
0.225272
0.228044
0.251169
0.179127
0.169567
0.227778
0.145970
0.264198
0.200758
0.211702
0.179018
0.252324
0.300914
0.294539
0.251831
0.198800
0.217743
0.188346
0.191403
0.196949
0.196132
0.217790
0.235089
0.222247
0.172644
0.192617
0.263641
0.238348
0.248650
0.172710
0.230203
0.181327
0.224264
0.187953
0.188365
0.185161
0.219885
0.191579
0.163873
0.205453
0.167925
0.180476
0.200651
0.148602
0.185101
0.206532
0.224819
0.189768
0.243880
0.191339
0.176922
0.157835
0.219179
0.247937
0.207058
0.277511
0.172797
0.202269
0.223144
0.193104
0.239224
0.195600
0.186533
0.203289
0.198267
0.285388
0.187675
0.189216
0.214710
0.200242
0.234160
0.205548
0.171801
0.269297
0.172784
0.269412
0.191593
0.227387
0.182559
0.189833
0.233094
0.212761
0.167546
0.211776
0.230777
0.181181
0.191356
0.207167
0.217923
0.195517
0.179003
0.185031
0.214944
0.194763
0.202694
0.290278
0.196646
0.173836
0.227307
0.173693
0.195478
0.169499
0.242691
0.174629
0.229281
0.198680
0.221199
0.235461
0.144251
0.215483
0.155688
0.223266
0.216890
0.253735
0.191403
0.150184
0.220526
0.221039
0.190390
0.215871
0.210181
0.188538
0.262025
0.179674
0.188648
0.190757
0.170100
0.152017
0.281472
0.150628
0.197580
0.182048
0.135567
0.186860
0.219510
0.201374
0.192477
0.177935
0.188356
0.149979
0.186774
0.189370
0.208791
0.252321
0.183799
0.270130
0.209319
0.232635
0.169208
0.190406
0.173757
0.226771
0.190333
0.149411
0.264552
0.217236
0.152170
0.218657
0.190155
0.212758
0.205815
0.190451
0.162718
0.202825
0.197250
0.199360
0.179248
0.212939
0.211139
0.150398
0.198377
0.249304
0.176986
0.217752
0.197411
0.201784
0.183211
0.202600
0.190329
0.156442
0.226994
0.231443
0.246056
0.186967
0.198813
0.181906
0.169775
0.227448
0.176186
0.228161
0.193593
0.184968
0.205363
0.207040
0.175287
0.158755
0.193463
0.196813
0.247938
0.156757
0.151589
0.225029
0.202241
0.186422
0.218768
0.115376
0.202297
0.204807
0.171378
0.206128
0.191516
0.169293
0.190467
0.187511
0.183211
0.201675
0.201027
0.150385
0.199884
0.236319
0.173523
0.162595
0.166398
0.180701
0.174580
0.242385
0.199282
0.240485
0.219303
0.250972
0.178793
0.190129
0.167097
0.204854
0.172573
0.235957
0.165493
0.161911
0.217868
0.218526
0.165595
0.177109
0.192227
0.225789
0.198172
0.192914
0.156062
0.217127
0.193429
0.202397
0.215288
0.167711
0.220037
0.214294
0.184404
0.215494
0.191788
0.201501
0.176566
0.198667
0.218084
0.193769
0.193302
0.201803
0.124435
0.192353
0.200758
0.216621
0.208390
0.181042
0.168902
0.193085
0.175714
0.169988
0.204968
0.239601
0.181815
0.157728
0.212096
0.212250
0.232852
0.205643
0.231281
0.196564
0.261269
0.174607
0.274069
0.182226
0.170340
0.228253
0.213025
0.188879
0.172856
0.189718
0.207157
0.223385
0.192291
0.175986
0.191820
0.230427
0.184663
0.177986
0.179504
0.182522
0.253367
0.221557
0.205759
0.156372
0.238837
0.189547
0.177835
0.217716
0.172596
0.181976
0.217165
0.172334
0.232363
0.178255
0.145259
0.250218
0.206927
0.159921
0.199899
0.179589
0.242680
0.298413
0.207220
0.230338
0.236729
0.250515
0.170037
0.207125
0.189920
0.217496
0.202945
0.160069
0.192656
0.218225
0.225295
0.221136
0.205744
0.199283
0.210307
0.204547
0.223671
0.181987
0.212671
0.212781
0.225273
0.228037
0.251168
0.179122
0.169564
0.227779
0.145965
0.264196
0.200759
0.211696
0.179018
0.252321
0.300908
0.294528
0.251827
0.198797
0.217736
0.188341
0.191401
0.196945
0.196133
0.217790
0.235082
0.222245
0.172643
0.192615
0.263639
0.238351
0.248648
0.172701
0.230205
0.181323
0.224259
0.187956
0.188366
0.185165
0.219884
0.191571
0.163873
0.205444
0.167926
0.180470
0.200652
0.148594
0.185098
0.206529
0.224811
0.189763
0.243872
0.191338
0.176925
0.157833
0.219178
0.247933
0.207060
0.277506
0.172792
0.202267
0.223135
0.193103
0.239220
0.195596
0.186532
0.203281
0.198265
0.285385
0.187674
0.189214
0.214706
0.200241
0.234163
0.205545
0.171793
0.269297
0.172787
0.269421
0.191593
0.227388
0.182550
0.189829
0.233098
0.212756
0.167542
0.211780
0.230779
0.181178
0.191359
0.207167
0.217922
0.195518
0.179001
0.185028
0.214939
0.194753
0.202695
0.290277
0.196646
0.173838
0.227304
0.173687
0.195471
0.169501
0.242684
0.174625
0.229277
0.198680
0.221197
0.235461
0.144250
0.215475
0.155680
0.223259
0.216867
0.253738
0.191400
0.150194
0.220518
0.221039
0.190382
0.215870
0.210181
0.188533
0.262023
0.179672
0.188647
0.190749
0.170087
0.152014
0.281470
0.150628
0.197575
0.182046
0.135570
0.186852
0.219504
0.201365
0.192472
0.177928
0.188351
0.149979
0.186768
0.189361
0.208785
0.252311
0.183800
0.270127
0.209311
0.232625
0.169203
0.190405
0.173755
0.226769
0.190330
0.149413
0.264547
0.217233
0.152169
0.218653
0.190142
0.212760
0.205823
0.190447
0.162714
0.202821
0.197252
0.199365
0.179246
0.212940
0.211136
0.150392
0.198375
0.249294
0.176979
0.217746
0.197405
0.201781
0.183212
0.202605
0.190326
0.156435
0.226995
0.231442
0.246055
0.186964
0.198814
0.181900
0.169770
0.227446
0.176188
0.228156
0.193592
0.184977
0.205359
0.207035
0.175277
0.158751
0.193458
0.196813
0.247939
0.156760
0.151585
0.225026
0.202240
0.186419
0.218767
0.115371
0.202293
0.204794
0.171376
0.206114
0.191511
0.169311
0.190465
0.187509
0.183208
0.201676
0.201017
0.150376
0.199878
0.236324
0.173518
0.162590
0.166395
0.180702
0.174578
0.242387
0.199277
0.240484
0.219298
0.250965
0.178790
0.190126
0.167096
0.204864
0.172566
0.235955
0.165488
0.161908
0.217865
0.218530
0.165591
0.177104
0.192226
0.225789
0.198166
0.192909
0.156062
0.217124
0.193426
0.202396
0.215281
0.167712
0.220031
0.214284
0.184401
0.215494
0.191785
0.201499
0.176569
0.198665
0.218081
0.193763
0.193307
0.201801
0.124434
0.192348
0.200749
0.216619
0.208389
0.181037
0.168898
0.193085
0.175711
0.169987
0.204967
0.239598
0.181811
0.157725
0.212094
0.212244
0.232845
0.205640
0.231274
0.196559
0.261260
0.174604
0.274065
0.182225
0.170336
0.228245
0.213025
0.188875
0.172854
0.189713
0.207157
0.223377
0.192287
0.175984
0.191819
0.230425
0.184661
0.177981
0.179500
0.182520
0.253369
0.221545
0.205763
0.156366
0.238842
0.189544
0.177832
0.217717
0.172592
0.181964
0.217165
0.172330
0.232359
0.178250
0.145256
0.250215
0.206926
0.159921
0.199896
0.179578
0.242678
0.298408
0.207206
0.230333
0.236726
0.250509
0.170035
0.207118
0.189916
0.217482
0.202940
0.160070
0.192655
0.218226
0.225289
0.221131
0.205742
0.199274
0.210307
0.204556
0.223662
0.181994
0.212664
0.212779
0.225265
0.228025
0.251162
0.179116
0.169558
0.227774
0.145962
0.264189
0.200756
0.211692
0.179014
0.252322
0.300906
0.294516
0.251820
0.198805
0.217747
0.188338
0.191398
0.196928
0.196140
0.217788
0.235073
0.222244
0.172640
0.192615
0.263642
0.238348
0.248649
0.172704
0.230210
0.181325
0.224258
0.187953
0.188365
0.185165
0.219876
0.191566
0.163870
0.205436
0.167925
0.180470
0.200652
0.148588
0.185096
0.206517
0.224803
0.189762
0.243869
0.191333
0.176920
0.157833
0.219165
0.247935
0.207060
0.277503
0.172792
0.202266
0.223134
0.193100
0.239217
0.195594
0.186536
0.203279
0.198268
0.285386
0.187666
0.189211
0.214707
0.200236
0.234166
0.205537
0.171791
0.269299
0.172775
0.269411
0.191590
0.227388
0.182552
0.189815
0.233097
0.212753
0.167534
0.211773
0.230777
0.181168
0.191366
0.207155
0.217922
0.195515
0.178994
0.185021
0.214941
0.194748
0.202696
0.290283
0.196640
0.173832
0.227301
0.173687
0.195464
0.169502
0.242679
0.174623
0.229274
0.198669
0.221193
0.235451
0.144251
0.215473
0.155670
0.223255
0.216863
0.253754
0.191393
0.150197
0.220508
0.221034
0.190376
0.215865
0.210179
0.188525
0.262010
0.179660
0.188644
0.190745
0.170085
0.152009
0.281464
0.150627
0.197567
0.182035
0.135567
0.186849
0.219505
0.201358
0.192470
0.177922
0.188347
0.149977
0.186756
0.189349
0.208778
0.252314
0.183793
0.270120
0.209299
0.232623
0.169191
0.190410
0.173748
0.226767
0.190317
0.149415
0.264541
0.217218
0.152170
0.218652
0.190140
0.212758
0.205830
0.190438
0.162702
0.202815
0.197250
0.199368
0.179238
0.212940
0.211125
0.150385
0.198373
0.249281
0.176977
0.217750
0.197399
0.201772
0.183208
0.202603
0.190329
0.156439
0.226988
0.231434
0.246045
0.186967
0.198814
0.181900
0.169762
0.227444
0.176184
0.228151
0.193585
0.184973
0.205358
0.207032
0.175276
0.158749
0.193456
0.196809
0.247942
0.156765
0.151583
0.225015
0.202237
0.186413
0.218760
0.115367
0.202289
0.204779
0.171369
0.206115
0.191502
0.169320
0.190460
0.187495
0.183206
0.201673
0.201003
0.150366
0.199871
0.236308
0.173519
0.162589
0.166401
0.180702
0.174566
0.242391
0.199276
0.240471
0.219299
0.250958
0.178793
0.190113
0.167090
0.204872
0.172562
0.235941
0.165483
0.161904
0.217860
0.218522
0.165587
0.177097
0.192229
0.225786
0.198165
0.192906
0.156066
0.217127
0.193413
0.202397
0.215266
0.167709
0.220032
0.214281
0.184399
0.215487
0.191771
0.201493
0.176556
0.198660
0.218081
0.193758
0.193301
0.201799
0.124435
0.192342
0.200746
0.216609
0.208391
0.181036
0.168895
0.193082
0.175711
0.169984
0.204967
0.239591
0.181806
0.157717
0.212112
0.212238
0.232834
0.205635
0.231277
0.196556
0.261239
0.174602
0.274067
0.182225
0.170337
0.228236
0.213026
0.188873
0.172852
0.189715
0.207154
0.223377
0.192280
0.175984
0.191818
0.230419
0.184660
0.177974
0.179496
0.182506
0.253350
0.221544
0.205769
0.156359
0.238849
0.189545
0.177826
0.217717
0.172582
0.181956
0.217157
0.172327
0.232357
0.178250
0.145257
0.250210
0.206928
0.159924
0.199882
0.179571
0.242678
0.298405
0.207197
0.230330
0.236726
0.250506
0.170034
0.207111
0.189899
0.217478
0.202936
0.160065
0.192656
0.218221
0.225284
0.221122
0.205738
0.199269
0.210314
0.204551
0.223644
0.182004
0.212658
0.212781
0.225265
0.228018
0.251153
0.179106
0.169554
0.227770
0.145958
0.264192
0.200756
0.211688
0.179004
0.252324
0.300902
0.294503
0.251804
0.198788
0.217742
0.188330
0.191394
0.196921
0.196143
0.217776
0.235072
0.222238
0.172636
0.192612
0.263639
0.238344
0.248644
0.172687
0.230217
0.181324
0.224251
0.187943
0.188371
0.185162
0.219866
0.191554
0.163867
0.205434
0.167918
0.180463
0.200650
0.148588
0.185102
0.206512
0.224801
0.189755
0.243866
0.191332
0.176914
0.157830
0.219160
0.247935
0.207061
0.277495
0.172792
0.202265
0.223137
0.193087
0.239201
0.195596
0.186543
0.203282
0.198267
0.285385
0.187663
0.189206
0.214703
0.200231
0.234161
0.205529
0.171779
0.269291
0.172775
0.269418
0.191580
0.227392
0.182544
0.189805
0.233096
0.212750
0.167527
0.211768
0.230766
0.181155
0.191360
0.207151
0.217911
0.195513
0.178991
0.185014
0.214941
0.194739
0.202693
0.290278
0.196632
0.173831
0.227302
0.173686
0.195464
0.169504
0.242684
0.174623
0.229279
0.198669
0.221189
0.235447
0.144249
0.215469
0.155662
0.223246
0.216853
0.253788
0.191394
0.150200
0.220513
0.221035
0.190374
0.215863
0.210184
0.188517
0.262004
0.179660
0.188644
0.190740
0.170078
0.152001
0.281463
0.150627
0.197559
0.182033
0.135560
0.186846
0.219500
0.201353
0.192464
0.177913
0.188341
0.149977
0.186752
0.189343
0.208771
0.252304
0.183784
0.270117
0.209288
0.232616
0.169192
0.190400
0.173735
0.226759
0.190314
0.149408
0.264530
0.217195
0.152171
0.218651
0.190134
0.212752
0.205831
0.190430
0.162701
0.202808
0.197238
0.199366
0.179234
0.212922
0.211125
0.150377
0.198364
0.249273
0.176973
0.217748
0.197393
0.201771
0.183207
0.202586
0.190333
0.156432
0.226986
0.231436
0.246033
0.186964
0.198823
0.181903
0.169766
0.227434
0.176175
0.228152
0.193580
0.184970
0.205362
0.207030
0.175277
0.158746
0.193455
0.196808
0.247951
0.156771
0.151576
0.225015
0.202236
0.186403
0.218752
0.115362
0.202292
0.204757
0.171365
0.206100
0.191496
0.169328
0.190460
0.187486
0.183193
0.201674
0.201001
0.150366
0.199871
0.236302
0.173516
0.162588
0.166403
0.180703
0.174561
0.242387
0.199270
0.240467
0.219302
0.250949
0.178798
0.190102
0.167090
0.204869
0.172556
0.235932
0.165482
0.161908
0.217856
0.218507
0.165575
0.177078
0.192221
0.225790
0.198157
0.192905
0.156067
0.217134
0.193410
0.202388
0.215268
0.167701
0.220029
0.214272
0.184403
0.215486
0.191779
0.201494
0.176548
0.198659
0.218084
0.193744
0.193301
0.201790
0.124430
0.192342
0.200735
0.216607
0.208387
0.181024
0.168894
0.193077
0.175698
0.169982
0.204967
0.239589
0.181804
0.157718
0.212109
0.212233
0.232830
0.205635
0.231273
0.196556
0.261237
0.174600
0.274064
0.182220
0.170332
0.228232
0.213024
0.188869
0.172849
0.189713
0.207152
0.223364
0.192275
0.175985
0.191815
0.230407
0.184652
0.177967
0.179489
0.182496
0.253345
0.221531
0.205771
0.156352
0.238852
0.189535
0.177805
0.217706
0.172571
0.181946
0.217150
0.172321
0.232361
0.178243
0.145256
0.250208
0.206922
0.159930
0.199863
0.179551
0.242676
0.298413
0.207176
0.230329
0.236732
0.250497
0.170033
0.207099
0.189895
0.217468
0.202929
0.160063
0.192647
0.218226
0.225277
0.221113
0.205742
0.199266
0.210298
0.204555
0.223627
0.182003
0.212659
0.212778
0.225274
0.228008
0.251154
0.179087
0.169550
0.227761
0.145956
0.264186
0.200746
0.211681
0.179005
0.252317
0.300896
0.294488
0.251792
0.198786
0.217732
0.188318
0.191396
0.196911
0.196138
0.217783
0.235078
0.222239
0.172628
0.192609
0.263624
0.238332
0.248644
0.172686
0.230220
0.181319
0.224252
0.187937
0.188376
0.185152
0.219870
0.191549
0.163858
0.205421
0.167917
0.180457
0.200651
0.148586
0.185092
0.206504
0.224797
0.189753
0.243861
0.191334
0.176917
0.157827
0.219159
0.247932
0.207062
0.277482
0.172789
0.202258
0.223138
0.193070
0.239189
0.195591
0.186536
0.203283
0.198261
0.285384
0.187659
0.189200
0.214705
0.200236
0.234154
0.205520
0.171769
0.269291
0.172772
0.269405
0.191578
0.227379
0.182541
0.189801
0.233102
0.212746
0.167523
0.211753
0.230759
0.181142
0.191360
0.207142
0.217897
0.195512
0.178982
0.185006
0.214946
0.194732
0.202689
0.290268
0.196626
0.173815
0.227302
0.173686
0.195455
0.169495
0.242676
0.174614
0.229276
0.198662
0.221191
0.235435
0.144247
0.215458
0.155652
0.223241
0.216842
0.253793
0.191389
0.150199
0.220498
0.221038
0.190381
0.215859
0.210182
0.188518
0.261996
0.179657
0.188645
0.190729
0.170072
0.151991
0.281454
0.150629
0.197544
0.182024
0.135553
0.186838
0.219491
0.201337
0.192455
0.177900
0.188328
0.149973
0.186746
0.189326
0.208756
0.252295
0.183777
0.270105
0.209293
0.232620
0.169181
0.190405
0.173736
0.226748
0.190307
0.149408
0.264521
0.217187
0.152183
0.218638
0.190124
0.212749
0.205834
0.190423
0.162696
0.202800
0.197236
0.199363
0.179226
0.212906
0.211119
0.150371
0.198352
0.249266
0.176966
0.217742
0.197374
0.201734
0.183214
0.202575
0.190333
0.156431
0.226979
0.231429
0.246030
0.186955
0.198830
0.181893
0.169761
0.227433
0.176168
0.228139
0.193579
0.184969
0.205362
0.207025
0.175268
0.158735
0.193446
0.196809
0.247950
0.156778
0.151571
0.224995
0.202237
0.186393
0.218743
0.115351
0.202287
0.204728
0.171349
0.206090
0.191479
0.169365
0.190457
0.187463
0.183180
0.201663
0.200989
0.150361
0.199869
0.236288
0.173510
0.162579
0.166402
0.180686
0.174550
0.242375
0.199262
0.240454
0.219298
0.250928
0.178801
0.190083
0.167074
0.204879
0.172549
0.235905
0.165478
0.161905
0.217855
0.218494
0.165562
0.177063
0.192222
0.225794
0.198150
0.192905
0.156065
0.217134
0.193400
0.202389
0.215257
0.167694
0.220002
0.214264
0.184403
0.215491
0.191780
0.201485
0.176536
0.198656
0.218086
0.193737
0.193300
0.201790
0.124427
0.192330
0.200721
0.216594
0.208383
0.181008
0.168879
0.193068
0.175679
0.169983
0.204946
0.239573
0.181787
0.157697
0.212101
0.212218
0.232812
0.205632
0.231263
0.196558
0.261210
0.174596
0.274048
0.182214
0.170317
0.228233
0.213010
0.188862
0.172845
0.189706
0.207140
0.223344
0.192265
0.175978
0.191805
0.230400
0.184642
0.177956
0.179481
0.182486
0.253329
0.221501
0.205779
0.156337
0.238846
0.189531
0.177796
0.217695
0.172567
0.181938
0.217137
0.172311
0.232356
0.178227
0.145250
0.250191
0.206904
0.159930
0.199854
0.179523
0.242684
0.298393
0.207153
0.230322
0.236730
0.250484
0.170025
0.207075
0.189875
0.217459
0.202917
0.160054
0.192641
0.218224
0.225261
0.221098
0.205744
0.199250
0.210301
0.204553
0.223607
0.182017
0.212643
0.212778
0.225281
0.227992
0.251141
0.179063
0.169548
0.227748
0.145947
0.264173
0.200731
0.211666
0.179000
0.252318
0.300875
0.294471
0.251779
0.198779
0.217720
0.188294
0.191397
0.196891
0.196139
0.217778
0.235079
0.222232
0.172624
0.192615
0.263605
0.238312
0.248627
0.172693
0.230218
0.181308
0.224249
0.187928
0.188386
0.185137
0.219852
0.191535
0.163861
0.205399
0.167907
0.180446
0.200647
0.148576
0.185082
0.206486
0.224785
0.189743
0.243846
0.191345
0.176906
0.157820
0.219140
0.247930
0.207064
0.277489
0.172784
0.202245
0.223127
0.193058
0.239188
0.195577
0.186538
0.203272
0.198254
0.285383
0.187657
0.189183
0.214709
0.200226
0.234149
0.205506
0.171761
0.269293
0.172785
0.269398
0.191570
0.227372
0.182531
0.189792
0.233090
0.212753
0.167526
0.211743
0.230754
0.181120
0.191360
0.207132
0.217859
0.195509
0.178961
0.184994
0.214942
0.194720
0.202689
0.290255
0.196625
0.173799
0.227290
0.173677
0.195438
0.169494
0.242663
0.174606
0.229252
0.198663
0.221185
0.235423
0.144243
0.215445
0.155629
0.223234
0.216823
0.253807
0.191381
0.150187
0.220497
0.221046
0.190379
0.215852
0.210181
0.188510
0.261991
0.179655
0.188634
0.190707
0.170057
0.151985
0.281447
0.150629
0.197526
0.182015
0.135547
0.186829
0.219472
0.201323
0.192441
0.177883
0.188304
0.149970
0.186736
0.189295
0.208734
0.252282
0.183761
0.270101
0.209271
0.232602
0.169175
0.190413
0.173726
0.226734
0.190295
0.149417
0.264507
0.217161
0.152205
0.218618
0.190116
0.212741
0.205843
0.190422
0.162688
0.202788
0.197226
0.199369
0.179214
0.212884
0.211099
0.150359
0.198360
0.249258
0.176959
0.217737
0.197355
0.201731
0.183218
0.202581
0.190340
0.156414
0.226980
0.231428
0.246037
0.186952
0.198827
0.181878
0.169761
0.227425
0.176162
0.228136
0.193582
0.184970
0.205377
0.207018
0.175258
0.158733
0.193438
0.196813
0.247938
0.156796
0.151563
0.224983
0.202230
0.186378
0.218742
0.115345
0.202274
0.204697
0.171346
0.206086
0.191466
0.169376
0.190465
0.187451
0.183176
0.201650
0.200982
0.150353
0.199870
0.236277
0.173514
0.162585
0.166401
0.180687
0.174547
0.242367
0.199247
0.240455
0.219287
0.250917
0.178807
0.190060
0.167069
0.204873
0.172540
0.235902
0.165463
0.161904
0.217865
0.218492
0.165553
0.177059
0.192214
0.225792
0.198144
0.192895
0.156072
0.217138
0.193385
0.202392
0.215255
0.167689
0.219982
0.214256
0.184402
0.215475
0.191778
0.201476
0.176523
0.198638
0.218082
0.193724
0.193302
0.201776
0.124422
0.192314
0.200700
0.216575
0.208362
0.180989
0.168870
0.193054
0.175662
0.169971
0.204948
0.239578
0.181775
0.157687
0.212113
0.212210
0.232807
0.205626
0.231261
0.196562
0.261200
0.174590
0.274045
0.182208
0.170317
0.228219
0.213003
0.188867
0.172844
0.189703
0.207141
0.223328
0.192252
0.175962
0.191806
0.230387
0.184632
0.177954
0.179475
0.182476
0.253324
0.221498
0.205781
0.156341
0.238842
0.189535
0.177785
0.217695
0.172557
0.181915
0.217126
0.172305
0.232356
0.178217
0.145249
0.250177
0.206903
0.159938
0.199838
0.179498
0.242678
0.298390
0.207124
0.230320
0.236719
0.250475
0.170005
0.207055
0.189868
0.217454
0.202907
0.160043
0.192638
0.218233
0.225259
0.221085
0.205743
0.199242
0.210291
0.204537
0.223598
0.182007
0.212642
0.212778
0.225276
0.227973
0.251137
0.179046
0.169548
0.227726
0.145934
0.264164
0.200727
0.211657
0.178987
0.252319
0.300856
0.294460
0.251774
0.198754
0.217700
0.188285
0.191395
0.196873
0.196144
0.217765
0.235081
0.222228
0.172629
0.192611
0.263600
0.238309
0.248638
0.172691
0.230225
0.181313
0.224238
0.187926
0.188384
0.185142
0.219837
0.191529
0.163856
0.205378
0.167915
0.180424
0.200652
0.148572
0.185072
0.206460
0.224783
0.189731
0.243835
0.191349
0.176911
0.157814
0.219135
0.247924
0.207068
0.277482
0.172769
0.202244
0.223111
0.193043
0.239166
0.195580
0.186524
0.203268
0.198241
0.285372
0.187660
0.189180
0.214711
0.200231
0.234141
0.205494
0.171751
0.269301
0.172786
0.269417
0.191559
0.227366
0.182522
0.189782
0.233082
0.212747
0.167520
0.211728
0.230736
0.181096
0.191352
0.207132
0.217838
0.195509
0.178940
0.185002
0.214940
0.194716
0.202668
0.290251
0.196607
0.173788
0.227276
0.173667
0.195429
0.169495
0.242650
0.174591
0.229244
0.198670
0.221195
0.235419
0.144243
0.215428
0.155615
0.223225
0.216809
0.253789
0.191373
0.150178
0.220489
0.221051
0.190371
0.215856
0.210190
0.188498
0.261981
0.179650
0.188629
0.190694
0.170044
0.151977
0.281438
0.150621
0.197508
0.182003
0.135535
0.186817
0.219459
0.201301
0.192437
0.177860
0.188303
0.149968
0.186728
0.189277
0.208719
0.252271
0.183749
0.270108
0.209251
0.232589
0.169176
0.190414
0.173725
0.226727
0.190294
0.149413
0.264490
0.217140
0.152209
0.218603
0.190114
0.212737
0.205842
0.190406
0.162678
0.202781
0.197221
0.199366
0.179209
0.212873
0.211088
0.150341
0.198357
0.249250
0.176938
0.217742
0.197334
0.201708
0.183221
0.202570
0.190341
0.156416
0.226981
0.231421
0.246029
0.186935
0.198822
0.181869
0.169757
0.227422
0.176152
0.228127
0.193574
0.184969
0.205365
0.207014
0.175241
0.158722
0.193428
0.196810
0.247939
0.156812
0.151555
0.224964
0.202220
0.186378
0.218716
0.115328
0.202261
0.204652
0.171338
0.206055
0.191447
0.169388
0.190468
0.187443
0.183156
0.201637
0.200973
0.150340
0.199869
0.236270
0.173511
0.162586
0.166395
0.180668
0.174539
0.242362
0.199239
0.240436
0.219283
0.250890
0.178796
0.190034
0.167056
0.204882
0.172527
0.235881
0.165447
0.161890
0.217855
0.218486
0.165542
0.177053
0.192218
0.225786
0.198125
0.192894
0.156072
0.217133
0.193381
0.202392
0.215262
0.167685
0.219960
0.214245
0.184395
0.215473
0.191782
0.201464
0.176517
0.198629
0.218080
0.193725
0.193299
0.201771
0.124418
0.192307
0.200685
0.216566
0.208350
0.180968
0.168866
0.193032
0.175642
0.169962
0.204944
0.239559
0.181759
0.157666
0.212110
0.212203
0.232793
0.205616
0.231247
0.196565
0.261171
0.174590
0.274032
0.182196
0.170312
0.228207
0.212989
0.188861
0.172839
0.189696
0.207135
0.223316
0.192240
0.175961
0.191804
0.230370
0.184618
0.177944
0.179460
0.182468
0.253326
0.221487
0.205785
0.156332
0.238832
0.189529
0.177780
0.217699
0.172538
0.181895
0.217109
0.172307
0.232358
0.178208
0.145240
0.250167
0.206888
0.159942
0.199820
0.179472
0.242665
0.298369
0.207097
0.230313
0.236707
0.250457
0.170002
0.207043
0.189864
0.217434
0.202901
0.160029
0.192620
0.218241
0.225233
0.221067
0.205747
0.199227
0.210299
0.204519
0.223565
0.182017
0.212625
0.212769
0.225275
0.227950
0.251138
0.179027
0.169546
0.227712
0.145918
0.264149
0.200725
0.211648
0.178974
0.252328
0.300843
0.294430
0.251758
0.198726
0.217682
0.188274
0.191384
0.196853
0.196137
0.217762
0.235065
0.222217
0.172626
0.192601
0.263577
0.238283
0.248626
0.172684
0.230227
0.181309
0.224232
0.187916
0.188384
0.185138
0.219824
0.191505
0.163853
0.205360
0.167908
0.180406
0.200647
0.148568
0.185049
0.206440
0.224779
0.189714
0.243821
0.191355
0.176916
0.157809
0.219119
0.247935
0.207062
0.277478
0.172757
0.202240
0.223098
0.193016
0.239157
0.195572
0.186523
0.203255
0.198225
0.285357
0.187664
0.189160
0.214704
0.200223
0.234134
0.205482
0.171733
0.269291
0.172775
0.269409
0.191545
0.227359
0.182518
0.189757
0.233060
0.212745
0.167514
0.211711
0.230723
0.181059
0.191344
0.207121
0.217810
0.195502
0.178924
0.184996
0.214923
0.194707
0.202653
0.290245
0.196584
0.173769
0.227269
0.173656
0.195411
0.169480
0.242636
0.174579
0.229236
0.198677
0.221187
0.235398
0.144244
0.215409
0.155588
0.223222
0.216787
0.253776
0.191368
0.150169
0.220474
0.221054
0.190367
0.215848
0.210186
0.188480
0.261959
0.179642
0.188631
0.190675
0.170031
0.151969
0.281428
0.150614
0.197494
0.181987
0.135525
0.186803
0.219433
0.201284
0.192418
0.177837
0.188285
0.149966
0.186714
0.189244
0.208698
0.252261
0.183731
0.270100
0.209230
0.232579
0.169165
0.190420
0.173715
0.226713
0.190283
0.149416
0.264477
0.217115
0.152220
0.218585
0.190105
0.212727
0.205849
0.190404
0.162676
0.202764
0.197219
0.199371
0.179212
0.212847
0.211066
0.150326
0.198361
0.249249
0.176925
0.217735
0.197328
0.201689
0.183219
0.202563
0.190345
0.156388
0.226974
0.231412
0.246028
0.186932
0.198821
0.181855
0.169742
0.227419
0.176139
0.228127
0.193569
0.184965
0.205368
0.207003
0.175227
0.158709
0.193412
0.196811
0.247943
0.156834
0.151547
0.224939
0.202214
0.186367
0.218719
0.115310
0.202247
0.204617
0.171336
0.206061
0.191429
0.169399
0.190463
0.187426
0.183142
0.201629
0.200969
0.150327
0.199864
0.236261
0.173517
0.162582
0.166392
0.180652
0.174507
0.242349
0.199208
0.240433
0.219287
0.250864
0.178796
0.190011
0.167046
0.204867
0.172520
0.235854
0.165442
0.161887
0.217873
0.218476
0.165520
0.177038
0.192210
0.225776
0.198108
0.192886
0.156074
0.217134
0.193366
0.202391
0.215252
0.167678
0.219946
0.214242
0.184397
0.215457
0.191778
0.201452
0.176508
0.198619
0.218085
0.193710
0.193292
0.201772
0.124416
0.192277
0.200671
0.216566
0.208335
0.180948
0.168855
0.193014
0.175623
0.169951
0.204952
0.239554
0.181762
0.157652
0.212089
0.212182
0.232785
0.205600
0.231239
0.196556
0.261151
0.174589
0.274038
0.182189
0.170294
0.228208
0.212976
0.188875
0.172834
0.189688
0.207117
0.223309
0.192232
0.175961
0.191806
0.230350
0.184597
0.177922
0.179449
0.182459
0.253332
0.221454
0.205783
0.156322
0.238836
0.189523
0.177761
0.217707
0.172540
0.181876
0.217100
0.172297
0.232350
0.178185
0.145238
0.250145
0.206880
0.159958
0.199799
0.179444
0.242658
0.298339
0.207069
0.230305
0.236702
0.250443
0.169988
0.207024
0.189838
0.217408
0.202883
0.160019
0.192612
0.218252
0.225200
0.221048
0.205763
0.199219
0.210289
0.204506
0.223539
0.182018
0.212613
0.212771
0.225264
0.227919
0.251139
0.178992
0.169536
0.227692
0.145899
0.264115
0.200712
0.211633
0.178966
0.252327
0.300829
0.294407
0.251728
0.198708
0.217658
0.188253
0.191386
0.196816
0.196129
0.217744
0.235039
0.222199
0.172610
0.192594
0.263543
0.238256
0.248625
0.172676
0.230232
0.181298
0.224218
0.187896
0.188383
0.185133
0.219824
0.191468
0.163838
0.205335
0.167902
0.180385
0.200643
0.148559
0.185042
0.206416
0.224778
0.189700
0.243799
0.191358
0.176911
0.157791
0.219094
0.247933
0.207062
0.277464
0.172752
0.202234
0.223086
0.192985
0.239135
0.195562
0.186509
0.203251
0.198212
0.285351
0.187661
0.189124
0.214705
0.200215
0.234119
0.205448
0.171715
0.269289
0.172775
0.269373
0.191523
0.227353
0.182504
0.189734
0.233057
0.212731
0.167511
0.211684
0.230697
0.181024
0.191327
0.207108
0.217772
0.195494
0.178901
0.184987
0.214901
0.194691
0.202639
0.290223
0.196568
0.173756
0.227255
0.173637
0.195379
0.169476
0.242612
0.174572
0.229222
0.198694
0.221188
0.235383
0.144241
0.215377
0.155562
0.223202
0.216756
0.253785
0.191342
0.150167
0.220464
0.221041
0.190374
0.215828
0.210178
0.188451
0.261939
0.179637
0.188626
0.190644
0.170029
0.151956
0.281414
0.150612
0.197466
0.181970
0.135515
0.186778
0.219401
0.201260
0.192392
0.177796
0.188270
0.149956
0.186695
0.189206
0.208678
0.252237
0.183715
0.270099
0.209214
0.232564
0.169147
0.190410
0.173699
0.226699
0.190260
0.149425
0.264447
0.217070
0.152229
0.218566
0.190088
0.212707
0.205845
0.190384
0.162647
0.202747
0.197203
0.199367
0.179198
0.212818
0.211050
0.150308
0.198364
0.249225
0.176905
0.217739
0.197297
0.201654
0.183213
0.202536
0.190337
0.156380
0.226964
0.231411
0.246014
0.186924
0.198825
0.181843
0.169745
0.227421
0.176122
0.228107
0.193568
0.184970
0.205369
0.206995
0.175192
0.158704
0.193397
0.196808
0.247925
0.156860
0.151533
0.224912
0.202205
0.186353
0.218701
0.115289
0.202234
0.204560
0.171310
0.206038
0.191395
0.169408
0.190450
0.187412
0.183116
0.201617
0.200951
0.150313
0.199858
0.236241
0.173522
0.162575
0.166385
0.180631
0.174485
0.242334
0.199190
0.240415
0.219265
0.250835
0.178805
0.189980
0.167030
0.204840
0.172511
0.235823
0.165425
0.161878
0.217867
0.218452
0.165492
0.177006
0.192213
0.225773
0.198091
0.192880
0.156078
0.217123
0.193350
0.202385
0.215242
0.167661
0.219920
0.214216
0.184390
0.215446
0.191777
0.201431
0.176488
0.198610
0.218083
0.193700
0.193297
0.201766
0.124407
0.192260
0.200650
0.216561
0.208331
0.180922
0.168842
0.192992
0.175587
0.169949
0.204947
0.239544
0.181736
0.157616
0.212078
0.212163
0.232759
0.205610
0.231240
0.196543
0.261114
0.174586
0.274019
0.182191
0.170283
0.228182
0.212964
0.188867
0.172817
0.189678
0.207113
0.223283
0.192202
0.175946
0.191798
0.230339
0.184575
0.177911
0.179428
0.182426
0.253367
0.221428
0.205788
0.156312
0.238819
0.189530
0.177747
0.217692
0.172522
0.181842
0.217085
0.172286
0.232349
0.178173
0.145233
0.250116
0.206863
0.159967
0.199756
0.179405
0.242643
0.298310
0.207026
0.230295
0.236703
0.250431
0.169987
0.207004
0.189814
0.217393
0.202852
0.159997
0.192588
0.218259
0.225173
0.221030
0.205764
0.199196
0.210268
0.204497
0.223505
0.182028
0.212608
0.212772
0.225264
0.227877
0.251135
0.178968
0.169526
0.227684
0.145878
0.264099
0.200691
0.211608
0.178956
0.252332
0.300803
0.294389
0.251708
0.198674
0.217645
0.188239
0.191381
0.196791
0.196110
0.217736
0.235020
0.222187
0.172612
0.192586
0.263527
0.238225
0.248618
0.172672
0.230240
0.181298
0.224202
0.187892
0.188401
0.185134
0.219813
0.191439
0.163822
0.205308
0.167906
0.180354
0.200625
0.148543
0.185030
0.206382
0.224772
0.189672
0.243776
0.191353
0.176906
0.157783
0.219074
0.247937
0.207057
0.277456
0.172745
0.202214
0.223078
0.192956
0.239114
0.195560
0.186503
0.203256
0.198205
0.285350
0.187645
0.189099
0.214695
0.200211
0.234124
0.205441
0.171695
0.269300
0.172769
0.269384
0.191512
0.227347
0.182492
0.189708
0.233049
0.212730
0.167504
0.211664
0.230700
0.180983
0.191306
0.207088
0.217739
0.195496
0.178878
0.184980
0.214886
0.194670
0.202619
0.290214
0.196550
0.173731
0.227253
0.173624
0.195355
0.169467
0.242601
0.174554
0.229200
0.198686
0.221184
0.235364
0.144238
0.215359
0.155545
0.223195
0.216727
0.253777
0.191337
0.150167
0.220450
0.221045
0.190376
0.215835
0.210179
0.188422
0.261914
0.179616
0.188624
0.190613
0.170016
0.151955
0.281398
0.150609
0.197425
0.181954
0.135496
0.186756
0.219368
0.201230
0.192380
0.177781
0.188248
0.149949
0.186681
0.189165
0.208651
0.252212
0.183682
0.270094
0.209187
0.232531
0.169140
0.190409
0.173683
0.226686
0.190230
0.149428
0.264418
0.217035
0.152244
0.218563
0.190064
0.212697
0.205861
0.190367
0.162625
0.202720
0.197200
0.199371
0.179182
0.212788
0.211037
0.150275
0.198344
0.249222
0.176887
0.217733
0.197273
0.201624
0.183218
0.202522
0.190350
0.156374
0.226957
0.231398
0.245997
0.186900
0.198819
0.181828
0.169726
0.227422
0.176125
0.228097
0.193557
0.184970
0.205368
0.206979
0.175158
0.158686
0.193380
0.196798
0.247917
0.156878
0.151521
0.224875
0.202192
0.186346
0.218686
0.115267
0.202220
0.204504
0.171302
0.206024
0.191378
0.169416
0.190452
0.187393
0.183081
0.201586
0.200944
0.150303
0.199846
0.236237
0.173520
0.162570
0.166397
0.180617
0.174470
0.242326
0.199177
0.240386
0.219265
0.250799
0.178798
0.189948
0.167005
0.204827
0.172493
0.235783
0.165406
0.161865
0.217862
0.218426
0.165483
0.176977
0.192219
0.225769
0.198074
0.192883
0.156079
0.217116
0.193322
0.202384
0.215227
0.167650
0.219884
0.214197
0.184386
0.215430
0.191769
0.201387
0.176459
0.198592
0.218068
0.193685
0.193296
0.201762
0.124404
0.192216
0.200607
0.216560
0.208329
0.180899
0.168826
0.192956
0.175557
0.169925
0.204951
0.239526
0.181727
0.157582
0.212071
0.212162
0.232720
0.205599
0.231237
0.196545
0.261087
0.174584
0.273985
0.182184
0.170282
0.228165
0.212942
0.188871
0.172813
0.189667
0.207092
0.223269
0.192183
0.175953
0.191796
0.230304
0.184545
0.177880
0.179418
0.182411
0.253379
0.221405
0.205791
0.156295
0.238809
0.189525
0.177742
0.217683
0.172516
0.181829
0.217078
0.172298
0.232345
0.178148
0.145222
0.250089
0.206856
0.159973
0.199734
0.179366
0.242620
0.298281
0.206992
0.230282
0.236707
0.250423
0.169971
0.206972
0.189770
0.217368
0.202840
0.159982
0.192571
0.218264
0.225137
0.221000
0.205774
0.199178
0.210248
0.204482
0.223464
0.182038
0.212602
0.212760
0.225272
0.227844
0.251126
0.178925
0.169510
0.227665
0.145847
0.264077
0.200670
0.211589
0.178951
0.252349
0.300769
0.294368
0.251677
0.198655
0.217622
0.188214
0.191383
0.196750
0.196098
0.217703
0.235003
0.222176
0.172619
0.192583
0.263495
0.238185
0.248611
0.172686
0.230243
0.181297
0.224194
0.187885
0.188413
0.185116
0.219790
0.191426
0.163824
0.205290
0.167906
0.180315
0.200619
0.148530
0.185010
0.206347
0.224761
0.189629
0.243755
0.191359
0.176886
0.157779
0.219047
0.247937
0.207056
0.277444
0.172731
0.202206
0.223055
0.192911
0.239098
0.195550
0.186483
0.203240
0.198187
0.285343
0.187638
0.189072
0.214696
0.200193
0.234117
0.205409
0.171666
0.269296
0.172766
0.269356
0.191482
0.227346
0.182485
0.189685
0.233048
0.212716
0.167495
0.211633
0.230664
0.180955
0.191292
0.207073
0.217701
0.195488
0.178850
0.184983
0.214880
0.194653
0.202597
0.290214
0.196528
0.173711
0.227236
0.173592
0.195321
0.169467
0.242562
0.174536
0.229195
0.198687
0.221181
0.235334
0.144236
0.215331
0.155502
0.223193
0.216694
0.253777
0.191328
0.150161
0.220423
0.221045
0.190370
0.215833
0.210185
0.188403
0.261889
0.179596
0.188602
0.190564
0.170001
0.151937
0.281373
0.150600
0.197386
0.181933
0.135477
0.186730
0.219335
0.201189
0.192348
0.177742
0.188232
0.149940
0.186665
0.189114
0.208629
0.252163
0.183650
0.270089
0.209164
0.232505
0.169126
0.190414
0.173661
0.226661
0.190200
0.149424
0.264373
0.216987
0.152246
0.218536
0.190040
0.212678
0.205862
0.190352
0.162607
0.202709
0.197196
0.199374
0.179165
0.212757
0.211022
0.150268
0.198341
0.249198
0.176865
0.217714
0.197236
0.201601
0.183230
0.202503
0.190358
0.156358
0.226970
0.231388
0.245979
0.186874
0.198816
0.181800
0.169709
0.227414
0.176113
0.228074
0.193543
0.184959
0.205381
0.206971
0.175111
0.158658
0.193365
0.196797
0.247900
0.156924
0.151496
0.224848
0.202179
0.186325
0.218668
0.115234
0.202192
0.204402
0.171273
0.205978
0.191321
0.169466
0.190446
0.187356
0.183048
0.201554
0.200924
0.150281
0.199838
0.236221
0.173528
0.162553
0.166387
0.180577
0.174430
0.242301
0.199175
0.240350
0.219245
0.250756
0.178800
0.189883
0.166974
0.204797
0.172468
0.235723
0.165371
0.161854
0.217865
0.218390
0.165409
0.176900
0.192273
0.225756
0.198049
0.192869
0.156076
0.217105
0.193292
0.202373
0.215216
0.167633
0.219835
0.214154
0.184386
0.215404
0.191768
0.201369
0.176435
0.198575
0.218047
0.193661
0.193304
0.201749
0.124393
0.192154
0.200563
0.216555
0.208306
0.180852
0.168799
0.192913
0.175497
0.169917
0.204936
0.239507
0.181693
0.157536
0.212060
0.212130
0.232680
0.205583
0.231228
0.196530
0.261011
0.174567
0.273944
0.182237
0.170255
0.228126
0.212898
0.188850
0.172792
0.189657
0.207060
0.223225
0.192146
0.175946
0.191784
0.230258
0.184494
0.177843
0.179414
0.182352
0.253406
0.221367
0.205787
0.156278
0.238806
0.189528
0.177696
0.217667
0.172504
0.181783
0.217035
0.172275
0.232341
0.178107
0.145210
0.250041
0.206810
0.160007
0.199673
0.179292
0.242574
0.298212
0.206916
0.230248
0.236723
0.250380
0.169946
0.206916
0.189729
0.217323
0.202786
0.159951
0.192546
0.218292
0.225096
0.220959
0.205779
0.199129
0.210223
0.204454
0.223377
0.182051
0.212569
0.212746
0.225266
0.227780
0.251121
0.178863
0.169510
0.227627
0.145806
0.264024
0.200654
0.211542
0.178916
0.252348
0.300728
0.294311
0.251627
0.198616
0.217587
0.188170
0.191376
0.196710
0.196093
0.217665
0.234969
0.222136
0.172635
0.192575
0.263442
0.238115
0.248585
0.172693
0.230234
0.181285
0.224172
0.187870
0.188416
0.185103
0.219770
0.191383
0.163808
0.205249
0.167893
0.180266
0.200605
0.148518
0.184970
0.206300
0.224742
0.189603
0.243703
0.191355
0.176881
0.157761
0.218991
0.247926
0.207071
0.277414
0.172708
0.202194
0.223029
0.192851
0.239074
0.195527
0.186472
0.203214
0.198176
0.285345
0.187626
0.189040
0.214696
0.200183
0.234100
0.205342
0.171608
0.269301
0.172745
0.269350
0.191449
0.227339
0.182467
0.189640
0.233043
0.212698
0.167484
0.211580
0.230609
0.180913
0.191245
0.207049
0.217639
0.195475
0.178812
0.184955
0.214832
0.194623
0.202564
0.290193
0.196500
0.173673
0.227215
0.173556
0.195271
0.169453
0.242518
0.174504
0.229158
0.198679
0.221167
0.235303
0.144220
0.215280
0.155440
0.223139
0.216601
0.253871
0.191316
0.150145
0.220434
0.221062
0.190372
0.215861
0.210226
0.188458
0.261873
0.179562
0.188603
0.190560
0.169957
0.151922
0.281334
0.150659
0.197289
0.181913
0.135453
0.186685
0.219271
0.201143
0.192314
0.177692
0.188186
0.149914
0.186634
0.189051
0.208568
0.252132
0.183612
0.270062
0.209124
0.232464
0.169092
0.190396
0.173635
0.226626
0.190149
0.149436
0.264311
0.216910
0.152270
0.218491
0.190009
0.212658
0.205873
0.190320
0.162579
0.202676
0.197167
0.199371
0.179150
0.212710
0.210995
0.150230
0.198332
0.249180
0.176839
0.217686
0.197180
0.201573
0.183226
0.202463
0.190362
0.156345
0.226962
0.231394
0.245978
0.186851
0.198826
0.181776
0.169711
0.227402
0.176090
0.228052
0.193522
0.184943
0.205375
0.206956
0.175079
0.158638
0.193342
0.196799
0.247896
0.156958
0.151480
0.224832
0.202175
0.186311
0.218645
0.115203
0.202172
0.204343
0.171257
0.205955
0.191276
0.169484
0.190441
0.187321
0.183016
0.201543
0.200907
0.150252
0.199835
0.236213
0.173531
0.162542
0.166375
0.180537
0.174396
0.242294
0.199166
0.240315
0.219236
0.250711
0.178776
0.189840
0.166960
0.204768
0.172435
0.235680
0.165348
0.161843
0.217866
0.218367
0.165367
0.176853
0.192301
0.225759
0.198015
0.192846
0.156078
0.217089
0.193265
0.202354
0.215194
0.167622
0.219780
0.214110
0.184387
0.215380
0.191755
0.201347
0.176415
0.198549
0.218048
0.193619
0.193279
0.201731
0.124388
0.192109
0.200518
0.216537
0.208287
0.180818
0.168777
0.192870
0.175462
0.169890
0.204938
0.239481
0.181656
0.157502
0.212050
0.212101
0.232661
0.205578
0.231223
0.196510
0.260984
0.174553
0.273927
0.182244
0.170232
0.228128
0.212860
0.188829
0.172765
0.189644
0.207035
0.223188
0.192116
0.175935
0.191790
0.230222
0.184447
0.177809
0.179403
0.182318
0.253422
0.221326
0.205800
0.156261
0.238808
0.189522
0.177679
0.217657
0.172490
0.181746
0.217022
0.172268
0.232351
0.178086
0.145193
0.250001
0.206784
0.160022
0.199641
0.179235
0.242545
0.298144
0.206873
0.230226
0.236746
0.250342
0.169936
0.206888
0.189713
0.217283
0.202752
0.159948
0.192528
0.218308
0.225053
0.220930
0.205776
0.199104
0.210208
0.204433
0.223334
0.182049
0.212539
0.212741
0.225257
0.227720
0.251115
0.178810
0.169505
0.227609
0.145765
0.263977
0.200620
0.211524
0.178904
0.252344
0.300692
0.294279
0.251577
0.198575
0.217535
0.188147
0.191389
0.196664
0.196099
0.217663
0.234957
0.222110
0.172669
0.192555
0.263388
0.238058
0.248575
0.172703
0.230233
0.181272
0.224148
0.187854
0.188404
0.185104
0.219732
0.191350
0.163803
0.205203
0.167877
0.180228
0.200595
0.148507
0.184938
0.206256
0.224733
0.189583
0.243657
0.191344
0.176880
0.157751
0.218943
0.247929
0.207080
0.277372
0.172687
0.202188
0.222998
0.192798
0.239045
0.195504
0.186442
0.203208
0.198143
0.285333
0.187605
0.188997
0.214679
0.200166
0.234091
0.205282
0.171568
0.269287
0.172725
0.269329
0.191410
0.227310
0.182429
0.189602
0.232999
0.212665
0.167469
0.211518
0.230530
0.180919
0.191212
0.207031
0.217582
0.195463
0.178781
0.184917
0.214798
0.194596
0.202543
0.290160
0.196457
0.173633
0.227207
0.173506
0.195254
0.169441
0.242488
0.174463
0.229123
0.198678
0.221146
0.235276
0.144216
0.215232
0.155387
0.223091
0.216549
0.253974
0.191320
0.150133
0.220445
0.221095
0.190399
0.215886
0.210257
0.188519
0.261925
0.179576
0.188662
0.190692
0.169978
0.151894
0.281446
0.150540
0.197343
0.181878
0.135423
0.186647
0.219233
0.201105
0.192304
0.177652
0.188178
0.149914
0.186589
0.188981
0.208528
0.252115
0.183585
0.270052
0.209101
0.232434
0.169061
0.190380
0.173605
0.226597
0.190107
0.149435
0.264247
0.216814
0.152285
0.218448
0.189976
0.212648
0.205876
0.190291
0.162546
0.202628
0.197150
0.199371
0.179140
0.212664
0.210968
0.150188
0.198314
0.249150
0.176804
0.217678
0.197114
0.201525
0.183220
0.202427
0.190377
0.156326
0.226969
0.231389
0.245957
0.186820
0.198827
0.181762
0.169689
0.227388
0.176071
0.228024
0.193496
0.184929
0.205363
0.206936
0.175053
0.158619
0.193304
0.196800
0.247883
0.157002
0.151450
0.224798
0.202148
0.186305
0.218607
0.115165
0.202142
0.204258
0.171215
0.205915
0.191214
0.169552
0.190430
0.187272
0.182978
0.201528
0.200892
0.150235
0.199820
0.236208
0.173537
0.162532
0.166362
0.180478
0.174358
0.242275
0.199175
0.240288
0.219231
0.250659
0.178762
0.189783
0.166921
0.204749
0.172402
0.235626
0.165309
0.161833
0.217870
0.218314
0.165298
0.176787
0.192371
0.225735
0.197994
0.192847
0.156088
0.217073
0.193238
0.202348
0.215169
0.167598
0.219739
0.214063
0.184405
0.215339
0.191739
0.201310
0.176385
0.198524
0.218039
0.193594
0.193280
0.201715
0.124377
0.192050
0.200463
0.216517
0.208244
0.180770
0.168744
0.192817
0.175409
0.169867
0.204928
0.239449
0.181606
0.157431
0.212030
0.212061
0.232620
0.205570
0.231193
0.196498
0.260913
0.174545
0.273870
0.182296
0.170200
0.228093
0.212820
0.188810
0.172741
0.189628
0.207005
0.223149
0.192069
0.175922
0.191767
0.230173
0.184386
0.177768
0.179395
0.182277
0.253404
0.221286
0.205794
0.156245
0.238796
0.189518
0.177657
0.217643
0.172475
0.181717
0.216990
0.172272
0.232345
0.178038
0.145174
0.249956
0.206748
0.160028
0.199572
0.179166
0.242499
0.298073
0.206797
0.230185
0.236780
0.250290
0.169915
0.206826
0.189655
0.217241
0.202703
0.159927
0.192491
0.218335
0.225019
0.220884
0.205784
0.199054
0.210181
0.204401
0.223267
0.182088
0.212518
0.212697
0.225251
0.227655
0.251095
0.178758
0.169489
0.227571
0.145713
0.263931
0.200598
0.211489
0.178876
0.252346
0.300629
0.294245
0.251528
0.198543
0.217472
0.188122
0.191383
0.196617
0.196089
0.217644
0.234935
0.222068
0.172683
0.192537
0.263328
0.237984
0.248565
0.172727
0.230240
0.181271
0.224125
0.187844
0.188421
0.185110
0.219718
0.191298
0.163794
0.205169
0.167861
0.180181
0.200569
0.148481
0.184905
0.206211
0.224713
0.189556
0.243611
0.191351
0.176862
0.157734
0.218896
0.247924
0.207072
0.277319
0.172654
0.202172
0.222964
0.192721
0.239008
0.195472
0.186421
0.203202
0.198110
0.285297
0.187601
0.188953
0.214663
0.200138
0.234057
0.205220
0.171527
0.269281
0.172704
0.269297
0.191344
0.227307
0.182409
0.189562
0.232972
0.212629
0.167451
0.211443
0.230449
0.180880
0.191189
0.206982
0.217517
0.195448
0.178745
0.184900
0.214754
0.194558
0.202521
0.290126
0.196408
0.173584
0.227176
0.173455
0.195193
0.169395
0.242447
0.174413
0.229105
0.198682
0.221154
0.235246
0.144217
0.215183
0.155324
0.223056
0.216499
0.254042
0.191324
0.150113
0.220453
0.221104
0.190421
0.215922
0.210303
0.188540
0.261981
0.179564
0.188667
0.190763
0.170043
0.151941
0.281550
0.150544
0.197604
0.181932
0.135490
0.186837
0.219474
0.201231
0.192287
0.177801
0.188232
0.149944
0.186658
0.189062
0.208574
0.252106
0.183595
0.270051
0.209081
0.232443
0.169053
0.190381
0.173576
0.226560
0.190070
0.149447
0.264187
0.216741
0.152314
0.218416
0.189932
0.212561
0.205889
0.190234
0.162560
0.202596
0.197119
0.199373
0.179121
0.212604
0.210910
0.150113
0.198257
0.249107
0.176801
0.217608
0.196999
0.201391
0.183173
0.202382
0.190313
0.156352
0.226893
0.231356
0.245945
0.186760
0.198778
0.181715
0.169627
0.227351
0.176182
0.227963
0.193472
0.184913
0.205341
0.206907
0.175018
0.158595
0.193214
0.196793
0.247752
0.157117
0.151451
0.224760
0.202125
0.186261
0.218592
0.115118
0.202085
0.204071
0.171129
0.205837
0.191005
0.169891
0.190395
0.187202
0.182998
0.201535
0.200900
0.150237
0.199795
0.236189
0.173542
0.162517
0.166343
0.180390
0.174311
0.242198
0.199223
0.240235
0.219171
0.250570
0.178773
0.189630
0.166847
0.204786
0.172370
0.235546
0.165278
0.161810
0.217866
0.218243
0.165174
0.176564
0.192741
0.225706
0.197983
0.192855
0.156094
0.217027
0.193261
0.202383
0.215217
0.167557
0.219686
0.213950
0.184501
0.215296
0.191751
0.201250
0.176345
0.198529
0.217985
0.193588
0.193255
0.201772
0.124371
0.191945
0.200411
0.216516
0.208228
0.180721
0.168705
0.192728
0.175304
0.169816
0.204881
0.239390
0.181543
0.157353
0.212062
0.212027
0.232514
0.205554
0.231183
0.196432
0.260724
0.174447
0.273651
0.182741
0.170158
0.228052
0.212826
0.188780
0.172707
0.189603
0.206975
0.223041
0.191944
0.175887
0.191713
0.230081
0.184221
0.177647
0.179354
0.182211
0.253225
0.221207
0.205775
0.156200
0.238772
0.189494
0.177575
0.217549
0.172518
0.181657
0.216922
0.172237
0.232316
0.177969
0.145128
0.249820
0.206612
0.160079
0.199449
0.178993
0.242413
0.297950
0.206631
0.230090
0.236857
0.250240
0.169883
0.206811
0.189600
0.217168
0.202613
0.159911
0.192392
0.218414
0.224842
0.220726
0.205871
0.198952
0.210107
0.204302
0.223024
0.182272
0.212436
0.212640
0.225196
0.227487
0.251094
0.178654
0.169462
0.227486
0.145637
0.263780
0.200616
0.211399
0.178808
0.252281
0.300574
0.294088
0.251279
0.198745
0.217371
0.188097
0.191387
0.196574
0.196090
0.217707
0.234997
0.222132
0.172462
0.192482
0.263108
0.237776
0.248422
0.172735
0.230223
0.181287
0.224192
0.187896
0.188385
0.185134
0.219763
0.191401
0.163846
0.205325
0.167880
0.180326
0.200606
0.148480
0.184956
0.206326
0.224761
0.189637
0.243691
0.191326
0.176878
0.157763
0.218998
0.247908
0.207054
0.277389
0.172698
0.202185
0.223000
0.192843
0.239009
0.195497
0.186440
0.203198
0.198155
0.285329
0.187599
0.188983
0.214660
0.200160
0.234065
0.205285
0.171577
0.269261
0.172725
0.269290
0.191422
0.227297
0.182438
0.189588
0.232968
0.212649
0.167460
0.211501
0.230446
0.181044
0.191195
0.206987
0.217581
0.195442
0.178761
0.184933
0.214797
0.194553
0.202553
0.290108
0.196396
0.173627
0.227195
0.173474
0.195230
0.169434
0.242439
0.174451
0.229116
0.198672
0.221131
0.235225
0.144237
0.215188
0.155343
0.223018
0.216496
0.254133
0.191292
0.150141
0.220432
0.221063
0.190372
0.215874
0.210241
0.188491
0.261913
0.179582
0.188631
0.190658
0.169972
0.151898
0.281390
0.150568
0.197317
0.181890
0.135421
0.186635
0.219211
0.201081
0.192314
0.177633
0.188139
0.149894
0.186596
0.188992
0.208501
0.252068
0.183583
0.269989
0.209085
0.232417
0.169030
0.190313
0.173538
0.226511
0.190058
0.149434
0.264147
0.216721
0.152333
0.218397
0.189897
0.212514
0.205882
0.190217
0.162589
0.202612
0.197115
0.199383
0.179139
0.212617
0.210912
0.150112
0.198210
0.249114
0.176822
0.217590
0.197013
0.201405
0.183164
0.202432
0.190279
0.156368
0.226881
0.231368
0.245951
0.186744
0.198754
0.181748
0.169618
0.227336
0.176263
0.227967
0.193468
0.184927
0.205325
0.206913
0.175082
0.158615
0.193215
0.196783
0.247712
0.157086
0.151578
0.224806
0.202141
0.186288
0.218623
0.115167
0.202119
0.204192
0.171148
0.205835
0.191019
0.169869
0.190347
0.187229
0.183002
0.201510
0.200908
0.150196
0.199789
0.236189
0.173477
0.162491
0.166306
0.180375
0.174305
0.242175
0.199167
0.240211
0.219143
0.250545
0.178822
0.189637
0.166825
0.204756
0.172362
0.235536
0.165256
0.161796
0.217844
0.218169
0.165106
0.176505
0.192786
0.225706
0.198017
0.192869
0.156081
0.217053
0.193335
0.202411
0.215273
0.167607
0.219882
0.214191
0.184338
0.215340
0.191769
0.201280
0.176387
0.198510
0.217947
0.193624
0.193244
0.201792
0.124374
0.192002
0.200477
0.216529
0.208266
0.180765
0.168723
0.192762
0.175342
0.169829
0.204853
0.239382
0.181561
0.157402
0.212068
0.212047
0.232531
0.205555
0.231186
0.196430
0.260747
0.174407
0.273623
0.182746
0.170172
0.228030
0.212787
0.188761
0.172726
0.189625
0.206973
0.223026
0.191921
0.175900
0.191680
0.230070
0.184198
0.177605
0.179371
0.182138
0.253146
0.221175
0.205762
0.156145
0.238727
0.189396
0.177520
0.217471
0.172612
0.181665
0.216948
0.172228
0.232313
0.178065
0.145158
0.249830
0.206542
0.160097
0.199469
0.178943
0.242316
0.297918
0.206607
0.230024
0.236901
0.250235
0.169871
0.206831
0.189528
0.217172
0.202616
0.159918
0.192378
0.218383
0.224770
0.220604
0.205974
0.198903
0.210089
0.204298
0.222917
0.182415
0.212358
0.212588
0.225103
0.227494
0.251042
0.178677
0.169450
0.227451
0.145627
0.263708
0.200679
0.211384
0.178774
0.252227
0.300559
0.293983
0.251139
0.199168
0.217555
0.188115
0.191381
0.196629
0.196121
0.217752
0.235068
0.222239
0.172520
0.192579
0.263426
0.238018
0.248422
0.172931
0.230227
0.181079
0.224199
0.187829
0.188431
0.185055
0.219987
0.191651
0.163762
0.205177
0.167971
0.180221
0.200645
0.148587
0.185102
0.206414
0.224570
0.189499
0.243409
0.191805
0.176826
0.157942
0.219134
0.247806
0.207104
0.277110
0.172784
0.202171
0.223000
0.192613
0.239413
0.195497
0.186603
0.203373
0.197926
0.285445
0.187507
0.188679
0.214322
0.200248
0.233614
0.204667
0.171153
0.268797
0.172474
0.268778
0.191554
0.227565
0.182705
0.189599
0.233034
0.212622
0.167689
0.211477
0.230091
0.181897
0.191092
0.207279
0.217746
0.195318
0.178895
0.185135
0.215181
0.194714
0.202880
0.290219
0.196633
0.174079
0.227399
0.173669
0.195587
0.169656
0.242482
0.174698
0.229134
0.198827
0.221089
0.235084
0.144485
0.215212
0.155314
0.222767
0.216393
0.254247
0.191091
0.150321
0.220515
0.220803
0.190271
0.215619
0.209670
0.188297
0.262051
0.179980
0.188604
0.190611
0.170103
0.152075
0.281153
0.150991
0.197215
0.182265
0.135700
0.186690
0.219173
0.201213
0.192742
0.177631
0.188169
0.149981
0.186826
0.189246
0.208289
0.252001
0.184027
0.269751
0.209382
0.232530
0.169113
0.190245
0.173693
0.226440
0.190164
0.149612
0.264137
0.216881
0.152590
0.218404
0.189701
0.212164
0.206125
0.190144
0.163167
0.202968
0.196995
0.199789
0.179463
0.212649
0.210882
0.150115
0.197886
0.249366
0.177178
0.217464
0.196948
0.201447
0.183274
0.203018
0.189770
0.156914
0.226554
0.231380
0.246103
0.186710
0.198470
0.182163
0.169625
0.227374
0.176430
0.227923
0.193639
0.185016
0.205116
0.207224
0.175683
0.158841
0.193219
0.197032
0.247326
0.156861
0.151857
0.225117
0.202518
0.186353
0.218571
0.115342
0.202269
0.204357
0.171097
0.205797
0.190938
0.169947
0.190208
0.187298
0.183559
0.201796
0.201304
0.150417
0.199880
0.236401
0.173385
0.162569
0.166554
0.180678
0.174506
0.242149
0.199602
0.240129
0.219063
0.250717
0.179133
0.189767
0.166988
0.205079
0.172503
0.235998
0.165371
0.161818
0.217836
0.218461
0.165436
0.176501
0.192783
0.225717
0.198058
0.192832
0.155982
0.217291
0.193453
0.202304
0.215062
0.167567
0.219996
0.213856
0.184605
