12.936017
12.936333
12.774683
12.712584
13.074901
12.612500
12.991374
12.645267
13.287195
12.704835
12.534171
13.242738
13.082472
12.748159
12.730860
12.782438
12.783508
12.607597
12.668993
12.384727
12.489040
12.852294
12.907921
13.208314
12.549743
12.256440
12.736369
12.938505
12.205669
12.230922
12.342999
12.158890
12.886262
12.506697
12.215515
12.292351
12.651722
12.867825
12.850270
12.731381
12.501703
12.246183
12.685726
12.355499
12.671944
12.457255
12.389286
12.605144
11.755016
12.617930
12.475464
12.486691
12.280423
12.424483
12.285569
12.471417
12.413553
12.564393
12.713692
12.453573
12.567189
12.383531
12.468438
12.608350
12.194412
12.096496
12.461713
12.537370
12.156196
12.297606
12.890366
12.244206
12.232492
12.559342
12.421794
12.410836
12.787018
12.183221
12.887967
12.568081
12.736575
12.445765
12.584159
11.934991
11.771198
12.506393
12.281002
12.242664
12.493742
11.832294
12.651949
12.153646
12.247983
12.018733
12.411275
12.727654
12.713685
12.280479
12.194448
12.459077
12.207473
12.725453
12.287174
12.174164
12.311580
12.771222
11.863647
11.748446
12.688041
12.772090
12.191956
12.240249
12.352443
12.229522
12.194709
12.064025
12.062049
12.623428
12.317830
11.940084
12.076615
11.942804
12.489068
12.234646
11.984212
12.300980
12.244631
12.383583
12.207203
12.623724
12.753863
12.208110
12.360409
12.280005
12.346667
12.431123
12.508182
12.490932
12.678113
12.205792
12.248063
12.106524
12.645741
12.133145
12.544683
12.432265
12.105696
12.357647
11.794708
12.269956
12.357491
12.401657
12.047597
12.785419
12.274042
12.419935
12.486931
11.958794
12.568790
12.014338
12.005621
12.036042
12.205480
11.851845
11.810438
11.938732
11.960937
12.043826
11.943979
12.305263
12.586170
12.431093
12.186958
12.243069
12.198004
12.363225
12.303435
11.809803
12.743899
11.937672
12.385736
12.078481
11.821881
12.045925
12.303368
12.528730
12.151606
12.401562
12.329000
12.127199
12.332799
12.279843
12.073484
12.434110
12.325884
11.883747
12.234916
12.035260
12.305875
11.896880
11.679084
12.369789
11.711017
11.739307
11.588614
11.595294
12.562263
11.654553
12.229402
12.163329
11.827646
12.012138
11.854985
11.503090
11.927863
12.116136
12.289905
11.981756
11.895020
12.112013
12.084731
11.691348
12.428826
11.704562
12.291100
12.101295
11.816243
11.753909
11.953281
12.387414
11.741305
11.888058
12.000568
12.192703
12.050734
11.601024
11.733031
12.298236
11.712406
12.173031
12.020432
11.818920
11.846075
12.050864
11.696876
11.831576
12.103566
11.672184
11.759978
12.295118
11.760900
11.585309
11.458963
12.211127
11.740787
12.362759
12.113520
11.692758
12.420938
12.137528
11.710311
11.724777
11.688645
11.579296
11.900152
12.159404
11.659786
11.507239
11.732743
12.019361
12.287718
11.358426
12.335592
11.427869
11.906198
12.079562
11.603343
11.556604
12.130420
11.665694
11.931204
12.084188
11.705249
11.898700
11.852868
11.673846
12.009234
12.216545
11.831753
11.631049
11.997885
11.243823
11.809593
12.055333
11.901976
12.175332
11.643489
11.648354
11.765532
11.821140
11.532570
11.547312
11.673377
11.419647
12.169076
11.450858
11.505740
12.251202
11.903202
12.261752
11.857119
11.862643
12.002356
11.597784
11.822463
11.842674
11.846937
11.835025
11.633085
12.089492
11.437054
11.676982
11.737283
12.137269
11.491514
11.613265
12.133088
11.672747
11.994007
11.643221
11.652184
11.717457
11.757193
11.626910
11.094012
12.140826
11.720827
11.584255
11.613807
11.544452
12.000666
11.704607
11.571569
11.427142
11.512513
11.858383
11.180618
11.992871
11.955835
11.952721
11.794908
11.731998
12.078389
11.633640
11.994712
11.660833
12.275341
11.712195
11.549680
12.227969
12.074000
11.752155
11.732668
11.781006
11.781734
11.611642
11.669559
11.397638
11.497491
11.842648
11.894274
12.183511
11.551396
11.270635
11.728502
11.922302
11.217925
11.244725
11.347625
11.174445
11.866795
11.501979
11.225442
11.297283
11.640069
11.845768
11.829176
11.715427
11.495768
11.249864
11.669615
11.354087
11.657561
11.450647
11.385253
11.592204
10.777286
11.606946
11.469296
11.478939
11.279815
11.421229
11.285965
11.463672
11.409815
11.552021
11.695790
11.448296
11.554927
11.380787
11.460779
11.593716
11.201187
11.105475
11.454060
11.528229
11.162448
11.301010
11.870962
11.248255
11.237832
11.551424
11.420015
11.406706
11.768636
11.189631
11.866900
11.558798
11.719104
11.441887
11.575790
10.953902
10.796996
11.500804
11.284460
11.248881
11.489402
10.856515
11.640434
11.163350
11.254270
11.035562
11.411562
11.715485
11.699764
11.284428
11.204203
11.454654
11.218694
11.712606
11.294108
11.183492
11.318758
11.760758
10.890779
10.779593
11.677649
11.758868
11.201921
11.248393
11.355869
11.238251
11.206140
11.082157
11.079597
11.615651
11.323490
10.965535
11.094118
10.967330
11.487088
11.246184
11.004405
11.309581
11.254086
11.387197
11.218990
11.619425
11.742895
11.219497
11.366369
11.288172
11.352780
11.434478
11.506524
11.491591
11.671684
11.219578
11.259421
11.126857
11.640860
11.149410
11.542787
11.437382
11.125359
11.365589
10.829370
11.280261
11.365804
11.409128
11.068623
11.778061
11.285810
11.425242
11.490669
10.984262
11.573092
11.037633
11.029176
11.059187
11.222244
10.884696
10.843369
10.965159
10.991627
11.065875
10.974424
11.317950
11.588238
11.438148
11.204660
11.259830
11.216400
11.372571
11.317085
10.845860
11.738992
10.966451
11.396805
11.102712
10.856848
11.070199
11.317130
11.535036
11.172222
11.412633
11.346657
11.149364
11.345559
11.297400
11.097602
11.443883
11.339945
10.919614
11.252402
11.063758
11.322401
10.931783
10.722939
11.381279
10.753456
10.778120
10.636100
10.642698
11.570219
10.699081
11.247649
11.187316
10.866196
11.041921
10.891842
10.554777
10.960853
11.144920
11.307387
11.013085
10.930352
11.137228
11.110794
10.739634
11.440618
10.747943
11.310001
11.126663
10.855046
10.797331
10.987630
11.403926
10.784079
10.925037
11.031940
11.217251
11.081423
10.651631
10.779802
11.318354
10.760316
11.199961
11.054400
10.859677
10.886699
11.081703
10.745581
10.872334
11.131767
10.723041
10.805334
11.315523
10.807034
10.637341
10.517175
11.238297
10.786545
11.381362
11.144469
10.741885
11.439074
11.166496
10.758903
10.772618
10.736166
10.633310
10.943151
11.188315
10.711769
10.564869
10.780632
11.054944
11.312895
10.422194
11.357897
10.490630
10.949444
11.116117
10.657340
10.614076
11.162760
10.716905
10.973845
11.118502
10.757108
10.941889
10.897013
10.726177
11.048241
11.245311
10.876274
10.685760
11.037353
10.317469
10.856032
11.090998
10.946116
11.208177
10.698462
10.703621
10.812037
10.869282
10.593313
10.606106
10.728431
10.484395
11.202037
10.515155
10.566942
11.281415
10.948458
11.293324
10.903319
10.910471
11.045215
10.655457
10.870512
10.890175
10.894667
10.883900
10.693177
11.128860
10.505693
10.734630
10.792794
11.173985
10.555509
10.671398
11.171440
10.729501
11.039718
10.700551
10.709357
10.774879
10.812612
10.685654
10.175944
11.178898
10.777978
10.646744
10.674423
10.607175
11.046572
10.761902
10.635027
10.497864
10.576729
10.910929
10.261559
11.038491
11.004924
11.001037
10.849773
10.788530
11.121238
10.696279
11.041574
10.721751
11.310774
10.768371
10.615482
11.265291
11.118977
10.810781
10.790420
10.836784
10.838349
10.675108
10.730702
10.471917
10.568406
10.896874
10.945557
11.224876
10.619474
10.351808
10.789099
10.975658
10.299773
10.328894
10.423714
10.261922
10.921173
10.571422
10.309805
10.377577
10.705066
10.901363
10.886270
10.777995
10.568432
10.332191
10.733276
10.432216
10.723517
10.524339
10.461650
10.660277
9.879333
10.677243
10.544376
10.552629
10.360483
10.499465
10.367793
10.537781
10.487850
10.621850
10.760370
10.525033
10.625018
10.460043
10.535356
10.661639
10.289660
10.196081
10.528736
10.601508
10.250494
10.386330
10.934439
10.334218
10.325034
10.625925
10.500407
10.484839
10.833124
10.277866
10.928812
10.631994
10.784460
10.520251
10.649849
10.054094
9.903790
10.577516
10.369831
10.336891
10.567293
9.961757
10.711429
10.254670
10.342309
10.133696
10.493834
10.785822
10.768406
10.370183
10.295506
10.532367
10.311394
10.782232
10.382681
10.274343
10.407556
10.832622
9.998663
9.891314
10.749559
10.828058
10.293324
10.338039
10.440981
10.328434
10.298901
10.181339
10.178210
10.689985
10.410690
10.071691
10.192645
10.072573
10.566930
10.338958
10.105472
10.399524
10.344840
10.472353
10.311966
10.696977
10.814044
10.312055
10.453719
10.377633
10.440257
10.519300
10.586543
10.573817
10.747108
10.314360
10.351867
10.227884
10.717730
10.246529
10.622487
10.523803
10.225702
10.454692
9.944060
10.371610
10.455233
10.497739
10.170217
10.852446
10.378516
10.511743
10.575656
10.090057
10.658596
10.141329
10.133116
10.162718
10.319659
9.997507
9.956251
10.071797
10.102339
10.168300
10.084880
10.411387
10.671494
10.526165
10.302874
10.357137
10.315254
10.462742
10.411371
9.961603
10.815483
10.075209
10.488585
10.207095
9.971506
10.174601
10.411449
10.622201
10.273089
10.504343
10.444671
10.251680
10.438865
10.395287
10.201776
10.534294
10.434457
10.035007
10.350184
10.172071
10.419238
10.046214
9.845939
10.473257
9.875078
9.896260
9.762533
9.769049
10.658760
9.822655
10.346034
10.291186
9.984021
10.151335
10.008019
9.685159
10.073306
10.253337
10.404962
10.123919
10.045012
10.242185
10.216550
9.866676
10.532683
9.870264
10.408859
10.231709
9.972955
9.919651
10.101250
10.500449
9.905746
10.041161
10.142673
10.321433
10.191479
9.780761
9.905254
10.418256
9.886832
10.306369
10.167544
9.979315
10.006200
10.191824
9.872801
9.991931
10.239327
9.852303
9.929305
10.415592
9.931737
9.767689
9.653428
10.344798
9.910854
10.479636
10.254577
9.869390
10.536878
10.274674
9.885871
9.898846
9.862076
9.765439
10.064720
10.296378
9.841924
9.700425
9.906851
10.169360
10.417336
9.563595
10.459567
9.631055
10.071157
10.231404
9.789342
9.749392
10.273981
9.846200
10.094921
10.231586
9.886992
10.063468
10.019496
9.856485
10.165771
10.353024
9.999074
9.818309
10.155294
9.468145
9.980630
10.205262
10.068492
10.319720
9.831203
9.836631
9.936649
9.995449
9.731542
9.742455
9.861194
9.626434
10.313611
9.656738
9.705554
10.390331
10.071774
10.403518
10.027519
10.036223
10.166196
9.790621
9.996448
10.015581
10.020281
10.010597
9.830617
10.246438
9.651304
9.869698
9.925809
10.288977
9.696627
9.806897
10.287979
9.863656
10.163280
9.835245
9.843884
9.909636
9.945436
9.821660
9.334164
10.295084
9.912432
9.786300
9.812177
9.746939
10.170226
9.896442
9.775461
9.645249
9.717875
10.040888
9.418714
10.161795
10.131534
10.126904
9.981903
9.922254
10.241835
9.835827
10.166007
9.859639
10.424231
9.901689
9.758015
10.380541
10.241547
9.946417
9.925200
9.969672
9.972030
9.815339
9.868700
9.622492
9.715754
10.028217
10.074073
10.343873
9.764061
9.508939
9.926496
10.106110
9.457519
9.488853
9.575920
9.425028
10.052560
9.717229
9.469900
9.533773
9.846592
10.033868
10.020205
9.917169
9.717269
9.490268
9.873466
9.586250
9.865887
9.674108
9.614006
9.804644
9.056248
9.823726
9.695436
9.702350
9.516874
9.653519
9.525286
9.687861
9.641692
9.767803
9.901297
9.677597
9.771200
9.615001
9.685819
9.805721
9.453422
9.361876
9.679264
9.750681
9.413810
9.547026
10.074197
9.495510
9.487502
9.776220
9.656338
9.638597
9.973791
9.441288
10.066998
9.780979
9.925922
9.674177
9.799639
9.228919
9.084918
9.729817
9.530418
9.499998
9.720696
9.141360
9.858213
9.420916
9.505403
9.306446
9.651386
9.931922
9.912876
9.531043
9.461671
9.685509
9.478881
9.927605
9.546188
9.440035
9.571263
9.980093
9.180643
9.076957
9.897054
9.972940
9.459472
9.502499
9.601095
9.493394
9.466323
9.354900
9.351214
9.839724
9.572738
9.251892
9.365532
9.251886
9.721894
9.506311
9.280756
9.564151
9.510229
9.632365
9.479463
9.849687
9.960611
9.479123
9.615787
9.541715
9.602430
9.678927
9.741549
9.730934
9.897697
9.483486
9.518743
9.402980
9.869666
9.417851
9.777121
9.684867
9.400099
9.618306
9.132190
9.537359
9.619133
9.660849
9.345754
10.001905
9.545521
9.672797
9.735251
9.269573
9.818664
9.318820
9.310825
9.340031
9.491103
9.183697
9.142494
9.252059
9.286490
9.344505
9.268767
9.578960
9.829299
9.688530
9.474993
9.528375
9.487978
9.627136
9.579692
9.150480
9.966743
9.257371
9.654473
9.385044
9.159288
9.352557
9.579738
9.783621
9.447629
9.670104
9.616456
9.427588
9.606123
9.566926
9.379428
9.698754
9.602834
9.223387
9.521676
9.353649
9.589808
9.233637
9.041562
9.639143
9.069363
9.087198
8.961406
8.967837
9.821315
9.018763
9.518000
9.468402
9.174590
9.333836
9.196999
8.887734
9.258698
9.434853
9.576083
9.307732
9.232481
9.420349
9.395475
9.065988
9.698476
9.065030
9.581143
9.409907
9.163470
9.114389
9.287639
9.670446
9.099832
9.229914
9.326261
9.498740
9.374406
8.981951
9.102913
9.591425
9.085490
9.485755
9.353373
9.171355
9.198105
9.374728
9.072081
9.183899
9.419757
9.053507
9.125443
9.588808
9.128554
8.969906
8.861297
9.524143
9.107255
9.651089
9.437348
9.068832
9.707850
9.455575
9.084769
9.097032
9.059947
8.969255
9.258409
9.477117
9.043831
8.907494
9.104959
9.356155
9.594562
8.776228
9.634123
8.842735
9.264895
9.418983
8.992921
8.956141
9.457639
9.047161
9.287995
9.417002
9.088496
9.257003
9.213885
9.058364
9.355405
9.533237
9.193738
9.022305
9.345292
8.689494
9.176975
9.391703
9.262694
9.503531
9.035327
9.040998
9.132959
9.193243
8.940882
8.949986
9.065277
8.839400
9.497382
8.869251
8.915210
9.571524
9.266758
9.585922
9.223335
9.233516
9.358906
8.996915
9.193891
9.212501
9.217399
9.208751
9.039053
9.435828
8.867548
9.075830
9.129967
9.475862
8.908531
9.013405
9.476315
9.068858
9.358329
9.040946
9.049427
9.115387
9.149330
9.028582
8.562366
9.483002
9.117852
8.996593
9.020735
8.957417
9.365238
9.101901
8.986563
8.862995
8.929631
9.241916
8.645794
9.356433
9.329333
9.323979
9.184971
9.126835
9.433841
9.045980
9.361666
9.068184
9.609363
9.105841
8.970982
9.567360
9.435371
9.152748
9.130712
9.173360
9.176465
9.026046
9.077252
8.843087
8.933245
9.230370
9.273512
9.534188
8.978880
8.735760
9.134414
9.307363
8.684911
8.718355
8.797986
8.657532
9.254664
8.933146
8.699497
8.759622
9.058373
9.237007
9.224709
9.126670
8.936023
8.717877
9.083920
8.809970
9.078416
8.893718
8.836087
9.019058
8.301839
9.040133
8.916234
8.921856
8.742767
8.877191
8.752208
8.907681
8.865100
8.983660
9.112315
8.899766
8.987248
8.839443
8.905951
9.019726
8.686271
8.596670
8.899420
8.969534
8.646200
8.776900
9.284000
8.725939
8.719050
8.996097
8.881604
8.861773
9.184422
8.673700
9.275229
8.999558
9.137280
8.897468
9.018951
8.472206
8.334248
8.951516
8.760050
8.732035
8.943430
8.389180
9.074579
8.655919
8.737380
8.547673
8.878039
9.147599
9.126979
8.760839
8.696546
8.907893
8.714996
9.142531
8.778487
8.674413
8.803721
9.196998
8.430599
8.330422
9.113955
9.187330
8.694235
8.735629
8.830052
8.726986
8.702267
8.596717
8.592488
9.058696
8.803503
8.500043
8.606661
8.499167
8.945836
8.742113
8.524150
8.797318
8.744125
8.861104
8.715361
9.071409
9.176443
8.714589
8.846457
8.774299
8.833178
8.907228
8.965419
8.956813
9.117316
8.720861
8.753956
8.646056
9.090547
8.657300
9.000563
8.914462
8.642459
8.850327
8.387691
8.771409
8.851407
8.892357
8.589161
9.220318
8.780741
8.902303
8.963347
8.516753
9.047209
8.564040
8.556252
8.585067
8.730504
8.437221
8.396056
8.499875
8.538032
8.588423
8.520047
8.814597
9.055569
8.919157
8.714960
8.767493
8.728507
8.859675
8.815991
8.406464
9.186671
8.506904
8.888405
8.630524
8.414189
8.598023
8.815932
9.013235
8.689804
8.903854
8.855977
8.671048
8.841287
8.806278
8.624533
8.931211
8.839044
8.478749
8.760847
8.602477
8.828081
8.488050
8.303818
8.872908
8.330321
8.344943
8.226752
8.233091
9.051840
8.281433
8.757532
8.712951
8.431929
8.583434
8.452796
8.156552
8.511042
8.683475
8.814737
8.558538
8.486787
8.665731
8.641580
8.331586
8.931970
8.326288
8.820846
8.655269
8.420629
8.375583
8.540826
8.907922
8.360376
8.485345
8.576732
8.743181
8.624224
8.249260
8.366828
8.831873
8.350353
8.732136
8.605926
8.429853
8.456462
8.624455
8.337493
8.442291
8.667090
8.320740
8.387806
8.829206
8.391556
8.238069
8.134864
8.770386
8.369828
8.889747
8.686848
8.334292
8.946028
8.703257
8.349685
8.361253
8.323862
8.238859
8.518304
8.724596
8.311574
8.180181
8.369061
8.609404
8.838634
8.054217
8.875616
8.119788
8.524757
8.672932
8.262193
8.228440
8.707803
8.313901
8.547176
8.668833
8.355732
8.516594
8.474290
8.325942
8.611236
8.780039
8.454371
8.291878
8.601436
7.975670
8.439194
8.644423
8.522841
8.753720
8.304956
8.310862
8.395095
8.456786
8.215485
8.222851
8.334828
8.117456
8.747449
8.146854
8.190069
8.819105
8.527540
8.834645
8.484899
8.496489
8.617482
8.268496
8.456982
8.475093
8.480165
8.472500
8.312644
8.691169
8.148606
8.347194
8.399430
8.728764
8.185400
8.285098
8.730580
8.339289
8.619020
8.311831
8.320150
8.386304
8.418463
8.300611
7.854773
8.736799
8.388412
8.271821
8.294291
8.232800
8.625811
8.372459
8.262516
8.145314
8.206201
8.508204
7.937032
8.616581
8.592503
8.586444
8.453172
8.396482
8.691424
8.320945
8.622740
8.341590
8.860328
8.375025
8.248606
8.819916
8.694635
8.423993
8.401158
8.442048
8.445868
8.301446
8.350586
8.127952
8.215126
8.497544
8.538076
8.789999
8.258166
8.026545
8.407071
8.573630
7.976213
8.011676
8.084176
7.953711
8.521705
8.213408
7.992867
8.049388
8.334662
8.505002
8.493999
8.400748
8.218960
8.009281
8.358888
8.097630
8.355351
8.177431
8.122162
8.297776
7.610423
8.320788
8.201049
8.205427
8.032448
8.164683
8.042866
8.191525
8.152373
8.263682
8.387704
8.185824
8.267431
8.127665
8.190033
8.297936
7.982530
7.894780
8.183497
8.252351
7.941981
8.070243
8.558131
8.019820
8.014000
8.279846
8.170514
8.148675
8.459293
7.969438
8.547786
8.282016
8.412816
8.184423
8.302104
7.778318
7.646134
8.236923
8.053051
8.027334
8.229802
7.699586
8.354843
7.954034
8.032581
7.851730
8.168126
8.427158
8.405028
8.053917
7.994480
8.193849
8.014108
8.421327
8.073920
7.971828
8.099306
8.477656
7.742926
7.646098
8.394591
8.465550
7.991964
8.031795
8.122210
8.023577
8.001102
7.901170
7.896422
8.341249
8.097348
7.810534
7.910424
7.808807
8.233109
8.040749
7.830052
8.093413
8.040909
8.152937
8.014047
8.356509
8.455886
8.012843
8.140099
8.069772
8.126888
8.198580
8.252520
8.245832
8.400330
8.020876
8.051890
7.951520
8.374735
7.959278
8.287194
8.206982
7.947203
8.145158
7.705007
8.068170
8.146453
8.186664
7.894861
8.502062
8.078576
8.194655
8.254349
7.826030
8.338619
7.871427
7.863822
7.892256
8.032287
7.752532
7.711400
7.809707
7.851426
7.894504
7.833163
8.112721
8.344714
8.212474
8.017215
8.068927
8.031283
8.154792
8.114703
7.724024
8.469685
7.818273
8.184813
7.937994
7.730671
7.905464
8.114486
8.305469
7.994070
8.200043
8.157676
7.976518
8.138805
8.107804
7.931561
8.226116
8.137529
7.795579
8.062160
7.913028
8.128520
7.803940
7.627222
8.169001
7.652469
7.664001
7.553084
7.559324
8.344794
7.605176
8.059098
8.019324
7.750545
7.894630
7.769918
7.486141
7.824846
7.993703
8.115405
7.870847
7.802435
7.972823
7.949352
7.658073
8.227655
7.648556
8.122461
7.962297
7.738949
7.697760
7.855330
8.207362
7.681909
7.801974
7.888598
8.049271
7.935455
7.577243
7.691551
8.134100
7.675975
8.040046
7.919734
7.749350
7.775815
7.935538
7.663589
7.761655
7.975846
7.648557
7.710953
8.131303
7.715299
7.566755
7.468720
8.078050
7.693128
8.190133
7.997611
7.660339
8.245931
8.012257
7.675191
7.686089
7.648393
7.568833
7.838965
8.033358
7.639747
7.513082
7.693720
7.923662
8.144093
7.392162
8.178594
7.456828
7.845319
7.987821
7.591756
7.560899
8.019046
7.641018
7.867039
7.981647
7.683297
7.836831
7.795300
7.653813
7.927847
8.087994
7.775573
7.621630
7.918316
7.321319
7.761882
7.958002
7.843532
8.064860
7.634715
7.640838
7.717654
7.780697
7.549979
7.555670
7.664470
7.455235
8.058410
7.484186
7.524763
8.127657
7.848738
8.144279
7.806828
7.819764
7.936536
7.600002
7.780348
7.797967
7.803199
7.796467
7.646039
8.007069
7.489139
7.678430
7.728840
8.042299
7.521894
7.616625
8.045408
7.669591
7.939983
7.642559
7.650712
7.717043
7.747481
7.632407
7.206079
8.051113
7.718776
7.606649
7.627506
7.567765
7.946565
7.702788
7.598010
7.486889
7.542264
7.834404
7.287133
7.936884
7.915696
7.908960
7.781174
7.725860
8.009239
7.655405
7.943879
7.674545
8.171772
7.703917
7.585576
8.132866
8.014001
7.754828
7.731222
7.770423
7.774918
7.636234
7.683390
7.471794
7.556106
7.824429
7.862453
8.105982
7.596632
7.376017
7.739166
7.899599
7.326165
7.363548
7.429207
7.308308
7.848384
7.552751
7.344753
7.397819
7.670163
7.832556
7.822784
7.734115
7.560802
7.359236
7.693083
7.443986
7.691420
7.519991
7.466971
7.635538
6.976787
7.660349
7.544630
7.547805
7.380673
7.510836
7.392011
7.534132
7.498261
7.602619
7.722191
7.530527
7.606501
7.474428
7.532821
7.635086
7.336968
7.250987
7.526254
7.593898
7.295944
7.421865
7.891326
7.371934
7.367125
7.622243
7.517845
7.494074
7.793159
7.323292
7.879426
7.623135
7.747291
7.529840
7.643857
7.142067
7.015409
7.580821
7.404220
7.380694
7.574605
7.067407
7.693770
7.310063
7.385818
7.213439
7.516440
7.765382
7.741796
7.405078
7.350289
7.538176
7.371031
7.758776
7.427301
7.327107
7.452820
7.816856
7.112465
7.018840
7.733757
7.802394
7.347493
7.385815
7.472384
7.377995
7.357661
7.263107
7.257847
7.682191
7.449098
7.178230
7.271661
7.175674
7.578538
7.397050
7.193310
7.447271
7.395418
7.502698
7.370366
7.699806
7.793754
7.368721
7.491560
7.422982
7.478396
7.547826
7.597683
7.592827
7.741564
7.378391
7.407407
7.314243
7.717070
7.318643
7.631853
7.557274
7.309199
7.497652
7.079025
7.422494
7.499133
7.538623
7.257735
7.841976
7.433902
7.544723
7.603111
7.192297
7.687757
7.235864
7.228433
7.256496
7.391344
7.124535
7.083432
7.176449
7.221570
7.257636
7.203038
7.468221
7.691604
7.563350
7.376649
7.427567
7.391204
7.507365
7.470712
7.098087
7.810640
7.186388
7.538597
7.302366
7.103673
7.269791
7.470290
7.655217
7.355331
7.553561
7.516461
7.338917
7.493578
7.466416
7.295432
7.578363
7.493201
7.168823
7.420529
7.280249
7.486035
7.176256
7.006733
7.522334
7.030755
7.039321
6.935366
6.941509
7.695088
6.984960
7.417625
7.382450
7.125393
7.262362
7.143326
6.871490
7.195056
7.360478
7.473021
7.239604
7.174388
7.336568
7.313746
7.040355
7.580452
7.026821
7.480924
7.325944
7.113409
7.075910
7.226118
7.563713
7.059422
7.174782
7.256835
7.411962
7.303065
6.960898
7.072078
7.493069
7.057356
7.404437
7.289774
7.124831
7.151156
7.302940
7.045377
7.136990
7.341004
7.031962
7.089888
7.490058
7.094790
6.950972
6.857889
7.442117
7.072176
7.547210
7.364625
7.041991
7.602526
7.377562
7.056304
7.066550
7.028560
6.954208
7.215411
7.398395
7.023373
6.901230
7.073970
7.293941
7.505933
6.785123
7.538041
6.848906
7.221599
7.358661
6.976648
6.948556
7.386374
7.023547
7.242611
7.350462
7.066239
7.212743
7.171941
7.037021
7.300265
7.452106
7.152371
7.006620
7.290966
6.721525
7.140082
7.327467
7.219801
7.431969
7.019666
7.025985
7.095695
7.160018
6.939438
6.943517
7.049263
6.847819
7.425293
6.876330
6.914373
7.492217
7.225402
7.509858
7.184177
7.198392
7.311119
6.986506
7.159050
7.176192
7.181573
7.175729
7.034325
7.378584
6.884250
7.064631
7.113280
7.411526
6.913107
7.003072
7.415850
7.054851
7.316289
7.028213
7.036206
7.102699
7.131479
7.019055
6.611420
7.421002
7.104035
6.996178
7.015491
6.957411
7.322572
7.087979
6.988137
6.882848
6.932934
7.215619
6.691238
7.312436
7.294010
7.286611
7.164080
7.110076
7.382370
7.044478
7.320185
7.062160
7.538775
7.087628
6.977024
7.501290
7.388567
7.140379
7.116027
7.153606
7.158737
7.025550
7.070790
6.869762
6.951326
7.206135
7.241750
7.477238
6.989419
6.779343
7.125841
7.280392
6.729929
6.769148
6.828249
6.716506
7.229823
6.946316
6.750331
6.800079
7.060034
7.214802
7.206206
7.121918
6.956723
6.762919
7.081663
6.844207
7.081785
6.916559
6.865695
7.027496
6.396146
7.054030
6.942142
6.944164
6.782628
6.910825
6.794837
6.930685
6.897951
6.995647
7.110944
6.929063
6.999630
6.874924
6.929503
7.026365
6.744799
6.660506
6.922878
6.989357
6.703288
6.827002
7.278767
6.777497
6.773651
7.018476
6.918805
6.893171
7.181201
6.730475
7.265317
7.018102
7.135894
6.928912
7.039421
6.558695
6.437326
6.978415
6.808770
6.787344
6.973048
6.487898
7.086575
6.719244
6.792314
6.628051
6.918215
7.157482
7.132491
6.809555
6.759212
6.936090
6.781011
7.150093
6.833880
6.735491
6.859501
7.209804
6.534494
6.443932
7.126673
7.193076
6.756075
6.792945
6.875821
6.785486
6.767201
6.677795
6.672041
7.076746
6.854004
6.598443
6.685643
6.595045
6.977365
6.806289
6.609203
6.854153
6.802916
6.905641
6.779588
7.096537
7.185285
6.777504
6.896100
6.829188
6.882969
6.950223
6.996165
6.993057
7.136269
6.788690
6.815784
6.729517
7.112801
6.730688
7.029804
6.960613
6.723746
6.903085
6.505075
6.829676
6.904726
6.943524
6.673081
7.235323
6.842004
6.947782
7.004914
6.610863
7.089913
6.652668
6.645398
6.673097
6.802968
6.548562
6.507474
6.595422
6.643798
6.673139
6.624989
6.876394
7.091524
6.967082
6.788574
6.838729
6.803583
6.912698
6.879333
6.524000
7.204823
6.606590
6.945056
6.718963
6.528533
6.686337
6.878663
7.057779
6.768920
6.959725
6.927683
6.753578
6.900927
6.877410
6.711480
6.983272
6.901387
6.593832
6.831281
6.699469
6.895962
6.600354
6.437705
6.928232
6.460552
6.466276
6.368983
6.375022
7.098041
6.416164
6.828461
6.797680
6.551851
6.681991
6.568389
6.307983
6.617041
6.779172
6.882927
6.660179
6.598019
6.752333
6.730124
6.473895
6.985704
6.456471
6.891595
6.741573
6.539391
6.505426
6.648571
6.972329
6.488307
6.599149
6.676821
6.826626
6.722438
6.395636
6.503810
6.904139
6.489901
6.820694
6.711434
6.551702
6.577885
6.722061
6.478269
6.563690
6.757957
6.466432
6.520022
6.900856
6.525447
6.386150
6.297803
6.857975
6.502375
6.956357
6.783288
6.474672
7.011193
6.794570
6.488451
6.498069
6.459789
6.390420
6.643065
6.815107
6.457892
6.340078
6.505242
6.715652
6.919552
6.228554
6.949358
6.291480
6.649032
6.780873
6.412321
6.386871
6.805203
6.456934
6.669329
6.770693
6.500001
6.639761
6.599661
6.471026
6.723921
6.867798
6.580213
6.442303
6.714821
6.171776
6.569240
6.748251
6.647100
6.850487
6.455267
6.461770
6.524665
6.590210
6.379336
6.381864
6.484682
6.290695
6.843534
6.318772
6.354380
6.908211
6.652992
6.926822
6.612418
6.627848
6.736693
6.423497
6.588557
6.605235
6.610752
6.605755
6.472987
6.801174
6.329443
6.501276
6.548234
6.831898
6.354540
6.439933
6.837368
6.490559
6.743416
6.464288
6.472119
6.538761
6.565953
6.456058
6.066325
6.841937
6.539690
6.435918
6.453740
6.397254
6.749380
6.523538
6.428429
6.328712
6.373725
6.647342
6.144888
6.738722
6.722937
6.714901
6.597396
6.544645
6.806308
6.483682
6.747153
6.499957
6.956816
6.521676
6.418476
6.920678
6.813835
6.576162
6.551090
6.587103
6.592844
6.464913
6.508318
6.317413
6.396331
6.638189
6.671489
6.899265
6.432067
6.232083
6.562622
6.711535
6.183071
6.224046
6.276856
6.173879
6.661552
6.389659
6.205177
6.251742
6.499818
6.647273
6.639802
6.559704
6.402282
6.215909
6.520175
6.293868
6.521989
6.362712
6.313899
6.469215
5.864114
6.497377
6.389167
6.390076
6.233894
6.360136
6.246921
6.376759
6.347023
6.438323
6.549527
6.377011
6.442399
6.324743
6.375661
6.467335
6.201622
6.118944
6.368955
6.434307
6.159623
6.281178
6.716017
6.232101
6.229177
6.464140
6.368981
6.341565
6.618994
6.186604
6.701039
6.462515
6.574198
6.377246
6.484383
6.023834
5.907526
6.425309
6.262323
6.242899
6.420735
5.956706
6.528850
6.177200
6.247694
6.091200
6.369055
6.599047
6.572709
6.262973
6.216882
6.383211
6.239678
6.590875
6.289277
6.192615
6.315019
6.652043
6.004674
5.917040
6.568943
6.633207
6.213346
6.248820
6.328155
6.241702
6.225370
6.140888
6.134658
6.520542
6.307707
6.066736
6.148033
6.062590
6.425220
6.264113
6.073400
6.309709
6.259060
6.357411
6.237365
6.542347
6.626107
6.234846
6.349371
6.284053
6.336261
6.401427
6.443605
6.442169
6.580079
6.247434
6.272683
6.193018
6.557575
6.191083
6.476687
6.412657
6.186522
6.357126
5.978887
6.285375
6.358905
6.397030
6.136587
6.677743
6.298560
6.399501
6.455420
6.077428
6.540747
6.117532
6.110408
6.137752
6.262852
6.020322
5.979244
6.062326
6.113818
6.136710
6.094733
6.332931
6.540143
6.419351
6.248690
6.298100
6.264123
6.366479
6.336259
5.997485
6.647904
6.074591
6.399887
6.183499
6.000983
6.150816
6.335303
6.508844
6.230550
6.414233
6.387008
6.216214
6.356549
6.336546
6.175432
6.436541
6.357787
6.066351
6.290132
6.166434
6.354005
6.071973
5.915924
6.382403
5.937626
5.940607
5.849695
5.855632
6.549363
5.894547
6.287319
6.260745
6.025668
6.149264
6.040856
5.791401
6.086555
6.245522
6.340849
6.128323
6.069086
6.215850
6.194229
5.954404
6.439137
5.933270
6.350208
6.204933
6.012665
5.982073
6.118451
6.428942
5.964334
6.070844
6.144311
6.289015
6.189333
5.877245
5.982535
6.363062
5.969340
6.284574
6.180487
6.025740
6.051778
6.188659
5.958059
6.037545
6.222461
5.947662
5.997149
6.359447
6.003061
5.868093
5.784276
6.321393
5.979529
6.413338
6.249381
5.954188
6.467695
6.259056
5.967434
5.976446
5.937882
5.873283
6.117721
6.279278
5.939117
5.825442
5.983345
6.184584
6.380732
5.718288
6.408317
5.780381
6.123416
6.250254
5.894588
5.871665
6.271324
5.936997
6.142995
6.238146
5.980409
6.113707
6.074265
5.951649
6.194621
6.330866
6.054912
5.924507
6.185689
5.667928
6.045179
6.216167
6.121245
6.316218
5.937357
5.944030
6.000388
6.067101
5.865520
5.866557
5.966562
5.779715
6.308949
5.807365
5.840635
6.371456
6.127339
6.390981
6.087375
6.103971
6.209082
5.906823
6.064705
6.080935
6.086580
6.082382
5.957889
6.270670
5.820587
5.984228
6.029559
6.299245
5.842062
5.923067
6.305798
5.972584
6.217206
5.946650
5.954320
6.021100
6.046760
5.939287
5.566700
6.309757
6.021608
5.921745
5.938135
5.883169
6.222793
6.005338
5.914751
5.820376
5.860519
6.125446
5.643998
6.211605
6.198340
6.189692
6.076995
6.025436
6.276914
5.968908
6.220647
5.983826
6.421746
6.001935
5.905827
6.386881
6.285665
6.058064
6.032298
6.066808
6.073123
5.950224
5.991863
5.810648
5.887033
6.116476
6.147552
6.367928
5.920490
5.730168
6.045406
6.188910
5.681524
5.724172
5.770948
5.676366
6.139469
5.878695
5.705222
5.748738
5.985428
6.125873
6.119469
6.043383
5.893400
5.714140
6.004532
5.788898
6.007960
5.854367
5.807523
5.956620
5.376659
5.986312
5.881639
5.881473
5.730419
5.854837
5.744221
5.868293
5.841424
5.926592
6.033863
5.870317
5.930728
5.819824
5.867229
5.953932
5.703407
5.622265
5.860426
5.924698
5.660916
5.780386
6.199014
5.731719
5.729670
5.955177
5.864343
5.835208
6.102479
5.687647
6.182528
5.952327
6.058154
5.870801
5.974703
5.533483
5.422020
5.917464
5.760851
5.743341
5.913634
5.469832
6.016551
5.679920
5.747940
5.598883
5.864943
6.086042
6.058405
5.761308
5.719290
5.875502
5.743030
6.077085
5.789485
5.694470
5.815277
6.139636
5.519023
5.434192
6.056545
6.118751
5.715307
5.749438
5.825370
5.742632
5.728170
5.648400
5.641701
6.009549
5.806206
5.579234
5.654844
5.574334
5.918092
5.766533
5.581921
5.809945
5.759852
5.854009
5.739717
6.033225
6.112193
5.736760
5.847380
5.783581
5.834280
5.897439
5.936009
5.936168
6.068993
5.750654
5.774127
5.700782
6.047391
5.695862
5.968514
5.909422
5.693564
5.855790
5.496456
5.785620
5.857685
5.895164
5.644300
6.165243
5.799598
5.895899
5.950654
5.588039
6.036283
5.626503
5.619515
5.646516
5.767039
5.535880
5.494808
5.573224
5.627692
5.644398
5.608334
5.833874
6.033496
5.916193
5.753043
5.801738
5.768869
5.864751
5.837533
5.514625
6.135906
5.586464
5.899132
5.692045
5.517101
5.659290
5.836264
6.004461
5.736276
5.913131
5.890540
5.722890
5.856503
5.839846
5.683355
5.934223
5.858467
5.582465
5.793149
5.677215
5.856239
5.587209
5.437452
5.880907
5.458061
5.458419
5.373613
5.379445
6.045109
5.416218
5.790280
5.767730
5.542950
5.660268
5.556839
5.317863
5.599689
5.755621
5.842874
5.640128
5.583686
5.723218
5.702148
5.478053
5.936823
5.453339
5.852847
5.712113
5.529338
5.501975
5.631862
5.929639
5.483631
5.585980
5.655416
5.795224
5.699854
5.401861
5.504381
5.865930
5.491918
5.792182
5.693044
5.543067
5.568965
5.698848
5.480884
5.554675
5.730630
5.471864
5.517398
5.861932
5.523768
5.392941
5.313459
5.828482
5.499776
5.914249
5.759014
5.476680
5.968133
5.767141
5.489402
5.497827
5.458987
5.398951
5.635521
5.787024
5.463201
5.353487
5.504426
5.696880
5.885587
5.250500
5.911033
5.311781
5.640910
5.762945
5.419622
5.399119
5.780875
5.459902
5.659765
5.748955
5.503629
5.630726
5.591913
5.475056
5.708519
5.837447
5.572634
5.449415
5.699727
5.206187
5.564065
5.727352
5.638404
5.825304
5.462117
5.468950
5.519037
5.586864
5.394179
5.393785
5.491087
5.311076
5.817690
5.338307
5.369333
5.878102
5.644619
5.898494
5.605227
5.622933
5.724467
5.432678
5.583681
5.599476
5.605233
5.601802
5.485217
5.783243
5.353899
5.509683
5.553452
5.809742
5.371880
5.448679
5.817311
5.497117
5.733848
5.471496
5.479006
5.545916
5.570107
5.464946
5.108785
5.820639
5.545997
5.449874
5.464885
5.411367
5.739004
5.529589
5.443329
5.354062
5.389540
5.646134
5.184801
5.727279
5.716428
5.707185
5.599091
5.548671
5.790379
5.496382
5.736873
5.509984
5.929760
5.524628
5.435307
5.896096
5.800266
5.582310
5.555870
5.588935
5.595796
5.477716
5.517657
5.345724
5.419674
5.637217
5.666159
5.879440
5.450924
5.269858
5.570432
5.708745
5.221551
5.265793
5.306788
5.220247
5.659798
5.409672
5.246770
5.287331
5.513110
5.646832
5.641447
5.569199
5.426340
5.253894
5.530984
5.325575
5.535945
5.387801
5.342832
5.485964
4.930088
5.517020
5.415823
5.414625
5.268474
5.391102
5.283013
5.401555
5.377435
5.456718
5.560219
5.405259
5.460899
5.356461
5.400494
5.482423
5.246445
5.166770
5.393577
5.456805
5.203462
5.320887
5.724023
5.272648
5.271432
5.487874
5.401178
5.370392
5.627922
5.229914
5.706048
5.483819
5.584025
5.405869
5.506668
5.083960
4.977134
5.451171
5.300661
5.284975
5.448038
5.023611
5.545965
5.223721
5.289363
5.147430
5.402186
5.614754
5.585867
5.300880
5.262757
5.409271
5.287394
5.605018
5.330824
5.237384
5.356707
5.668626
5.073897
4.991746
5.585785
5.646013
5.258292
5.291128
5.363799
5.284608
5.271932
5.196672
5.189523
5.540081
5.345828
5.132261
5.202418
5.126622
5.452304
5.309886
5.131115
5.351193
5.301631
5.391766
5.282980
5.565490
5.639865
5.279590
5.386465
5.324115
5.373360
5.434593
5.469702
5.471383
5.599333
5.294693
5.316461
5.249169
5.578572
5.241375
5.501613
5.447249
5.241234
5.395429
5.054280
5.326763
5.397417
5.434271
5.192583
5.694158
5.341480
5.433323
5.486961
5.139073
5.572855
5.175957
5.169094
5.195758
5.311891
5.091625
5.050554
5.124492
5.181805
5.192584
5.162177
5.375585
5.567929
5.453967
5.298006
5.346011
5.314200
5.403871
5.379528
5.071815
5.665174
5.138600
5.439166
5.240981
5.073287
5.208149
5.377920
5.540990
5.282491
5.452798
5.434636
5.270000
5.397163
5.383703
5.231641
5.472696
5.399803
5.138588
5.336715
5.228218
5.399045
5.142466
4.998755
5.420130
5.018242
5.016128
4.937165
4.942895
5.581666
4.977603
5.333733
5.315038
5.100114
5.211415
5.112745
4.883811
5.152863
5.305883
5.385392
5.192014
5.138247
5.270843
5.250299
5.041274
5.475160
5.013116
5.395917
5.259530
5.085845
5.061572
5.185236
5.470824
5.042629
5.140992
5.206556
5.341671
5.250426
4.965935
5.065794
5.409156
5.053990
5.339936
5.245537
5.100128
5.125888
5.249062
5.043199
5.111526
5.278893
5.035492
5.077225
5.404736
5.084038
4.957160
4.881831
5.375679
5.059576
5.455515
5.308634
5.038616
5.508930
5.315258
5.050820
5.058678
5.019566
4.963900
5.192924
5.334795
5.026617
4.920694
5.064954
5.248982
5.430558
4.821678
5.453950
4.882177
5.197970
5.315400
4.983899
4.965709
5.330311
5.022128
5.216106
5.299579
5.066141
5.187293
5.149074
5.037735
5.262082
5.383989
5.129848
5.013509
5.253404
4.783063
5.122378
5.278286
5.195049
5.374213
5.026036
5.033013
5.077094
5.145979
4.961821
4.960047
5.054754
4.881288
5.366223
4.908108
4.936978
5.424615
5.201312
5.445828
5.162462
5.181226
5.279328
4.997567
5.141972
5.157345
5.163207
5.160505
5.051491
5.335379
4.925901
5.074151
5.116420
5.359869
4.940516
5.013275
5.368402
5.060673
5.289838
5.035347
5.042701
5.109728
5.132502
5.029553
4.689123
5.371085
5.109373
5.016827
5.030516
4.978383
5.294525
5.092807
5.010692
4.926315
4.957314
5.205920
4.763860
5.282256
5.273709
5.263892
5.160203
5.110870
5.343218
5.062634
5.292347
5.074967
5.477351
5.086280
5.003458
5.444827
5.354155
5.145434
5.118344
5.150022
5.157403
5.043928
5.082239
4.919194
4.990807
5.196942
5.223837
5.430316
5.019926
4.847721
5.134245
5.267563
4.799725
4.845474
4.880941
4.802096
5.219079
4.979154
4.826313
4.864100
5.079416
5.206693
5.202281
5.133704
4.997667
4.831743
5.096085
4.900466
5.102510
4.959576
4.916401
5.053815
4.521010
5.086022
4.988303
4.986127
4.844671
4.965475
4.859921
4.973127
4.951625
5.025264
5.125147
4.978411
5.029479
4.931223
4.972028
5.049383
4.827332
4.749061
4.964984
5.027206
4.783864
4.899397
5.287610
4.851484
4.851058
5.058815
4.976076
4.943706
5.191898
4.810001
5.268175
5.053575
5.148394
4.979045
5.076862
4.671888
4.569499
5.023024
4.878356
4.864419
5.020545
4.614680
5.113684
4.805217
4.868580
4.733462
4.977387
5.181773
5.151690
4.878297
4.843897
4.981120
4.869390
5.171265
4.909910
4.817976
4.935791
5.235894
4.665957
4.586407
5.153250
5.211569
4.838908
4.870502
4.940039
4.864254
4.853283
4.782339
4.774755
5.108749
4.923200
4.722478
4.787400
4.716121
5.024472
4.890811
4.717628
4.930093
4.881032
4.967307
4.863792
5.135757
5.205733
4.859975
4.963256
4.902292
4.950141
5.009520
5.041310
5.044444
5.167715
4.876200
4.896329
4.834832
5.147746
4.824278
5.072618
5.022776
4.826188
4.972684
4.648852
4.905450
4.974749
5.011000
4.778095
5.261107
4.920847
5.008424
5.060979
4.727204
5.147138
4.762560
4.755814
4.782153
4.894075
4.684243
4.643165
4.712811
4.772850
4.777937
4.752948
4.954728
5.140097
5.029327
4.880254
4.927594
4.896790
4.980504
4.958911
4.665752
5.232353
4.727685
5.016650
4.826992
4.666240
4.794076
4.956944
5.115097
4.865872
5.029901
5.015966
4.854226
4.975207
4.964797
4.816980
5.048625
4.978475
4.731423
4.917515
4.816140
4.979110
4.734463
4.596511
4.996741
4.615016
4.610445
4.537078
4.542706
5.155704
4.575429
4.914375
4.899365
4.693882
4.799413
4.705302
4.485981
4.742788
4.893017
4.965099
4.780694
4.729479
4.855429
4.835385
4.640782
5.050832
4.609325
4.976118
4.843888
4.678911
4.657596
4.775289
5.049196
4.638064
4.732601
4.794455
4.925064
4.837772
4.566207
4.663517
4.989449
4.652323
4.924562
4.834696
4.693658
4.719278
4.836026
4.641745
4.704841
4.863970
4.635273
4.673375
4.984572
4.680573
4.557506
4.486147
4.959704
4.655669
5.033851
4.894970
4.636744
5.086803
4.900139
4.648439
4.655750
4.616375
4.564890
4.786683
4.919312
4.626127
4.523829
4.661688
4.837640
5.012382
4.428599
5.033793
4.488339
4.791357
4.904370
4.584189
4.568207
4.916370
4.620437
4.808773
4.886769
4.664711
4.780164
4.742513
4.636454
4.852061
4.967240
4.723318
4.613566
4.843475
4.395360
4.716883
4.865715
4.787951
4.959696
4.625897
4.633010
4.671327
4.741227
4.565226
4.562128
4.654348
4.487148
4.951306
4.513564
4.540366
5.007751
4.794199
5.029742
4.755860
4.775632
4.870440
4.598283
4.736362
4.751326
4.757285
4.755276
4.653582
4.923846
4.533394
4.674428
4.715255
4.946397
4.544771
4.613661
4.955840
4.660052
4.881961
4.634998
4.642195
4.709329
4.730747
4.629911
4.304549
4.957865
4.708538
4.619418
4.631833
4.581023
4.886133
4.691803
4.613651
4.533947
4.560663
4.801611
4.378010
4.873327
4.866987
4.856614
4.757141
4.708844
4.932219
4.664480
4.883863
4.675591
5.061308
4.683707
4.607107
5.029864
4.944126
4.744245
4.716536
4.746878
4.754749
4.645689
4.682434
4.527898
4.597269
4.792471
4.817392
5.017354
4.624329
4.460610
4.733665
4.862195
4.412897
4.460085
4.490254
4.418793
4.814136
4.583978
4.440824
4.475901
4.681187
4.802284
4.798799
4.733739
4.604230
4.444551
4.696673
4.510433
4.704490
4.566545
4.525084
4.657017
4.146312
4.690427
4.595935
4.592830
4.455820
4.574978
4.471713
4.579852
4.560863
4.629093
4.725505
4.586642
4.633325
4.540994
4.578696
4.651663
4.442955
4.366024
4.571512
4.632771
4.399002
4.512656
4.886629
4.465111
4.465443
4.664867
4.585921
4.552024
4.791268
4.424804
4.865765
4.658479
4.748124
4.587209
4.682167
4.294176
4.196039
4.629896
4.490826
4.478558
4.628035
4.239950
4.716578
4.421308
4.482482
4.353899
4.587417
4.783977
4.752741
4.490454
4.459601
4.587933
4.485918
4.772706
4.523647
4.433150
4.549591
4.838387
4.292121
4.214991
4.755812
4.812311
4.454079
4.484477
4.551013
4.478481
4.469141
4.402328
4.394322
4.712441
4.535223
4.346805
4.406707
4.339749
4.631496
4.506218
4.338390
4.543555
4.494968
4.577541
4.479075
4.740952
4.806686
4.474834
4.574667
4.515028
4.561535
4.619134
4.647740
4.652264
4.771050
4.492102
4.510658
4.454705
4.751818
4.441499
4.678435
4.632924
4.445362
4.584476
4.277288
4.518608
4.586605
4.622273
4.397779
4.863004
4.534637
4.618119
4.669641
4.349376
4.756027
4.383266
4.376620
4.402648
4.510533
4.310688
4.269599
4.335130
4.397774
4.397410
4.377605
4.568238
4.746919
4.639207
4.496727
4.543424
4.513584
4.591586
4.572625
4.293404
4.834367
4.350680
4.628538
4.447033
4.292931
4.414033
4.570278
4.723717
4.483375
4.641385
4.631486
4.472526
4.587578
4.580073
4.436337
4.658963
4.591438
4.357961
4.532506
4.437950
4.593385
4.360151
4.227723
4.607700
4.245241
4.238359
4.170343
4.175874
4.764173
4.206686
4.529159
4.517676
4.321247
4.421236
4.331485
4.121373
4.366444
4.513990
4.578956
4.403146
4.354379
4.473950
4.454379
4.273595
4.660801
4.238967
4.590416
4.462170
4.305529
4.287040
4.399011
4.661724
4.266933
4.357804
4.416096
4.542391
4.458876
4.199694
4.294567
4.603784
4.283952
4.543037
4.457513
4.320662
4.346144
4.456724
4.273544
4.331619
4.482852
4.268235
4.302860
4.598422
4.310447
4.190999
4.123442
4.577553
4.285077
4.646237
4.515018
4.268087
4.698737
4.518783
4.279285
4.286065
4.246433
4.198951
4.413812
4.537589
4.258753
4.159928
4.291651
4.459861
4.628047
4.068314
4.647556
4.127316
4.418086
4.526864
4.217528
4.203659
4.536067
4.251864
4.434798
4.507534
4.296379
4.406368
4.369257
4.268249
4.475480
4.584210
4.350074
4.246630
4.466969
4.040139
4.344613
4.486663
4.414138
4.578772
4.258741
4.265984
4.298775
4.369637
4.201453
4.197081
4.286914
4.125713
4.569965
4.151736
4.176550
4.624529
4.420315
4.647256
4.382454
4.403189
4.494842
4.231881
4.363894
4.378465
4.384513
4.383162
4.288386
4.545689
4.173461
4.307575
4.347015
4.566358
4.181716
4.246894
4.576663
4.292314
4.507267
4.267511
4.274555
4.341791
4.361901
4.263089
3.952158
4.578023
4.340576
4.254718
4.265908
4.216360
4.510903
4.323639
4.249285
4.174062
4.196660
4.430266
4.024350
4.497548
4.493318
4.482409
4.386973
4.339666
4.554436
4.299002
4.508485
4.308938
4.678682
4.313977
4.243337
4.648255
4.567244
4.375836
4.347522
4.376579
4.384922
4.280084
4.315323
4.168940
4.236156
4.420877
4.443910
4.637620
4.261227
4.105630
4.365780
4.489710
4.058181
4.106729
4.131836
4.067415
4.442052
4.221249
4.087372
4.119846
4.315517
4.430690
4.428086
4.366388
4.243132
4.089432
4.329845
4.152583
4.338987
4.205822
4.165999
4.292673
3.803138
4.327391
4.235790
4.231761
4.099093
4.216613
4.115682
4.218845
4.202253
4.265310
4.358394
4.227072
4.269549
4.182889
4.217615
4.286374
4.090445
4.014795
4.210283
4.270612
4.046014
4.158013
4.518189
4.110663
4.111715
4.303154
4.227833
4.192476
4.423140
4.071457
4.495920
4.295618
4.380325
4.227485
4.319698
3.947979
3.853905
4.268927
4.135211
4.124538
4.267643
3.896586
4.351773
4.069145
4.128217
4.005873
4.229436
4.418498
4.386152
4.134499
4.107078
4.226849
4.134140
4.406466
4.169185
4.080063
4.195168
4.473904
3.949435
3.874643
4.390627
4.445384
4.100965
4.130214
4.193867
4.124449
4.116668
4.053812
4.045395
4.348297
4.179062
4.002417
4.057517
3.994686
4.270529
4.153284
3.990577
4.188743
4.140609
4.219631
4.125995
4.378191
4.439871
4.121337
4.217864
4.159487
4.204705
4.260598
4.286146
4.291997
4.406482
4.139573
4.156615
4.105975
4.387946
4.090219
4.316226
4.274858
4.095941
4.227982
3.936728
4.163410
4.230158
4.265265
4.048825
4.497005
4.180029
4.259583
4.310106
4.002783
4.396708
4.035258
4.028714
4.054436
4.158443
3.968168
3.927071
3.988649
4.053786
4.048194
4.033355
4.213305
4.385574
4.280786
4.144619
4.190696
4.161776
4.234303
4.217862
3.951990
4.468384
4.004799
4.271993
4.098314
3.950579
4.065224
4.215120
4.364038
4.132201
4.284442
4.278429
4.122105
4.231475
4.226778
4.086916
4.300898
4.235885
4.015392
4.178886
4.090859
4.239074
4.016794
3.889652
4.250200
3.906214
3.897094
3.834205
3.839635
4.404267
3.868611
4.175302
4.167193
3.979409
4.074108
3.988533
3.787240
4.021065
4.166036
4.224180
4.056599
4.010170
4.123630
4.104509
3.936960
4.302275
3.899289
4.236033
4.111598
3.962941
3.947157
4.053641
4.305624
3.926489
4.013842
4.068717
4.190872
4.110973
3.863654
3.956162
4.249386
3.946108
4.192601
4.111228
3.978385
4.003736
4.108403
3.935849
3.989115
4.132781
3.931646
3.962938
4.243514
3.970858
3.854906
3.790987
4.226460
3.945055
4.289905
4.166020
3.929912
4.341957
4.168432
3.940619
3.946889
3.907007
3.863355
4.071570
4.186861
3.921781
3.826272
3.952110
4.112901
4.274804
3.738106
4.292480
3.796395
4.075426
4.180150
3.881194
3.869344
4.186655
3.913689
4.091436
4.159134
3.958420
4.063169
4.026574
3.930403
4.129605
4.232151
4.007388
3.909984
4.121149
3.714715
4.002848
4.138395
4.070881
4.228702
3.921862
3.929219
3.956715
4.028500
3.867799
3.862203
3.949744
3.794287
4.219460
3.819921
3.842834
4.272214
4.076944
4.295640
4.039535
4.061191
4.149812
3.895658
4.021860
4.036048
4.042176
4.041457
3.953349
4.198182
3.843432
3.970893
4.008999
4.217040
3.848665
3.910279
4.228155
3.954762
4.163046
3.930191
3.937087
4.004414
4.023268
3.926392
3.629286
4.228847
4.002740
3.920041
3.930054
3.881712
4.166121
3.985631
3.914909
3.843993
3.862623
4.089193
3.700214
4.152220
4.150009
4.138583
4.047009
4.000645
4.207171
3.963544
4.163514
3.972322
4.326758
3.974410
3.909474
4.297300
4.220811
4.037513
4.008620
4.036444
4.045228
3.944436
3.978230
3.839653
3.904800
4.079479
4.100700
4.288416
3.927954
3.780139
4.027919
4.147436
3.732930
3.782763
3.803030
3.745363
4.100156
3.888304
3.763308
3.793276
3.979737
4.089229
4.087470
4.028988
3.911722
3.763747
3.992937
3.824276
4.003345
3.874751
3.836494
3.958128
3.488871
3.994083
3.905268
3.900335
3.771816
3.887753
3.789294
3.887474
3.873177
3.931268
4.021158
3.897059
3.935501
3.854271
3.886142
3.950865
3.767172
3.692751
3.878653
3.938091
3.722273
3.832645
4.179636
3.785514
3.787252
3.971035
3.899188
3.862425
4.084864
3.747343
4.155998
3.962381
4.042351
3.897244
3.986827
3.630694
3.540510
3.937479
3.808891
3.799742
3.936738
3.581994
4.016632
3.746114
3.803168
3.686812
3.900836
4.082703
4.049275
3.807813
3.783643
3.895244
3.811447
4.069912
3.843912
3.756102
3.869922
4.139047
3.635501
3.562947
4.055054
4.108119
3.776947
3.805092
3.865982
3.799545
3.793251
3.734179
3.725371
4.013693
3.852101
3.686785
3.737229
3.678399
3.938949
3.829388
3.671590
3.863050
3.815346
3.890963
3.801954
4.044841
4.102661
3.796886
3.890242
3.833073
3.877052
3.931304
3.953919
3.961040
4.071402
3.816021
3.831612
3.786056
4.053514
3.767851
3.983382
3.945983
3.775341
3.900602
3.624629
3.837270
3.902815
3.937379
3.728654
4.160498
3.854434
3.930220
3.979788
3.684862
4.066595
3.715977
3.709519
3.734942
3.835237
3.654125
3.613012
3.670805
3.738315
3.727722
3.717635
3.887347
4.053469
3.951480
3.821358
3.866842
3.838795
3.906073
3.892037
3.638956
4.131807
3.687476
3.944460
3.778265
3.636630
3.745081
3.888894
4.033476
3.809785
3.956495
3.954260
3.800399
3.904323
3.902385
3.766159
3.971852
3.909235
3.701184
3.854091
3.772310
3.913608
3.701791
3.579765
3.921668
3.595374
3.584112
3.526147
3.531460
4.073418
3.558670
3.850236
3.845361
3.665867
3.755481
3.673911
3.481059
3.704104
3.846607
3.898209
3.738509
3.694317
3.801918
3.783225
3.628402
3.972692
3.587759
3.910411
3.789622
3.648613
3.635418
3.736644
3.978341
3.614204
3.698178
3.749779
3.867962
3.791529
3.555569
3.645826
3.923705
3.636335
3.870712
3.793324
3.664304
3.689521
3.788523
3.626154
3.674799
3.811211
3.623061
3.651083
3.917302
3.659349
3.546706
3.486270
3.903888
3.633089
3.962310
3.845454
3.619704
4.013925
3.846552
3.629934
3.635710
3.595587
3.555602
3.757443
3.864601
3.612679
3.520360
3.640560
3.794237
3.950117
3.435488
3.966031
3.493086
3.760868
3.861690
3.572688
3.562771
3.865610
3.603409
3.776187
3.839053
3.648339
3.748064
3.711957
3.620419
3.811927
3.908542
3.692756
3.601135
3.803507
3.416609
3.689084
3.818399
3.755687
3.906977
3.612766
3.620238
3.642651
3.715315
3.561780
3.555008
3.640350
3.490396
3.897285
3.515651
3.536735
3.948293
3.761590
3.972383
3.724607
3.747132
3.832854
3.587137
3.707764
3.721582
3.727784
3.727664
3.645916
3.878827
3.540788
3.661902
3.698728
3.895933
3.543143
3.601341
3.907821
3.644919
3.846826
3.620566
3.627314
3.694726
3.712366
3.617346
3.333484
3.907838
3.692605
3.612916
3.621802
3.574608
3.849374
3.675304
3.608058
3.541239
3.556092
3.775915
3.403147
3.834860
3.834577
3.822654
3.734779
3.689316
3.887938
3.655580
3.846473
3.663282
4.003048
3.662536
3.603061
3.974507
3.902349
3.726822
3.697365
3.724006
3.733215
3.636292
3.668696
3.537594
3.600762
3.765810
3.785288
3.967261
3.622062
3.481702
3.717621
3.833031
3.434708
3.485943
3.501383
3.450201
3.785935
3.582670
3.466174
3.493766
3.671400
3.775449
3.774495
3.719095
3.607561
3.465070
3.683503
3.523078
3.695113
3.570898
3.534140
3.650941
3.201111
3.688627
3.601939
3.596131
3.471541
3.586297
3.489188
3.583306
3.571207
3.624530
3.711358
3.594174
3.628748
3.552719
3.581850
3.642705
3.470726
3.397483
3.574199
3.632778
3.425371
3.534128
3.868541
3.487252
3.489644
3.666091
3.597566
3.559451
3.774010
3.450052
3.843556
3.656363
3.731771
3.594072
3.681132
3.339925
3.253469
3.633135
3.509458
3.501768
3.632906
3.293790
3.708736
3.449814
3.504933
3.394301
3.599202
3.774140
3.739698
3.507993
3.486964
3.590704
3.515438
3.760623
3.545431
3.458874
3.571458
3.830822
3.347875
3.277451
3.746703
3.798142
3.479647
3.506732
3.564969
3.501383
3.496512
3.441065
3.431876
3.706224
3.551952
3.397449
3.443466
3.388431
3.634360
3.532163
3.379063
3.564092
3.516798
3.589149
3.504568
3.738545
3.792652
3.499097
3.589412
3.533396
3.576185
3.628863
3.648668
3.656998
3.763406
3.519070
3.533267
3.492579
3.746130
3.472020
3.677511
3.643911
3.481202
3.599957
3.338596
3.537805
3.602194
3.636236
3.434900
3.851089
3.555475
3.627651
3.676294
3.393243
3.763291
3.423043
3.416673
3.441809
3.538541
3.366210
3.325076
3.379236
3.449033
3.433630
3.428094
3.587991
3.748219
3.648911
3.524578
3.569487
3.542278
3.604523
3.592792
3.351954
3.822249
3.396367
3.643547
3.484536
3.348736
3.451257
3.589234
3.729661
3.513772
3.655177
3.656501
3.505058
3.603758
3.604392
3.471715
3.669466
3.609148
3.413004
3.555765
3.479973
3.614636
3.412851
3.295686
3.619749
3.310398
3.297086
3.243828
3.249036
3.769260
3.274543
3.551615
3.549832
3.378290
3.463019
3.385268
3.200513
3.413227
3.553349
3.598696
3.446542
3.404491
3.506474
3.488189
3.345514
3.669698
3.302058
3.611203
3.493909
3.360221
3.349504
3.445686
3.677527
3.327752
3.408494
3.456950
3.571317
3.498209
3.273132
3.361227
3.624402
3.352230
3.575032
3.501454
3.376106
3.401190
3.494760
3.342143
3.386363
3.515821
3.340059
3.364998
3.617452
3.373576
3.264113
3.207012
3.607517
3.346875
3.661119
3.550988
3.335165
3.712303
3.550825
3.344926
3.350229
3.309870
3.273394
3.469129
3.568490
3.329189
3.239911
3.354701
3.501558
3.651663
3.158174
3.665883
3.215106
3.472108
3.569185
3.289718
3.281651
3.570623
3.318732
3.486743
3.544976
3.363842
3.458750
3.423108
3.336007
3.520126
3.611069
3.403881
3.317799
3.511742
3.143561
3.401027
3.524369
3.466252
3.611289
3.329171
3.336744
3.354287
3.427791
3.281120
3.273218
3.356450
3.211763
3.601131
3.236660
3.255979
3.650458
3.471960
3.675177
3.435378
3.458749
3.541676
3.304039
3.419322
3.432783
3.439053
3.439504
3.363866
3.585330
3.263317
3.378331
3.413926
3.600747
3.262883
3.317806
3.613365
3.360509
3.556292
3.336359
3.342964
3.410454
3.426937
3.333686
3.062507
3.612708
3.407919
3.331084
3.338882
3.292793
3.558262
3.390387
3.326470
3.263584
3.274806
3.488163
3.130941
3.543190
3.544751
3.532348
3.448013
3.403409
3.594457
3.372913
3.555086
3.379558
3.705266
3.376090
3.321846
3.677595
3.609584
3.441497
3.411500
3.437003
3.446612
3.353395
3.384468
3.260519
3.321779
3.477611
3.495417
3.671882
3.341288
3.208081
3.432636
3.544012
3.161286
3.213740
3.224682
3.179698
3.497194
3.302148
3.193793
3.219090
3.388266
3.487094
3.486907
3.434459
3.328413
3.191172
3.399295
3.246760
3.412055
3.292031
3.256703
3.368872
2.937651
3.407668
3.323553
3.316922
3.196110
3.309474
3.214285
3.304102
3.294102
3.342862
3.426753
3.316190
3.347055
3.276005
3.302508
3.359653
3.198920
3.126780
3.294690
3.352436
3.153092
3.260283
3.582651
3.213659
3.216677
3.386092
3.320745
3.281335
3.488340
3.177373
3.556358
3.375293
3.446353
3.315747
3.400383
3.073473
2.990591
3.353674
3.234698
3.228403
3.353925
3.029778
3.425857
3.178044
3.231305
3.126166
3.322290
3.490619
3.455191
3.232830
3.214785
3.311014
3.243926
3.476379
3.271536
3.186180
3.297575
3.547584
3.084371
3.016003
3.463304
3.513211
3.206862
3.232927
3.288619
3.227763
3.224254
3.172276
3.162718
3.423674
3.276412
3.132268
3.174037
3.122637
3.354556
3.259413
3.110811
3.289674
3.242770
3.311988
3.231647
3.457110
3.507631
3.225782
3.313178
3.258267
3.299912
3.351079
3.368186
3.377673
3.480290
3.246533
3.259391
3.223365
3.463588
3.200546
3.396413
3.366449
3.211333
3.323858
3.076500
3.262830
3.326110
3.359646
3.165389
3.566574
3.280970
3.349683
3.397440
3.125764
3.484612
3.154301
3.148007
3.172866
3.266181
3.102249
3.061102
3.111780
3.183741
3.163750
3.162572
3.313065
3.467644
3.370897
3.252108
3.296465
3.270054
3.327474
3.317948
3.088839
3.537521
3.129299
3.367115
3.214965
3.084747
3.181587
3.313972
3.450412
3.241996
3.378317
3.383049
3.233915
3.327608
3.330706
3.201425
3.391563
3.333441
3.148715
3.281747
3.211687
3.339991
3.147830
3.035306
3.342271
3.049151
3.033870
2.985104
2.990223
3.489622
3.014097
3.277277
3.278454
3.114521
3.194574
3.120488
2.943479
3.146289
3.284150
3.323477
3.178552
3.138550
3.235149
3.217251
3.086211
3.391128
3.040054
3.336259
3.222306
3.095633
3.087286
3.178633
3.401028
3.065015
3.142650
3.188097
3.298817
3.228874
3.014223
3.100241
3.349327
3.091730
3.303423
3.233492
3.111656
3.136612
3.224975
3.081698
3.121675
3.244469
3.080560
3.102554
3.341820
3.111426
3.005008
2.951099
3.335206
3.084292
3.384181
3.280493
3.074178
3.434946
3.279112
3.083483
3.088326
3.047739
3.014625
3.204495
3.296393
3.069177
2.982792
3.092417
3.232737
3.377307
2.904070
3.389897
2.960357
3.207028
3.300527
3.030180
3.023882
3.299566
3.057547
3.220991
3.274782
3.102823
3.193114
3.157914
3.075067
3.252116
3.337604
3.138650
3.057872
3.243737
2.893486
3.136570
3.254184
3.200469
3.339483
3.068975
3.076644
3.089518
3.163823
3.023725
3.014740
3.095945
2.956303
3.328882
2.980843
2.998477
3.376591
3.205950
3.401905
3.169748
3.193921
3.274172
3.044273
3.154435
3.167549
3.173881
3.174877
3.105089
3.315585
3.008907
3.118088
3.152503
3.329371
3.005805
3.057588
3.342667
3.099449
3.289361
3.075486
3.081951
3.149511
3.164872
3.073324
2.814297
3.341351
3.146550
3.072464
3.079218
3.034180
3.290740
3.128802
3.068071
3.008950
3.016688
3.223847
2.881528
3.275115
3.278443
3.265576
3.184631
3.140845
3.324634
3.113445
3.287264
3.119074
3.431312
3.112994
3.063757
3.404465
3.340423
3.179462
3.148944
3.173354
3.183348
3.093678
3.123469
3.006383
3.065822
3.212799
3.229000
3.400186
3.083608
2.957225
3.170892
3.278402
2.910614
2.964232
2.970864
2.931816
3.231834
3.044659
2.944101
2.967206
3.128266
3.222090
3.222637
3.173010
3.072221
2.940007
3.138252
2.993270
3.152105
3.036095
3.002136
3.109862
2.696471
3.149718
3.068063
3.060649
2.943447
3.055476
2.962119
3.047818
3.039841
3.084208
3.165282
3.061062
3.088370
3.022088
3.046072
3.099658
2.949681
2.878608
3.038082
3.095042
2.903403
3.009119
3.319921
2.962707
2.966318
3.128994
3.066691
3.026036
3.225800
2.927277
3.292351
3.117181
3.184044
3.060230
3.142545
2.829329
2.749863
3.097062
2.982587
2.977623
3.097770
2.787956
3.165953
2.928781
2.980260
2.880384
3.068086
3.230086
3.193712
2.980302
2.965135
3.054141
2.994881
3.215138
3.020209
2.935997
3.046251
3.287295
2.842966
2.776562
3.202881
3.251291
2.956574
2.981661
3.034912
2.976668
2.974461
2.925802
2.915890
3.164013
3.023466
2.889241
2.926941
2.879020
3.097512
3.009123
2.864826
3.037783
2.991247
3.057462
2.981182
3.198470
3.245568
2.974930
3.059528
3.005669
3.046216
3.095932
3.110454
3.121049
3.220028
2.996404
3.007977
2.976413
3.203866
2.951423
3.138069
3.111599
2.963744
3.070295
2.836361
3.010337
3.072552
3.105606
2.918123
3.304933
3.028919
3.094309
3.141214
2.880432
3.228547
2.907755
2.901532
2.926121
3.016165
2.860281
2.819111
2.866450
2.940525
2.916093
2.919087
3.060564
3.209729
3.115437
3.001957
3.045779
3.020134
3.072928
3.065510
2.847644
3.275607
2.884315
3.113118
2.967562
2.842702
2.934086
3.061110
3.193731
2.992470
3.123918
3.131911
2.984987
3.073883
3.079336
2.953308
3.136151
3.080127
2.906334
3.030047
2.965475
3.087685
2.904716
2.796658
3.087244
2.809671
2.792504
2.748056
2.753065
3.232512
2.775373
3.025239
3.029248
2.872601
2.948173
2.877599
2.708006
2.901328
3.037007
3.070574
2.932574
2.894531
2.985968
2.968439
2.848545
3.134998
2.799793
3.083595
2.972843
2.852887
2.846808
2.933523
3.146863
2.824031
2.898691
2.941244
3.048452
2.981561
2.776892
2.860921
3.096506
2.852851
3.053917
2.987477
2.869005
2.893837
2.977206
2.842876
2.878787
2.995190
2.842661
2.861805
3.088434
2.870953
2.767452
2.716588
3.084991
2.843394
3.129527
3.032011
2.834801
3.179883
3.029454
2.843660
2.848063
2.807255
2.777356
2.961614
3.046349
2.830711
2.747129
2.851768
2.985823
3.125088
2.671251
3.136114
2.726916
2.963676
3.053744
2.792144
2.787537
3.050486
2.817926
2.976989
3.026523
2.863351
2.949215
2.914438
2.835649
3.005927
3.086194
2.895127
2.819427
2.997550
2.664474
2.893779
3.005901
2.956401
3.089675
2.830257
2.838013
2.846413
2.921484
2.787680
2.777653
2.856913
2.722103
3.078593
2.746298
2.762311
3.124742
2.961627
3.150625
2.925785
2.950720
3.028407
2.805919
2.911170
2.923952
2.930342
2.931856
2.867668
3.067656
2.775671
2.879257
2.912538
3.079869
2.770002
2.818772
3.093822
2.859819
3.044105
2.836033
2.842360
2.909989
2.924297
2.834351
2.586961
3.091838
2.906600
2.835145
2.840898
2.796866
3.044889
2.888633
2.830954
2.775436
2.779838
2.981054
2.652993
3.028715
3.033734
3.020416
2.942718
2.899721
3.076545
2.875278
3.041090
2.879927
3.179253
2.871337
2.826897
3.153189
3.092949
2.938813
2.907795
2.931153
2.941511
2.855237
2.883801
2.773278
2.830963
2.969469
2.984131
3.150257
2.847089
2.727257
2.930486
3.034290
2.680814
2.735543
2.738040
2.704680
2.987951
2.808314
2.715225
2.736221
2.889509
2.978535
2.979781
2.932856
2.837103
2.709702
2.898477
2.760732
2.913374
2.801206
2.768558
2.872025
2.475712
2.912890
2.833590
2.825426
2.711678
2.822424
2.730824
2.812571
2.806502
2.846685
2.925057
2.826912
2.850811
2.789093
2.810662
2.860836
2.721170
2.651106
2.802495
2.858688
2.674443
2.778726
3.078459
2.732527
2.736707
2.892921
2.833530
2.791683
2.984507
2.697904
3.049645
2.880115
2.942961
2.825655
2.905740
2.605659
2.529452
2.861424
2.751258
2.747571
2.862551
2.566481
2.927151
2.700171
2.749939
2.655096
2.834751
2.990667
2.953384
2.748548
2.736126
2.818220
2.766467
2.975025
2.789592
2.706476
2.815634
3.048081
2.621868
2.557358
2.963516
3.010508
2.726935
2.751080
2.801992
2.746248
2.745284
2.699807
2.689551
2.925374
2.791257
2.666536
2.700334
2.655743
2.861369
2.779448
2.639278
2.806567
2.760385
2.823719
2.751321
2.960786
3.004595
2.744699
2.826613
2.773762
2.813252
2.861578
2.873617
2.885270
2.980764
2.766845
2.777184
2.749905
2.965106
2.722819
2.900625
2.877461
2.736600
2.837425
2.616336
2.778493
2.839681
2.872266
2.691274
3.064308
2.797477
2.859685
2.905770
2.655425
2.993252
2.681577
2.675421
2.699751
2.786640
2.638486
2.597288
2.641428
2.717503
2.688833
2.695820
2.828660
2.972632
2.880690
2.772293
2.815602
2.790683
2.839045
2.833647
2.626546
3.034660
2.659585
2.879794
2.740512
2.620760
2.706937
2.828821
2.957774
2.763373
2.890148
2.901262
2.756451
2.840750
2.848460
2.725546
2.901395
2.847389
2.684085
2.798841
2.739527
2.855893
2.681767
2.577960
2.852836
2.590160
2.571180
2.530858
2.535766
2.996099
2.556567
2.793680
2.800402
2.650733
2.722008
2.654788
2.492307
2.676534
2.810122
2.838168
2.706797
2.670630
2.757118
2.739940
2.630723
2.899483
2.579484
2.851400
2.743710
2.630188
2.626281
2.708552
2.913215
2.603010
2.674816
2.714597
2.818477
2.754465
2.559361
2.641480
2.864125
2.633870
2.824709
2.761611
2.646358
2.671070
2.749653
2.623892
2.655902
2.766183
2.624538
2.640965
2.855484
2.650373
2.549665
2.501726
2.855066
2.622399
2.895349
2.803743
2.615254
2.945305
2.800051
2.623679
2.627656
2.586635
2.559817
2.738700
2.816564
2.612018
2.531099
2.630976
2.759027
2.893206
2.457954
2.902725
2.513016
2.740294
2.827075
2.573834
2.570846
2.821591
2.598093
2.752955
2.798408
2.643654
2.725274
2.690900
2.615996
2.779785
2.855044
2.671534
2.600695
2.771401
2.454776
2.670875
2.777735
2.732269
2.860023
2.611247
2.619085
2.623194
2.698991
2.571217
2.560191
2.637593
2.507407
2.848480
2.531263
2.545724
2.893127
2.737220
2.919547
2.701717
2.727381
2.802609
2.587219
2.687763
2.700224
2.706666
2.708676
2.649850
2.839763
2.561879
2.660078
2.692271
2.850464
2.553718
2.599599
2.865038
2.639863
2.818755
2.616239
2.622433
2.690124
2.703405
2.615007
2.378767
2.862393
2.686316
2.617382
2.622171
2.579101
2.818941
2.668129
2.613369
2.561301
2.562501
2.758024
2.443625
2.802223
2.808845
2.795111
2.720518
2.678262
2.848425
2.656666
2.814786
2.660367
2.947320
2.649368
2.609522
2.922000
2.865398
2.717798
2.686299
2.708655
2.719354
2.636330
2.663714
2.559463
2.615484
2.745868
2.759053
2.920332
2.630012
2.516454
2.709675
2.809926
2.470158
2.525950
2.524485
2.496571
2.763794
2.591377
2.505442
2.524417
2.670253
2.754681
2.756596
2.712256
2.621324
2.498533
2.678234
2.547417
2.694124
2.585635
2.554241
2.653624
2.273674
2.695454
2.618407
2.609512
2.499081
2.608596
2.518676
2.596635
2.592401
2.628565
2.704346
2.612020
2.632648
2.575303
2.594553
2.641456
2.511661
2.442577
2.586210
2.641667
2.464502
2.567417
2.856535
2.521409
2.526131
2.676153
2.619557
2.576557
2.762729
2.487547
2.826511
2.662377
2.721376
2.610302
2.688249
2.400737
2.327661
2.645044
2.539004
2.536538
2.646594
2.363660
2.707728
2.490511
2.538638
2.448615
2.620550
2.770643
2.732486
2.535861
2.526062
2.601537
2.556946
2.754321
2.577985
2.495916
2.604018
2.828227
2.419376
2.356655
2.743521
2.789144
2.516245
2.539486
2.588152
2.534802
2.535028
2.492595
2.482008
2.706046
2.578085
2.462470
2.492526
2.451125
2.644419
2.568696
2.432463
2.594335
2.548488
2.609060
2.540386
2.742341
2.782999
2.533391
2.612736
2.560843
2.599323
2.646310
2.655971
2.668636
2.760787
2.556166
2.565320
2.542103
2.745606
2.513045
2.682381
2.662418
2.528218
2.623556
2.414777
2.565584
2.625803
2.657939
2.483161
2.842994
2.584961
2.644113
2.689413
2.449065
2.777036
2.474093
2.467998
2.492074
2.575959
2.435188
2.393963
2.435030
2.513019
2.480292
2.491106
2.615668
2.754659
2.664968
2.561440
2.604254
2.580030
2.624141
2.620675
2.423898
2.812980
2.453442
2.665394
2.532145
2.417329
2.498464
2.615425
2.740863
2.553030
2.675323
2.689430
2.546656
2.626533
2.636400
2.516468
2.685613
2.633533
2.480289
2.586453
2.532172
2.642942
2.477244
2.377537
2.637372
2.388965
2.368245
2.331878
2.336695
2.778699
2.356037
2.580928
2.590246
2.447267
2.514418
2.450415
2.294739
2.470252
2.601833
2.624586
2.499566
2.465193
2.546940
2.530093
2.431108
2.682913
2.377476
2.638001
2.533247
2.425884
2.424055
2.502067
2.698415
2.400305
2.469374
2.506504
2.607152
2.545928
2.359985
2.440276
2.650523
2.433054
2.614141
2.554244
2.442073
2.466665
2.540661
2.423108
2.451380
2.555791
2.424576
2.438395
2.641308
2.448047
2.350011
2.304880
2.643789
2.419664
2.679983
2.594038
2.413903
2.729549
2.589251
2.421906
2.425472
2.384242
2.360370
2.534096
2.605385
2.411455
2.333093
2.428404
2.550701
2.680006
2.262558
2.688079
2.317041
2.535219
2.618847
2.373628
2.372188
2.611237
2.396416
2.547254
2.588793
2.442103
2.519654
2.485656
2.414485
2.572050
2.642512
2.466238
2.400055
2.563651
2.262788
2.466230
2.568047
2.526446
2.648907
2.410324
2.418238
2.418235
2.494732
2.372734
2.360750
2.436359
2.310600
2.636899
2.334130
2.347106
2.680102
2.531101
2.707034
2.495917
2.522278
2.595147
2.386557
2.482588
2.494738
2.501228
2.503710
2.450021
2.630289
2.365898
2.458945
2.490093
2.639523
2.355346
2.398457
2.654675
2.437968
2.611688
2.414494
2.420558
2.488305
2.500598
2.413685
2.188124
2.651387
2.484087
2.417564
2.421428
2.379276
2.611273
2.465675
2.413711
2.364948
2.363079
2.553142
2.251831
2.594018
2.602194
2.588040
2.516421
2.474884
2.638651
2.455994
2.606763
2.458787
2.733888
2.445476
2.410029
2.709270
2.656152
2.514814
2.482850
2.504243
2.515266
2.435356
2.461607
2.363400
2.417787
2.540388
2.552154
2.708769
2.430768
2.323213
2.506858
2.603700
2.277068
2.333880
2.328604
2.305912
2.557756
2.392255
2.313172
2.330209
2.468903
2.548923
2.551475
2.509611
2.423298
2.304922
2.475924
2.351751
2.492765
2.387794
2.357601
2.453072
2.088795
2.495819
2.420932
2.411332
2.304077
2.412410
2.324096
2.398425
2.395966
2.428258
2.501555
2.414801
2.432293
2.379139
2.396162
2.439931
2.319591
2.251438
2.387638
2.442394
2.272007
2.373601
2.652555
2.327781
2.333020
2.477111
2.423188
2.379081
2.558878
2.294637
2.621355
2.462390
2.517701
2.412595
2.488493
2.213022
2.142943
2.446351
2.344258
2.342957
2.448251
2.177938
2.506101
2.298238
2.344790
2.259384
2.423921
2.568430
2.529433
2.340676
2.333389
2.402517
2.364811
2.551446
2.383823
2.302754
2.409848
2.626194
2.233929
2.172924
2.541310
2.585618
2.322945
2.345318
2.391832
2.340771
2.342137
2.302622
2.291710
2.504453
2.382395
2.275497
2.301966
2.263619
2.445097
2.375305
2.242862
2.399523
2.353995
2.411920
2.346810
2.541569
2.579210
2.339458
2.416330
2.365362
2.402869
2.448572
2.455952
2.469582
2.558530
2.362815
2.370831
2.351543
2.543795
2.320554
2.481770
2.464869
2.337054
2.427132
2.230145
2.370096
2.429364
2.461080
2.292242
2.639426
2.389818
2.446043
2.490587
2.259814
2.578339
2.283762
2.277723
2.301556
2.382549
2.248832
2.207606
2.245728
2.325547
2.288931
2.303406
2.420031
2.554270
2.466711
2.367851
2.410192
2.386633
2.426668
2.425051
2.238150
2.609008
2.264352
2.468380
2.340912
2.230789
2.307139
2.419379
2.541451
2.359903
2.477900
2.494872
2.354035
2.429685
2.441619
2.324540
2.487262
2.437026
2.293359
2.391349
2.341894
2.447291
2.289688
2.193873
2.439308
2.204569
2.182183
2.149598
2.154331
2.578773
2.172269
2.385447
2.397252
2.260667
2.323880
2.262954
2.113798
2.280957
2.410615
2.428296
2.309359
2.276702
2.353901
2.337374
2.248181
2.483745
2.192258
2.441871
2.339918
2.238462
2.238624
2.312553
2.500930
2.214408
2.280852
2.315432
2.412997
2.354436
2.177276
2.255803
2.454170
2.248976
2.420692
2.363857
2.254640
2.279115
2.348713
2.239022
2.263709
2.362497
2.241273
2.252592
2.444379
2.262471
2.166994
2.124544
2.449620
2.233687
2.481902
2.401378
2.229246
2.531090
2.395538
2.236839
2.240010
2.198578
2.177541
2.346309
2.411295
2.227534
2.151634
2.242556
2.359340
2.483971
2.083583
2.490653
2.137504
2.346966
2.427550
2.190028
2.190068
2.417913
2.211405
2.358383
2.396171
2.257203
2.330856
2.297224
2.229631
2.381218
2.447081
2.277736
2.216017
2.372793
2.087032
2.278349
2.375328
2.337429
2.454818
2.225998
2.233984
2.230038
2.307203
2.190731
2.177822
2.251722
2.130205
2.442347
2.153418
2.164960
2.484158
2.341768
2.511578
2.306890
2.333913
2.404523
2.202443
2.294153
2.306004
2.312536
2.315470
2.266700
2.437711
2.186245
2.274365
2.304509
2.445543
2.173408
2.213864
2.461256
2.252646
2.421412
2.229316
2.235252
2.303052
2.314401
2.228902
2.013573
2.457323
2.298429
2.234214
2.237191
2.195917
2.420400
2.279793
2.230505
2.184905
2.180094
2.364927
2.076154
2.402622
2.412268
2.397720
2.328948
2.288098
2.445735
2.271797
2.415519
2.273719
2.537446
2.258185
2.226950
2.513506
2.463726
2.328384
2.295974
2.316432
2.327774
2.250845
2.276009
2.183572
2.236410
2.351551
2.361958
2.514139
2.247908
2.146105
2.320571
2.414140
2.100085
2.157860
2.148962
2.131258
2.368365
2.209488
2.136966
2.152142
2.283996
2.359790
2.362953
2.323457
2.241566
2.127418
2.290084
2.172278
2.307831
2.206237
2.177187
2.268906
1.919645
2.312530
2.239706
2.229437
2.125219
2.232417
2.145641
2.216488
2.215714
2.244308
2.315223
2.233805
2.248293
2.199138
2.214040
2.254801
2.143519
2.076256
2.205338
2.259414
2.095523
2.195853
2.465062
2.150205
2.155937
2.294330
2.242966
2.197808
2.371496
2.117727
2.432718
2.278704
2.330479
2.231089
2.305019
2.041086
1.973877
2.263878
2.165587
2.165392
2.266122
2.007896
2.320820
2.121919
2.166960
2.085968
2.243423
2.382581
2.342778
2.161556
2.156675
2.219719
2.188608
2.364949
2.205672
2.125561
2.231694
2.440449
2.064123
2.004769
2.355437
2.398483
2.145606
2.167145
2.211596
2.162727
2.165180
2.128449
2.117237
2.319157
2.202750
2.104201
2.127233
2.091810
2.261964
2.197860
2.069036
2.220709
2.175483
2.230868
2.169166
2.357035
2.391783
2.161464
2.235973
2.185887
2.222460
2.266933
2.272125
2.286680
2.372556
2.185371
2.192295
2.176762
2.358243
2.143924
2.297365
2.283390
2.161693
2.246730
2.061037
2.190574
2.248942
2.280224
2.117113
2.452166
2.210629
2.264048
2.307865
2.086273
2.395739
2.109173
2.103184
2.126783
2.205005
2.078084
2.036815
2.072113
2.153686
2.113340
2.131323
2.240327
2.369990
2.284516
2.190118
2.232001
2.209076
2.245205
2.245357
2.067922
2.421313
2.090913
2.287359
2.165427
2.059810
2.131550
2.239263
2.358104
2.182580
2.296462
2.316177
2.177198
2.248794
2.262707
2.148361
2.304925
2.256452
2.122007
2.212116
2.167281
2.267532
2.117671
2.025611
2.257230
2.035585
2.011599
1.982641
1.987280
2.394900
2.003876
2.205832
2.220016
2.089568
2.148992
2.091013
1.948103
2.107256
2.235071
2.247888
2.134774
2.103764
2.176606
2.160380
2.080569
2.300569
2.022451
2.261600
2.162345
2.066534
2.068595
2.138613
2.319355
2.043932
2.107860
2.139997
2.234606
2.178599
2.009838
2.086682
2.273661
2.080215
2.242957
2.189061
2.082671
2.107032
2.172414
2.070252
2.091507
2.184902
2.073248
2.082164
2.263300
2.092268
1.999238
1.959354
2.271182
2.063099
2.299708
2.224376
2.059904
2.348526
2.217521
2.067101
2.069890
2.028275
2.009925
2.173959
2.232906
2.058902
1.985333
2.072059
2.183557
2.303708
1.919665
2.309055
1.973040
2.174157
2.251863
2.021668
2.023134
2.240232
2.041686
2.184967
2.219156
2.087587
2.157501
2.124218
2.060043
2.205911
2.267365
2.104660
2.047212
2.197457
1.926160
2.105855
2.198201
2.163844
2.276372
2.056906
2.064958
2.057233
2.135035
2.023856
2.010067
2.082320
1.964866
2.263443
1.987770
1.997944
2.303915
2.167855
2.331797
2.133268
2.160923
2.229360
2.033528
2.121089
2.132652
2.139225
2.142587
2.098529
2.260679
2.021593
2.104983
2.134163
2.267152
2.006552
2.044461
2.283391
2.082544
2.246557
2.059345
2.065157
2.133008
2.143446
2.059304
1.853774
2.278828
2.127986
2.065981
2.068106
2.027671
2.244951
2.109127
2.062401
2.019832
2.012198
2.192017
1.915255
2.226647
2.237720
2.222786
2.156741
2.116548
2.268308
2.102724
2.239689
2.103802
2.356647
2.086141
2.058937
2.333345
2.286757
2.157156
2.124316
2.143872
2.155524
2.081447
2.105569
2.018657
2.070011
2.178003
2.187105
2.334996
2.080074
1.983784
2.149444
2.239886
1.937884
1.996603
1.984204
1.971275
2.194265
2.041732
1.975497
1.988900
2.114181
2.185928
2.189671
2.152447
2.074785
1.964689
2.119365
2.007649
2.137980
2.039628
2.011663
2.099785
1.764905
2.144245
2.073398
2.062483
1.961172
2.067282
1.981979
2.049490
2.050330
2.075376
2.144006
2.067698
2.079307
2.033998
2.046848
2.084728
1.982122
1.915711
2.037968
2.091392
1.933722
2.032840
2.292710
1.987353
1.993556
2.126491
2.077576
2.031415
2.199240
1.955512
2.259259
2.109984
2.158370
2.064456
2.136495
1.883618
1.819158
2.096315
2.001650
2.002528
2.098918
1.852254
2.150552
1.960237
2.003829
1.927077
2.077731
2.211761
2.171181
1.997178
1.994600
2.051816
2.027024
2.193501
2.042214
1.963021
2.068212
2.269707
1.908654
1.850877
2.184571
2.226408
1.982913
2.003659
2.046120
1.999353
2.002847
1.968786
1.957279
2.148827
2.037826
1.947285
1.967019
1.934392
2.093699
2.035042
1.909687
2.056574
2.011638
2.064588
2.006152
2.187414
2.219381
1.998114
2.070345
2.021107
2.056783
2.100077
2.103169
2.118609
2.201539
2.022531
2.028404
2.016469
2.187622
1.981854
2.127844
2.116668
2.000833
2.081037
1.906164
2.025728
2.083222
2.114106
1.956449
2.279894
2.046086
2.096814
2.139934
1.927122
2.227916
1.949028
1.943088
1.966457
2.042031
1.921598
1.880301
1.912893
1.996145
1.952218
1.973564
2.075284
2.200576
2.117061
2.026940
2.068381
2.046062
2.078449
2.080293
1.911922
2.248579
1.931837
2.121021
2.004382
1.903080
1.970406
2.073782
2.189523
2.019783
2.129715
2.152049
2.014847
2.082557
2.098361
1.986632
2.137297
2.090513
1.964879
2.047457
2.007047
2.102365
1.959938
1.871469
2.089837
1.880737
1.855217
1.829728
1.834281
2.225774
1.849592
2.040787
2.057253
1.932673
1.988466
1.933316
1.796386
1.947867
2.073912
2.082070
1.974538
1.945099
2.013763
1.997825
1.927011
2.132089
1.866773
2.095901
1.999216
1.908822
1.912708
1.978975
2.152394
1.887604
1.949120
1.978915
2.070688
2.017128
1.856415
1.931641
2.107712
1.925524
2.079669
2.028579
1.924891
1.949145
2.010487
1.915549
1.933500
2.021728
1.919242
1.925862
2.096780
1.936165
1.845481
1.808054
2.107188
1.906613
2.132111
2.061754
1.904625
2.180568
2.053919
1.911431
1.913858
1.872043
1.856275
2.015797
2.068937
1.904269
1.832943
1.915653
2.022078
2.137935
1.769538
2.141998
1.822400
2.015512
2.090415
1.867289
1.870102
2.076920
1.886001
2.025734
2.056482
1.931995
1.998325
1.965376
1.904472
2.044859
2.102087
1.945741
1.892385
2.036369
1.778928
1.947490
2.035393
2.004430
2.112302
1.901792
1.909906
1.898558
1.976967
1.870864
1.856225
1.926898
1.813339
2.098913
1.835942
1.844797
2.138099
2.008111
2.166419
1.973790
2.002055
2.068414
1.878555
1.962140
1.973424
1.980035
1.983806
1.944260
2.097916
1.870693
1.949549
1.977805
2.103083
1.853533
1.889001
2.119820
1.926409
2.085873
1.903333
1.909031
1.976918
1.986486
1.903645
1.707502
2.114639
1.971511
1.911621
1.912928
1.873296
2.083673
1.952429
1.908157
1.868488
1.858149
2.033162
1.767907
2.064862
2.077297
2.061987
1.998552
1.958980
2.105115
1.947531
2.078020
1.947798
2.190217
1.928095
1.904757
2.167509
2.123986
1.999887
1.966633
1.985328
1.997269
1.925926
1.949044
1.867429
1.917357
2.018496
2.026343
2.170151
1.926036
1.835029
1.992252
2.079694
1.789237
1.848845
1.833105
1.824747
2.034214
1.887751
1.827541
1.839226
1.958240
2.026094
2.030393
1.995341
1.921730
1.815519
1.962543
1.856650
1.981972
1.886711
1.859802
1.944479
1.623373
1.989734
1.920777
1.909246
1.810719
1.915786
1.831889
1.896201
1.898586
1.920233
1.986670
1.915257
1.924106
1.882468
1.893365
1.928481
1.834184
1.768590
1.884309
1.937109
1.785392
1.883345
2.134268
1.838013
1.844665
1.972378
1.925807
1.878662
2.040880
1.806770
2.099741
1.955008
2.000145
1.911475
1.981710
1.739416
1.677584
1.942447
1.851248
1.853141
1.945370
1.709787
1.994084
1.811985
1.854187
1.781495
1.925633
2.054747
2.013425
1.846334
1.845962
1.897589
1.878838
2.035870
1.892254
1.813929
1.918226
2.112791
1.766330
1.710058
2.027490
2.068166
1.833660
1.853628
1.894201
1.849443
1.853932
1.822435
1.810635
1.992246
1.886421
1.803553
1.820129
1.790180
1.939089
1.885638
1.763604
1.905915
1.861256
1.911871
1.856572
2.031494
2.060805
1.848200
1.918253
1.869818
1.904634
1.946793
1.947875
1.964159
2.044267
1.873078
1.877951
1.869456
2.030722
1.833144
1.971987
1.963487
1.853280
1.928849
1.764342
1.874359
1.931006
1.961505
1.809079
2.121381
1.894990
1.943136
1.985588
1.781195
2.073674
1.802138
1.796241
1.819393
1.892427
1.778218
1.736881
1.766879
1.851734
1.804381
1.828945
1.923689
2.044779
1.963144
1.877118
1.918138
1.896400
1.925197
1.928663
1.768978
2.089596
1.785939
1.968150
1.856594
1.759420
1.822520
1.921739
2.034526
1.870291
1.976455
2.001295
1.865791
1.929781
1.947397
1.838172
1.983182
1.938014
1.820830
1.896182
1.860009
1.950600
1.815277
1.730244
1.935934
1.738852
1.711861
1.689700
1.694162
2.070215
1.708243
1.889124
1.907766
1.788816
1.841133
1.788689
1.657479
1.801614
1.925957
1.929652
1.827466
1.799532
1.864192
1.848529
1.786333
1.977111
1.724062
1.943585
1.849367
1.764153
1.769792
1.832450
1.998861
1.744259
1.803463
1.831010
1.920064
1.868845
1.715846
1.789519
1.955134
1.783731
1.929636
1.881236
1.780135
1.804286
1.861756
1.773720
1.788521
1.871796
1.778090
1.782508
1.943639
1.792995
1.704563
1.669490
1.956451
1.763085
1.977926
1.912328
1.762240
2.026036
1.903558
1.768667
1.770740
1.728748
1.715462
1.870626
1.918211
1.762485
1.693310
1.772167
1.873738
1.985475
1.632075
1.988308
1.684431
1.869868
1.942112
1.725739
1.729846
1.926805
1.743192
1.879523
1.906965
1.789272
1.852164
1.819532
1.761762
1.896897
1.950075
1.799821
1.750383
1.888367
1.644204
1.802093
1.885739
1.858027
1.961434
1.759504
1.767676
1.752856
1.831851
1.730613
1.715146
1.784308
1.674479
1.947593
1.696788
1.704381
1.985541
1.861367
2.014279
1.827296
1.856157
1.920514
1.736368
1.816153
1.827166
1.833811
1.837974
1.802747
1.948262
1.732403
1.806916
1.834284
1.952175
1.713209
1.746338
1.969385
1.783097
1.938193
1.760135
1.765708
1.833648
1.842367
1.760774
1.573627
1.963597
1.827857
1.769993
1.770514
1.731650
1.935412
1.808554
1.766629
1.729741
1.716809
1.887215
1.632983
1.916107
1.929832
1.914168
1.853233
1.814259
1.954999
1.805079
1.929363
1.804577
2.036987
1.782902
1.763264
2.014859
1.974263
1.855433
1.821784
1.839662
1.851866
1.783141
1.805298
1.728743
1.777314
1.871887
1.878533
2.018408
1.784683
1.698712
1.847854
1.932421
1.653027
1.713472
1.694533
1.690574
1.887070
1.746427
1.691983
1.702025
1.815006
1.879147
1.883986
1.851005
1.781286
1.678780
1.818477
1.718161
1.838691
1.746382
1.720478
1.801851
1.493953
1.847869
1.780729
1.768597
1.672737
1.776801
1.694253
1.755498
1.759361
1.777750
1.842089
1.775366
1.781564
1.743454
1.752465
1.784931
1.698598
1.633780
1.743232
1.795429
1.649422
1.746263
1.988615
1.701068
1.708148
1.830867
1.786522
1.738454
1.895288
1.670390
1.953037
1.812652
1.854676
1.771027
1.839540
1.607378
1.548062
1.801143
1.713264
1.716134
1.804354
1.579394
1.850283
1.676052
1.716922
1.648112
1.786011
1.910413
1.868383
1.707909
1.709648
1.755920
1.742963
1.890941
1.754654
1.677165
1.780611
1.968523
1.636053
1.581228
1.883070
1.922641
1.696740
1.715972
1.754725
1.711888
1.717330
1.688280
1.676209
1.848295
1.747439
1.671914
1.685446
1.658067
1.797016
1.748555
1.629709
1.767626
1.723230
1.771608
1.719304
1.888160
1.914919
1.710609
1.778581
1.730906
1.764903
1.805976
1.805128
1.822221
1.899621
1.735931
1.739841
1.734652
1.886428
1.696695
1.828687
1.822766
1.717919
1.789059
1.634485
1.735339
1.791187
1.821307
1.673901
1.975544
1.756236
1.801907
1.843718
1.647384
1.931903
1.667410
1.661554
1.684494
1.755088
1.646820
1.605470
1.632989
1.719375
1.668739
1.696378
1.784433
1.901487
1.821666
1.739564
1.780177
1.758992
1.784348
1.789371
1.638006
1.943254
1.652130
1.827672
1.720974
1.627756
1.686802
1.782036
1.891987
1.733043
1.835576
1.862823
1.728947
1.789366
1.808717
1.701889
1.841481
1.797861
1.688776
1.757198
1.725077
1.811144
1.682635
1.600890
1.794426
1.608860
1.580454
1.561475
1.565854
1.927103
1.578746
1.749749
1.770478
1.656920
1.705903
1.656035
1.530333
1.667415
1.790125
1.789543
1.692478
1.665986
1.726808
1.711405
1.657453
1.834541
1.593241
1.803563
1.711701
1.631458
1.638765
1.697981
1.857667
1.612823
1.669813
1.695202
1.781650
1.732670
1.587064
1.659246
1.814842
1.653771
1.791783
1.745956
1.647336
1.671382
1.725139
1.643729
1.655499
1.734027
1.648734
1.651036
1.802789
1.661717
1.575422
1.542603
1.817905
1.631422
1.836068
1.775033
1.631684
1.883840
1.765350
1.637743
1.639481
1.597305
1.586410
1.737391
1.779655
1.632498
1.565377
1.640540
1.737446
1.845249
1.506230
1.846897
1.558089
1.736172
1.805860
1.595954
1.601318
1.788814
1.612204
1.745276
1.769549
1.658357
1.717959
1.685627
1.630860
1.760959
1.810255
1.665834
1.620150
1.752384
1.520939
1.668603
1.748168
1.723562
1.822699
1.628987
1.637213
1.619064
1.698601
1.602024
1.585783
1.653489
1.547223
1.808409
1.569262
1.575648
1.845168
1.726552
1.874303
1.692738
1.722145
1.784593
1.605935
1.682053
1.692817
1.699495
1.704029
1.672948
1.810659
1.605680
1.676032
1.702548
1.813357
1.584534
1.615415
1.831022
1.651548
1.802467
1.628697
1.634156
1.702128
1.710057
1.629646
1.451116
1.824636
1.695974
1.640048
1.639816
1.601686
1.799108
1.676450
1.636781
1.602541
1.587129
1.753121
1.509448
1.779310
1.794285
1.778277
1.719736
1.681331
1.816902
1.674323
1.792661
1.673068
1.895903
1.649517
1.633422
1.874320
1.836531
1.722749
1.688710
1.705805
1.718267
1.652047
1.673283
1.601597
1.648843
1.737126
1.742619
1.878731
1.654943
1.573807
1.715197
1.796999
1.528220
1.589472
1.567456
1.567695
1.751766
1.616700
1.567778
1.576253
1.683472
1.744040
1.749383
1.718396
1.652393
1.553447
1.686113
1.591159
1.707081
1.617621
1.592668
1.670869
1.375611
1.717613
1.652208
1.639503
1.546197
1.649299
1.568041
1.626346
1.631622
1.646891
1.709214
1.646977
1.650644
1.615896
1.623115
1.653041
1.574331
1.510262
1.613706
1.665335
1.524788
1.620554
1.854687
1.575491
1.582988
1.700900
1.658715
1.609737
1.761423
1.545352
1.818106
1.681883
1.720922
1.642082
1.708930
1.486491
1.429586
1.671369
1.586675
1.590478
1.674874
1.460063
1.718107
1.551422
1.591015
1.525918
1.657841
1.777728
1.735007
1.580882
1.584641
1.625783
1.618374
1.757667
1.628419
1.551731
1.654350
1.835882
1.516824
1.463379
1.750291
1.788780
1.571138
1.589662
1.626662
1.585672
1.592027
1.565323
1.552984
1.715945
1.619849
1.551343
1.561985
1.537059
1.666468
1.622789
1.506985
1.640684
1.596547
1.642778
1.593347
1.756376
1.780703
1.584337
1.650317
1.603375
1.636575
1.676605
1.673908
1.691773
1.766579
1.610080
1.613055
1.611010
1.753719
1.571500
1.696932
1.693469
1.593774
1.660657
1.515599
1.607673
1.662752
1.692519
1.549907
1.841328
1.628826
1.672122
1.713312
1.524705
1.801588
1.543840
1.538022
1.560759
1.629013
1.526462
1.485074
1.510205
1.598065
1.544280
1.574872
1.656516
1.769711
1.691615
1.613268
1.653493
1.632833
1.654896
1.661404
1.517995
1.808532
1.529415
1.698554
1.596521
1.507091
1.562251
1.653666
1.760878
1.607011
1.706076
1.735627
1.603309
1.660306
1.681317
1.576790
1.711186
1.669048
1.567710
1.629502
1.601271
1.682993
1.561013
1.482422
1.664304
1.489771
1.460007
1.444078
1.448375
1.795435
1.460125
1.621662
1.644394
1.535995
1.581782
1.534396
1.413941
1.544277
1.665441
1.660741
1.568580
1.543470
1.600612
1.585458
1.539409
1.703374
1.473327
1.674832
1.585234
1.509736
1.518648
1.574555
1.727810
1.492306
1.547166
1.570501
1.654451
1.607615
1.469073
1.539840
1.685838
1.534662
1.665108
1.621743
1.525495
1.549448
1.599648
1.524576
1.533442
1.607426
1.530192
1.530468
1.673234
1.541316
1.457090
1.426422
1.690550
1.510676
1.705540
1.648877
1.511982
1.752984
1.638322
1.517686
1.519090
1.476757
1.468123
1.615112
1.652271
1.513330
1.448177
1.519797
1.612241
1.716264
1.391006
1.716776
1.442402
1.613448
1.680673
1.476970
1.483518
1.661959
1.492044
1.621997
1.643231
1.538276
1.594714
1.562678
1.510784
1.636059
1.681635
1.542803
1.500711
1.627438
1.408174
1.546041
1.621694
1.600076
1.695106
1.509269
1.517545
1.496206
1.576281
1.484157
1.467158
1.533476
1.430634
1.680377
1.452396
1.457612
1.715991
1.602710
1.745504
1.569124
1.599062
1.659672
1.486266
1.558892
1.569403
1.576108
1.581001
1.553879
1.684114
1.489571
1.555930
1.581629
1.685652
1.466544
1.495276
1.703750
1.530808
1.677716
1.508055
1.513407
1.581414
1.588565
1.509300
1.339007
1.696777
1.574895
1.520827
1.519870
1.482443
1.673789
1.555161
1.517631
1.485953
1.468153
1.629914
1.396358
1.653525
1.669679
1.653342
1.597088
1.559233
1.689850
1.554309
1.666941
1.552325
1.765984
1.526972
1.514270
1.744918
1.709818
1.600871
1.566469
1.582804
1.595512
1.531699
1.552042
1.485009
1.530994
1.613249
1.617635
1.750141
1.535861
1.459370
1.593351
1.672492
1.413858
1.475886
1.450935
1.455205
1.627363
1.497651
1.454012
1.460978
1.562658
1.619810
1.625632
1.596558
1.534128
1.438581
1.564510
1.474682
1.586195
1.499439
1.475415
1.550578
1.267449
1.598018
1.534271
1.521019
1.430160
1.532338
1.452314
1.507803
1.514435
1.526707
1.587105
1.529177
1.530395
1.498883
1.504372
1.531860
1.460458
1.397102
1.494792
1.545858
1.410556
1.505293
1.731546
1.460355
1.468233
1.581555
1.541428
1.491590
1.638335
1.430715
1.693992
1.561759
1.597940
1.523705
1.588957
1.375817
1.321236
1.552191
1.470546
1.475239
1.555958
1.350901
1.596626
1.437160
1.475518
1.413997
1.540187
1.655747
1.612368
1.464320
1.470017
1.506239
1.504143
1.635126
1.512604
1.436684
1.538513
1.713934
1.407721
1.355596
1.628204
1.665666
1.455925
1.473771
1.509097
1.469869
1.477096
1.452637
1.440041
1.594260
1.502720
1.440956
1.448813
1.426242
1.546489
1.507388
1.394508
1.524175
1.480277
1.524452
1.477765
1.635224
1.657199
1.468457
1.532520
1.486280
1.518719
1.557749
1.553272
1.571883
1.644202
1.494576
1.496662
1.497661
1.631657
1.456635
1.575774
1.574656
1.479914
1.542715
1.406773
1.490429
1.544782
1.574193
1.436190
1.717802
1.511811
1.552838
1.593431
1.412229
1.681789
1.430512
1.424729
1.447271
1.513281
1.416186
1.374777
1.397624
1.486892
1.430089
1.463504
1.538999
1.648499
1.572060
1.497317
1.537160
1.517007
1.535908
1.543826
1.408067
1.684493
1.416880
1.579887
1.482320
1.396517
1.447953
1.535708
1.640315
1.491294
1.587031
1.618788
1.487962
1.541680
1.564279
1.461954
1.591372
1.550647
1.456738
1.512172
1.487660
1.565225
1.449498
1.373925
1.544646
1.380669
1.349615
1.336607
1.340820
1.674299
1.351477
1.503945
1.528595
1.425136
1.467861
1.422840
1.307430
1.431298
1.550959
1.542334
1.454867
1.431080
1.484693
1.469778
1.431301
1.582689
1.363424
1.556477
1.469038
1.398111
1.408554
1.461305
1.608369
1.381823
1.434642
1.455998
1.537554
1.492770
1.361012
1.430410
1.567207
1.425518
1.548701
1.507707
1.413748
1.437584
1.484376
1.415376
1.421467
1.491088
1.421570
1.419908
1.554061
1.430909
1.348667
1.320060
1.573486
1.399926
1.585427
1.532948
1.402231
1.632551
1.521559
1.407597
1.408692
1.366191
1.359732
1.502891
1.535170
1.404084
1.340815
1.409042
1.497208
1.597611
1.285538
1.597030
1.336489
1.500787
1.565662
1.367886
1.375560
1.545337
1.381848
1.508808
1.527140
1.428139
1.481558
1.449791
1.400647
1.521303
1.563312
1.429833
1.391183
1.512630
1.305040
1.433517
1.505422
1.486655
1.577759
1.399463
1.407787
1.383390
1.463977
1.376121
1.358397
1.423385
1.323811
1.562597
1.345312
1.349414
1.597111
1.488935
1.626985
1.455569
1.486006
1.544870
1.376497
1.445758
1.456034
1.462772
1.467997
1.444685
1.567746
1.383193
1.445727
1.470641
1.568163
1.358363
1.385029
1.586656
1.419983
1.563046
1.397324
1.402574
1.470612
1.477027
1.398839
1.236466
1.579123
1.463738
1.411446
1.409796
1.373042
1.558564
1.443792
1.408325
1.379084
1.359000
1.516705
1.292839
1.537841
1.555126
1.538473
1.484419
1.447080
1.572949
1.444153
1.551317
1.441471
1.646334
1.414384
1.404932
1.625759
1.593233
1.488917
1.454161
1.469767
1.482711
1.421184
1.440691
1.378109
1.422894
1.499368
1.502699
1.631746
1.426581
1.354530
1.481386
1.558008
1.309092
1.371877
1.344090
1.352215
1.512966
1.388377
1.349802
1.355321
1.451695
1.505574
1.511855
1.484611
1.425590
1.333306
1.452782
1.367863
1.475153
1.391005
1.367856
1.440108
1.168588
1.488207
1.426057
1.412270
1.323747
1.425045
1.346204
1.398992
1.406919
1.416324
1.474868
1.421062
1.419944
1.391538
1.395358
1.420526
1.356123
1.293438
1.385610
1.436145
1.305867
1.399612
1.618318
1.354797
1.363045
1.471956
1.433818
1.383136
1.525146
1.325626
1.579817
1.451406
1.484834
1.415028
1.478749
1.274524
1.222144
1.442737
1.364013
1.369566
1.446751
1.251026
1.484955
1.332421
1.369599
1.311486
1.432185
1.543597
1.499586
1.357360
1.364908
1.396417
1.399411
1.522424
1.406352
1.331167
1.432238
1.601798
1.307893
1.257032
1.515935
1.552419
1.350241
1.367421
1.401150
1.363618
1.371676
1.349368
1.336529
1.482365
1.395185
1.339865
1.345063
1.324754
1.436224
1.401527
1.291430
1.417246
1.373562
1.415762
1.371714
1.523825
1.543554
1.362109
1.424333
1.378767
1.410475
1.448545
1.442372
1.461686
1.531622
1.388586
1.389830
1.393722
1.519367
1.351245
1.464360
1.465507
1.375488
1.434368
1.307166
1.382762
1.436388
1.465482
1.331886
1.604118
1.404359
1.443210
1.483240
1.309121
1.571671
1.326580
1.320830
1.343186
1.407042
1.315171
1.273745
1.294400
1.385017
1.325320
1.361428
1.431054
1.537003
1.462149
1.390854
1.430338
1.410667
1.426537
1.435824
1.307367
1.570278
1.313686
1.470815
1.377522
1.295193
1.343061
1.427311
1.529409
1.385049
1.477587
1.511458
1.382061
1.432631
1.456758
1.356538
1.481187
1.441816
1.355031
1.404366
1.383418
1.457000
1.347256
1.274566
1.434599
1.280747
1.248447
1.238235
1.242371
1.562827
1.251976
1.395752
1.422230
1.323512
1.363302
1.320562
1.209967
1.327635
1.445861
1.433463
1.350500
1.327966
1.378209
1.363521
1.332295
1.471635
1.262709
1.447655
1.362292
1.295732
1.307610
1.357350
1.498502
1.280533
1.331398
1.350857
1.430115
1.387300
1.262034
1.330125
1.458103
1.325495
1.441731
1.403005
1.311215
1.334965
1.378486
1.315306
1.318728
1.384171
1.322059
1.318525
1.444425
1.329686
1.249306
1.222696
1.465861
1.298378
1.474879
1.426414
1.301618
1.521700
1.414214
1.306654
1.307443
1.264789
1.260414
1.399899
1.427501
1.303944
1.242476
1.307452
1.391530
1.488451
1.189011
1.486822
1.239529
1.397349
1.459983
1.267895
1.276657
1.438120
1.280774
1.404860
1.420411
1.327126
1.377641
1.346140
1.299645
1.415850
1.454448
1.326097
1.290747
1.407129
1.210724
1.330202
1.398515
1.382491
1.469823
1.298747
1.307119
1.279790
1.360860
1.277099
1.258683
1.322394
1.225946
1.454234
1.247200
1.250245
1.487691
1.384408
1.517907
1.351251
1.382173
1.439350
1.275785
1.341851
1.351886
1.358640
1.364199
1.344510
1.460724
1.285738
1.344605
1.368768
1.460058
1.259171
1.283865
1.478935
1.318262
1.457637
1.295690
1.300836
1.368892
1.374606
1.297466
1.142668
1.470853
1.361685
1.311092
1.308777
1.272667
1.452611
1.341524
1.308036
1.281132
1.258861
1.412678
1.198097
1.431436
1.449810
1.432853
1.380899
1.344060
1.465379
1.343029
1.444966
1.339686
1.536118
1.310941
1.304602
1.516027
1.485962
1.386077
1.350991
1.365898
1.379058
1.319732
1.338423
1.280102
1.323747
1.394675
1.396985
1.522722
1.326279
1.258489
1.378537
1.452742
1.213131
1.276623
1.246128
1.257941
1.407767
1.288071
1.254358
1.258489
1.349783
1.400523
1.407249
1.381750
1.326002
1.236843
1.350129
1.269920
1.373151
1.291502
1.269186
1.338650
1.078249
1.387383
1.326750
1.312463
1.226178
1.326628
1.248920
1.299115
1.308289
1.314939
1.371712
1.321849
1.318514
1.293056
1.295288
1.318214
1.260513
1.198483
1.285376
1.335396
1.209913
1.302722
1.514197
1.258013
1.266626
1.371312
1.335040
1.283583
1.421056
1.229294
1.474772
1.350030
1.380828
1.315248
1.377509
1.181823
1.131558
1.342216
1.266289
1.272659
1.346467
1.159679
1.382301
1.236400
1.272450
1.217607
1.333045
1.440481
1.395864
1.259214
1.268534
1.295530
1.303391
1.418782
1.308882
1.234400
1.334744
1.498693
1.216571
1.166928
1.412690
1.448225
1.253305
1.269869
1.302058
1.266133
1.274986
1.254739
1.241666
1.379473
1.296472
1.247333
1.249974
1.231818
1.334902
1.304397
1.196979
1.319088
1.275622
1.315942
1.274404
1.421406
1.438970
1.264514
1.324976
1.280053
1.311062
1.348211
1.340407
1.360397
1.428051
1.291330
1.291754
1.298408
1.416066
1.254552
1.361900
1.365213
1.279707
1.334855
1.216006
1.283881
1.336837
1.365614
1.236221
1.499469
1.305681
1.342444
1.381930
1.214590
1.470425
1.231270
1.225542
1.247721
1.309517
1.222669
1.181208
1.199762
1.291669
1.229199
1.267908
1.331866
1.434433
1.361097
1.293101
1.332230
1.313032
1.325998
1.336593
1.215143
1.465094
1.219062
1.370560
1.281356
1.202365
1.246813
1.327697
1.427383
1.287482
1.376967
1.412863
1.284832
1.332402
1.357976
1.259771
1.379846
1.341783
1.261814
1.305300
1.287772
1.357530
1.253523
1.183605
1.333388
1.189230
1.155740
1.148205
1.152264
1.460245
1.160861
1.296307
1.324539
1.230359
1.267335
1.226772
1.120799
1.232518
1.349375
1.333358
1.254712
1.233388
1.280394
1.265920
1.241642
1.369437
1.170407
1.347589
1.264218
1.201840
1.215136
1.261937
1.397423
1.187683
1.236676
1.254315
1.331371
1.290441
1.171392
1.238213
1.357757
1.233845
1.343417
1.306869
1.217175
1.240821
1.281206
1.223604
1.224473
1.285911
1.230883
1.225567
1.343557
1.236870
1.158291
1.133578
1.366919
1.205236
1.373135
1.328506
1.209391
1.419658
1.315533
1.214102
1.214604
1.171796
1.169416
1.305377
1.328489
1.212155
1.152413
1.214273
1.294424
1.388016
1.100682
1.385382
1.150775
1.302404
1.362881
1.176227
1.186049
1.339523
1.188089
1.309421
1.322294
1.234485
1.282223
1.250969
1.206991
1.318959
1.354281
1.230843
1.198650
1.310184
1.124491
1.235349
1.300218
1.286805
1.370535
1.206383
1.214792
1.184657
1.266193
1.186347
1.167267
1.229758
1.136306
1.354531
1.157315
1.159329
1.386973
1.288397
1.417515
1.255410
1.286796
1.342361
1.183419
1.246398
1.256211
1.262977
1.268854
1.252646
1.362286
1.196468
1.251825
1.275263
1.360582
1.168238
1.191035
1.379826
1.224898
1.360761
1.202406
1.207449
1.275553
1.280569
1.204417
1.056882
1.371202
1.267995
1.219045
1.216082
1.180581
1.355180
1.247621
1.216041
1.191369
1.166997
1.317093
1.111403
1.333561
1.352981
1.335731
1.285780
1.249426
1.366385
1.250204
1.347139
1.246236
1.434593
1.215895
1.212538
1.414930
1.387236
1.291604
1.256183
1.270418
1.283803
1.226584
1.244492
1.190266
1.232791
1.298421
1.299753
1.422317
1.234239
1.170532
1.284047
1.355909
1.125225
1.189407
1.156312
1.171664
1.311018
1.196013
1.166954
1.169745
1.256177
1.303903
1.311059
1.287229
1.234605
1.148440
1.255805
1.180104
1.279456
1.200184
1.178677
1.245475
0.995719
1.294804
1.235627
1.220854
1.136719
1.236355
1.159729
1.207449
1.217792
1.221816
1.276890
1.230810
1.225319
1.202703
1.203419
1.224196
1.172918
1.111516
1.193342
1.242872
1.121978
1.213895
1.418441
1.169287
1.178243
1.278868
1.244403
1.192198
1.325322
1.140993
1.378134
1.256895
1.285178
1.223645
1.284491
1.096995
1.048762
1.249894
1.176645
1.183799
1.254375
1.076155
1.287932
1.148383
1.183360
1.131642
1.242035
1.345662
1.300464
1.169156
1.180173
1.202839
1.215374
1.323450
1.219467
1.145652
1.245299
1.403866
1.133044
1.084562
1.317740
1.352365
1.164393
1.180366
1.211077
1.176693
1.186312
1.168038
1.154731
1.284846
1.205850
1.162633
1.162822
1.146731
1.241764
1.215289
1.110433
1.228989
1.185731
1.224231
1.185118
1.327210
1.342710
1.174951
1.233719
1.189417
1.219753
1.256018
1.246650
1.267296
1.332756
1.202076
1.201721
1.211022
1.321040
1.165854
1.267659
1.273033
1.191878
1.243430
1.132597
1.193067
1.245379
1.273834
1.148495
1.403117
1.215056
1.249816
1.288769
1.127944
1.377336
1.143867
1.138167
1.160160
1.219991
1.137949
1.096457
1.113001
1.206141
1.141014
1.182203
1.240763
1.340062
1.268182
1.203345
1.242144
1.223387
1.233570
1.245406
1.130673
1.368214
1.132295
1.278400
1.193116
1.117310
1.158488
1.236146
1.333538
1.197900
1.284455
1.322284
1.195563
1.240238
1.267215
1.170943
1.286633
1.249819
1.176376
1.214264
1.200005
1.266107
1.167595
1.100322
1.240291
1.105424
1.070788
1.065819
1.069802
1.365826
1.077428
1.204897
1.234808
1.144974
1.179256
1.140775
1.039229
1.145267
1.260776
1.241326
1.166797
1.146636
1.190534
1.176265
1.158644
1.275374
1.085830
1.255576
1.174103
1.115719
1.130371
1.174382
1.304443
1.102567
1.149765
1.165660
1.240608
1.201472
1.088403
1.154015
1.265458
1.149884
1.253088
1.218591
1.130887
1.154455
1.191845
1.139576
1.138001
1.195602
1.147354
1.140329
1.250745
1.151771
1.074934
1.052021
1.275941
1.119823
1.279479
1.238534
1.124845
1.325717
1.224807
1.129249
1.129473
1.086512
1.086048
1.218635
1.237449
1.128023
1.069940
1.128807
1.205191
1.295599
1.019859
1.291998
1.069554
1.215242
1.273643
1.092213
1.103019
1.248876
1.103080
1.221780
1.232089
1.149522
1.194602
1.163581
1.122025
1.229921
1.262104
1.143372
1.114200
1.221091
1.045660
1.148261
1.209827
1.198921
1.279193
1.121672
1.130116
1.097291
1.179273
1.103179
1.083461
1.144752
1.054197
1.262783
1.074972
1.075995
1.294247
1.200150
1.325100
1.167362
1.199191
1.253206
1.098681
1.158704
1.168310
1.175108
1.181269
1.168400
1.271737
1.114701
1.166689
1.189436
1.269034
1.084872
1.105855
1.288625
1.139201
1.271671
1.116785
1.121730
1.189860
1.194222
1.119033
0.978438
1.279475
1.181978
1.134583
1.131012
1.096094
1.265575
1.161412
1.131643
1.109108
1.082718
1.229241
1.032076
1.243537
