10.433057
9.857558
10.463770
9.189853
9.998409
9.649454
9.322619
12.577262
11.293112
13.716898
10.502513
9.313141
9.018361
8.270165
8.694264
9.666240
9.684699
9.070200
8.914609
7.868966
8.849182
8.759130
9.352773
9.200409
9.923664
8.410049
8.531336
8.862776
8.133584
8.382398
7.641665
8.211347
7.777457
8.342367
8.245076
6.852814
7.374656
7.811279
7.645102
8.210547
7.089267
6.764119
7.293795
6.274117
5.957623
6.569541
6.968569
6.637114
7.123834
7.135701
7.138476
6.671591
6.971349
6.696505
7.349830
8.324430
6.169873
6.374765
6.776306
7.523917
6.976516
7.162836
7.294945
7.034352
7.172969
6.418454
6.720654
5.925893
5.498992
5.025030
5.434611
7.306701
7.233836
7.142297
6.503921
7.028234
6.061323
6.368218
5.543970
5.388998
4.862074
5.275783
6.356890
6.295671
5.371366
5.482773
5.865608
6.518357
6.458126
6.532331
6.427145
4.200101
3.822317
4.755899
5.341483
4.775978
3.858132
4.438006
4.369823
5.662011
3.041490
4.218342
3.859299
4.792093
4.155338
4.405609
5.849230
3.363900
3.532134
3.960267
4.317311
4.978554
4.861736
4.363863
4.643847
3.569746
4.059233
3.065877
3.849787
3.874355
2.739999
1.890588
4.938033
5.613985
3.673700
5.987710
3.318580
5.391313
2.276938
3.351389
5.724562
0.231078
5.331253
1.719617
3.112456
5.257206
4.917898
3.282874
2.186270
4.824286
3.272874
3.507465
6.147073
3.782676
2.563095
3.060923
3.124494
3.545131
4.743162
2.139889
2.434453
0.057626
1.480598
3.717901
3.825593
3.036119
4.242837
3.954848
1.241787
3.814069
3.215283
2.763197
2.377445
3.240110
4.232353
1.823147
2.915514
3.134310
3.434279
4.593349
2.598299
4.096655
3.356842
2.018081
2.439852
2.407013
0.239904
3.469546
3.140525
1.710516
2.071335
1.396609
1.495921
2.009398
2.696856
1.557157
0.843091
3.783502
2.307469
1.769019
2.022446
1.997226
2.195320
1.828266
2.028613
1.731633
1.827715
2.752858
0.442143
1.385783
1.805205
1.598785
2.236799
2.758569
2.901511
2.360093
1.586717
2.102711
1.602321
2.057962
1.698155
2.184964
1.268770
1.896609
2.274661
1.108068
2.028629
2.632360
1.189808
2.624257
2.371225
1.267558
1.353486
2.102425
1.817432
1.662890
1.001498
2.315014
2.117949
2.454532
1.396174
1.400689
1.084900
1.100561
1.700555
0.564566
2.189834
1.159442
1.359557
1.511794
1.129113
1.574097
1.921376
1.745792
1.518029
1.509775
0.001547
1.385120
1.292084
1.235881
0.826653
1.787270
2.250599
1.213424
1.608158
1.238982
1.095650
1.912993
0.611489
1.360543
1.485015
0.719444
1.392723
1.244683
1.358177
1.143729
0.777913
1.521905
1.197717
1.735590
1.372766
1.032440
1.091069
0.954730
1.801583
1.721360
0.679407
0.899033
1.240286
2.418531
1.172845
1.228650
1.460919
1.623976
1.198629
1.245752
1.132773
0.437705
1.510528
1.156258
0.548928
0.874729
0.876759
1.196551
0.835925
1.318077
0.995851
0.804775
0.702024
1.019674
0.606052
1.017267
0.737863
0.902297
0.469689
0.708933
1.283040
1.069182
0.540130
1.025275
0.605630
0.275356
1.046379
0.517997
0.805184
0.668636
0.679803
0.817039
0.180513
0.343793
0.767186
0.427193
1.008663
1.296399
1.107821
1.142354
0.880389
0.817964
1.385491
1.330033
3.005781
1.502693
0.758588
0.960496
0.923243
1.105962
0.980331
3.214422
0.720471
0.705664
0.898227
0.540709
2.065838
1.091829
2.581714
0.868583
0.841252
2.853262
2.441261
2.833983
2.104760
2.561270
2.267404
2.099191
3.732284
3.104429
4.579428
2.842722
2.110628
2.055068
1.829833
1.920696
2.536851
2.403549
2.199888
2.132862
1.661053
2.110168
2.112027
2.393660
2.423529
2.683089
2.037694
2.118579
2.297124
1.902094
2.076458
1.760943
2.025739
1.776895
2.077733
2.046730
1.393973
1.629801
1.905427
1.857447
2.122877
1.611198
1.535147
1.744076
1.357388
1.355758
1.536040
1.689621
1.522120
1.758148
1.812120
1.797646
1.617882
1.794536
1.689353
2.002728
2.472779
1.526643
1.568671
1.869437
2.097588
1.950969
1.964502
2.068735
2.011767
2.081547
1.805166
1.914802
1.515351
1.374896
1.213112
1.365338
2.257552
2.203238
2.203775
1.841608
2.104362
1.626207
1.839595
1.504649
1.473802
1.214633
1.327981
1.827943
1.844497
1.527072
1.518987
1.828323
2.074043
2.063421
2.180506
2.101349
1.066364
0.886150
1.296647
1.516960
1.459080
0.982073
1.309330
1.164011
1.898048
0.670417
1.145160
0.952410
1.418098
1.201051
1.261670
1.993998
0.803137
0.967197
1.201548
1.248196
1.654197
1.585768
1.388745
1.498667
1.147857
1.311808
0.822719
1.118046
1.188300
0.622493
0.189509
1.651604
2.245594
1.008075
2.326819
0.820351
2.009148
0.435701
1.118444
2.274686
0.170353
2.123858
0.270847
0.885740
2.028100
1.899350
1.008185
0.903758
1.983080
0.935303
1.263733
2.709018
1.249982
0.605455
1.027960
0.930709
1.163934
1.976862
0.651460
0.769675
0.308806
0.333260
1.405454
1.391023
0.948550
1.735714
1.565497
0.161599
1.501724
1.255470
0.979311
0.705673
1.131371
1.798226
0.392878
1.110070
1.160424
1.298660
2.069910
1.013536
1.779409
1.308731
0.577471
0.940296
0.961879
0.038277
1.600855
1.314784
0.511028
0.712689
0.334190
0.532787
0.588237
1.255951
0.488788
0.270136
1.804421
1.146443
0.635153
0.760656
0.684846
0.851816
0.603829
0.741551
0.538987
0.770639
1.314731
0.148454
0.341847
0.708818
0.625873
1.187795
1.173782
1.305952
1.065437
0.630655
0.825296
0.575193
0.882712
0.733242
0.921595
0.705032
0.752878
1.095704
0.365525
0.964426
1.297449
0.452276
1.513648
1.137194
0.551506
0.568914
0.979623
0.812415
0.840457
0.321384
1.085159
0.971597
1.220615
0.658978
0.652527
0.335301
0.490759
0.811864
0.276097
1.136727
0.749167
0.538962
0.865950
0.426211
0.921336
0.933199
0.762631
0.682840
0.765700
0.199298
0.682868
0.545242
0.543625
0.301033
0.947333
1.203714
0.635842
0.814195
0.682899
0.558536
0.965224
0.227892
0.694292
0.766031
0.393573
0.930864
0.875225
0.694825
0.479288
0.408755
0.749079
0.636357
0.932845
0.703145
0.465486
0.629336
0.582758
0.972672
0.982930
0.457577
0.485150
0.777372
1.475790
0.727388
0.710871
0.947836
0.882298
0.564520
0.945501
0.586534
0.288623
0.844101
0.600845
0.317149
0.410551
0.565933
0.700235
0.370085
1.060506
0.517767
0.353991
0.339706
0.618809
0.372529
0.780222
0.369600
0.542504
0.323060
0.573200
0.535989
0.531041
0.607804
0.592575
0.360897
0.157547
0.522598
0.270602
0.422234
0.325437
0.427839
0.717050
0.169743
0.364037
0.740475
0.701414
0.883742
0.379298
0.622181
0.496619
0.861856
0.827770
0.530124
0.477878
1.100152
0.617162
0.398226
0.478471
0.836428
0.327072
0.735883
1.305710
0.508617
0.291855
0.396918
0.070033
0.997716
0.824986
1.193581
0.697016
0.546484
1.365280
1.092566
1.407261
0.892239
1.214710
0.942759
0.834570
1.846025
1.466387
2.576257
1.397286
0.833219
0.861511
0.826962
0.783421
1.255842
1.055695
0.997842
0.953995
0.688883
0.925860
0.951180
1.102996
1.190043
1.261443
0.933553
0.986671
1.094597
0.814145
0.947451
0.781579
0.917208
0.726393
0.913178
0.894695
0.513097
0.626340
0.827227
0.811934
0.948733
0.659968
0.667703
0.739862
0.586555
0.695383
0.696154
0.740965
0.625360
0.750939
0.808995
0.775482
0.696096
0.812096
0.761554
0.928354
1.186113
0.706965
0.672114
0.921130
0.929676
0.930947
0.863214
0.944084
0.956726
0.986769
0.892704
0.911417
0.660156
0.624655
0.579195
0.614932
1.097073
1.038680
1.065253
0.804836
0.948756
0.660372
0.824111
0.680352
0.690300
0.531860
0.510204
0.757646
0.795796
0.721519
0.653186
0.921400
0.985570
0.985256
1.109812
1.031176
0.491551
0.386082
0.564787
0.619789
0.769307
0.472037
0.682159
0.494793
0.979342
0.344146
0.506869
0.377694
0.632076
0.588952
0.558548
0.971501
0.338388
0.492772
0.634056
0.536054
0.821104
0.765636
0.693546
0.719779
0.682620
0.693878
0.422442
0.491685
0.574740
0.257049
0.004748
0.744514
1.293061
0.366118
1.225119
0.239511
1.017442
0.140581
0.637129
1.227298
0.675269
1.172203
0.124590
0.373056
1.043253
1.004522
0.452757
0.805892
1.138781
0.330167
0.695980
1.571357
0.532124
0.153008
0.533379
0.353206
0.490466
1.112270
0.392347
0.420155
0.876109
0.222290
0.726207
0.646327
0.365956
0.942578
0.823458
0.053297
0.784616
0.705168
0.509876
0.285951
0.490039
0.989414
0.076622
0.601659
0.562374
0.613874
1.184366
0.593511
0.984783
0.643647
0.214336
0.542064
0.586223
0.292349
0.998688
0.729180
0.241996
0.357091
0.126898
0.372669
0.186404
0.839158
0.261553
0.297792
1.043728
0.858217
0.357068
0.410965
0.304126
0.450207
0.261122
0.361236
0.204803
0.504739
0.840637
0.284981
0.071423
0.406244
0.386252
0.903037
0.594131
0.715766
0.634966
0.381438
0.395874
0.279392
0.501318
0.464192
0.483254
0.651407
0.373062
0.692270
0.202725
0.617566
0.794291
0.282342
1.127455
0.678732
0.383943
0.359043
0.572878
0.469442
0.598894
0.158607
0.601396
0.532192
0.726413
0.450394
0.434334
0.117657
0.347665
0.501473
0.317098
0.722349
0.712324
0.256161
0.684277
0.172760
0.729490
0.526629
0.366407
0.372730
0.507689
0.511583
0.444656
0.276977
0.305965
0.163086
0.613108
0.738414
0.458077
0.499262
0.513269
0.398162
0.544900
0.159138
0.445046
0.480639
0.354714
0.803355
0.803722
0.434583
0.215234
0.331879
0.409905
0.431067
0.568533
0.422446
0.249088
0.479305
0.489246
0.576442
0.643368
0.455987
0.355576
0.612475
0.990601
0.570072
0.502992
0.738829
0.523486
0.270463
0.875747
0.347488
0.318879
0.517433
0.348048
0.285767
0.216287
0.476143
0.479200
0.168252
1.002634
0.303092
0.156420
0.202768
0.452517
0.323948
0.705550
0.183512
0.360966
0.322031
0.577660
0.261815
0.338448
0.796450
0.464405
0.349189
0.225602
0.331119
0.253361
0.317254
0.244360
0.403666
0.788523
0.297848
0.510747
0.826641
0.997005
0.976472
0.299329
0.643474
0.458979
1.024954
1.092948
0.572960
0.495327
0.783416
0.624372
0.566656
0.599835
1.118243
0.334505
0.962721
0.737636
0.748189
0.443895
0.503094
0.189178
0.822135
1.039633
0.858178
0.958782
0.749705
0.949540
0.722038
0.991966
0.590070
0.837508
0.574827
0.496548
1.168533
0.920735
1.829717
0.950727
0.475413
0.546752
0.613377
0.496067
0.885941
0.646858
0.666034
0.632386
0.477776
0.596456
0.632198
0.710581
0.826505
0.792408
0.636158
0.671717
0.738511
0.518705
0.627167
0.541310
0.603608
0.442530
0.564249
0.550416
0.316184
0.359641
0.517089
0.517693
0.581200
0.413596
0.465605
0.459967
0.433938
0.602014
0.501105
0.483714
0.394905
0.457128
0.515435
0.469294
0.443854
0.524081
0.502044
0.585133
0.722425
0.501925
0.422334
0.640387
0.524315
0.606338
0.491169
0.556982
0.606704
0.612514
0.618527
0.584640
0.414876
0.436571
0.454674
0.423448
0.672538
0.609961
0.649339
0.444506
0.519436
0.336483
0.470339
0.433032
0.464403
0.361362
0.261421
0.363862
0.412495
0.474681
0.370417
0.613542
0.572627
0.576441
0.703494
0.623398
0.364957
0.300684
0.345351
0.304203
0.570860
0.375067
0.516565
0.303639
0.643465
0.346971
0.329101
0.235044
0.366427
0.421981
0.337736
0.565123
0.252225
0.399685
0.485924
0.302972
0.516692
0.467269
0.466086
0.442461
0.585687
0.507147
0.360710
0.297427
0.386621
0.211921
0.063561
0.381694
0.902462
0.155120
0.744608
0.061562
0.598262
0.127096
0.513603
0.771304
1.126890
0.769580
0.192824
0.225316
0.617163
0.629950
0.276370
0.897154
0.794055
0.121038
0.507690
1.045858
0.252925
0.029308
0.383664
0.153344
0.232707
0.740119
0.377682
0.350907
1.349734
0.292641
0.458188
0.338323
0.153187
0.603541
0.513602
0.119873
0.487373
0.506299
0.358253
0.163018
0.233669
0.631787
0.012653
0.421653
0.327660
0.326085
0.774982
0.462537
0.627692
0.363329
0.114698
0.420348
0.477175
0.562283
0.751140
0.490615
0.193802
0.255717
0.114408
0.387934
0.054453
0.697215
0.233802
0.423903
0.709811
0.791060
0.295302
0.304856
0.178330
0.310868
0.156858
0.233241
0.104169
0.445004
0.652960
0.469776
0.006720
0.321124
0.338945
0.827334
0.336992
0.451281
0.467652
0.324666
0.227638
0.192564
0.361087
0.392380
0.306431
0.711028
0.230831
0.534711
0.193070
0.493521
0.572843
0.266337
0.977020
0.482688
0.367514
0.315751
0.406709
0.342183
0.533982
0.142068
0.384472
0.342152
0.501478
0.402879
0.380277
0.055933
0.339220
0.387849
0.422672
0.542387
0.768103
0.157380
0.648163
0.105063
0.685991
0.351832
0.193323
0.253148
0.420287
0.782794
0.368594
0.181431
0.229154
0.148660
0.474227
0.516101
0.416931
0.370803
0.476230
0.366481
0.347914
0.184557
0.355436
0.367517
0.397745
0.789551
0.825068
0.335365
0.113075
0.348467
0.258817
0.364830
0.400283
0.307048
0.174275
0.446457
0.492112
0.384986
0.487639
0.516484
0.333543
0.567314
0.739197
0.528877
0.428812
0.663437
0.351149
0.139305
0.888801
0.250830
0.395738
0.363219
0.241104
0.321664
0.146322
0.473430
0.391010
0.092084
1.019466
0.217742
0.081742
0.167098
0.397299
0.344916
0.717333
0.128635
0.308380
0.375962
0.634466
0.153473
0.277824
0.961715
0.441317
0.394904
0.318371
0.269338
0.294803
0.306214
0.247181
0.439997
0.881409
0.423911
0.647421
0.925082
1.221251
1.082018
0.289678
0.699961
0.477196
1.170517
1.282279
0.643035
0.553828
0.679300
0.676449
0.720777
0.732417
1.330360
0.410080
1.142035
0.559206
0.931576
0.584653
0.623173
0.314457
0.816308
1.171586
0.793467
1.105631
0.874494
0.866877
0.654366
0.909141
0.544660
0.766865
0.506998
0.438394
0.997326
0.793024
1.634984
0.855387
0.409172
0.494501
0.594552
0.449950
0.814446
0.562097
0.606581
0.576007
0.457849
0.536867
0.575779
0.629414
0.754644
0.685103
0.585713
0.615112
0.667880
0.468003
0.567884
0.508429
0.545929
0.394524
0.494213
0.481641
0.296361
0.316199
0.458850
0.464468
0.503162
0.375844
0.442406
0.410414
0.426787
0.614460
0.478975
0.440663
0.360461
0.404126
0.459406
0.408769
0.401177
0.469122
0.456397
0.511065
0.607540
0.473842
0.378914
0.586287
0.427941
0.536919
0.405472
0.465927
0.527893
0.525240
0.564889
0.512870
0.370419
0.411239
0.450637
0.396487
0.566324
0.502044
0.545483
0.359240
0.410454
0.263063
0.386490
0.385167
0.423591
0.339206
0.212344
0.265052
0.316982
0.425549
0.308757
0.543055
0.465906
0.470864
0.598500
0.517619
0.355450
0.305124
0.303513
0.229053
0.535811
0.374746
0.492415
0.270454
0.560155
0.380340
0.299912
0.217788
0.306473
0.395933
0.292859
0.455841
0.253570
0.398446
0.465426
0.252821
0.441629
0.394088
0.417305
0.376155
0.581861
0.471923
0.368753
0.259186
0.350337
0.225216
0.112883
0.284015
0.794931
0.109946
0.605280
0.027519
0.479823
0.150146
0.498056
0.639364
1.312270
0.655871
0.243722
0.200432
0.494611
0.525245
0.240926
0.955583
0.699155
0.073585
0.467412
0.886840
0.180294
0.011211
0.356240
0.108094
0.166823
0.633767
0.397300
0.351110
1.541757
0.341896
0.387667
0.253501
0.101897
0.507400
0.427620
0.167031
0.405495
0.459096
0.327672
0.142456
0.165587
0.527561
0.012609
0.380188
0.266587
0.245945
0.651341
0.437941
0.522254
0.285066
0.100855
0.398476
0.459689
0.680440
0.683749
0.426292
0.197614
0.240311
0.130794
0.414181
0.027680
0.666721
0.244232
0.489587
0.609816
0.786982
0.293022
0.286493
0.152751
0.280279
0.138785
0.206480
0.087160
0.442620
0.604326
0.555412
0.002209
0.309141
0.340498
0.818576
0.262595
0.374094
0.425418
0.322246
0.184828
0.179063
0.328173
0.384096
0.260027
0.750191
0.196714
0.494939
0.206791
0.465683
0.509517
0.277462
0.939325
0.428223
0.378212
0.316587
0.362752
0.312276
0.526662
0.152248
0.321584
0.288931
0.435429
0.401407
0.376309
0.050717
0.351739
0.361850
0.476709
0.491952
0.803854
0.136385
0.650095
0.095254
0.685042
0.302647
0.144668
0.223998
0.402841
0.896721
0.355130
0.160712
0.215226
0.157525
0.437360
0.448559
0.415750
0.337495
0.476399
0.368533
0.289171
0.207416
0.335956
0.339289
0.426875
0.797733
0.846141
0.311916
0.088451
0.367519
0.216020
0.353227
0.351025
0.277161
0.159257
0.446841
0.505606
0.326715
0.442457
0.551087
0.337562
0.562763
0.658297
0.525626
0.413267
0.647410
0.299085
0.102416
0.905312
0.226552
0.435771
0.317423
0.212773
0.346331
0.131557
0.483652
0.369349
0.074789
1.036808
0.196887
0.064788
0.164617
0.387517
0.363448
0.732449
0.118709
0.299296
0.406590
0.666201
0.123099
0.265497
1.033472
0.442843
0.421956
0.362793
0.256392
0.320036
0.311946
0.257985
0.463199
0.925646
0.480495
0.708102
0.973399
1.316162
1.162396
0.300573
0.750628
0.504629
1.275308
1.416732
0.703427
0.606861
0.630131
0.725064
0.820431
0.819008
1.457737
0.466856
1.252038
0.485163
1.043553
0.674516
0.702252
0.396073
0.831999
1.308421
0.760422
1.255134
1.004982
0.817724
0.617955
0.859482
0.527265
0.727422
0.469823
0.409466
0.870126
0.703459
1.487179
0.793667
0.372608
0.469994
0.598876
0.432074
0.772896
0.508926
0.575249
0.547239
0.460588
0.505107
0.546650
0.578740
0.711936
0.611575
0.561366
0.585335
0.625889
0.443143
0.535495
0.498791
0.514792
0.371594
0.452151
0.440578
0.297510
0.296857
0.426626
0.436493
0.453684
0.361036
0.440046
0.385254
0.438076
0.642567
0.477523
0.420770
0.348110
0.370181
0.428059
0.373461
0.381133
0.438441
0.433636
0.463830
0.525223
0.465890
0.357748
0.555878
0.361242
0.493245
0.347797
0.403603
0.475985
0.466031
0.534044
0.466796
0.347620
0.404704
0.462190
0.388407
0.490544
0.424758
0.471613
0.301175
0.332122
0.214988
0.329477
0.358735
0.403095
0.334522
0.184692
0.195063
0.249754
0.397669
0.270175
0.496931
0.388975
0.394852
0.522938
0.441374
0.360765
0.322188
0.281301
0.178577
0.519229
0.387491
0.484932
0.255263
0.502534
0.421245
0.287915
0.215797
0.268377
0.386392
0.267374
0.375986
0.266915
0.409554
0.460248
0.222614
0.390387
0.344388
0.388081
0.332156
0.590324
0.453948
0.387059
0.238582
0.331312
0.247729
0.165523
0.213489
0.716019
0.083182
0.499538
0.009987
0.391596
0.180327
0.495864
0.539705
1.478027
0.571399
0.296844
0.190163
0.402691
0.448208
0.221687
1.014573
0.630282
0.044169
0.443924
0.764370
0.129763
0.006082
0.343322
0.080268
0.121830
0.555018
0.423313
0.360915
1.710922
0.392355
0.338562
0.192478
0.068688
0.436935
0.365533
0.215347
0.346767
0.429091
0.311378
0.134423
0.118164
0.450214
0.021427
0.354712
0.224848
0.188424
0.557859
0.426251
0.443762
0.229031
0.097935
0.388885
0.453689
0.786245
0.636532
0.381558
0.208985
0.235815
0.152426
0.443874
0.013696
0.649651
0.260760
0.551458
0.535561
0.791443
0.298919
0.279135
0.139424
0.262807
0.131550
0.192098
0.080723
0.448156
0.571918
0.632896
0.005837
0.306610
0.349000
0.818504
0.209154
0.318114
0.397975
0.327296
0.156858
0.174980
0.308208
0.384198
0.229007
0.788843
0.175658
0.469229
0.224614
0.449623
0.464592
0.293057
0.915023
0.390424
0.393339
0.323658
0.333410
0.294321
0.526993
0.166760
0.276800
0.251959
0.388029
0.406309
0.379163
0.052542
0.367869
0.346769
0.525780
0.477008
0.817394
0.131232
0.652429
0.093772
0.686407
0.288344
0.130561
0.216220
0.398844
0.935100
0.352408
0.155657
0.212343
0.161943
0.427131
0.428518
0.416914
0.328394
0.477974
0.370710
0.271952
0.216208
0.331246
0.331783
0.437627
0.801810
0.854300
0.305900
0.082070
0.375003
0.203853
0.350945
0.336792
0.269074
0.155882
0.448342
0.511257
0.309596
0.429484
0.563407
0.340179
0.562644
0.633986
0.525912
0.409654
0.643620
0.283878
0.091992
0.911845
0.220133
0.449755
0.304154
0.205049
0.355419
0.128128
0.488140
0.363717
0.070541
1.043514
0.191493
0.060625
0.165040
0.385609
0.370512
0.738418
0.116745
0.297584
0.417451
0.677399
0.114661
0.262727
1.057349
0.444468
0.431668
0.378045
0.253273
0.329172
0.314813
0.262482
0.471640
0.940763
0.499528
0.728444
0.988797
1.346974
1.180026
0.304227
0.762234
0.511562
1.297612
1.444540
0.716652
0.618626
0.621993
0.735939
0.841213
0.837253
1.483987
0.479354
1.274950
0.471973
1.066809
0.693443
0.719053
0.413362
0.836142
1.329754
0.757360
1.278185
1.025336
0.812354
0.614402
0.854038
0.526425
0.723420
0.466109
0.406919
0.853536
0.692243
1.467662
0.786424
0.368934
0.468037
0.600965
0.431144
0.768688
0.502875
0.572290
0.544655
0.462460
0.502069
0.543989
0.572991
0.707318
0.602578
0.559335
0.582526
0.621331
0.441012
0.532293
0.498801
0.511742
0.369706
0.447547
0.436105
0.299003
0.295444
0.423379
0.433848
0.447990
0.360226
0.440989
0.382977
0.440925
0.647758
0.478520
0.419188
0.347534
0.367053
0.424846
0.369669
0.379481
0.435297
0.431605
0.458351
0.514809
0.465917
0.355921
0.552735
0.353005
0.488237
0.340820
0.395968
0.469808
0.458828
0.530896
0.461426
0.345512
0.404861
0.464852
0.388330
0.481018
0.414998
0.462333
0.294102
0.322217
0.209304
0.322542
0.356062
0.401244
0.334867
0.181838
0.186307
0.241390
0.394767
0.265786
0.491493
0.379257
0.385265
0.513416
0.431763
0.362428
0.325474
0.279151
0.172526
0.517833
0.390136
0.484700
0.254198
0.495470
0.427739
0.287143
0.216399
0.263996
0.385943
0.264723
0.365849
0.269600
0.411917
0.460375
0.219300
0.384173
0.338383
0.384873
0.326935
0.592189
0.452406
0.390113
0.236818
0.329736
0.251103
0.172484
0.205654
0.707330
0.080691
0.487679
0.008574
0.381841
0.184529
0.496241
0.528628
1.498129
0.562115
0.303707
0.189564
0.392525
0.439790
0.220041
1.022061
0.622837
0.041332
0.441769
0.750699
0.124470
0.006064
0.342399
0.077613
0.117194
0.546458
0.426873
0.362592
1.730914
0.398674
0.333560
0.186136
0.065466
0.429496
0.359060
0.221351
0.340684
0.426257
0.310070
0.134052
0.113352
0.442017
0.022944
0.352378
0.220671
0.182472
0.547850
0.425449
0.435461
0.223244
0.098108
0.388303
0.453514
0.798562
0.631738
0.377056
0.210733
0.235795
0.155307
0.447655
0.012606
0.648196
0.263065
0.558811
0.527729
0.792393
0.300029
0.278759
0.138382
0.261306
0.131185
0.190923
0.080443
0.449194
0.568749
0.641926
0.006661
0.306735
0.350348
0.819011
0.203342
0.312305
0.395329
0.328246
0.154153
0.174928
0.306388
0.384601
0.225960
0.793514
0.173710
0.466766
0.226966
0.448225
0.459986
0.295149
0.912768
0.386607
0.395370
0.324802
0.330530
0.292698
0.527383
0.168711
0.272215
0.248239
0.383147
0.407202
0.379829
0.053093
0.369997
0.345465
0.532146
0.453533
0.842708
0.124368
0.658528
0.093205
0.690795
0.265244
0.107714
0.204463
0.393749
1.005108
0.349508
0.148599
0.209137
0.171750
0.410728
0.394500
0.420863
0.313937
0.482582
0.376298
0.244160
0.233030
0.324877
0.320620
0.457717
0.810421
0.869896
0.297251
0.072771
0.389436
0.184618
0.348638
0.314002
0.256803
0.151685
0.452479
0.522486
0.281865
0.408845
0.585959
0.346159
0.563941
0.593967
0.527892
0.404975
0.638636
0.259480
0.075759
0.924356
0.210675
0.474872
0.283092
0.193385
0.372178
0.123717
0.497091
0.355570
0.064740
1.056174
0.183748
0.054953
0.167076
0.383707
0.383725
0.749744
0.114744
0.295993
0.436993
0.697461
0.101785
0.259322
1.098744
0.448422
0.449220
0.404870
0.249390
0.345711
0.320889
0.271250
0.487005
0.967287
0.532610
0.763621
1.016095
1.399573
1.210624
0.311477
0.781745
0.523686
1.334124
1.489785
0.738802
0.638489
0.610142
0.754413
0.875534
0.867530
1.526994
0.500383
1.312617
0.452063
1.105132
0.724861
0.747104
0.442231
0.843913
1.365237
0.753517
1.316617
1.059367
0.804739
0.609709
0.846230
0.526090
0.717944
0.461124
0.403831
0.827540
0.675006
1.436858
0.775643
0.363976
0.465869
0.605534
0.430359
0.762329
0.493985
0.568429
0.541380
0.466449
0.498059
0.540569
0.564570
0.700727
0.588853
0.556946
0.578863
0.614824
0.438447
0.527981
0.499704
0.507656
0.367508
0.440936
0.429711
0.302280
0.294001
0.418957
0.430391
0.439592
0.359728
0.443313
0.380053
0.444110
0.649305
0.478964
0.418896
0.347544
0.366309
0.424151
0.368848
0.379204
0.434641
0.431225
0.457130
0.512407
0.466038
0.355584
0.552109
0.351169
0.487170
0.339299
0.394314
0.468498
0.457297
0.530348
0.460328
0.345131
0.404986
0.465559
0.388411
0.479018
0.412996
0.460445
0.292694
0.320231
0.208208
0.321198
0.355591
0.400943
0.335002
0.181341
0.184648
0.239831
0.394273
0.265009
0.490526
0.377493
0.383552
0.511723
0.430062
0.362789
0.326119
0.278829
0.171527
0.517662
0.390669
0.484824
0.253916
0.494342
0.428919
0.287070
0.216554
0.263323
0.385915
0.264342
0.364253
0.270087
0.412365
0.460436
0.218819
0.383212
0.337480
0.384433
0.326160
0.592668
0.452066
0.390927
0.236278
0.329255
0.252237
0.174788
0.203092
0.704469
0.079882
0.483869
0.008149
0.378712
0.185907
0.496385
0.525069
1.504556
0.559180
0.305923
0.189407
0.389313
0.437132
0.219545
1.024456
0.620511
0.040464
0.441119
0.746418
0.122834
0.006081
0.342134
0.076811
0.115770
0.543828
0.427988
0.363128
1.737054
0.400658
0.331994
0.184042
0.064403
0.427048
0.356933
0.223292
0.338694
0.425313
0.309637
0.133919
0.111795
0.439399
0.023410
0.351621
0.219352
0.180611
0.544753
0.425189
0.432937
0.221520
0.098144
0.388119
0.453450
0.802096
0.630347
0.375738
0.211219
0.235772
0.156106
0.448707
0.012283
0.647789
0.263695
0.560863
0.525518
0.792649
0.300327
0.278643
0.138079
0.260864
0.131064
0.190577
0.080348
0.449474
0.567848
0.644430
0.006881
0.306767
0.350734
0.819095
0.201750
0.310663
0.394575
0.328496
0.153393
0.174901
0.305873
0.384700
0.225111
0.794764
0.173166
0.466080
0.227595
0.447829
0.458745
0.295700
0.912120
0.385573
0.395901
0.325095
0.329756
0.292258
0.527469
0.169211
0.271003
0.247259
0.381881
0.407415
0.379982
0.053214
0.370516
0.345116
0.533572
0.452633
0.843631
0.124259
0.658692
0.093215
0.690908
0.264869
0.107333
0.204286
0.393687
1.006317
0.349481
0.148501
0.209109
0.171953
0.410472
0.393915
0.420993
0.313717
0.482770
0.376571
0.242396
0.234134
0.324508
0.319937
0.459092
0.811024
0.870969
0.296738
0.072209
0.390446
0.183392
0.348541
0.312537
0.256044
0.151453
0.452804
0.523274
0.280071
0.407531
0.587490
0.346595
0.564069
0.591382
0.528060
0.404719
0.638358
0.257935
0.074763
0.925196
0.210116
0.476515
0.281803
0.192681
0.373280
0.123479
0.497694
0.355095
0.064413
1.057007
0.183300
0.054639
0.167244
0.383626
0.384590
0.750487
0.114659
0.295922
0.438253
0.698754
0.101024
0.259141
1.101417
0.448709
0.450386
0.406635
0.249202
0.346824
0.321340
0.271880
0.488066
0.969096
0.534842
0.766020
1.018065
1.403230
1.212880
0.312177
0.784419
0.525402
1.339031
1.495914
0.741827
0.640503
0.609360
0.755782
0.878046
0.869778
1.529522
0.500645
1.312909
0.452350
1.104827
0.724690
0.747017
0.442206
0.843960
1.365270
0.753632
1.316733
1.059489
0.804773
0.609763
0.846256
0.526163
0.717964
0.461153
0.403887
0.827317
0.674860
1.436519
0.775554
0.363993
0.465907
0.605657
0.430423
0.762325
0.493945
0.568464
0.541412
0.466571
0.498087
0.540605
0.564561
0.700736
0.588794
0.557002
0.578912
0.614870
0.438502
0.528020
0.499794
0.507722
0.367570
0.440962
0.429744
0.302380
0.294068
0.419015
0.430455
0.439623
0.359825
0.443435
0.380160
0.446469
0.657167
0.481096
0.417510
0.347575
0.362724
0.420488
0.364408
0.377703
0.431057
0.429161
0.450287
0.498712
0.466817
0.353769
0.548476
0.340460
0.480933
0.330324
0.384419
0.460622
0.447990
0.526545
0.453555
0.342871
0.405865
0.469923
0.388965
0.466462
0.400127
0.448235
0.283540
0.307160
0.200977
0.312239
0.352516
0.398999
0.336085
0.177999
0.173179
0.228893
0.390860
0.259549
0.483605
0.364715
0.370945
0.499207
0.417420
0.365624
0.331172
0.276436
0.163788
0.516317
0.394844
0.485170
0.252806
0.485227
0.438334
0.286530
0.217884
0.257864
0.385794
0.261233
0.350947
0.274219
0.416078
0.461079
0.214786
0.375236
0.329784
0.380554
0.319519
0.595777
0.450252
0.395870
0.233950
0.327227
0.257932
0.186073
0.191448
0.691228
0.076358
0.465734
0.006351
0.363793
0.192899
0.497391
0.508114
1.536506
0.544978
0.317086
0.188875
0.373759
0.424293
0.217354
1.036629
0.609159
0.036391
0.438125
0.725304
0.114893
0.006417
0.341049
0.073007
0.108837
0.530754
0.433938
0.366127
1.768899
0.411024
0.324214
0.174175
0.059561
0.415397
0.346870
0.233169
0.329236
0.421049
0.307840
0.133606
0.104395
0.426597
0.026094
0.348153
0.212976
0.171408
0.529121
0.424174
0.420040
0.212604
0.098664
0.387452
0.453413
0.821759
0.623036
0.368872
0.214205
0.235975
0.160882
0.454892
0.010800
0.645754
0.267557
0.572664
0.513426
0.794367
0.302291
0.278280
0.136667
0.258717
0.130712
0.188959
0.080118
0.451331
0.563045
0.658871
0.008390
0.307193
0.353088
0.819950
0.193187
0.301700
0.390615
0.330215
0.149325
0.175012
0.303200
0.385521
0.220503
0.802318
0.170285
0.462389
0.231490
0.445814
0.451680
0.299185
0.908657
0.379765
0.399275
0.327069
0.325416
0.289874
0.528228
0.172314
0.264687
0.242178
0.375179
0.408840
0.381079
0.054146
0.373656
0.343431
0.541886
0.447877
0.849725
0.123035
0.660546
0.093503
0.692378
0.259751
0.102278
0.201881
0.392874
1.023425
0.349192
0.147216
0.208746
0.174688
0.406944
0.386189
0.422315
0.310660
0.484280
0.378321
0.235840
0.238695
0.323299
0.317538
0.464479
0.813556
0.875248
0.294947
0.070251
0.394416
0.178955
0.348330
0.307203
0.253339
0.150764
0.454187
0.526420
0.273508
0.402732
0.593442
0.348424
0.564723
0.581741
0.528881
0.403875
0.637411
0.252271
0.071060
0.928629
0.208088
0.483071
0.276888
0.190096
0.377746
0.122691
0.500225
0.353378
0.063274
1.060466
0.181675
0.053528
0.168044
0.383449
0.388159
0.753600
0.114446
0.295816
0.443402
0.704047
0.098079
0.258580
1.112020
0.449980
0.455055
0.413644
0.248479
0.351266
0.323135
0.274359
0.492231
0.976114
0.543575
0.775315
1.025334
1.417111
1.221110
0.314356
0.790080
0.528990
1.348772
1.507506
0.747706
0.646553
0.605837
0.762016
0.889438
0.879908
1.544533
0.509194
1.328215
0.444286
1.121163
0.738147
0.759054
0.454523
0.847503
1.380357
0.752286
1.333158
1.074108
0.801785
0.608014
0.843171
0.526266
0.715879
0.459304
0.402832
0.816555
0.667804
1.423693
0.771220
0.362139
0.465221
0.607790
0.430376
0.759928
0.490403
0.567065
0.540259
0.468498
0.496618
0.539380
0.561216
0.698160
0.583195
0.556212
0.577579
0.612329
0.437640
0.526409
0.500396
0.506217
0.366861
0.438377
0.427246
0.303994
0.293672
0.417353
0.429195
0.436263
0.359835
0.444650
0.379141
0.448992
0.661315
0.482220
0.416968
0.347750
0.361080
0.418814
0.362339
0.377110
0.429420
0.428285
0.447028
0.492035
0.467357
0.353017
0.546824
0.335277
0.477978
0.326006
0.379649
0.456855
0.443512
0.524511
0.450341
0.341894
0.406452
0.472223
0.389383
0.460340
0.393877
0.442314
0.279131
0.300807
0.197519
0.307925
0.351119
0.398165
0.336750
0.176472
0.167619
0.223590
0.389295
0.256966
0.480305
0.358484
0.364817
0.493126
0.411258
0.367101
0.333328
0.280369
0.176060
0.518651
0.388539
0.484858
0.254796
0.499873
0.423647
0.287633
0.216011
0.266818
0.386219
0.266454
0.372527
0.267802
0.410343
0.460266
0.221531
0.388356
0.342449
0.387063
0.330503
0.590924
0.453401
0.388064
0.237936
0.330748
0.248883
0.167906
0.210674
0.712887
0.082318
0.495622
0.009516
0.388432
0.181623
0.495953
0.536239
1.484111
0.568545
0.298901
0.189950
0.399634
0.445670
0.221190
1.016719
0.628113
0.043358
0.443303
0.760572
0.128319
0.006058
0.343066
0.079564
0.120648
0.552836
0.424155
0.361288
1.715560
0.393814
0.337438
0.191015
0.067878
0.435069
0.363994
0.216703
0.345350
0.428435
0.311070
0.134329
0.117113
0.448445
0.021720
0.354240
0.224019
0.187272
0.555981
0.426099
0.442335
0.228080
0.097947
0.388784
0.453660
0.787907
0.635872
0.380961
0.209193
0.235803
0.152754
0.444312
0.013554
0.649464
0.261017
0.552301
0.534616
0.791549
0.299040
0.279080
0.139290
0.262623
0.131499
0.191935
0.080677
0.448232
0.571563
0.633847
0.005919
0.306614
0.349148
0.818620
0.208236
0.317455
0.397676
0.327366
0.156565
0.174966
0.308013
0.384220
0.228706
0.789267
0.175463
0.468999
0.224813
0.449492
0.464182
0.293209
0.914902
0.390114
0.393473
0.323730
0.333200
0.294199
0.527000
0.166868
0.276507
0.251750
0.387763
0.406350
0.379188
0.052559
0.367954
0.346722
0.526551
0.456896
0.838705
0.125220
0.657430
0.093110
0.689967
0.268533
0.110960
0.206050
0.394338
0.994419
0.349768
0.149481
0.209449
0.170127
0.412991
0.399366
0.420139
0.315924
0.481801
0.375432
0.247031
0.231019
0.325427
0.321701
0.455402
0.809347
0.868074
0.298061
0.073642
0.387737
0.186566
0.348753
0.316361
0.258007
0.152016
0.451907
0.521142
0.284757
0.410975
0.583366
0.345380
0.563677
0.598235
0.527551
0.405375
0.639079
0.262080
0.077477
0.922828
0.211632
0.471901
0.285382
0.194596
0.370139
0.124110
0.495949
0.356396
0.065294
1.054619
0.184531
0.055502
0.166732
0.383821
0.382082
0.748331
0.114869
0.296066
0.434630
0.695056
0.103156
0.259615
1.093924
0.447878
0.447152
0.401786
0.249725
0.343808
0.320139
0.270219
0.485282
0.964418
0.529092
0.759957
1.012154
1.394388
1.207718
0.310840
0.780965
0.523219
1.331535
1.396366
0.691586
0.596316
0.637942
0.715297
0.801459
0.802419
1.433915
0.455750
1.231520
0.497266
1.022822
0.657753
0.687461
0.380918
0.828541
1.289860
0.763301
1.235236
0.987591
0.822520
0.621185
0.864310
0.528192
0.731016
0.473133
0.411783
0.884207
0.713033
1.503740
0.799941
0.375896
0.471836
0.597249
0.433136
0.776852
0.514310
0.577989
0.549689
0.459183
0.507935
0.549173
0.583913
0.716156
0.619620
0.563342
0.587998
0.630095
0.445217
0.538526
0.498983
0.517697
0.373463
0.456450
0.444765
0.296354
0.298315
0.429731
0.439080
0.459029
0.361942
0.439365
0.387516
0.435642
0.637978
0.476746
0.422381
0.348761
0.373258
0.431180
0.377104
0.382799
0.441506
0.435678
0.469087
0.535106
0.466013
0.359617
0.558986
0.369167
0.498145
0.354582
0.411045
0.482062
0.473126
0.537230
0.472174
0.349842
0.404711
0.459702
0.388635
0.500132
0.434605
0.481035
0.308432
0.342271
0.220914
0.336709
0.361638
0.405164
0.334323
0.187821
0.204353
0.258705
0.400894
0.274998
0.502895
0.399547
0.405364
0.533423
0.452026
0.359089
0.318724
0.283848
0.185507
0.520907
0.384617
0.483438
0.262271
0.533490
0.396634
0.293217
0.215446
0.288545
0.390341
0.280446
0.420126
0.257838
0.401773
0.461778
0.238537
0.418402
0.371571
0.403517
0.356140
0.584062
0.462962
0.375125
0.249146
0.340997
0.233358
0.133675
0.253007
0.760468
0.097421
0.559778
0.018918
0.441768
0.161416
0.495870
0.596759
1.379683
0.619632
0.264470
0.194952
0.455418
0.492222
0.231798
0.978687
0.669640
0.060315
0.456604
0.835506
0.158471
0.007955
0.349833
0.095626
0.147420
0.600660
0.406714
0.353953
1.608959
0.361187
0.366747
0.227767
0.087407
0.477875
0.401553
0.185396
0.380849
0.446013
0.320098
0.138208
0.145592
0.495663
0.015105
0.369048
0.249004
0.222134
0.613343
0.432348
0.490336
0.262073
0.098739
0.393761
0.456398
0.720741
0.664405
0.407946
0.201095
0.237644
0.138254
0.424774
0.021346
0.659216
0.249728
0.512626
0.580187
0.787838
0.294427
0.282776
0.146735
0.272670
0.135138
0.200082
0.083838
0.443925
0.591040
0.584395
0.002782
0.307356
0.342970
0.817808
0.241096
0.351766
0.414087
0.323388
0.173319
0.176721
0.319757
0.383361
0.247408
0.764192
0.187922
0.484390
0.212832
0.458827
0.491705
0.282654
0.929402
0.413160
0.383224
0.318546
0.350949
0.304787
0.526076
0.157024
0.304012
0.274339
0.416930
0.402566
0.376701
0.050727
0.357110
0.355550
0.494589
0.478248
0.816164
0.131587
0.652179
0.093813
0.686240
0.289337
0.131527
0.216717
0.399071
0.932299
0.352529
0.155943
0.212483
0.161589
0.427731
0.429748
0.416791
0.328929
0.477816
0.370509
0.273028
0.215558
0.331504
0.332244
0.436839
0.801469
0.853693
0.306258
0.082443
0.374437
0.204617
0.351048
0.337717
0.269591
0.156073
0.448184
0.510798
0.310795
0.430403
0.562409
0.339924
0.562597
0.635823
0.525839
0.409895
0.643889
0.285102
0.092846
0.911219
0.220656
0.448434
0.305305
0.205709
0.354506
0.128402
0.487663
0.364209
0.070904
1.042813
0.191975
0.060994
0.164946
0.385752
0.369749
0.737768
0.116896
0.297707
0.416301
0.676226
0.115452
0.262958
1.054930
0.444270
0.430697
0.376575
0.253504
0.328315
0.314520
0.262059
0.470903
0.939509
0.498030
0.726942
0.987697
1.344999
1.178816
0.303776
0.760954
0.510828
1.295493
1.442109
0.715598
0.617785
0.622460
0.735318
0.840197
0.836514
1.483161
0.479083
1.274668
0.471987
1.066916
0.693692
0.719384
0.413813
0.836321
1.330715
0.757245
1.279676
1.026822
0.811910
0.614086
0.853489
0.526350
0.722988
0.465739
0.406677
0.851608
0.690915
1.465273
0.785563
0.368554
0.467834
0.601293
0.430965
0.768023
0.502219
0.572000
0.544395
0.462693
0.501788
0.543740
0.572445
0.706885
0.601729
0.559183
0.582308
0.620968
0.440866
0.532057
0.498848
0.511532
0.369591
0.447216
0.435798
0.299157
0.295379
0.423186
0.433696
0.447640
0.360211
0.441089
0.382865
0.441138
0.648137
0.478621
0.419130
0.347576
0.366862
0.424700
0.369509
0.379445
0.435172
0.431539
0.458111
0.514335
0.465960
0.355867
0.552644
0.352713
0.488091
0.340618
0.395776
0.469685
0.458711
0.530827
0.461389
0.345516
0.404886
0.464896
0.388356
0.481059
0.415108
0.462482
0.294253
0.322475
0.209491
0.322805
0.356184
0.401341
0.334853
0.182000
0.186844
0.241948
0.394978
0.266128
0.491934
0.380110
0.386163
0.514358
0.432767
0.362218
0.325056
0.279396
0.173408
0.518026
0.389772
0.484801
0.254234
0.496542
0.426743
0.287264
0.216300
0.264707
0.385995
0.265167
0.367584
0.269103
0.411504
0.460324
0.219896
0.385279
0.339490
0.385478
0.327925
0.591871
0.452580
0.389688
0.236924
0.329849
0.250783
0.171834
0.206263
0.707928
0.080868
0.488883
0.008712
0.382894
0.183984
0.496158
0.529990
1.495401
0.563307
0.302747
0.189613
0.393905
0.440940
0.220262
1.020890
0.623918
0.041757
0.442095
0.752949
0.125367
0.006039
0.342538
0.078098
0.118096
0.548161
0.426066
0.362165
1.725714
0.396564
0.335159
0.188155
0.066484
0.431895
0.361208
0.219259
0.342749
0.427211
0.310515
0.134161
0.115091
0.445056
0.022337
0.353253
0.222303
0.184854
0.551963
0.425771
0.439053
0.225822
0.098006
0.388555
0.453577
0.792518
0.634062
0.379270
0.209831
0.235781
0.153803
0.445688
0.013143
0.648948
0.261848
0.554976
0.531757
0.791900
0.299432
0.278935
0.138909
0.262056
0.131349
0.191514
0.080566
0.448615
0.570416
0.637100
0.006208
0.306658
0.349636
0.818766
0.206199
0.315332
0.396715
0.327724
0.155583
0.174937
0.307356
0.384360
0.227618
0.790901
0.174769
0.468128
0.225634
0.448990
0.462579
0.293942
0.914022
0.388791
0.394158
0.324072
0.333472
0.293640
0.527128
0.167526
0.274944
0.250490
0.386130
0.406638
0.379397
0.052725
0.368640
0.346281
0.528429
0.455754
0.840045
0.124928
0.657794
0.093124
0.690251
0.267411
0.109847
0.205509
0.394131
0.997948
0.349680
0.149177
0.209337
0.170673
0.412213
0.397716
0.420397
0.315252
0.482085
0.375768
0.245645
0.231933
0.325141
0.321175
0.456484
0.809848
0.868938
0.297658
0.073209
0.388552
0.185607
0.348701
0.315197
0.257424
0.151839
0.452167
0.521755
0.283382
0.409980
0.584544
0.345725
0.563788
0.596282
0.527686
0.405181
0.638882
0.260918
0.076727
0.923467
0.211222
0.473134
0.284422
0.194076
0.370967
0.123942
0.496403
0.356052
0.065056
1.055248
0.184206
0.055275
0.166862
0.383771
0.382723
0.748895
0.114809
0.296028
0.435575
0.696031
0.102580
0.259490
1.095931
0.448100
0.448041
0.403146
0.249563
0.344682
0.320486
0.270713
0.486129
0.965881
0.530937
0.761957
1.014659
1.397512
1.209624
0.311340
0.782323
0.524106
1.335544
1.491768
0.739886
0.639558
0.609452
0.755565
0.877808
0.869682
1.530257
0.502106
1.315869
0.450268
1.108763
0.728028
0.750072
0.445423
0.839330
1.322512
0.758297
1.270617
1.018774
0.813901
0.615375
0.855538
0.526571
0.724485
0.467125
0.407589
0.858239
0.695398
1.473201
0.788459
0.369964
0.468544
0.600297
0.431288
0.769777
0.504678
0.573152
0.545406
0.461807
0.502985
0.544790
0.574805
0.708776
0.605496
0.559962
0.583428
0.622840
0.441698
0.533353
0.498752
0.512768
0.370319
0.449131
0.437655
0.298411
0.295907
0.424514
0.434772
0.450053
0.360471
0.440581
0.383785
0.439787
0.645740
0.477983
0.419736
0.347717
0.368174
0.426035
0.371094
0.380078
0.436477
0.432353
0.460466
0.518903
0.465842
0.356597
0.553956
0.356327
0.490259
0.343680
0.399142
0.472398
0.461897
0.531805
0.463750
0.346398
0.404690
0.462674
0.389339
0.512344
0.447154
0.493076
0.317818
0.355231
0.228669
0.346070
0.365661
0.408161
0.334527
0.192119
0.216238
0.270133
0.405293
0.281342
0.510623
0.412888
0.418574
0.546565
0.465359
0.357536
0.315011
0.287359
0.194246
0.523435
0.381742
0.486069
0.259056
0.520882
0.405819
0.290671
0.215118
0.280157
0.388317
0.274848
0.402326
0.260928
0.404371
0.460707
0.231842
0.406949
0.360468
0.397026
0.346315
0.586050
0.458986
0.379332
0.244583
0.336781
0.238512
0.145619
0.237154
0.742697
0.091458
0.536063
0.015057
0.422043
0.168245
0.495444
0.574467
1.416774
0.600807
0.276390
0.192708
0.434942
0.475092
0.227558
0.991859
0.654360
0.053829
0.451425
0.808379
0.147319
0.006867
0.347006
0.089526
0.137544
0.583380
0.412443
0.356129
1.645998
0.372262
0.356004
0.214418
0.080143
0.462482
0.388000
0.195962
0.368049
0.439491
0.316573
0.136475
0.135309
0.478881
0.017029
0.363556
0.239989
0.209730
0.593223
0.429838
0.473504
0.250090
0.098114
0.391711
0.455111
0.743176
0.654378
0.398461
0.203488
0.236681
0.142808
0.431026
0.018387
0.655613
0.253195
0.525651
0.564523
0.788775
0.295659
0.281211
0.143920
0.268983
0.133602
0.197043
0.082467
0.445080
0.584205
0.600653
0.003526
0.306805
0.344738
0.817777
0.229778
0.339982
0.408310
0.324444
0.167428
0.175844
0.315552
0.383370
0.240901
0.772253
0.183503
0.478994
0.216533
0.455460
0.482307
0.285888
0.924333
0.405282
0.386345
0.319998
0.344838
0.301040
0.526127
0.160003
0.294711
0.266669
0.407118
0.403553
0.377262
0.051074
0.360400
0.352429
0.504757
0.471058
0.823257
0.129282
0.653651
0.093347
0.687225
0.282334
0.124598
0.213022
0.397305
0.952212
0.351413
0.153619
0.211272
0.164146
0.422719
0.419670
0.417663
0.324504
0.478897
0.371890
0.264402
0.220342
0.329326
0.328639
0.442622
0.803811
0.858133
0.303406
0.079399
0.378539
0.198592
0.350120
0.330622
0.265666
0.154564
0.449188
0.513927
0.302234
0.423979
0.568929
0.341488
0.562753
0.623607
0.526195
0.408267
0.642156
0.277581
0.087775
0.914641
0.218217
0.455655
0.298832
0.202015
0.359258
0.126875
0.490042
0.361906
0.068964
1.046370
0.189460
0.059100
0.165347
0.384985
0.373464
0.740934
0.116099
0.297035
0.421910
0.681999
0.111419
0.261753
1.067076
0.445255
0.435751
0.384417
0.252153
0.333097
0.316163
0.264521
0.475360
0.947367
0.507887
0.737470
0.995356
1.360991
1.188291
0.306116
0.767940
0.515106
1.308791
1.458700
0.723646
0.625001
0.617888
0.742042
0.852845
0.847676
1.499107
0.486815
1.288643
0.464361
1.081109
0.705356
0.729555
0.387274
0.829925
1.297560
0.761131
1.195017
0.952308
0.833899
0.629266
0.875881
0.531362
0.739951
0.481529
0.418036
0.916279
0.735266
1.541351
0.814900
0.384242
0.476985
0.594552
0.437149
0.787857
0.528792
0.586013
0.556970
0.457104
0.516157
0.556625
0.597837
0.727710
0.640431
0.569434
0.595741
0.641516
0.451516
0.547106
0.500718
0.525921
0.379237
0.468030
0.456061
0.294875
0.303062
0.438397
0.446468
0.472987
0.365353
0.438993
0.394113
0.431117
0.628288
0.475961
0.427393
0.351043
0.393771
0.451901
0.400533
0.395982
0.461898
0.450753
0.500763
0.590616
0.471118
0.373714
0.579396
0.414324
0.527656
0.393687
0.453375
0.517322
0.513426
0.558298
0.503565
0.365290
0.409011
0.451596
0.394016
0.552146
0.487700
0.531825
0.348368
0.396250
0.254036
0.376057
0.379847
0.419280
0.337490
0.206937
0.252915
0.305396
0.420251
0.301826
0.535008
0.453183
0.458391
0.586191
0.505341
0.355392
0.306802
0.299453
0.220962
0.532634
0.375768
0.490570
0.267542
0.551353
0.385251
0.297515
0.216778
0.300548
0.393900
0.288703
0.444418
0.254622
0.399229
0.464030
0.248180
0.434226
0.386964
0.412872
0.369866
0.582267
0.468998
0.370420
0.255978
0.347351
0.227387
0.118735
0.274724
0.784681
0.106096
0.592008
0.024868
0.468861
0.153079
0.497246
0.627351
1.330500
0.645771
0.249154
0.198741
0.483870
0.516219
0.238317
0.961494
0.691266
0.069953
0.464434
0.873539
0.174582
0.010215
0.354487
0.104861
0.161962
0.625647
0.399361
0.351611
1.557207
0.346229
0.382640
0.247380
0.098406
0.500478
0.421559
0.170988
0.399866
0.456062
0.325874
0.141389
0.161159
0.520669
0.012989
0.377777
0.262863
0.241029
0.643705
0.436735
0.516034
0.280664
0.100345
0.397508
0.458993
0.687296
0.680309
0.423057
0.198077
0.239765
0.131893
0.415788
0.026547
0.665432
0.244999
0.493107
0.605049
0.787041
0.293149
0.285818
0.151726
0.279010
0.138135
0.205441
0.086579
0.442753
0.602310
0.559508
0.002197
0.308796
0.340772
0.818411
0.259403
0.370850
0.423759
0.322331
0.183177
0.178663
0.326970
0.383929
0.258318
0.751896
0.195527
0.493548
0.207454
0.464777
0.507332
0.278005
0.938102
0.426451
0.378707
0.316734
0.361410
0.311414
0.526525
0.152671
0.319732
0.287430
0.433576
0.401451
0.376283
0.050655
0.352146
0.361244
0.478156
0.490742
0.804815
0.135943
0.650199
0.095090
0.685090
0.301546
0.143595
0.223405
0.402515
0.899212
0.354893
0.160319
0.214981
0.157766
0.436621
0.447200
0.415789
0.336888
0.476456
0.368617
0.288117
0.207861
0.335648
0.338859
0.427400
0.797915
0.846541
0.311567
0.088075
0.367862
0.215370
0.353076
0.350305
0.276766
0.159069
0.446869
0.505805
0.326006
0.441950
0.551482
0.337625
0.562723
0.657512
0.525602
0.413145
0.647309
0.298706
0.102173
0.905414
0.226446
0.435930
0.317247
0.212673
0.346378
0.131527
0.483670
0.369322
0.074765
1.036821
0.196869
0.064785
0.164605
0.387520
0.363404
0.732431
0.118707
0.299297
0.406521
0.666162
0.123088
0.265510
1.033373
0.442847
0.421968
0.362875
0.256265
0.320143
0.311942
0.258040
0.463365
0.926029
0.481093
0.708935
0.974160
1.317783
1.161091
0.300166
0.749569
0.504027
1.273705
1.415053
0.702758
0.606391
0.630241
0.724832
0.820255
0.819081
1.458196
0.467003
1.252116
0.484767
1.044224
0.675318
0.703201
0.397313
0.832289
1.310600
0.759960
1.258176
1.007965
0.816651
0.617162
0.858262
0.526962
0.726433
0.468921
0.408806
0.866251
0.700778
1.482557
0.791911
0.371714
0.469463
0.599234
0.431764
0.771877
0.507584
0.574568
0.546647
0.460891
0.504445
0.546076
0.577592
0.711025
0.609888
0.560953
0.584805
0.625091
0.442750
0.534938
0.498745
0.514292
0.371258
0.451435
0.439899
0.297661
0.296621
0.426153
0.436118
0.452957
0.360882
0.440098
0.384958
0.438319
0.643052
0.477638
0.420548
0.347991
0.369813
0.427698
0.373052
0.380927
0.438112
0.433412
0.463341
0.524385
0.465837
0.357564
0.555630
0.360722
0.492942
0.347434
0.403271
0.475757
0.465835
0.534133
0.466728
0.347579
0.404653
0.462104
0.388352
0.490765
0.425070
0.471995
0.301526
0.332731
0.215387
0.330046
0.358956
0.403255
0.334434
0.185005
0.196192
0.250932
0.398082
0.270868
0.497846
0.390744
0.396721
0.524875
0.443463
0.360332
0.321344
0.281832
0.180201
0.519587
0.386706
0.484941
0.255605
0.504699
0.419170
0.288162
0.215600
0.269820
0.386512
0.268278
0.379504
0.265933
0.408707
0.460158
0.223840
0.392660
0.346648
0.389303
0.334188
0.589499
0.454592
0.385703
0.239392
0.332065
0.246101
0.162126
0.217121
0.720123
0.084415
0.505720
0.010760
0.396867
0.177960
0.495633
0.546049
1.466146
0.576862
0.292760
0.190499
0.408838
0.453333
0.222720
1.009834
0.635003
0.046032
0.445342
0.773519
0.133395
0.006108
0.343989
0.082203
0.125273
0.561405
0.420595
0.359617
1.695107
0.387396
0.342580
0.197579
0.071278
0.442885
0.370870
0.210406
0.351897
0.431554
0.312543
0.134801
0.122425
0.457483
0.020120
0.356927
0.228768
0.194059
0.567425
0.427112
0.452039
0.234953
0.097831
0.389568
0.453963
0.773008
0.641798
0.386580
0.207128
0.235930
0.149260
0.439695
0.015009
0.651376
0.258225
0.543166
0.544503
0.790456
0.297740
0.279642
0.140698
0.264624
0.132053
0.193530
0.081135
0.447033
0.575713
0.622388
0.004951
0.306531
0.347500
0.818196
0.215376
0.324951
0.401156
0.326239
0.160132
0.175120
0.310458
0.383793
0.232772
0.783239
0.178109
0.472333
0.221792
0.451428
0.470378
0.290515
0.918083
0.395327
0.390825
0.322275
0.337194
0.296497
0.526560
0.164288
0.282868
0.256960
0.394587
0.405208
0.378355
0.051880
0.365067
0.348670
0.518453
0.461945
0.832920
0.126587
0.655928
0.093071
0.688848
0.273463
0.115824
0.208489
0.395303
0.978723
0.350260
0.150879
0.210000
0.167817
0.416432
0.406700
0.419124
0.318972
0.480623
0.374015
0.253333
0.226947
0.326751
0.324180
0.450540
0.807191
0.864289
0.299933
0.075662
0.384229
0.190907
0.349171
0.321526
0.260756
0.152856
0.450786
0.518336
0.291197
0.415763
0.577830
0.343820
0.563232
0.607738
0.526933
0.406372
0.640178
0.267893
0.081320
0.919606
0.213852
0.465528
0.290500
0.197374
0.365811
0.125100
0.493575
0.358328
0.066632
1.051314
0.186366
0.056826
0.166102
0.384190
0.378601
0.745341
0.115264
0.296360
0.429552
0.689863
0.106291
0.260374
1.083389
0.446775
0.442670
0.395040
0.250567
0.339664
0.318561
0.268010
0.481508
0.958039
0.521244
0.751730
1.007586
1.382529
1.200924
0.309164
0.776538
0.520486
1.325061
1.478961
0.733632
0.634011
0.612485
0.750515
0.868658
0.861706
1.519156
0.496695
1.306454
0.454950
1.099512
0.720530
0.743495
0.438800
0.843005
1.361699
0.753778
1.313496
1.056917
0.804965
0.609761
0.846348
0.525939
0.717941
0.461167
0.403814
0.827958
0.675196
1.437190
0.775684
0.363995
0.465788
0.605294
0.430285
0.762337
0.494083
0.568445
0.541363
0.466260
0.498093
0.540584
0.564762
0.700866
0.589243
0.556967
0.578944
0.615038
0.438502
0.528106
0.499612
0.507805
0.367559
0.441202
0.429978
0.302061
0.294027
0.419151
0.430532
0.440025
0.359720
0.443150
0.380224
0.445968
0.656393
0.480736
0.417499
0.347443
0.362893
0.420668
0.364639
0.377705
0.431227
0.429201
0.450731
0.499857
0.466621
0.353815
0.548689
0.341349
0.481420
0.331095
0.385314
0.461339
0.448893
0.526748
0.454234
0.343028
0.405644
0.469250
0.388773
0.467969
0.401735
0.449807
0.284728
0.308969
0.201966
0.313536
0.352898
0.399197
0.335750
0.178585
0.175125
0.230789
0.391400
0.260497
0.484865
0.367190
0.373466
0.501759
0.420084
0.364864
0.329878
0.276898
0.165571
0.516537
0.393682
0.484967
0.252980
0.487514
0.435724
0.286574
0.217424
0.259248
0.385713
0.261994
0.354551
0.272934
0.414924
0.460772
0.215847
0.377424
0.331921
0.381590
0.321381
0.594702
0.450685
0.394255
0.234549
0.327748
0.256061
0.182447
0.194984
0.695081
0.077350
0.471468
0.006852
0.368599
0.190440
0.496948
0.513797
1.525245
0.549807
0.313078
0.188961
0.379148
0.428755
0.218052
1.032109
0.613179
0.037812
0.439153
0.733171
0.117858
0.006203
0.341381
0.074444
0.111574
0.536052
0.431352
0.364773
1.755191
0.406557
0.327375
0.178248
0.061526
0.420264
0.351123
0.228784
0.333280
0.422850
0.308563
0.133667
0.107662
0.432366
0.024771
0.349713
0.215916
0.175735
0.536649
0.424611
0.426442
0.217099
0.098318
0.387739
0.453360
0.810994
0.626938
0.372572
0.212483
0.235793
0.158139
0.451352
0.011563
0.646852
0.265311
0.565934
0.520152
0.793341
0.301119
0.278424
0.137406
0.259884
0.130852
0.189837
0.080189
0.450223
0.565728
0.650558
0.007468
0.306900
0.351699
0.819435
0.197914
0.306681
0.392812
0.329199
0.151581
0.174886
0.304680
0.385000
0.223119
0.797873
0.171911
0.464502
0.229149
0.446950
0.455812
0.297075
0.910708
0.383215
0.397197
0.325826
0.328013
0.291281
0.527740
0.170417
0.268237
0.245059
0.379027
0.407948
0.380367
0.053524
0.371719
0.344385
0.536832
0.450696
0.846057
0.123655
0.659457
0.093275
0.691521
0.262476
0.104960
0.203136
0.393248
1.013883
0.349300
0.147852
0.208879
0.173144
0.408772
0.390319
0.421548
0.312271
0.483400
0.377308
0.239371
0.236114
0.323891
0.318831
0.461434
0.812127
0.872855
0.295880
0.071259
0.392192
0.181314
0.348409
0.310064
0.254780
0.151084
0.453366
0.524618
0.277109
0.405375
0.590043
0.347360
0.564313
0.587173
0.528361
0.404309
0.637955
0.255460
0.073170
0.926557
0.209252
0.479116
0.279784
0.191587
0.375006
0.123132
0.498651
0.354378
0.063912
1.058358
0.182615
0.054166
0.167521
0.383521
0.385930
0.751678
0.114533
0.295847
0.440249
0.700843
0.099775
0.258898
1.105723
0.449200
0.452333
0.409646
0.248825
0.348801
0.322126
0.273016
0.490035
0.972530
0.539243
0.770854
1.020105
1.403206
1.178556
0.303921
0.761432
0.511123
1.295971
1.399978
0.688337
0.593537
0.640051
0.712877
0.796850
0.798537
1.428499
0.453358
1.227234
0.499762
1.018828
0.654694
0.684902
0.378440
0.828035
1.287139
0.763728
1.232688
0.985521
0.822967
0.621456
0.864703
0.528228
0.731260
0.473382
0.411945
0.885181
0.713666
1.504804
0.800354
0.376130
0.471946
0.597084
0.433213
0.777141
0.514740
0.578222
0.549890
0.459053
0.508194
0.549410
0.584438
0.716594
0.620464
0.563568
0.588317
0.630596
0.445484
0.538910
0.499020
0.518089
0.373726
0.457036
0.445350
0.296220
0.298543
0.430197
0.439475
0.459848
0.362103
0.439285
0.387898
0.435278
0.637258
0.476767
0.422660
0.348890
0.373791
0.431722
0.377744
0.383108
0.442059
0.436059
0.470045
0.536911
0.466062
0.359987
0.559597
0.370727
0.499137
0.355970
0.412596
0.483365
0.474674
0.538279
0.473408
0.350382
0.404742
0.459166
0.388718
0.502511
0.437072
0.483442
0.310335
0.344969
0.222547
0.338728
0.362495
0.405804
0.334320
0.188788
0.207162
0.261447
0.401938
0.276551
0.504824
0.402983
0.408823
0.536931
0.455650
0.358597
0.317603
0.284825
0.188053
0.521632
0.383725
0.485440
0.257440
0.513846
0.411346
0.289468
0.215185
0.275649
0.387413
0.271946
0.392593
0.262884
0.406055
0.460338
0.228370
0.400849
0.354586
0.393691
0.341155
0.587338
0.457040
0.381830
0.242310
0.334723
0.241499
0.152250
0.228844
0.733233
0.088440
0.523637
0.013202
0.411752
0.172026
0.495399
0.563001
1.436293
0.591170
0.282778
0.191713
0.424503
0.466379
0.225550
0.998797
0.646658
0.050682
0.448954
0.794738
0.141845
0.006469
0.345753
0.086633
0.132781
0.574964
0.415412
0.357336
1.664233
0.377825
0.350880
0.208038
0.076744
0.455107
0.381552
0.201209
0.362003
0.436485
0.315005
0.135778
0.130531
0.471035
0.018055
0.361088
0.235891
0.204059
0.583982
0.428800
0.465915
0.244758
0.097937
0.390898
0.454646
0.753193
0.650048
0.394391
0.204638
0.236354
0.144884
0.433828
0.017195
0.654123
0.254780
0.531307
0.558043
0.789280
0.296288
0.280677
0.142849
0.267547
0.133075
0.195889
0.082009
0.445657
0.581481
0.607473
0.003936
0.306680
0.345577
0.817880
0.225191
0.335210
0.406027
0.324978
0.165110
0.175584
0.313931
0.383468
0.238351
0.775620
0.181809
0.476914
0.218119
0.454191
0.478635
0.287274
0.922414
0.402226
0.387673
0.320657
0.342515
0.299650
0.526227
0.161257
0.291148
0.263754
0.403386
0.404019
0.377556
0.051282
0.361734
0.351313
0.508711
0.468393
0.826028
0.128483
0.654295
0.093247
0.687670
0.279760
0.122034
0.211700
0.396706
0.959763
0.351063
0.152808
0.210885
0.165178
0.420894
0.415933
0.418053
0.322906
0.479370
0.372474
0.261239
0.222186
0.328577
0.327369
0.444825
0.804747
0.859849
0.302417
0.078325
0.380118
0.196412
0.349834
0.328053
0.264278
0.154072
0.449614
0.515129
0.299159
0.421700
0.571364
0.342117
0.562872
0.619264
0.526382
0.407740
0.641632
0.274957
0.086026
0.916004
0.216607
0.458273
0.296620
0.200782
0.360967
0.126404
0.490996
0.360722
0.068346
1.047647
0.188651
0.058508
0.165534
0.384773
0.374768
0.742054
0.115874
0.296855
0.423858
0.684010
0.110086
0.261401
1.071275
0.445640
0.437546
0.387196
0.251723
0.334834
0.316798
0.265456
0.477018
0.950278
0.511560
0.741439
1.000093
1.367155
1.191967
0.307008
0.770512
0.516734
1.313825
1.465056
0.726823
0.627910
0.616063
0.744850
0.858183
0.852477
1.506086
0.490295
1.295047
0.460878
1.087937
0.711056
0.735045
0.430130
0.840532
1.348601
0.755521
1.295610
1.041062
0.808425
0.611863
0.849886
0.526022
0.720394
0.463391
0.405161
0.839856
0.683052
1.451292
0.780584
0.366213
0.466715
0.603136
0.430532
0.765143
0.498150
0.570175
0.542824
0.464339
0.499898
0.542122
0.568630
0.703893
0.595611
0.558032
0.580610
0.618054
0.439652
0.530090
0.499134
0.509690
0.368546
0.444281
0.432959
0.300456
0.294664
0.421206
0.432135
0.443987
0.359908
0.441982
0.381558
0.443323
0.651925
0.479663
0.418293
0.347442
0.364939
0.422747
0.367176
0.378564
0.433270
0.430389
0.454634
0.507533
0.466201
0.354849
0.550762
0.347438
0.484975
0.336211
0.390961
0.465846
0.454225
0.529188
0.458132
0.344343
0.405157
0.466770
0.388471
0.475252
0.409204
0.456909
0.290073
0.316606
0.206219
0.318811
0.354741
0.400390
0.335186
0.180479
0.181940
0.237309
0.393466
0.263791
0.489027
0.374877
0.381063
0.509322
0.427748
0.363196
0.326869
0.278412
0.170351
0.517417
0.391188
0.484810
0.253726
0.493179
0.429986
0.286972
0.216669
0.262692
0.385843
0.263990
0.362887
0.270416
0.412677
0.460428
0.218437
0.382466
0.336803
0.384085
0.325614
0.592792
0.451881
0.391203
0.236064
0.329096
0.252525
0.175362
0.202444
0.703466
0.079628
0.483105
0.008074
0.378192
0.186015
0.496368
0.524805
1.504701
0.559035
0.305937
0.189369
0.389301
0.437139
0.219553
1.024269
0.620628
0.040555
0.441191
0.747094
0.123165
0.006055
0.342181
0.077046
0.116254
0.544810
0.427465
0.362848
1.733936
0.399709
0.332610
0.184937
0.064838
0.428148
0.357977
0.222199
0.339745
0.425817
0.309866
0.133968
0.112789
0.441174
0.023019
0.352174
0.220389
0.182159
0.547517
0.425407
0.435507
0.223392
0.098046
0.388297
0.453481
0.797187
0.632205
0.377544
0.210452
0.235746
0.154828
0.447034
0.012721
0.648390
0.262650
0.557589
0.528886
0.792204
0.299805
0.278777
0.138511
0.261513
0.131203
0.191080
0.080447
0.448969
0.569261
0.640237
0.006466
0.306675
0.350091
0.818909
0.204165
0.313228
0.395758
0.328041
0.154606
0.174892
0.306700
0.384480
0.226556
0.792459
0.174090
0.467279
0.226388
0.448510
0.461056
0.294603
0.913339
0.387561
0.394789
0.324450
0.331303
0.293119
0.527232
0.168093
0.273531
0.249357
0.384676
0.406868
0.379552
0.052846
0.369193
0.345896
0.529978
0.454783
0.841136
0.124671
0.658090
0.093130
0.690467
0.266466
0.108895
0.205047
0.393940
1.000816
0.349592
0.148904
0.209229
0.171114
0.411534
0.396299
0.420588
0.314683
0.482312
0.376029
0.244472
0.232660
0.324887
0.320753
0.457339
0.810241
0.869626
0.297326
0.072827
0.389187
0.184799
0.348631
0.314243
0.256934
0.151683
0.452352
0.522233
0.282270
0.409169
0.585454
0.345993
0.563855
0.594748
0.527774
0.405021
0.638733
0.260036
0.076150
0.923908
0.210917
0.473985
0.283737
0.193698
0.371512
0.123818
0.496699
0.355808
0.064880
1.055670
0.183972
0.055115
0.166940
0.383724
0.383132
0.749254
0.114760
0.295994
0.436193
0.696685
0.102165
0.259407
1.097328
0.448249
0.448686
0.404165
0.249428
0.345367
0.320764
0.271124
0.486845
0.967154
0.532588
0.763808
1.017776
1.400603
1.211573
0.311869
0.783807
0.525095
1.338576
1.495705
0.741959
0.641521
0.608334
0.757552
0.881576
0.873157
1.535372
0.504765
1.320767
0.447725
1.114143
0.732603
0.754330
0.449977
0.846211
1.375450
0.752578
1.328484
1.070220
0.802275
0.608211
0.843585
0.526064
0.716061
0.459503
0.402880
0.818123
0.668740
1.425426
0.771726
0.362321
0.465186
0.607294
0.430273
0.760169
0.490855
0.567190
0.540328
0.468068
0.496769
0.539492
0.561706
0.698521
0.584108
0.556271
0.577747
0.612743
0.437729
0.526646
0.500195
0.506454
0.366925
0.438833
0.427691
0.303571
0.293679
0.417635
0.429393
0.436940
0.359750
0.444289
0.379301
0.448318
0.660256
0.482039
0.417013
0.347625
0.361385
0.419129
0.362745
0.377170
0.429730
0.428417
0.447742
0.493594
0.467144
0.353124
0.547169
0.336547
0.478685
0.327093
0.380890
0.457847
0.444742
0.525415
0.451252
0.342120
0.406182
0.471417
0.389158
0.462312
0.395943
0.444318
0.280643
0.303083
0.198763
0.309542
0.351604
0.398432
0.336389
0.177049
0.169978
0.225886
0.389943
0.258099
0.481803
0.361440
0.367801
0.496136
0.414405
0.366243
0.332263
0.275891
0.162130
0.516001
0.395658
0.485198
0.252550
0.483446
0.440078
0.286399
0.218099
0.256835
0.385728
0.260648
0.348566
0.274882
0.416678
0.461132
0.214077
0.373851
0.328481
0.379886
0.318417
0.596184
0.449917
0.396562
0.233547
0.326881
0.258709
0.187640
0.189734
0.689068
0.075793
0.463256
0.006085
0.361864
0.193671
0.497450
0.506116
1.539801
0.543402
0.318199
0.188762
0.372110
0.422959
0.217094
1.037679
0.608062
0.035997
0.437829
0.723605
0.114288
0.006391
0.340920
0.072749
0.108458
0.530152
0.434075
0.366157
1.769621
0.411272
0.323911
0.173802
0.059355
0.415047
0.346588
0.233293
0.329019
0.420939
0.307771
0.133548
0.104327
0.426598
0.026009
0.348164
0.213046
0.171587
0.529599
0.424169
0.420634
0.213097
0.098566
0.387451
0.453355
0.819840
0.623659
0.369495
0.213837
0.235890
0.160294
0.454139
0.010904
0.645942
0.267052
0.571251
0.514716
0.794122
0.302013
0.278269
0.136776
0.258923
0.130700
0.189111
0.080093
0.451065
0.563567
0.657089
0.008156
0.307096
0.352772
0.819837
0.194035
0.302620
0.391020
0.329985
0.149741
0.174943
0.303472
0.385383
0.221033
0.801305
0.170609
0.462831
0.230924
0.446040
0.452618
0.298666
0.909160
0.380576
0.398738
0.326728
0.326043
0.290205
0.528105
0.171895
0.265039
0.242480
0.375630
0.408658
0.380911
0.053984
0.373298
0.343521
0.541028
0.448278
0.849080
0.123094
0.660339
0.093410
0.692210
0.260110
0.102617
0.202029
0.392876
1.021811
0.349174
0.147261
0.208715
0.174423
0.407141
0.386734
0.422175
0.310856
0.484105
0.378128
0.236333
0.238241
0.323332
0.317722
0.463944
0.813311
0.874850
0.295056
0.070352
0.394051
0.179244
0.348317
0.307576
0.253521
0.150765
0.454018
0.526095
0.274039
0.403133
0.592838
0.348224
0.564626
0.582668
0.528749
0.403923
0.637537
0.252775
0.071435
0.928162
0.208306
0.482180
0.277491
0.190380
0.377095
0.122768
0.499835
0.353577
0.063379
1.059975
0.181856
0.053648
0.167898
0.383438
0.387603
0.753135
0.114436
0.295800
0.442666
0.703326
0.098399
0.258637
1.110724
0.449799
0.454541
0.412963
0.248497
0.350911
0.322990
0.274208
0.492025
0.975885
0.543408
0.775297
1.026774
1.417655
1.221649
0.314528
0.790700
0.529506
1.351201
1.511283
0.749752
0.648543
0.604676
0.764108
0.893468
0.883687
1.550184
0.512181
1.333775
0.441381
1.127363
0.743504
0.764099
0.460017
0.849175
1.387696
0.751652
1.341705
1.081967
0.800087
0.607000
0.841328
0.526312
0.714593
0.458198
0.402209
0.809790
0.663332
1.415460
0.768462
0.361007
0.464802
0.609148
0.430388
0.758419
0.488199
0.566226
0.539564
0.469744
0.495743
0.538664
0.559189
0.696618
0.579785
0.555779
0.576824
0.610849
0.437173
0.525494
0.500812
0.505374
0.366486
0.436885
0.425813
0.304987
0.293485
0.416423
0.428505
0.434357
0.359878
0.445386
0.378600
0.450469
0.663717
0.483159
0.416692
0.347879
0.360168
0.417884
0.361181
0.376802
0.428514
0.427814
0.445204
0.488285
0.467688
0.352617
0.545926
0.332432
0.476380
0.323675
0.377096
0.454867
0.441178
0.524092
0.448707
0.341408
0.406749
0.473403
0.389589
0.457379
0.390885
0.439523
0.277090
0.297920
0.195986
0.306050
0.350525
0.397815
0.337016
0.175851
0.165423
0.221543
0.388706
0.256009
0.479108
0.356301
0.362729
0.491094
0.409301
0.367585
0.334529
0.275042
0.159038
0.515584
0.397557
0.485490
0.252225
0.479754
0.444185
0.286310
0.218798
0.254665
0.385817
0.259466
0.343065
0.276771
0.418383
0.461539
0.212492
0.370590
0.325336
0.378362
0.315713
0.597645
0.449269
0.398794
0.232681
0.326133
0.261264
0.192592
0.184855
0.683524
0.074405
0.455567
0.005422
0.355559
0.196800
0.497992
0.498880
1.553724
0.537368
0.323137
0.188638
0.365460
0.417493
0.216240
1.043066
0.603230
0.034315
0.436616
0.714473
0.110904
0.006631
0.340532
0.071166
0.105498
0.524491
0.436780
0.367563
1.783762
0.415924
0.320592
0.169524
0.057300
0.409995
0.342208
0.237758
0.324899
0.419120
0.307045
0.133481
0.101096
0.420961
0.027282
0.346682
0.210253
0.167524
0.522644
0.423776
0.414876
0.209139
0.098863
0.387210
0.453396
0.828843
0.620388
0.366419
0.215258
0.236035
0.162533
0.457022
0.010277
0.645066
0.268870
0.576712
0.509227
0.794962
0.302966
0.278153
0.136177
0.257987
0.130585
0.188419
0.080035
0.451971
0.561408
0.663800
0.008902
0.307342
0.353906
0.820280
0.190128
0.298525
0.389234
0.330828
0.147904
0.175040
0.302279
0.385814
0.218936
0.804857
0.169314
0.461155
0.232782
0.445142
0.449372
0.300336
0.907582
0.377900
0.400362
0.327695
0.324044
0.289129
0.528518
0.173460
0.261768
0.239844
0.372140
0.409430
0.381514
0.054499
0.374979
0.342653
0.545440
0.445785
0.852268
0.122538
0.661287
0.093584
0.692958
0.257674
0.100210
0.200905
0.392520
1.030132
0.349072
0.146676
0.208574
0.175786
0.405473
0.383031
0.422858
0.309410
0.484868
0.379008
0.233190
0.240493
0.322775
0.316587
0.466580
0.814521
0.876857
0.294301
0.069446
0.396000
0.177116
0.348243
0.305005
0.252230
0.150457
0.454723
0.527660
0.270851
0.400807
0.595768
0.349130
0.564969
0.577978
0.529180
0.403540
0.637113
0.249962
0.069626
0.929890
0.207327
0.485463
0.275078
0.189120
0.379348
0.122402
0.501121
0.352746
0.062836
1.061722
0.181069
0.053116
0.168323
0.383373
0.389414
0.754713
0.114355
0.295769
0.445266
0.705993
0.096958
0.258379
1.116055
0.450456
0.456898
0.416480
0.248174
0.353142
0.323913
0.275469
0.494112
0.979373
0.547720
0.779874
1.030352
1.424426
1.225667
0.315618
0.793462
0.531287
1.356223
1.517471
0.752868
0.651356
0.603272
0.766735
0.898201
0.887882
1.556068
0.515147
1.338948
0.438916
1.132618
0.747844
0.767992
0.464018
0.850382
1.392566
0.751323
1.346956
1.086638
0.799253
0.606537
0.840477
0.526447
0.714050
0.457714
0.401978
0.806533
0.661237
1.411564
0.767203
0.360526
0.464683
0.609913
0.430467
0.757769
0.487182
0.565879
0.539285
0.470439
0.495377
0.538371
0.558231
0.695899
0.578107
0.555622
0.576494
0.610135
0.436985
0.525069
0.501086
0.504981
0.366343
0.436147
0.425103
0.305579
0.293439
0.415975
0.428183
0.433366
0.359957
0.445847
0.378353
0.451346
0.665110
0.483629
0.416592
0.348007
0.359714
0.417424
0.360591
0.376681
0.428061
0.427605
0.444229
0.486217
0.467931
0.352445
0.545463
0.330835
0.475496
0.322352
0.375625
0.453717
0.439797
0.523594
0.447729
0.341153
0.406997
0.474213
0.389785
0.455458
0.388914
0.437655
0.275712
0.295907
0.194914
0.304696
0.350121
0.397596
0.337286
0.175402
0.163649
0.219852
0.388241
0.255207
0.478068
0.354296
0.360751
0.489127
0.407309
0.368137
0.335445
0.274729
0.157839
0.515441
0.398328
0.485626
0.252119
0.478319
0.445826
0.286297
0.219094
0.253830
0.385873
0.259021
0.340915
0.277537
0.419076
0.461720
0.211887
0.369324
0.324115
0.377780
0.314666
0.598241
0.449033
0.399695
0.232358
0.325858
0.262291
0.194565
0.182949
0.681356
0.073876
0.452552
0.005179
0.353089
0.198054
0.498225
0.496043
1.559236
0.535005
0.325104
0.188607
0.362854
0.415354
0.215920
1.045208
0.601340
0.033668
0.436154
0.710887
0.109585
0.006743
0.340395
0.070558
0.104346
0.522273
0.437864
0.368134
1.789358
0.417776
0.319298
0.167852
0.056505
0.408017
0.340496
0.239535
0.323288
0.418417
0.306774
0.133469
0.099836
0.418752
0.027799
0.346112
0.209166
0.165935
0.519914
0.423635
0.412619
0.207592
0.098994
0.387129
0.453427
0.832409
0.619111
0.365219
0.215833
0.236106
0.163430
0.458173
0.010043
0.644734
0.269601
0.578880
0.507075
0.795306
0.303355
0.278120
0.135954
0.257631
0.130552
0.188158
0.080026
0.452341
0.560569
0.666460
0.009208
0.307452
0.354366
0.820465
0.188599
0.296921
0.388541
0.331172
0.147191
0.175090
0.301819
0.385996
0.218119
0.806264
0.168815
0.460504
0.233526
0.444797
0.448102
0.301007
0.906954
0.376855
0.401012
0.328085
0.323265
0.288709
0.528675
0.174061
0.260743
0.238814
0.370773
0.409744
0.381761
0.054713
0.375652
0.342321
0.547189
0.444813
0.853535
0.122329
0.661671
0.093663
0.693263
0.256724
0.099272
0.200472
0.392389
1.033416
0.349041
0.146455
0.208527
0.176331
0.404825
0.381584
0.423136
0.308850
0.485177
0.379366
0.231966
0.241388
0.322569
0.316151
0.467648
0.815074
0.877790
0.293902
0.069085
0.396798
0.176289
0.348228
0.304006
0.251735
0.150345
0.455012
0.528293
0.269610
0.399906
0.596962
0.349527
0.565128
0.576126
0.529360
0.403398
0.636955
0.248876
0.068932
0.930563
0.206953
0.486742
0.274146
0.188638
0.380225
0.122267
0.501621
0.352429
0.062632
1.062392
0.180773
0.052918
0.168493
0.383351
0.390117
0.755319
0.114332
0.295762
0.446269
0.707015
0.096425
0.258282
1.118109
0.450709
0.457802
0.417816
0.248084
0.353988
0.324279
0.275957
0.494898
0.980669
0.549292
0.781532
1.031658
1.426833
1.227095
0.316023
0.794434
0.531919
1.357942
1.519552
0.753917
0.652293
0.602852
0.767597
0.899714
0.889208
1.557895
0.516066
1.340510
0.438222
1.134165
0.749106
0.769108
0.465147
0.850735
1.393891
0.751262
1.348343
1.087849
0.799070
0.606468
0.840305
0.526505
0.713950
0.457625
0.401946
0.805809
0.660774
1.410697
0.766938
0.360434
0.464677
0.610112
0.430510
0.757640
0.486973
0.565819
0.539246
0.470621
0.495312
0.538323
0.558028
0.695753
0.577744
0.555603
0.576435
0.609990
0.436962
0.524987
0.501169
0.504907
0.366328
0.435994
0.424953
0.305737
0.293448
0.415886
0.428127
0.433148
0.359995
0.445978
0.378312
0.451578
0.665467
0.483762
0.416589
0.348057
0.359625
0.417328
0.360467
0.376672
0.427969
0.427572
0.444012
0.485729
0.468007
0.352421
0.545368
0.330460
0.475295
0.322042
0.375276
0.453447
0.439465
0.523484
0.447497
0.341105
0.407077
0.474440
0.389850
0.454975
0.388415
0.437181
0.275364
0.295386
0.194642
0.304344
0.350027
0.397551
0.337378
0.175291
0.163166
0.219389
0.388123
0.254994
0.477783
0.353727
0.360184
0.488563
0.406730
0.368318
0.335739
0.274647
0.157484
0.515412
0.398582
0.485681
0.252099
0.477878
0.446357
0.286305
0.219201
0.253581
0.385906
0.258892
0.340242
0.277796
0.419311
0.461797
0.211705
0.368931
0.323731
0.377604
0.314338
0.598453
0.448971
0.400005
0.232268
0.325779
0.262643
0.195231
0.182334
0.680661
0.073714
0.451550
0.005110
0.352270
0.198497
0.498319
0.495082
1.561164
0.534203
0.325801
0.188612
0.361959
0.414623
0.215823
1.045977
0.600700
0.033451
0.436004
0.709616
0.109126
0.006795
0.340358
0.070346
0.103934
0.521467
0.438281
0.368365
1.791478
0.418481
0.318828
0.167240
0.056221
0.407280
0.339866
0.240220
0.322697
0.418161
0.306684
0.133477
0.099363
0.417905
0.028011
0.345903
0.208751
0.165323
0.518850
0.423591
0.411723
0.206974
0.099060
0.387109
0.453451
0.833911
0.618591
0.364731
0.216088
0.236148
0.163822
0.458673
0.009955
0.644605
0.269922
0.579810
0.506178
0.795464
0.303532
0.278119
0.135870
0.257487
0.130550
0.188063
0.080032
0.452511
0.560223
0.667599
0.009349
0.307509
0.354568
0.820558
0.187968
0.296263
0.388260
0.331327
0.146901
0.175121
0.301636
0.386083
0.217784
0.806881
0.168614
0.460239
0.233855
0.444661
0.447572
0.301305
0.906716
0.376416
0.401307
0.328267
0.322939
0.288547
0.528775
0.174370
0.259936
0.238373
0.370182
0.409891
0.381881
0.054816
0.375962
0.342182
0.547978
0.444390
0.854101
0.122246
0.661848
0.093707
0.693400
0.256313
0.098865
0.200289
0.392336
1.034869
0.349035
0.146373
0.208515
0.176577
0.404549
0.380958
0.423260
0.308611
0.485303
0.379495
0.231592
0.241798
0.322484
0.315963
0.468129
0.815314
0.878176
0.293766
0.068935
0.397153
0.175931
0.348227
0.303574
0.251524
0.150303
0.455145
0.528572
0.269073
0.399515
0.597485
0.349698
0.565199
0.575325
0.529444
0.403339
0.636890
0.248387
0.068622
0.930880
0.206787
0.487339
0.273726
0.188422
0.380639
0.122213
0.501861
0.352290
0.062544
1.062712
0.180641
0.052833
0.168578
0.383347
0.390453
0.755610
0.114325
0.295766
0.446739
0.707492
0.096194
0.258248
1.119056
0.450831
0.458215
0.418418
0.248044
0.354358
0.324435
0.276164
0.495232
0.981211
0.549960
0.782229
1.032214
1.427818
1.227667
0.316180
0.794811
0.532157
1.358590
1.520322
0.754293
0.652623
0.602704
0.767886
0.900213
0.889633
1.558464
0.516342
1.340965
0.438024
1.134584
0.749433
0.769384
0.465410
0.850813
1.394168
0.751251
1.348599
1.088052
0.799054
0.606465
0.840294
0.526518
0.713943
0.457621
0.401948
0.805749
0.660737
1.410628
0.766913
0.360429
0.464681
0.610134
0.430514
0.757630
0.486950
0.565813
0.539240
0.470634
0.495306
0.538316
0.558009
0.695738
0.577710
0.555600
0.576425
0.609971
0.436952
0.524975
0.501175
0.504894
0.366325
0.435975
0.424934
0.305753
0.293446
0.415875
0.428118
0.433122
0.360000
0.445993
0.378306
0.451608
0.665511
0.483777
0.416589
0.348065
0.359615
0.417319
0.360452
0.376671
0.427958
0.427569
0.443983
0.485668
0.468018
0.352420
0.545356
0.330408
0.475267
0.321998
0.375224
0.453406
0.439412
0.523465
0.447458
0.341098
0.407093
0.474483
0.389865
0.454886
0.388320
0.437086
0.275292
0.295277
0.194582
0.304265
0.350005
0.397540
0.337399
0.175265
0.163047
0.219272
0.388093
0.254936
0.477709
0.353574
0.360026
0.488403
0.406565
0.368373
0.335827
0.274622
0.157374
0.515403
0.398662
0.485700
0.252093
0.477736
0.446533
0.286306
0.219235
0.253496
0.385917
0.258847
0.340012
0.277885
0.419391
0.461821
0.211639
0.368795
0.323601
0.377540
0.314222
0.598524
0.448948
0.400115
0.232232
0.325750
0.262770
0.195474
0.182120
0.680457
0.073649
0.451179
0.005081
0.351956
0.198662
0.498355
0.494709
1.561912
0.533883
0.326069
0.188608
0.361614
0.414337
0.215781
1.046282
0.600440
0.033365
0.435944
0.709108
0.108932
0.006817
0.340341
0.070254
0.103757
0.521125
0.438459
0.368463
1.792397
0.418785
0.318626
0.166973
0.056094
0.406982
0.339589
0.240516
0.322435
0.418045
0.306641
0.133479
0.099154
0.417535
0.028104
0.345806
0.208559
0.165038
0.518348
0.423568
0.411298
0.206680
0.099090
0.387095
0.453461
0.834645
0.618334
0.364483
0.216210
0.236165
0.164014
0.458918
0.009910
0.644538
0.270082
0.580272
0.505731
0.795538
0.303617
0.278113
0.135827
0.257420
0.130546
0.188009
0.080033
0.452589
0.560051
0.668165
0.009416
0.307533
0.354669
0.820602
0.187659
0.295928
0.388119
0.331401
0.146757
0.175136
0.301541
0.386121
0.217613
0.807191
0.168509
0.460103
0.234017
0.444592
0.447302
0.301451
0.906604
0.376189
0.401451
0.328355
0.322768
0.288459
0.528818
0.174512
0.259660
0.238147
0.369876
0.409967
0.381942
0.054870
0.376119
0.342109
0.548388
0.444167
0.854409
0.122200
0.661942
0.093726
0.693478
0.256095
0.098651
0.200191
0.392312
1.035661
0.349031
0.146318
0.208508
0.176709
0.404406
0.380628
0.423339
0.308487
0.485401
0.379620
0.231151
0.242006
0.322442
0.315863
0.468376
0.815432
0.878377
0.293695
0.068859
0.397336
0.175743
0.348228
0.303347
0.251413
0.150280
0.455215
0.528728
0.268787
0.399308
0.597769
0.349789
0.565242
0.574887
0.529495
0.403313
0.636860
0.248133
0.068455
0.931057
0.206697
0.487663
0.273499
0.188307
0.380867
0.122180
0.501999
0.352214
0.062496
1.062903
0.180567
0.052783
0.168626
0.383350
0.390639
0.755782
0.114320
0.295768
0.447010
0.707775
0.096027
0.258226
1.119581
0.450905
0.458453
0.418783
0.247983
0.354597
0.324521
0.276290
0.495455
0.981595
0.550443
0.782740
1.032526
1.428580
1.228109
0.316283
0.795105
0.532340
1.359141
1.521007
0.754627
0.652921
0.602522
0.768162
0.900728
0.890087
1.559110
0.516656
1.341528
0.437726
1.135156
0.749901
0.769802
0.465840
0.850927
1.394696
0.751192
1.349168
1.088557
0.798946
0.606388
0.840178
0.526516
0.713868
0.457549
0.401906
0.805376
0.660494
1.410189
0.766765
0.360362
0.464653
0.610205
0.430506
0.757547
0.486826
0.565761
0.539196
0.470697
0.495251
0.538271
0.557888
0.695644
0.577506
0.555569
0.576375
0.609877
0.436918
0.524915
0.501192
0.504839
0.366294
0.435878
0.424841
0.305805
0.293427
0.415811
0.428067
0.432996
0.359992
0.446030
0.378264
0.451691
0.665652
0.483804
0.416562
0.348064
0.359549
0.417254
0.360372
0.376643
0.427894
0.427531
0.443861
0.485424
0.468032
0.352386
0.545290
0.330216
0.475155
0.321836
0.375046
0.453264
0.439245
0.523373
0.447336
0.341055
0.407108
0.474563
0.389875
0.454656
0.388085
0.436864
0.275125
0.295038
0.194449
0.304102
0.349948
0.397504
0.337417
0.175203
0.162836
0.219071
0.388029
0.254834
0.477580
0.353337
0.359794
0.488171
0.406329
0.368423
0.335918
0.274576
0.157228
0.515376
0.398738
0.485707
0.252070
0.477565
0.446710
0.286295
0.219259
0.253389
0.385913
0.258786
0.339757
0.277963
0.419461
0.461832
0.211561
0.368641
0.323451
0.377467
0.314094
0.598585
0.448912
0.400208
0.232187
0.325711
0.262878
0.195689
0.181882
0.680172
0.073586
0.450836
0.005044
0.351672
0.198792
0.498371
0.494387
1.562513
0.533615
0.326277
0.188596
0.361314
0.414090
0.215736
1.046510
0.600216
0.033283
0.435882
0.708701
0.108778
0.006820
0.340317
0.070180
0.103622
0.520868
0.438570
0.368514
1.793008
0.418980
0.318473
0.166781
0.055999
0.406752
0.339391
0.240704
0.322245
0.417961
0.306602
0.133469
0.099005
0.417282
0.028154
0.345733
0.208433
0.164855
0.518039
0.423544
0.411041
0.206501
0.099096
0.387078
0.453457
0.835032
0.618184
0.364343
0.216266
0.236166
0.164105
0.459038
0.009877
0.644493
0.270154
0.580504
0.505485
0.795569
0.303652
0.278102
0.135795
0.257373
0.130535
0.187971
0.080025
0.452623
0.559951
0.668451
0.009443
0.307539
0.354713
0.820613
0.187484
0.295746
0.388035
0.331432
0.146671
0.175135
0.301485
0.386136
0.217517
0.807341
0.168447
0.460024
0.234092
0.444548
0.447152
0.301518
0.906529
0.376067
0.401516
0.328393
0.322677
0.288406
0.528831
0.174576
0.259513
0.238027
0.369722
0.409996
0.381963
0.054888
0.376188
0.342067
0.548574
0.444054
0.854544
0.122170
0.661978
0.093730
0.693507
0.255985
0.098543
0.200137
0.392293
1.036018
0.349022
0.146288
0.208497
0.176763
0.404330
0.380463
0.423362
0.308419
0.485428
0.379654
0.231009
0.242100
0.322414
0.315809
0.468487
0.815482
0.878463
0.293654
0.068814
0.397418
0.175647
0.348219
0.303233
0.251352
0.150263
0.455243
0.528792
0.268643
0.399202
0.597893
0.349826
0.565253
0.574679
0.529511
0.403292
0.636838
0.248007
0.068372
0.931128
0.206652
0.487801
0.273390
0.188249
0.380961
0.122161
0.502050
0.352175
0.062469
1.062973
0.180530
0.052756
0.168641
0.383344
0.390714
0.755846
0.114314
0.295763
0.447118
0.707887
0.095962
0.258210
1.119808
0.450930
0.458552
0.418932
0.247966
0.354691
0.324558
0.276341
0.495543
0.981742
0.550626
0.782934
1.032442
1.428869
1.228279
0.316327
0.795222
0.532414
1.359353
1.521271
0.754758
0.653038
0.602458
0.768272
0.900929
0.890265
1.559361
0.516781
1.341748
0.437617
1.135379
0.750085
0.769966
0.466009
0.850976
1.394902
0.751175
1.349338
1.088754
0.798909
0.606366
0.840139
0.526522
0.713844
0.457527
0.401894
0.805239
0.660407
1.410025
0.766712
0.360340
0.464648
0.610237
0.430507
0.757521
0.486783
0.565746
0.539185
0.470726
0.495235
0.538259
0.557846
0.695612
0.577432
0.555561
0.576361
0.609811
0.436910
0.524897
0.501201
0.504774
0.366287
0.435844
0.424810
0.305831
0.293423
0.415782
0.428041
0.432948
0.359961
0.446001
0.378191
0.446605
0.649512
0.479038
0.418801
0.347492
0.366172
0.424017
0.368710
0.379129
0.434536
0.431149
0.457013
0.512251
0.466002
0.355538
0.552076
0.351186
0.487192
0.339381
0.394453
0.468645
0.457525
0.530565
0.460559
0.345203
0.404919
0.465313
0.388351
0.479729
0.413786
0.461264
0.293359
0.321270
0.208833
0.322035
0.355898
0.401153
0.334881
0.181731
0.186061
0.241245
0.394744
0.265795
0.491545
0.379471
0.385596
0.513831
0.432300
0.362282
0.325170
0.279341
0.173167
0.517980
0.389799
0.484779
0.254207
0.496482
0.426742
0.287249
0.216284
0.264711
0.385972
0.265177
0.367685
0.269038
0.411445
0.460288
0.219951
0.385385
0.339624
0.385549
0.328063
0.591764
0.452614
0.389531
0.236979
0.329901
0.250583
0.171429
0.206673
0.708259
0.080964
0.489644
0.008796
0.383592
0.183607
0.496100
0.530934
1.493410
0.564171
0.302039
0.189645
0.394930
0.441805
0.220418
1.020012
0.624764
0.042088
0.442345
0.754719
0.126084
0.006013
0.342655
0.078490
0.118820
0.549587
0.425422
0.361863
1.722646
0.396093
0.335442
0.188547
0.066664
0.432363
0.361659
0.218739
0.343215
0.427431
0.310593
0.134161
0.115523
0.445858
0.022132
0.353507
0.222758
0.185543
0.553213
0.425856
0.440218
0.226679
0.097940
0.388620
0.453572
0.790211
0.634908
0.380090
0.209460
0.235760
0.153193
0.444893
0.013334
0.649211
0.261340
0.553418
0.533319
0.791662
0.299173
0.278989
0.139101
0.262371
0.131408
0.191758
0.080604
0.448380
0.571075
0.635094
0.005995
0.306600
0.349315
0.818674
0.207336
0.316551
0.397269
0.327489
0.156153
0.174921
0.307740
0.384249
0.228296
0.789789
0.175204
0.468688
0.225040
0.449312
0.463695
0.293403
0.914661
0.389752
0.393624
0.323796
0.332951
0.294048
0.527012
0.166981
0.276160
0.251496
0.387468
0.406364
0.379182
0.052539
0.367990
0.346656
0.526672
0.456788
0.838768
0.125188
0.657444
0.093086
0.689978
0.268429
0.110850
0.205999
0.394300
0.994505
0.349753
0.149440
0.209422
0.170151
0.412898
0.399236
0.420143
0.315879
0.481809
0.375431
0.246970
0.231008
0.325389
0.321706
0.455381
0.809353
0.868085
0.298045
0.073609
0.387755
0.186513
0.348766
0.316294
0.257999
0.151994
0.451884
0.521101
0.284788
0.411022
0.583265
0.345358
0.563658
0.598430
0.527511
0.405387
0.639122
0.262247
0.077598
0.922667
0.211729
0.471567
0.285637
0.194717
0.369876
0.124160
0.495794
0.356499
0.065352
1.054418
0.184626
0.055576
0.166682
0.383833
0.381828
0.748127
0.114883
0.296081
0.434291
0.694731
0.103314
0.259669
1.093355
0.447811
0.446958
0.401552
0.249731
0.343724
0.320117
0.270217
0.485301
0.964532
0.529326
0.760332
1.014999
1.395395
1.208490
0.311069
0.781689
0.523742
1.334644
1.490825
0.739517
0.639311
0.609528
0.755475
0.877770
0.869774
1.530579
0.502364
1.316517
0.449844
1.109782
0.728992
0.751081
0.446619
0.845232
1.371307
0.752918
1.323965
1.066187
0.803067
0.608657
0.844400
0.526002
0.716606
0.459987
0.403142
0.821092
0.670685
1.428989
0.772908
0.362809
0.465346
0.606664
0.430255
0.760805
0.491816
0.567551
0.540624
0.467496
0.497151
0.539805
0.562619
0.699215
0.585653
0.556465
0.578092
0.613426
0.437946
0.527071
0.499998
0.506852
0.367099
0.439534
0.428367
0.303094
0.293767
0.418078
0.429721
0.437858
0.359725
0.443927
0.379563
0.447589
0.659070
0.481667
0.417145
0.347556
0.361827
0.419583
0.363307
0.377318
0.430171
0.428645
0.448641
0.495453
0.466974
0.353320
0.547617
0.337983
0.479496
0.328287
0.382210
0.458886
0.445979
0.525878
0.452135
0.342379
0.406007
0.470759
0.389030
0.463997
0.397668
0.445950
0.281853
0.304831
0.199706
0.310722
0.351978
0.398653
0.336197
0.177459
0.171497
0.227332
0.390362
0.258798
0.482698
0.363130
0.369464
0.497789
0.416071
0.365827
0.331551
0.276176
0.163128
0.516147
0.395069
0.485121
0.252666
0.484623
0.438796
0.286440
0.217891
0.257528
0.385715
0.261030
0.350299
0.274307
0.416157
0.461020
0.214582
0.374881
0.329473
0.380373
0.319270
0.595745
0.450132
0.395884
0.233831
0.327123
0.257933
0.186127
0.191245
0.690798
0.076235
0.465618
0.006297
0.363801
0.192733
0.497299
0.508314
1.535613
0.545234
0.316720
0.188813
0.374120
0.424616
0.217361
1.036074
0.609523
0.036507
0.438200
0.726327
0.115298
0.006329
0.341045
0.073224
0.109336
0.531823
0.433297
0.365759
1.765538
0.409932
0.324881
0.175051
0.059966
0.416514
0.347861
0.232015
0.330214
0.421472
0.307987
0.133575
0.105257
0.428218
0.025654
0.348593
0.213842
0.172739
0.531560
0.424285
0.422240
0.214202
0.098491
0.387524
0.453348
0.817400
0.624552
0.370333
0.213459
0.235857
0.159697
0.453362
0.011084
0.646185
0.266563
0.569773
0.516234
0.793897
0.301761
0.278307
0.136944
0.259183
0.130737
0.189310
0.080114
0.450831
0.564155
0.655301
0.007964
0.307039
0.352475
0.819724
0.195092
0.303728
0.391506
0.329765
0.150240
0.174923
0.303798
0.385274
0.221597
0.800366
0.170960
0.463281
0.230436
0.446285
0.453487
0.298229
0.909581
0.381291
0.398315
0.326479
0.326572
0.290492
0.528003
0.171493
0.265901
0.243175
0.376544
0.408463
0.380762
0.053856
0.372870
0.343750
0.539897
0.448924
0.848263
0.123242
0.660097
0.093371
0.692021
0.260744
0.103249
0.202324
0.392973
1.019678
0.349204
0.147417
0.208756
0.174076
0.407577
0.387699
0.422002
0.311235
0.483914
0.377904
0.237149
0.237665
0.323479
0.318018
0.463266
0.812991
0.874311
0.295276
0.070594
0.393548
0.179800
0.348341
0.308245
0.253858
0.150848
0.453840
0.525695
0.274864
0.403734
0.592084
0.347991
0.564541
0.583880
0.528642
0.404026
0.637646
0.253492
0.071897
0.927731
0.208556
0.481361
0.278102
0.190698
0.376537
0.122862
0.499518
0.353787
0.063517
1.059543
0.182054
0.053782
0.167795
0.383457
0.387156
0.752745
0.114460
0.295811
0.442020
0.702661
0.098763
0.258707
1.109384
0.449636
0.453946
0.412067
0.248583
0.350337
0.322753
0.273881
0.491479
0.974965
0.542262
0.774070
1.025756
1.415798
1.220531
0.314223
0.789916
0.528995
1.349734
1.509450
0.748818
0.647687
0.605109
0.763284
0.891956
0.882306
1.548196
0.511162
1.331946
0.442319
1.125440
0.741890
0.762625
0.458472
0.848722
1.385736
0.751820
1.339512
1.079978
0.800483
0.607222
0.841749
0.526280
0.714876
0.458451
0.402351
0.811358
0.664365
1.417353
0.769082
0.361267
0.464893
0.608825
0.430382
0.758764
0.488705
0.566416
0.539709
0.469443
0.495947
0.538825
0.559664
0.696977
0.580589
0.555882
0.577003
0.611205
0.437285
0.525714
0.500710
0.505581
0.366577
0.437246
0.426160
0.304748
0.293531
0.416650
0.428671
0.434823
0.359867
0.445206
0.378737
0.450107
0.663125
0.482974
0.416760
0.347848
0.360393
0.418117
0.361467
0.376878
0.428738
0.427931
0.445657
0.489216
0.467608
0.352718
0.546154
0.333147
0.476784
0.324267
0.377748
0.455378
0.441781
0.524320
0.449137
0.341536
0.406670
0.473100
0.389533
0.458176
0.391695
0.440283
0.277652
0.298724
0.196417
0.306585
0.350693
0.397917
0.336939
0.176037
0.166086
0.222168
0.388892
0.256311
0.479490
0.357007
0.363420
0.491765
0.409972
0.367430
0.334260
0.275157
0.159421
0.515647
0.397345
0.485467
0.252276
0.480192
0.443730
0.286331
0.218729
0.254920
0.385820
0.259607
0.343682
0.276578
0.418210
0.461512
0.212672
0.370956
0.325682
0.378535
0.316009
0.597505
0.449350
0.398579
0.232784
0.326221
0.261018
0.192107
0.185357
0.684105
0.074560
0.456329
0.005494
0.356171
0.196524
0.497957
0.499550
1.552502
0.537924
0.322711
0.188663
0.366060
0.417981
0.216324
1.042623
0.603645
0.034466
0.436728
0.715222
0.111183
0.006627
0.340571
0.071294
0.105727
0.524894
0.436608
0.367480
1.782853
0.415628
0.320824
0.169826
0.057456
0.410345
0.342505
0.237486
0.325163
0.419242
0.307101
0.133494
0.101296
0.421298
0.027222
0.346770
0.210412
0.167742
0.522988
0.423804
0.415139
0.209306
0.098863
0.387230
0.453405
0.828570
0.620503
0.366522
0.215227
0.236041
0.162483
0.456956
0.010306
0.645101
0.268831
0.576579
0.509389
0.794948
0.302950
0.278167
0.136203
0.258020
0.130596
0.188446
0.080045
0.451957
0.561477
0.663637
0.008893
0.307346
0.353885
0.820275
0.190255
0.298658
0.389292
0.330811
0.147963
0.175047
0.302321
0.385812
0.218996
0.804786
0.169354
0.461203
0.232748
0.445174
0.449449
0.300306
0.907633
0.377963
0.400338
0.327685
0.324088
0.289157
0.528521
0.173442
0.261828
0.239891
0.372196
0.409429
0.381517
0.054505
0.374974
0.342669
0.545411
0.445814
0.852253
0.122550
0.661287
0.093592
0.692960
0.257707
0.100240
0.200924
0.392533
1.030074
0.349082
0.146691
0.208583
0.175778
0.405504
0.383085
0.422861
0.309434
0.484867
0.379011
0.233234
0.240481
0.322794
0.316603
0.466582
0.814568
0.876944
0.294237
0.069455
0.396003
0.177149
0.348255
0.305048
0.252254
0.150469
0.454726
0.527659
0.270892
0.400841
0.595778
0.349154
0.564984
0.578010
0.529190
0.403551
0.637123
0.249990
0.069642
0.929889
0.207338
0.485461
0.275088
0.189130
0.379353
0.122407
0.501127
0.352751
0.062841
1.061723
0.181075
0.053119
0.168328
0.383378
0.389420
0.754717
0.114360
0.295772
0.445266
0.705988
0.096971
0.258381
1.116024
0.450455
0.456874
0.416433
0.248185
0.353101
0.323895
0.275437
0.494056
0.979264
0.547566
0.779688
1.030151
1.424072
1.225428
0.315547
0.793261
0.531146
1.355794
1.516889
0.752548
0.651043
0.603443
0.766409
0.897577
0.887294
1.555197
0.514679
1.338088
0.439352
1.131661
0.747014
0.767211
0.463178
0.850119
1.391459
0.751402
1.345675
1.085452
0.799486
0.606675
0.840726
0.526415
0.714216
0.457861
0.402052
0.807523
0.661881
1.412768
0.767594
0.360674
0.464727
0.609691
0.430447
0.757973
0.487494
0.565985
0.539372
0.470231
0.495488
0.538459
0.558517
0.696113
0.578608
0.555668
0.576590
0.610345
0.437040
0.525192
0.501006
0.505095
0.366384
0.436359
0.425306
0.305411
0.293452
0.416102
0.428273
0.433644
0.359935
0.445720
0.378423
0.451105
0.664725
0.483499
0.416621
0.347973
0.359842
0.417553
0.360757
0.376716
0.428188
0.427664
0.444499
0.486785
0.467867
0.352494
0.545591
0.331265
0.475733
0.322704
0.376012
0.454017
0.440152
0.523721
0.447976
0.341218
0.406938
0.474021
0.389740
0.455918
0.389380
0.438090
0.276028
0.296361
0.195151
0.304990
0.350207
0.397642
0.337234
0.175495
0.164002
0.220181
0.388331
0.255358
0.478260
0.354655
0.361097
0.489461
0.407637
0.368054
0.335308
0.274776
0.158011
0.515464
0.398225
0.485611
0.252135
0.478506
0.445623
0.286299
0.219058
0.253933
0.385870
0.259074
0.341168
0.277453
0.419000
0.461706
0.211954
0.369469
0.324249
0.377845
0.314778
0.598186
0.449062
0.399610
0.232395
0.325887
0.262197
0.194384
0.183129
0.681585
0.073933
0.452815
0.005199
0.353292
0.197964
0.498213
0.496248
1.558884
0.535168
0.324980
0.188613
0.363023
0.415489
0.215940
1.045096
0.601447
0.033703
0.436180
0.711053
0.109641
0.006743
0.340402
0.070577
0.104377
0.522317
0.437853
0.368132
1.789327
0.417760
0.319316
0.167876
0.056521
0.408044
0.340510
0.239533
0.323292
0.418418
0.306776
0.133471
0.099827
0.418728
0.027810
0.346101
0.209143
0.165893
0.519824
0.423631
0.412517
0.207509
0.099006
0.387127
0.453432
0.832687
0.619017
0.365125
0.215884
0.236115
0.163512
0.458279
0.010026
0.644707
0.269669
0.579078
0.506891
0.795339
0.303392
0.278120
0.135936
0.257601
0.130551
0.188136
0.080026
0.452376
0.560497
0.666704
0.009239
0.307464
0.354408
0.820484
0.188481
0.296795
0.388484
0.331202
0.147133
0.175098
0.301782
0.386015
0.218047
0.806411
0.168770
0.460445
0.233601
0.444769
0.447977
0.301074
0.906923
0.376748
0.401085
0.328132
0.323183
0.288672
0.528713
0.174161
0.260346
0.238696
0.370613
0.409786
0.381797
0.054745
0.375744
0.342281
0.547425
0.444686
0.853711
0.122303
0.661724
0.093676
0.693305
0.256604
0.099153
0.200417
0.392376
1.033863
0.349039
0.146430
0.208524
0.176402
0.404751
0.381407
0.423175
0.308782
0.485220
0.379417
0.231810
0.241510
0.322547
0.316092
0.467794
0.815147
0.877909
0.293861
0.069042
0.396902
0.176186
0.348228
0.303886
0.251674
0.150334
0.455053
0.528378
0.269452
0.399791
0.597124
0.349579
0.565152
0.575880
0.529392
0.403383
0.636937
0.248720
0.068828
0.930676
0.206897
0.486951
0.274000
0.188564
0.380376
0.122246
0.501712
0.352380
0.062600
1.062517
0.180724
0.052884
0.168524
0.383354
0.390243
0.755434
0.114328
0.295763
0.446445
0.707197
0.096324
0.258268
1.118436
0.450755
0.457942
0.418025
0.248042
0.354112
0.324315
0.276011
0.495002
0.980842
0.549516
0.781757
1.031757
1.427131
1.227245
0.316042
0.794510
0.531953
1.358063
1.519683
0.753956
0.652315
0.602812
0.767596
0.899714
0.889188
1.557853
0.516019
1.340422
0.438242
1.134032
0.748972
0.768968
0.464983
0.850664
1.393656
0.751255
1.348044
1.087559
0.799115
0.606472
0.840347
0.526481
0.713975
0.457645
0.401949
0.806062
0.660940
1.411018
0.767031
0.360460
0.464675
0.610037
0.430483
0.757683
0.487039
0.565831
0.539249
0.470546
0.495325
0.538331
0.558088
0.695792
0.577854
0.555599
0.576443
0.610025
0.436956
0.525003
0.501130
0.504919
0.366321
0.436029
0.424988
0.305678
0.293432
0.415901
0.428129
0.433199
0.359971
0.445928
0.378312
0.451500
0.665353
0.483710
0.416577
0.348031
0.359639
0.417347
0.360493
0.376662
0.427985
0.427571
0.444062
0.485856
0.467976
0.352417
0.545383
0.330549
0.475337
0.322110
0.375352
0.453501
0.439532
0.523496
0.447538
0.341104
0.407050
0.474386
0.389829
0.455057
0.388496
0.437253
0.275411
0.295458
0.194671
0.304383
0.350028
0.397545
0.337356
0.175294
0.163206
0.219424
0.388123
0.254999
0.477794
0.353756
0.360209
0.488581
0.406745
0.368302
0.335720
0.274637
0.157476
0.515401
0.398571
0.485673
0.252088
0.477864
0.446359
0.286294
0.219192
0.253560
0.385896
0.258876
0.340206
0.277797
0.419311
0.461788
0.211684
0.368903
0.323703
0.377585
0.314310
0.598455
0.448958
0.400015
0.232252
0.325765
0.262658
0.195269
0.182277
0.680620
0.073697
0.451467
0.005092
0.352189
0.198526
0.498317
0.494981
1.561350
0.534111
0.325860
0.188600
0.361859
0.414535
0.215799
1.046055
0.600605
0.033415
0.435974
0.709452
0.109053
0.006793
0.340343
0.070307
0.103863
0.521329
0.438339
0.368389
1.791828
0.418588
0.318741
0.167130
0.056165
0.407163
0.339747
0.240327
0.322577
0.418106
0.306656
0.133468
0.099266
0.417743
0.028042
0.345848
0.208659
0.165185
0.518609
0.423570
0.411512
0.206821
0.099066
0.387092
0.453447
0.834280
0.618448
0.364592
0.216142
0.236148
0.163913
0.458793
0.009923
0.644560
0.269997
0.580046
0.505933
0.795494
0.303567
0.278107
0.135838
0.257444
0.130538
0.188022
0.080024
0.452542
0.560124
0.667890
0.009376
0.307513
0.354614
0.820569
0.187801
0.296081
0.388177
0.331357
0.146817
0.175121
0.301579
0.386097
0.217685
0.807042
0.168549
0.460157
0.233933
0.444617
0.447413
0.301374
0.906652
0.376284
0.401377
0.328308
0.322838
0.288489
0.528791
0.174442
0.259778
0.238239
0.370006
0.409928
0.381908
0.054841
0.376045
0.342134
0.548205
0.444255
0.854276
0.122211
0.661896
0.093712
0.693442
0.256182
0.098737
0.200226
0.392319
1.035327
0.349026
0.146333
0.208505
0.176646
0.404464
0.380764
0.423300
0.308533
0.485360
0.379577
0.231264
0.241910
0.322455
0.315898
0.468264
0.815373
0.878284
0.293719
0.068886
0.397252
0.175818
0.348220
0.303441
0.251454
0.150285
0.455181
0.528658
0.268900
0.399389
0.597646
0.349746
0.565220
0.575062
0.529472
0.403320
0.636868
0.248234
0.068517
0.930982
0.206730
0.487528
0.273584
0.188349
0.380773
0.122187
0.501940
0.352239
0.062510
1.062826
0.180591
0.052796
0.168603
0.383346
0.390563
0.755713
0.114318
0.295762
0.446902
0.707665
0.096077
0.258227
1.119368
0.450873
0.458356
0.418641
0.247989
0.354505
0.324479
0.276234
0.495369
0.981453
0.550270
0.782557
1.032358
1.428312
1.227947
0.316236
0.794993
0.532266
1.358938
1.520762
0.754501
0.652806
0.602571
0.768055
0.900540
0.889921
1.558878
0.516537
1.341323
0.437816
1.134948
0.749729
0.769647
0.465681
0.850876
1.394504
0.751200
1.348957
1.088373
0.798976
0.606399
0.840205
0.526510
0.713885
0.457565
0.401911
0.805505
0.660577
1.410344
0.766815
0.360379
0.464657
0.610173
0.430498
0.757573
0.486865
0.565774
0.539205
0.470669
0.495264
0.538283
0.557923
0.695669
0.577566
0.555575
0.576389
0.609903
0.436924
0.524931
0.501179
0.504852
0.366298
0.435903
0.424867
0.305783
0.293426
0.415825
0.428075
0.433030
0.359986
0.446010
0.378271
0.451655
0.665595
0.483791
0.416562
0.348053
0.359563
0.417268
0.360392
0.376643
0.427909
0.427536
0.443896
0.485499
0.468020
0.352388
0.545303
0.330274
0.475185
0.321883
0.375099
0.453304
0.439295
0.523408
0.447371
0.341061
0.407094
0.474528
0.389864
0.454726
0.388157
0.436931
0.275175
0.295112
0.194487
0.304150
0.349960
0.397509
0.337404
0.175218
0.162901
0.219133
0.388044
0.254862
0.477616
0.353411
0.359868
0.488242
0.406402
0.368399
0.335880
0.274585
0.157270
0.515378
0.398706
0.485698
0.252071
0.477618
0.446644
0.286293
0.219245
0.253417
0.385907
0.258800
0.339836
0.277931
0.419432
0.461821
0.211581
0.368685
0.323494
0.377486
0.314131
0.598559
0.448918
0.400170
0.232197
0.325719
0.262836
0.195610
0.181950
0.680249
0.073607
0.450949
0.005051
0.351764
0.198742
0.498356
0.494494
1.562288
0.533707
0.326194
0.188595
0.361419
0.414169
0.215744
1.046404
0.600282
0.033307
0.435893
0.708839
0.108828
0.006814
0.340319
0.070204
0.103666
0.520949
0.438524
0.368486
1.792778
0.418903
0.318521
0.166847
0.056030
0.406826
0.339454
0.240631
0.322302
0.417985
0.306609
0.133466
0.099052
0.417365
0.028132
0.345751
0.208473
0.164914
0.518141
0.423544
0.411125
0.206557
0.099089
0.387077
0.453452
0.834889
0.618229
0.364387
0.216240
0.236159
0.164066
0.458980
0.009889
0.644499
0.270113
0.580385
0.505650
0.795548
0.303634
0.278101
0.135801
0.257384
0.130534
0.187978
0.080023
0.452607
0.559980
0.668350
0.009430
0.307533
0.354694
0.820602
0.187539
0.295805
0.388059
0.331417
0.146695
0.175131
0.301501
0.386129
0.217546
0.807286
0.168464
0.460046
0.234063
0.444559
0.447195
0.301491
0.906547
0.376105
0.401490
0.328377
0.322705
0.288419
0.528822
0.174551
0.259559
0.238063
0.369772
0.409983
0.381952
0.054879
0.376161
0.342078
0.548507
0.444088
0.854495
0.122176
0.661963
0.093726
0.693495
0.256019
0.098577
0.200152
0.392297
1.035894
0.349022
0.146295
0.208497
0.176741
0.404353
0.380515
0.423348
0.308438
0.485414
0.379639
0.231053
0.242065
0.322420
0.315823
0.468446
0.815462
0.878430
0.293664
0.068826
0.397387
0.175676
0.348218
0.303270
0.251369
0.150266
0.455231
0.528766
0.268687
0.399234
0.597848
0.349811
0.565246
0.574746
0.529503
0.403297
0.636842
0.248046
0.068397
0.931101
0.206666
0.487751
0.273423
0.188266
0.380926
0.122164
0.502029
0.352185
0.062476
1.062945
0.180540
0.052762
0.168633
0.383344
0.390687
0.755822
0.114314
0.295762
0.447078
0.707847
0.095982
0.258212
1.119729
0.450919
0.458517
0.418879
0.247969
0.354657
0.324543
0.276321
0.495512
0.981688
0.550562
0.782866
1.032564
1.428769
1.228219
0.316311
0.795181
0.532388
1.359276
1.521180
0.754712
0.652997
0.602477
0.768234
0.900859
0.890204
1.559275
0.516738
1.341673
0.437651
1.135302
0.750022
0.769910
0.465951
0.850958
1.394831
0.751179
1.349310
1.088686
