12.986163
12.911029
12.731373
12.621932
12.790174
12.347891
12.452058
11.917730
12.318223
11.262047
10.521642
10.427354
9.100713
7.508138
5.813921
3.928205
2.134554
0.858647
0.333845
0.669817
1.209737
1.218140
0.934324
0.798997
0.616038
0.393451
0.228931
0.268207
0.245207
0.323193
0.283382
0.346423
0.277929
0.232018
0.265705
0.237570
0.211351
0.194299
0.192545
0.194816
0.227375
0.214626
0.176597
0.217680
0.223995
0.191435
0.188062
0.178694
0.187773
0.262447
0.227868
0.206561
0.171638
0.233302
0.204404
0.189291
0.215547
0.173971
0.178873
0.220083
0.177410
0.212317
0.174792
0.144876
0.250986
0.192668
0.152319
0.197592
0.182410
0.253914
0.297087
0.223946
0.235467
0.238682
0.247229
0.172760
0.201025
0.195826
0.221254
0.202038
0.172282
0.186209
0.204163
0.233064
0.215778
0.203518
0.194976
0.205216
0.208972
0.226465
0.180899
0.202982
0.214237
0.225983
0.232584
0.243734
0.190136
0.164678
0.223934
0.142581
0.266276
0.200893
0.224022
0.187758
0.255031
0.303469
0.296812
0.257435
0.202431
0.224130
0.191331
0.186388
0.189042
0.195107
0.223018
0.248684
0.228528
0.180850
0.196987
0.265411
0.221846
0.258913
0.177965
0.220478
0.172959
0.225879
0.197548
0.181313
0.190479
0.220269
0.191769
0.160871
0.200045
0.170660
0.177710
0.206147
0.150732
0.185019
0.194341
0.215068
0.196080
0.251968
0.189153
0.178827
0.166699
0.214044
0.245497
0.194925
0.279391
0.173570
0.195878
0.225738
0.189969
0.245959
0.196643
0.192118
0.203658
0.196292
0.292449
0.187400
0.185276
0.206899
0.205734
0.247387
0.212424
0.175497
0.258432
0.165148
0.251969
0.210243
0.237348
0.183217
0.204930
0.225723
0.209131
0.169769
0.201362
0.248703
0.187665
0.189139
0.199873
0.213480
0.208536
0.183530
0.181268
0.218939
0.198193
0.208440
0.294123
0.197452
0.183164
0.223446
0.186252
0.184958
0.180148
0.259000
0.173109
0.223931
0.194670
0.224925
0.228223
0.147290
0.212638
0.166533
0.208527
0.211088
0.264496
0.191312
0.152800
0.214433
0.223310
0.185039
0.206106
0.202417
0.191319
0.254212
0.166042
0.188595
0.193981
0.180390
0.160888
0.277657
0.160376
0.180936
0.174870
0.139338
0.182423
0.225957
0.214210
0.205003
0.180209
0.183155
0.149444
0.192250
0.176918
0.203320
0.261658
0.191751
0.262054
0.222844
0.233005
0.174862
0.195815
0.172698
0.227784
0.183763
0.154946
0.264875
0.207738
0.148137
0.205428
0.189929
0.211961
0.209781
0.194450
0.164597
0.196684
0.213073
0.192599
0.181894
0.222632
0.206747
0.147714
0.188129
0.251477
0.174319
0.216720
0.198854
0.189943
0.192288
0.209608
0.181727
0.173477
0.246739
0.227300
0.249888
0.201502
0.205886
0.186468
0.185229
0.238813
0.178514
0.227355
0.203628
0.180448
0.210654
0.204712
0.171235
0.159551
0.200312
0.195503
0.262286
0.165963
0.167699
0.206239
0.212591
0.186370
0.222287
0.117389
0.200908
0.204669
0.175085
0.198594
0.185513
0.168280
0.200032
0.178744
0.185541
0.190776
0.201401
0.165137
0.198935
0.217072
0.178065
0.172440
0.163489
0.176032
0.173512
0.261590
0.208253
0.246752
0.222019
0.240527
0.180213
0.177716
0.162167
0.207658
0.185466
0.231118
0.162171
0.165351
0.224969
0.225901
0.163289
0.183511
0.181827
0.220159
0.200112
0.188083
0.171555
0.215445
0.198109
0.201888
0.214358
0.158871
0.225742
0.215603
0.182935
0.214874
0.194654
0.198268
0.177290
0.207789
0.223961
0.189882
0.208988
0.198437
0.124067
0.198954
0.182969
0.226720
0.198514
0.173972
0.175940
0.193911
0.180600
0.183278
0.207170
0.241385
0.180608
0.155793
0.208815
0.216474
0.234854
0.209240
0.219210
0.197824
0.257389
0.175535
0.261600
0.172433
0.174275
0.239068
0.220043
0.199732
0.189677
0.190288
0.190876
0.215592
0.203129
0.173330
0.207213
0.222078
0.189184
0.185692
0.176413
0.186844
0.258783
0.222270
0.203305
0.169334
0.231310
0.203064
0.188244
0.214922
0.173769
0.178937
0.219759
0.177280
0.211894
0.174670
0.144829
0.250700
0.192499
0.152135
0.197374
0.182228
0.253743
0.296670
0.223842
0.235361
0.239885
0.247810
0.172990
0.201762
0.195697
0.221088
0.202232
0.172079
0.186550
0.204271
0.237416
0.219189
0.202851
0.194961
0.205210
0.209550
0.225534
0.182555
0.202975
0.214507
0.225683
0.232809
0.244076
0.190178
0.164710
0.224129
0.142494
0.266698
0.200721
0.224282
0.187954
0.255097
0.303423
0.296851
0.257416
0.202476
0.224293
0.191315
0.186479
0.187751
0.195110
0.223398
0.248969
0.228580
0.181220
0.196887
0.265991
0.222049
0.259017
0.178157
0.220554
0.172801
0.226238
0.197670
0.181498
0.190396
0.220547
0.191918
0.160858
0.200110
0.170689
0.177779
0.206194
0.150752
0.184996
0.194264
0.215151
0.196105
0.251965
0.189191
0.178810
0.166754
0.214068
0.245439
0.194936
0.279330
0.173581
0.195879
0.225735
0.189973
0.245919
0.196648
0.192111
0.203654
0.196302
0.292449
0.187403
0.185278
0.206899
0.205730
0.247393
0.212426
0.175497
0.258431
0.165145
0.251969
0.210246
0.237362
0.183234
0.204933
0.225719
0.209122
0.169767
0.201357
0.248700
0.187659
0.189153
0.199869
0.213491
0.208551
0.183532
0.181255
0.218929
0.198193
0.208446
0.294121
0.197454
0.183175
0.223442
0.186241
0.184959
0.180148
0.259001
0.173107
0.223936
0.194663
0.224931
0.228235
0.147275
0.212643
0.166535
0.208530
0.211089
0.264489
0.191312
0.152813
0.214447
0.223300
0.185039
0.206096
0.202405
0.191319
0.254210
0.166032
0.188597
0.193984
0.180388
0.160888
0.277660
0.160373
0.180936
0.174870
0.139338
0.182420
0.225955
0.214210
0.205003
0.180207
0.183155
0.149444
0.192250
0.176918
0.203319
0.261659
0.191745
0.262055
0.222842
0.233005
0.174862
0.195812
0.172699
0.227783
0.183764
0.154946
0.264875
0.207739
0.148135
0.205428
0.189926
0.211960
0.209777
0.194449
0.164595
0.196686
0.213067
0.192604
0.181893
0.222623
0.206745
0.147717
0.188135
0.251476
0.174306
0.216727
0.198859
0.189941
0.192283
0.209608
0.181718
0.173493
0.246712
0.227299
0.249893
0.201495
0.205883
0.186467
0.185230
0.238813
0.178509
0.227358
0.203625
0.180447
0.210656
0.204708
0.171233
0.159551
0.200308
0.195503
0.262278
0.165962
0.167694
0.206237
0.212589
0.186369
0.222287
0.117389
0.200909
0.204667
0.175086
0.198595
0.185517
0.168268
0.200034
0.178744
0.185537
0.190780
0.201411
0.165134
0.198929
0.217071
0.178053
0.172439
0.163489
0.176034
0.173514
0.261587
0.208240
0.246761
0.222022
0.240526
0.180206
0.177715
0.162168
0.207665
0.185466
0.231129
0.162169
0.165348
0.224968
0.225900
0.163289
0.183518
0.181812
0.220156
0.200112
0.188087
0.171557
0.215441
0.198109
0.201887
0.214357
0.158873
0.225744
0.215597
0.182935
0.214877
0.194657
0.198269
0.177289
0.207792
0.223956
0.189882
0.208987
0.198433
0.124069
0.198959
0.182958
0.226719
0.198522
0.173973
0.175940
0.193912
0.180600
0.183279
0.207172
0.241386
0.180604
0.155791
0.208821
0.216464
0.234844
0.209241
0.219215
0.197819
0.257391
0.175537
0.261606
0.172409
0.174269
0.239068
0.220042
0.199733
0.189685
0.190299
0.190880
0.215577
0.203112
0.173330
0.207211
0.222076
0.189187
0.185696
0.176404
0.186864
0.258774
0.222265
0.203301
0.169334
0.231311
0.203065
0.188250
0.214920
0.173785
0.178947
0.219753
0.177279
0.211888
0.174670
0.144829
0.250707
0.192509
0.152141
0.197373
0.182230
0.253746
0.296659
0.223843
0.235370
0.238542
0.247153
0.172712
0.201048
0.195764
0.221331
0.202001
0.172307
0.186188
0.204110
0.236197
0.218206
0.203033
0.194956
0.205206
0.209426
0.225717
0.182152
0.202953
0.214424
0.225745
0.232741
0.243982
0.190152
0.164703
0.224082
0.142512
0.266593
0.200758
0.224217
0.187904
0.255077
0.303413
0.296848
0.257440
0.202429
0.224225
0.191316
0.186467
0.187740
0.195110
0.223401
0.248960
0.228586
0.181230
0.196888
0.265978
0.222048
0.259001
0.178162
0.220554
0.172802
0.226237
0.197670
0.181498
0.190396
0.220546
0.191918
0.160857
0.200108
0.170689
0.177779
0.206195
0.150752
0.184996
0.194263
0.215152
0.196105
0.251967
0.189187
0.178811
0.166753
0.214068
0.245438
0.194936
0.279328
0.173581
0.195879
0.225735
0.189973
0.245920
0.196651
0.192112
0.203655
0.196297
0.292449
0.187402
0.185279
0.206901
0.205735
0.247398
0.212429
0.175497
0.258430
0.165141
0.251969
0.210247
0.237370
0.183245
0.204935
0.225717
0.209118
0.169767
0.201355
0.248698
0.187656
0.189159
0.199867
0.213496
0.208559
0.183533
0.181248
0.218924
0.198193
0.208448
0.294119
0.197455
0.183180
0.223441
0.186236
0.184960
0.180148
0.259001
0.173107
0.223938
0.194660
0.224934
0.228240
0.147268
0.212646
0.166536
0.208531
0.211090
0.264485
0.191312
0.152818
0.214453
0.223295
0.185040
0.206092
0.202400
0.191319
0.254210
0.166028
0.188598
0.193985
0.180387
0.160887
0.277662
0.160371
0.180936
0.174871
0.139338
0.182419
0.225954
0.214210
0.205003
0.180206
0.183156
0.149444
0.192250
0.176918
0.203318
0.261660
0.191743
0.262055
0.222841
0.233005
0.174862
0.195811
0.172699
0.227783
0.183764
0.154945
0.264874
0.207739
0.148134
0.205428
0.189925
0.211960
0.209776
0.194449
0.164595
0.196687
0.213064
0.192607
0.181893
0.222620
0.206744
0.147719
0.188137
0.251476
0.174300
0.216731
0.198861
0.189940
0.192281
0.209608
0.181713
0.173500
0.246702
0.227298
0.249895
0.201492
0.205882
0.186467
0.185230
0.238813
0.178507
0.227359
0.203624
0.180447
0.210657
0.204706
0.171233
0.159551
0.200305
0.195503
0.262275
0.165962
0.167692
0.206236
0.212588
0.186369
0.222287
0.117389
0.200910
0.204666
0.175086
0.198595
0.185518
0.168262
0.200035
0.178744
0.185535
0.190782
0.201416
0.165132
0.198926
0.217070
0.178048
0.172438
0.163489
0.176035
0.173515
0.261592
0.208234
0.246766
0.222023
0.240525
0.180203
0.177715
0.162168
0.207668
0.185465
0.231135
0.162168
0.165347
0.224967
0.225900
0.163289
0.183522
0.181805
0.220154
0.200112
0.188089
0.171557
0.215439
0.198109
0.201887
0.214356
0.158874
0.225744
0.215593
0.182935
0.214878
0.194659
0.198270
0.177289
0.207793
0.223954
0.189881
0.208987
0.198432
0.124070
0.198962
0.182956
0.226717
0.198525
0.173973
0.175940
0.193913
0.180601
0.183279
0.207173
0.241386
0.180602
0.155790
0.208824
0.216459
0.234839
0.209242
0.219216
0.197816
