10.512829
9.860324
10.478336
9.193995
10.047639
9.683863
9.478174
12.680027
11.366905
13.939536
10.766410
9.585659
9.224086
8.644635
9.133535
10.080033
10.140325
9.632212
9.418441
8.378716
9.500578
9.444013
10.093828
9.998178
10.814057
9.306516
9.520074
9.748389
9.158104
9.385906
8.650734
9.229552
8.952745
9.591029
9.635957
8.070609
8.761511
9.303402
9.072757
9.783214
8.685630
8.194422
8.928413
7.748156
7.448475
8.212503
8.702998
8.453337
8.960091
9.048365
9.092188
8.559954
9.043644
8.779047
9.565239
10.630769
8.258819
8.585159
8.902384
10.044105
9.488645
9.803531
9.855554
9.475726
9.777391
8.999311
9.346929
8.497905
8.041831
7.448648
7.966558
10.360119
10.435917
10.540411
9.946613
10.089615
8.943240
9.473720
8.261698
8.428567
8.034736
7.479315
9.734565
9.708075
8.390200
8.691686
9.145949
9.995517
10.182207
9.997450
10.484191
7.592309
6.636573
8.104564
8.940713
8.023085
6.422018
7.749890
7.744742
9.201055
5.913481
7.721706
7.239057
8.675745
7.498292
7.648056
9.976118
6.778139
6.799170
7.845403
7.814529
9.074948
8.796374
8.129816
8.642210
7.030605
7.887808
6.340778
7.688827
7.812666
6.340674
4.671575
9.148455
10.215326
7.750901
9.918849
7.450988
10.496577
5.269388
7.161903
10.712028
0.399113
10.660445
6.469435
7.186846
10.056907
9.813686
7.318110
5.304264
9.871425
7.737638
7.884968
11.404202
8.493408
7.187820
7.501064
7.366741
8.104632
9.833522
5.765903
6.070928
1.530545
5.256706
8.778568
8.378444
7.447916
9.399810
8.955574
5.023903
8.660323
7.880733
7.314534
6.526893
8.125057
9.583929
6.351782
7.403603
7.663527
9.023219
10.391927
7.051079
9.811779
8.210609
6.187226
6.764317
3.991462
5.547081
1.868876
8.444680
8.252408
5.668885
6.230301
4.925598
5.175460
6.780591
7.220542
5.753342
4.345120
9.483154
6.572331
5.968565
6.458761
6.422040
6.682460
6.197589
6.640749
6.252965
6.713831
7.694730
3.514223
2.331432
5.539626
6.153977
6.646252
8.852607
8.264834
6.968276
5.033551
7.296046
6.121414
6.434261
6.130666
7.145954
4.774855
6.459565
7.044783
4.976806
7.251117
7.846509
5.326690
7.686182
7.474322
5.224269
5.391144
6.712495
6.557338
5.881391
4.874521
7.704993
6.985989
7.806293
5.422234
5.523533
4.714916
4.751206
6.231680
3.671971
7.530417
4.198733
6.035014
5.701270
5.974337
5.386732
7.155118
7.318124
6.104471
5.961767
3.228497
5.695600
5.728433
5.849281
4.948587
6.943580
6.814064
5.552398
6.319034
5.047437
5.351372
7.302562
4.755802
5.726499
6.240960
3.983536
5.140353
5.312168
5.766323
5.574456
4.399462
6.547301
5.374056
6.794030
6.079705
4.050679
5.179826
4.757305
7.264031
6.954616
3.999063
4.706343
6.706967
8.263988
5.206483
5.271749
6.154472
6.600553
5.829434
4.536662
5.632171
3.340555
6.700105
5.193727
3.674306
4.718679
4.660791
5.676848
5.114502
5.760757
5.063200
5.392807
4.036147
5.105541
4.415516
4.409003
4.924058
4.928243
3.850666
3.963460
5.459318
4.925342
3.332215
4.831596
3.970755
2.656271
5.009367
3.199175
4.143065
3.891021
3.737964
3.369008
2.907221
1.956857
3.435219
1.554335
3.084262
4.381402
3.373717
3.820841
2.980585
1.173023
2.639212
3.049287
6.167638
3.308659
2.250548
2.523288
2.018793
2.846293
2.013157
5.906834
1.774545
2.013457
2.246561
2.030745
4.392658
2.883664
5.228808
2.399093
1.772816
5.483068
4.977579
5.467586
4.490302
5.126021
4.788793
4.633348
6.920939
5.983153
7.958619
5.606894
4.675964
4.467328
4.122344
4.379288
5.130564
5.081624
4.759222
4.614387
3.889090
4.654490
4.630910
5.078969
5.058484
5.566158
4.545538
4.692193
4.868603
4.407526
4.600209
4.091726
4.495800
4.258893
4.706951
4.737655
3.653435
4.109893
4.515321
4.369869
4.845369
4.094570
3.797939
4.264637
3.506580
3.369859
3.831418
4.140862
3.943557
4.303537
4.368065
4.377419
4.047140
4.386340
4.196808
4.731109
5.470322
3.867645
4.062877
4.332107
5.035083
4.701458
4.874976
4.930051
4.718787
4.881783
4.374861
4.619476
4.025455
3.741074
3.367315
3.692866
5.313104
5.326500
5.471272
4.977875
5.079049
4.288531
4.692565
3.899207
4.022268
3.718292
3.361001
4.820641
4.828334
3.988337
4.163144
4.557705
5.072905
5.192723
5.089162
5.428881
3.459870
2.849277
3.789779
4.313969
3.840514
2.751932
3.652171
3.589924
4.636986
2.451325
3.594960
3.232334
4.209519
3.465312
3.508880
5.098217
2.970173
3.022689
3.752002
3.661201
4.525057
4.329417
3.895401
4.232450
3.228400
3.781551
2.731888
3.575132
3.700028
2.674115
1.597761
4.528182
5.417636
3.586193
5.083965
3.370244
5.519753
2.048564
3.330998
5.698556
0.065652
5.705221
2.763801
3.275143
5.220659
5.097269
3.409692
2.335818
5.202628
3.608212
3.820328
6.231909
4.140957
3.246405
3.560861
3.383955
3.887982
5.175453
2.475177
2.664801
0.132578
2.051871
4.402649
4.092949
3.457701
4.870710
4.553817
1.918468
4.353239
3.874783
3.469275
2.905731
3.943352
5.013082
2.747033
3.645540
3.679231
4.594514
5.599530
3.348797
5.196702
4.046631
2.671201
3.185693
1.305605
2.712054
0.263978
4.368567
4.161832
2.421230
2.762377
1.964121
2.164371
3.085807
3.588953
2.477239
1.655791
5.046915
3.190886
2.628062
2.980433
2.907617
3.125651
2.772630
3.081427
2.796857
3.161926
3.932849
1.142046
0.479745
2.519985
2.826487
3.323414
4.598599
4.213911
3.397372
2.200374
3.535959
2.774410
3.009669
2.838347
3.465540
2.201878
2.998895
3.489121
2.046453
3.527687
4.019252
2.309389
4.069044
4.289866
2.288350
2.384788
3.233373
3.119543
2.786343
2.008260
3.894439
3.400768
3.993564
2.459720
2.509965
1.867555
2.030443
2.962806
1.351716
3.874390
1.837242
2.778254
2.779506
2.704657
2.547464
3.557792
3.638834
2.860378
2.790431
1.000848
2.646113
2.610514
2.704204
2.090057
3.515970
3.477296
2.578190
3.046215
2.272826
2.391305
3.686485
1.971394
2.684182
3.016243
1.606957
2.504484
2.553966
2.730502
2.516057
1.873400
3.189006
2.514528
3.415645
2.923934
1.919771
2.381012
2.115024
3.721452
3.544733
1.629602
2.084436
3.340792
4.481932
2.397491
2.470622
3.040473
3.284414
2.723763
2.170815
2.654990
1.249304
3.375373
2.445542
1.454901
2.101912
2.120012
2.752485
2.278694
3.068773
2.276078
2.473389
1.664258
2.417166
1.902924
2.095465
2.212573
2.262908
1.587007
1.737024
2.555188
2.266409
1.537875
2.234114
1.641805
0.891387
2.313807
1.177178
1.881237
1.639156
1.529107
1.486886
0.983104
0.830423
1.580430
0.512690
1.476109
2.042334
1.536973
1.733404
1.149729
0.396800
1.062110
1.293407
3.304470
1.549368
0.872061
1.009448
0.881133
1.109101
0.779594
3.147005
0.639865
0.701100
0.983851
0.607605
2.264596
1.428851
2.825787
1.128461
0.620975
2.996779
2.604944
3.012572
2.260777
2.749654
2.437895
2.323923
3.975985
3.307384
4.871090
3.098165
2.345715
2.247212
2.068343
2.167417
2.786367
2.664746
2.473217
2.378210
1.871491
2.393394
2.394269
2.705549
2.738270
3.036391
2.350501
2.452588
2.595045
2.222708
2.392665
2.038930
2.325415
2.115362
2.434605
2.456154
1.698759
1.996433
2.309632
2.222068
2.538798
2.025687
1.857502
2.143686
1.670425
1.643289
1.902619
2.087904
1.925577
2.187277
2.234875
2.220840
2.025782
2.267676
2.127923
2.492931
3.013168
1.925358
2.032147
2.269110
2.677768
2.491924
2.570511
2.627134
2.527796
2.597795
2.271094
2.446448
2.021674
1.850899
1.622573
1.819128
2.924542
2.895963
3.067720
2.639755
2.712658
2.157635
2.477232
1.960688
2.054002
1.808816
1.581863
2.514536
2.544276
2.019487
2.109978
2.464520
2.758594
2.833942
2.783592
3.026154
1.664521
1.280367
1.873205
2.191775
2.009642
1.256979
1.875694
1.775310
2.553353
1.094336
1.796603
1.511769
2.187432
1.725842
1.699150
2.804930
1.375045
1.447071
1.968631
1.837927
2.442331
2.299971
2.016619
2.238677
1.629178
1.983564
1.256438
1.770494
1.895147
1.158082
0.465531
2.390987
3.164511
1.742856
2.805335
1.579593
3.147798
0.812868
1.699332
3.300928
0.697492
3.343852
1.209091
1.586278
2.933992
2.887212
1.719774
1.251696
3.021053
1.773471
2.026344
3.724235
2.160285
1.529373
1.843691
1.638644
1.991606
2.994881
1.171426
1.286036
0.040143
0.800158
2.399399
2.146858
1.699888
2.767134
2.531048
0.724005
2.389554
2.102785
1.799139
1.377822
2.056812
2.877572
1.226945
2.026692
1.915241
2.546642
3.319403
1.761830
3.028125
2.164259
1.199909
1.673641
0.359655
1.670155
0.001719
2.536666
2.319819
1.112803
1.313191
0.834796
1.002414
1.489646
2.031772
1.143989
0.692679
2.977545
1.787628
1.249595
1.513766
1.417069
1.607273
1.336447
1.559370
1.338880
1.642458
2.279968
0.364191
0.028604
1.331653
1.443104
1.941871
2.629843
2.372072
1.856581
1.122521
1.874239
1.371343
1.556827
1.467562
1.850058
1.297301
1.519394
1.948963
0.897238
1.880366
2.305714
1.101431
2.505381
2.103675
1.129532
1.180828
1.732654
1.643706
1.523810
0.887680
2.182870
1.829065
2.278935
1.274902
1.292276
0.752528
0.993305
1.582934
0.562029
2.251407
1.019594
1.402077
1.610882
1.318526
1.428114
1.966027
1.995254
1.486424
1.460751
0.256296
1.390131
1.311040
1.386872
0.949487
2.021374
2.038063
1.362728
1.644632
1.178906
1.181421
2.069295
0.868138
1.420199
1.638347
0.752723
1.488718
1.461439
1.465229
1.235772
0.920999
1.721338
1.353904
1.933559
1.578288
1.205883
1.253557
1.083052
2.133102
2.037241
0.762504
1.060644
1.857304
2.741271
1.255261
1.332195
1.708404
1.826951
1.394876
1.296058
1.403155
0.541212
1.907878
1.331450
0.664696
1.066490
1.130212
1.526089
1.105671
1.983027
1.130921
1.246064
0.771781
1.329554
0.922066
1.235582
1.107750
1.185354
0.754457
0.926182
1.328267
1.188576
0.988208
1.191743
0.762658
0.356204
1.208163
0.482385
1.038663
0.801500
0.716599
0.873003
0.342311
0.676287
0.979225
0.365133
0.915563
0.925085
0.833498
0.854742
0.447395
0.424411
0.532809
0.638746
1.880812
0.889538
0.474844
0.516990
0.648165
0.459013
0.477348
1.785139
0.403468
0.340153
0.655993
0.167148
1.334013
0.963779
1.701858
0.787772
0.362024
1.811138
1.496787
1.845986
1.249244
1.634998
1.339592
1.253087
2.463132
1.979911
3.256801
1.883974
1.254003
1.230611
1.165668
1.153982
1.679902
1.506617
1.404599
1.342881
0.986502
1.338285
1.354871
1.570054
1.638440
1.789983
1.335011
1.404955
1.522490
1.210613
1.363444
1.115954
1.319350
1.127034
1.355739
1.369731
0.837793
1.024139
1.272174
1.223572
1.429002
1.078300
0.999255
1.159058
0.882131
0.929816
1.046923
1.145733
1.006498
1.198576
1.233551
1.202122
1.099704
1.272910
1.166591
1.413040
1.780254
1.048338
1.092688
1.305968
1.509538
1.425055
1.436670
1.493241
1.470428
1.474781
1.271960
1.398175
1.089648
0.996551
0.867892
0.973970
1.721242
1.662442
1.851525
1.468134
1.520341
1.127547
1.387502
1.061851
1.133461
0.927961
0.790328
1.356457
1.400416
1.093163
1.124089
1.449789
1.589386
1.632776
1.618205
1.792241
0.850784
0.622595
0.973112
1.147883
1.166752
0.646036
1.068277
0.940287
1.530487
0.572574
0.969465
0.737506
1.202708
0.936220
0.859604
1.628457
0.682297
0.766796
1.142913
0.983333
1.406368
1.299886
1.120097
1.261103
0.924695
1.139816
0.635767
0.919887
1.043264
0.505905
0.079120
1.304732
1.996532
0.858726
1.617351
0.729908
1.892653
0.347084
0.956994
2.024532
1.526570
2.090461
0.516047
0.798805
1.729293
1.734753
0.928533
0.880958
1.885171
0.878048
1.158292
2.357897
1.159980
0.711675
1.024872
0.799130
1.045770
1.849894
0.636615
0.697898
0.347977
0.298550
1.372760
1.159035
0.842339
1.667387
1.486636
0.256375
1.384288
1.230240
0.996648
0.673580
1.101278
1.747241
0.525176
1.254985
1.041202
1.473378
2.082924
1.008410
1.867484
1.202490
0.524326
0.968603
0.049197
1.291724
0.167210
1.604239
1.379351
0.544358
0.645400
0.389697
0.533578
0.716265
1.284701
0.552596
0.359259
1.869392
1.144499
0.622886
0.824420
0.710091
0.879892
0.665677
0.827571
0.651024
0.910639
1.453828
0.149807
0.042135
0.828093
0.802061
1.301223
1.576991
1.407202
1.101694
0.691088
1.032824
0.710282
0.859995
0.827352
1.037451
0.974876
0.800336
1.186527
0.408145
1.041046
1.419162
0.569020
1.713541
1.259277
0.628461
0.647241
0.989986
0.917641
0.946596
0.409254
1.288766
1.032283
1.380948
0.748046
0.741506
0.273027
0.567688
0.915771
0.308610
1.411796
0.744946
0.734199
1.088023
0.642010
0.938272
1.143342
1.135304
0.815189
0.819826
0.025977
0.799414
0.688937
0.751407
0.437548
1.259616
1.314438
0.795726
0.945888
0.695854
0.615984
1.216408
0.376181
0.814327
0.951496
0.433771
1.055276
0.973180
0.854560
0.613754
0.529158
0.965783
0.813877
1.166283
0.906371
0.978003
0.733874
0.629918
1.287057
1.247418
0.423395
0.610314
1.082097
1.783944
0.719187
0.798060
1.036932
1.066272
0.724141
0.944998
0.785302
0.306339
1.136344
0.808607
0.369758
0.597740
0.692961
0.921072
0.537619
1.475886
0.581115
0.637507
0.399041
0.818267
0.485500
0.883798
0.582200
0.678371
0.419940
0.606330
0.713626
0.678635
0.850981
0.705506
0.391156
0.227273
0.675144
0.239274
0.690358
0.456030
0.388263
0.684513
0.134170
0.811650
0.794122
0.522771
0.809179
0.471948
0.625111
0.530912
0.238598
0.693581
0.436280
0.459446
1.196822
0.705672
0.462532
0.441660
0.742323
0.279188
0.524917
1.137624
0.493015
0.347483
0.684417
0.121197
0.966249
0.900519
1.206220
0.804862
0.432104
1.273322
1.009182
1.319510
0.823810
1.141407
0.856147
0.787073
1.706865
1.344567
2.432926
1.321740
0.771476
0.796732
0.805889
0.721061
1.185467
0.977754
0.933833
0.893383
0.634968
0.874707
0.901047
1.052698
1.143913
1.198851
0.894656
0.942992
1.043640
0.770855
0.911904
0.733509
0.881914
0.700685
0.869519
0.878024
0.493300
0.606158
0.810965
0.787351
0.919325
0.674521
0.653365
0.729831
0.581037
0.677238
0.700614
0.742231
0.617608
0.763544
0.789733
0.746394
0.704170
0.831844
0.746926
0.915168
1.181596
0.682406
0.685328
0.882578
0.951243
0.932684
0.899907
0.955945
0.982779
0.943628
0.821481
0.914995
0.682160
0.639470
0.575636
0.621932
1.134008
1.054917
1.254865
0.900201
0.938360
0.651399
0.871785
0.670754
0.727658
0.547688
0.468111
0.793553
0.846355
0.681186
0.672606
0.978931
1.016822
1.038798
1.047206
1.175867
0.509302
0.382860
0.574109
0.654180
0.804311
0.435140
0.728162
0.581623
1.048263
0.418286
0.614600
0.416837
0.743662
0.604581
0.494797
1.042399
0.412794
0.505020
0.785376
0.606427
0.910159
0.826746
0.714385
0.801832
0.643951
0.767367
0.409072
0.542070
0.664175
0.257256
0.004205
0.770748
1.408560
0.456342
1.015408
0.349238
1.245843
0.217147
0.645393
1.362518
2.243901
1.442678
0.235061
0.455517
1.112160
1.151438
0.581520
0.809090
1.311471
0.461516
0.759284
1.631930
0.673479
0.344434
0.656485
0.416774
0.593330
1.266536
0.452723
0.478655
0.715490
0.135210
0.864944
0.676257
0.444536
1.110463
0.965577
0.112910
0.888093
0.820627
0.632551
0.373476
0.636101
1.167122
0.225521
0.909107
0.627876
0.929105
1.431304
0.672971
1.264794
0.729746
0.238749
0.663340
0.002139
1.199736
0.431301
1.148445
0.917909
0.326344
0.361905
0.251768
0.379718
0.362454
0.947759
0.317308
0.292660
1.294712
0.874199
0.362980
0.523102
0.396852
0.552919
0.375439
0.496976
0.348866
0.579310
1.060325
0.156854
0.198185
0.644915
0.528431
1.027490
1.032777
0.920293
0.752040
0.553055
0.625763
0.421065
0.546985
0.551101
0.647874
0.906168
0.471372
0.828790
0.229197
0.632238
0.979058
0.360657
1.334811
0.845774
0.439614
0.436747
0.642137
0.580335
0.706500
0.233564
0.840331
0.647294
0.929301
0.539284
0.516742
0.094639
0.424281
0.613742
0.277393
0.996099
0.699158
0.430396
0.878926
0.331897
0.750166
0.736791
0.704012
0.507249
0.531429
0.006346
0.543280
0.411919
0.465315
0.232092
0.890128
0.969622
0.553239
0.616753
0.507757
0.373586
0.785321
0.181317
0.544500
0.628292
0.351356
0.897521
0.779195
0.580053
0.331506
0.397447
0.595416
0.584449
0.787630
0.589909
0.952210
0.516575
0.455932
0.855284
0.852192
0.323240
0.436978
0.695561
1.277762
0.488775
0.568625
0.717205
0.687790
0.404313
0.834371
0.499549
0.271278
0.749300
0.584251
0.294471
0.408260
0.523837
0.641720
0.282210
1.260108
0.337097
0.354706
0.270497
0.598646
0.314568
0.768142
0.352395
0.460455
0.314769
0.510489
0.424330
0.457675
0.873985
0.499530
0.260099
0.254904
0.437698
0.191538
0.573407
0.340674
0.283867
0.671476
0.108005
1.010272
0.782505
0.735449
0.848605
0.283946
0.597175
0.427070
0.209879
0.977795
0.480601
0.449266
0.855664
0.691973
0.560993
0.498564
0.910000
0.267116
0.661539
0.818791
0.656678
0.457026
0.807522
0.195317
0.829257
0.962783
0.984899
0.919285
0.581001
1.023658
0.792127
1.076736
0.647003
0.919682
0.640828
0.582929
1.312263
1.028965
1.993525
1.053561
0.555286
0.612188
0.669664
0.536660
0.960498
0.729991
0.723906
0.697157
0.502704
0.668778
0.701270
0.811048
0.916985
0.908377
0.702760
0.736703
0.826052
0.578652
0.711750
0.578405
0.690534
0.516339
0.645708
0.650387
0.361910
0.426379
0.602625
0.595173
0.678766
0.503138
0.519698
0.541318
0.476274
0.604043
0.565771
0.569685
0.454416
0.569885
0.590097
0.538728
0.535731
0.633353
0.562238
0.679007
0.879167
0.532273
0.507827
0.694357
0.674395
0.698824
0.636739
0.692211
0.751368
0.683488
0.614001
0.685873
0.502427
0.492564
0.471001
0.477907
0.835637
0.743039
0.949899
0.613852
0.642596
0.424784
0.619032
0.499462
0.546525
0.383079
0.341344
0.508847
0.567240
0.494982
0.460307
0.753733
0.724769
0.732511
0.755777
0.854500
0.367885
0.307921
0.394596
0.412406
0.648362
0.378306
0.586448
0.427556
0.813026
0.397764
0.462435
0.286888
0.522834
0.467053
0.335340
0.737752
0.315408
0.412504
0.629913
0.438080
0.663436
0.594951
0.526588
0.578747
0.537674
0.600803
0.337839
0.371612
0.492696
0.171075
0.031693
0.497202
1.099447
0.268668
0.696770
0.175427
0.897433
0.207285
0.516296
1.003596
2.788769
1.092721
0.125302
0.304748
0.781750
0.843008
0.427770
0.835486
1.008805
0.261671
0.570747
1.228942
0.427249
0.176184
0.487310
0.238268
0.368720
0.955955
0.403760
0.406350
1.027552
0.099194
0.603005
0.430554
0.254349
0.815826
0.694274
0.088892
0.632743
0.621849
0.463434
0.246128
0.400405
0.855931
0.097964
0.751093
0.425491
0.640739
1.072422
0.521133
0.937648
0.487595
0.119094
0.530621
0.038470
1.206463
0.671219
0.916424
0.682026
0.249827
0.242316
0.227413
0.344763
0.196304
0.792503
0.228511
0.314251
0.983184
0.761981
0.257420
0.390243
0.256026
0.402935
0.249373
0.344307
0.214677
0.425849
0.865966
0.224840
0.363667
0.587933
0.412014
0.910859
0.738728
0.663646
0.585194
0.524743
0.420993
0.293373
0.403551
0.431606
0.453963
0.922398
0.316887
0.655300
0.172728
0.424982
0.751146
0.284468
1.146835
0.634855
0.375778
0.358579
0.473808
0.418772
0.608499
0.177627
0.605507
0.453906
0.692087
0.461101
0.427930
0.036077
0.388503
0.473869
0.314857
0.781455
0.726795
0.288800
0.799257
0.185888
0.683973
0.527307
0.478172
0.362109
0.398959
0.049875
0.431681
0.286496
0.333809
0.153294
0.703697
0.799227
0.449769
0.456363
0.439664
0.269772
0.557717
0.108387
0.422310
0.470989
0.351724
0.848386
0.706184
0.454137
0.200386
0.364852
0.406286
0.487553
0.592810
0.435716
0.988386
0.427111
0.394724
0.625010
0.645740
0.310035
0.375686
0.494423
0.998087
0.389699
0.470064
0.559343
0.491300
0.246135
0.813173
0.363453
0.299350
0.546575
0.488022
0.295811
0.334641
0.463436
0.508959
0.165016
1.168766
0.227125
0.219196
0.235959
0.504300
0.252009
0.741690
0.251014
0.366747
0.294828
0.496542
0.283491
0.361498
0.937559
0.412938
0.222483
0.321147
0.330172
0.208174
0.544571
0.312765
0.263025
0.710398
0.138198
1.187667
0.822009
0.921749
0.921300
0.207618
0.625514
0.405640
0.237451
1.209937
0.555710
0.488625
0.678512
0.728822
0.671051
0.581335
1.065131
0.304536
0.796133
0.655151
0.808625
0.573460
0.932714
0.288358
0.784275
1.047881
0.884687
1.038196
0.722284
0.904558
0.694264
0.961996
0.575215
0.818489
0.543710
0.492994
1.097958
0.866092
1.749755
0.921397
0.456940
0.534387
0.623298
0.458729
0.855987
0.610464
0.628989
0.611047
0.458292
0.576129
0.612522
0.694830
0.810271
0.760019
0.618730
0.643152
0.725003
0.494092
0.621885
0.517898
0.606186
0.436495
0.539925
0.541989
0.316411
0.349095
0.506537
0.509558
0.561359
0.430939
0.472095
0.457678
0.447414
0.595775
0.517003
0.496104
0.386864
0.482265
0.498450
0.441713
0.464339
0.542145
0.479982
0.562879
0.719454
0.472381
0.429878
0.609274
0.531025
0.583566
0.502130
0.557121
0.637395
0.550532
0.515535
0.573078
0.421990
0.433603
0.439739
0.420648
0.676769
0.575171
0.786465
0.462547
0.484977
0.312565
0.489495
0.423463
0.463943
0.311281
0.294380
0.357707
0.419672
0.408553
0.356570
0.641389
0.568221
0.566444
0.599427
0.678262
0.310308
0.294144
0.311670
0.288251
0.580804
0.376148
0.528112
0.360960
0.692680
0.419281
0.396818
0.235871
0.411619
0.410846
0.264535
0.570784
0.285490
0.385731
0.561389
0.360933
0.534304
0.475607
0.436285
0.464976
0.501193
0.524296
0.324408
0.292341
0.412653
0.147484
0.083389
0.349216
0.927872
0.177433
0.518570
0.093204
0.699284
0.233701
0.463486
0.798136
3.183351
0.893008
0.084988
0.237123
0.594707
0.670474
0.357903
0.885259
0.839808
0.160909
0.477413
0.992931
0.295360
0.096069
0.406491
0.151143
0.250820
0.780746
0.402613
0.389584
1.266713
0.106446
0.459694
0.297966
0.158665
0.650486
0.544351
0.103705
0.493266
0.520004
0.381271
0.191738
0.273654
0.678722
0.043192
0.675915
0.320600
0.478344
0.862816
0.449730
0.749022
0.355668
0.068944
0.471657
0.092481
1.240617
0.861301
0.790716
0.553657
0.228000
0.191593
0.240357
0.350545
0.114186
0.717616
0.198039
0.357626
0.803411
0.715611
0.215427
0.329891
0.190263
0.330965
0.193345
0.270386
0.153064
0.351250
0.763872
0.298555
0.502693
0.577723
0.361879
0.860526
0.569327
0.519266
0.500951
0.533372
0.311151
0.235171
0.334718
0.378771
0.351096
0.960542
0.240338
0.565919
0.161859
0.312768
0.624987
0.260157
1.047351
0.519873
0.359565
0.332670
0.387215
0.336648
0.569061
0.166398
0.473880
0.350075
0.558686
0.434650
0.394256
0.022698
0.390407
0.405610
0.365967
0.662702
0.771181
0.219106
0.771229
0.113081
0.664908
0.411589
0.351364
0.289618
0.334943
0.104463
0.381600
0.227028
0.270172
0.125145
0.602871
0.709153
0.404783
0.372894
0.418428
0.224357
0.428660
0.083699
0.364292
0.389187
0.376373
0.839537
0.681142
0.393284
0.135941
0.366943
0.302503
0.446061
0.485041
0.355349
1.036694
0.390397
0.377063
0.492904
0.529683
0.324685
0.357733
0.381751
0.832186
0.345985
0.426641
0.475689
0.381409
0.162131
0.821926
0.294273
0.341394
0.432103
0.445682
0.319580
0.307520
0.445222
0.441602
0.108159
1.129391
0.175047
0.149728
0.234971
0.462655
0.231885
0.746037
0.204417
0.325307
0.303435
0.509174
0.209856
0.318154
1.002739
0.375994
0.218766
0.387985
0.278766
0.241167
0.546621
0.315380
0.270390
0.758347
0.180140
1.329668
0.869777
1.069821
0.991968
0.176651
0.665898
0.412000
0.277215
1.388958
0.626215
0.534896
0.582060
0.772434
0.762560
0.654941
1.186073
0.348374
0.903568
0.567254
0.927409
0.668949
1.033915
0.368458
0.773760
1.122692
0.837786
1.135154
0.833930
0.845131
0.648733
0.905303
0.546704
0.770584
0.498437
0.452401
0.975535
0.777461
1.607911
0.852905
0.410646
0.501553
0.611069
0.425748
0.805512
0.550134
0.584753
0.572604
0.447112
0.533311
0.572238
0.636519
0.758170
0.680626
0.581409
0.599573
0.676497
0.456336
0.580636
0.495800
0.568493
0.401701
0.488181
0.488516
0.303925
0.315859
0.461008
0.470829
0.501898
0.400888
0.458030
0.420135
0.445467
0.607180
0.502034
0.464968
0.359618
0.441945
0.455491
0.395237
0.434476
0.499393
0.443012
0.503916
0.632214
0.449833
0.395597
0.570341
0.454336
0.525060
0.431087
0.485758
0.579682
0.480538
0.467815
0.516088
0.385871
0.411321
0.435288
0.399404
0.590020
0.482627
0.696778
0.380676
0.399051
0.255841
0.421635
0.389983
0.426217
0.280459
0.279468
0.275975
0.340233
0.368278
0.305201
0.584495
0.483044
0.475215
0.514362
0.580532
0.288358
0.300115
0.273513
0.223811
0.552411
0.389373
0.505543
0.333112
0.630622
0.447410
0.369524
0.217830
0.355315
0.389454
0.233848
0.479065
0.280707
0.382899
0.532058
0.326117
0.466541
0.414030
0.393083
0.406907
0.491998
0.489755
0.329727
0.256016
0.375831
0.146293
0.129679
0.269450
0.833047
0.133463
0.419760
0.054882
0.587891
0.263726
0.443623
0.682201
3.444721
0.780695
0.072894
0.207823
0.490378
0.575252
0.327146
0.929544
0.746807
0.110716
0.431864
0.857973
0.225656
0.058770
0.368739
0.109451
0.189886
0.683983
0.414577
0.391770
1.428510
0.123550
0.382871
0.227828
0.111509
0.559860
0.463402
0.125308
0.418822
0.468957
0.342472
0.170190
0.207137
0.580864
0.021350
0.641391
0.267654
0.389765
0.745042
0.417520
0.644292
0.286010
0.049846
0.447100
0.137631
1.273467
0.990274
0.724926
0.486202
0.226223
0.171982
0.259935
0.365680
0.075183
0.683027
0.190766
0.395762
0.704262
0.698490
0.200980
0.304142
0.161165
0.298030
0.170202
0.236222
0.126441
0.316630
0.712378
0.354847
0.598981
0.582511
0.342179
0.840656
0.476511
0.441738
0.460275
0.549515
0.254789
0.210398
0.303415
0.357227
0.298968
0.994578
0.204266
0.521994
0.165850
0.254894
0.558583
0.255869
0.997222
0.460279
0.360152
0.327320
0.344907
0.297061
0.555402
0.169897
0.404180
0.297264
0.487919
0.428802
0.384010
0.024745
0.401688
0.374347
0.407003
0.600812
0.808073
0.186909
0.764228
0.078976
0.663270
0.351493
0.284550
0.255646
0.306076
0.147216
0.361128
0.200870
0.241483
0.117852
0.551728
0.664482
0.387281
0.332196
0.415198
0.206554
0.360498
0.078332
0.338864
0.349447
0.400589
0.843597
0.675457
0.366069
0.106575
0.377484
0.249503
0.430410
0.429642
0.316372
1.074870
0.377544
0.375604
0.422921
0.469302
0.342491
0.356018
0.323392
0.742000
0.328829
0.409636
0.434670
0.324738
0.120896
0.835972
0.261876
0.375213
0.372716
0.429231
0.342431
0.300082
0.443064
0.410219
0.083002
1.114608
0.152706
0.117047
0.242905
0.446462
0.228438
0.757072
0.185244
0.309168
0.316930
0.525035
0.174609
0.300821
1.049623
0.362421
0.224839
0.435776
0.256607
0.268901
0.556025
0.325102
0.282900
0.794842
0.213073
1.421787
0.906783
1.165473
1.041864
0.166431
0.697829
0.423812
0.308759
1.503327
0.678476
0.572456
0.526955
0.809719
0.831432
0.711977
1.274315
0.385725
0.982848
0.517677
1.014124
0.740273
1.108978
0.429581
0.775129
1.180275
0.815140
1.207282
0.915703
0.814170
0.626897
0.876111
0.536051
0.747149
0.476715
0.433742
0.902965
0.727118
1.522491
0.815773
0.388111
0.487866
0.610945
0.411917
0.780129
0.518209
0.563433
0.555055
0.447548
0.512843
0.553412
0.605773
0.731492
0.635904
0.564452
0.578456
0.652097
0.439019
0.560985
0.488781
0.551146
0.386250
0.461487
0.460652
0.303170
0.301341
0.438334
0.452631
0.469947
0.388395
0.456104
0.402624
0.451536
0.622081
0.499430
0.451623
0.348832
0.422464
0.434235
0.371630
0.421863
0.478204
0.425639
0.471918
0.581395
0.441973
0.379920
0.551551
0.410417
0.493208
0.390868
0.445297
0.548272
0.440925
0.443002
0.485080
0.368739
0.403380
0.439210
0.392115
0.539035
0.427743
0.643767
0.332846
0.348480
0.224730
0.383058
0.374346
0.407719
0.266551
0.276175
0.227973
0.293732
0.347954
0.277424
0.552995
0.432576
0.420644
0.463915
0.521547
0.280145
0.310610
0.254380
0.187008
0.539784
0.404678
0.496787
0.320789
0.595286
0.472671
0.357511
0.212020
0.323749
0.381352
0.219476
0.423590
0.283725
0.387220
0.518517
0.308862
0.427064
0.378699
0.370112
0.373891
0.491917
0.472565
0.339404
0.237582
0.357036
0.151529
0.166964
0.221597
0.775079
0.109732
0.358950
0.034927
0.518529
0.289960
0.436093
0.609656
3.627488
0.710544
0.070547
0.193818
0.425539
0.516557
0.312092
0.965323
0.689534
0.082431
0.406705
0.772147
0.184058
0.039141
0.348780
0.086788
0.154127
0.623864
0.428317
0.398847
1.544127
0.140749
0.336162
0.185641
0.084944
0.503717
0.413783
0.145500
0.373581
0.439637
0.321466
0.160923
0.167190
0.519519
0.011832
0.623197
0.236862
0.334612
0.669897
0.400818
0.577990
0.243663
0.042049
0.435546
0.173785
1.301182
1.083819
0.685063
0.445190
0.230172
0.163702
0.278492
0.381178
0.053592
0.664418
0.190879
0.427000
0.641317
0.691798
0.196112
0.291501
0.146212
0.280430
0.159299
0.217744
0.113124
0.297809
0.681938
0.398477
0.670098
0.590705
0.333524
0.831876
0.417559
0.393289
0.437138
0.565466
0.220821
0.198151
0.286662
0.347183
0.267837
1.022755
0.184161
0.496462
0.173328
0.219706
0.517503
0.257606
0.967303
0.423832
0.365209
0.328272
0.320326
0.274335
0.550582
0.176907
0.360586
0.265324
0.443539
0.429305
0.381454
0.030683
0.414007
0.357199
0.439902
0.562430
0.838072
0.169068
0.763807
0.059779
0.666554
0.314254
0.242629
0.236474
0.290431
0.181252
0.351275
0.187058
0.225900
0.117111
0.520520
0.637752
0.379412
0.308191
0.417222
0.198433
0.317345
0.078835
0.325396
0.326006
0.421650
0.850618
0.675681
0.351295
0.090278
0.388977
0.216713
0.423634
0.395144
0.293305
1.105534
0.372669
0.378665
0.378156
0.431221
0.358967
0.358858
0.286665
0.683033
0.320844
0.401749
0.409978
0.289081
0.096019
0.849748
0.243142
0.402817
0.335059
0.421616
0.362334
0.298759
0.445424
0.392101
0.069232
1.108083
0.140880
0.097959
0.252300
0.438908
0.229822
0.768604
0.175566
0.301611
0.330164
0.539903
0.153638
0.292385
1.086265
0.356600
0.232812
0.473047
0.244730
0.292055
0.566286
0.335582
0.295330
0.824083
0.239796
1.489933
0.936054
1.235987
1.080340
0.162889
0.723720
0.435635
0.334343
1.586473
0.717348
0.601210
0.494716
0.837667
0.879930
0.752746
1.335374
0.413641
1.038015
0.489041
1.074073
0.790190
1.161296
0.472818
0.779561
1.221171
0.803975
1.257565
0.972209
0.797609
0.616245
0.860686
0.532627
0.735434
0.466102
0.425108
0.859443
0.697966
1.470644
0.795150
0.376918
0.482390
0.614238
0.406326
0.767054
0.500891
0.552975
0.547027
0.451162
0.502909
0.544537
0.589170
0.717515
0.610226
0.556750
0.568055
0.639557
0.431060
0.551504
0.487483
0.543136
0.379467
0.447404
0.445805
0.305892
0.295133
0.426828
0.444019
0.452404
0.383468
0.458021
0.394425
0.458624
0.634897
0.500881
0.446096
0.344957
0.412941
0.423551
0.359410
0.416775
0.467540
0.417443
0.454216
0.551479
0.439929
0.372792
0.542394
0.384934
0.475548
0.367768
0.422029
0.530874
0.418191
0.429874
0.467911
0.360582
0.401195
0.444730
0.390338
0.508825
0.394987
0.612217
0.304654
0.318492
0.207398
0.360855
0.367074
0.398576
0.260390
0.276922
0.199570
0.266296
0.337575
0.262177
0.535310
0.402503
0.387882
0.433832
0.485874
0.277614
0.320291
0.244702
0.165772
0.534340
0.417485
0.493861
0.315519
0.574959
0.491974
0.352425
0.210983
0.305856
0.378803
0.212817
0.390025
0.288436
0.392775
0.512379
0.300279
0.403926
0.358271
0.357765
0.354963
0.494556
0.463986
0.348415
0.228171
0.347378
0.157612
0.194048
0.192877
0.739706
0.096807
0.321702
0.024458
0.475652
0.309776
0.433756
0.564640
3.750047
0.667092
0.071581
0.187204
0.385554
0.480594
0.304765
0.991366
0.654479
0.066386
0.392708
0.718292
0.159244
0.028754
0.338172
0.074386
0.133113
0.586827
0.439845
0.405989
1.622701
0.154536
0.307888
0.160333
0.069912
0.469225
0.383558
0.161233
0.346227
0.422752
0.310052
0.157234
0.143274
0.481482
0.007953
0.613608
0.218942
0.300617
0.622699
0.392170
0.536588
0.218074
0.039256
0.430272
0.200027
1.321862
1.148011
0.661051
0.420401
0.235111
0.160546
0.293092
0.393756
0.041566
0.654423
0.193246
0.449955
0.601973
0.689655
0.195162
0.285409
0.138579
0.271046
0.154333
0.207758
0.106550
0.287599
0.664029
0.429573
0.719382
0.598344
0.330007
0.828284
0.380732
0.363423
0.424016
0.578206
0.200516
0.192215
0.277740
0.342693
0.249383
1.043588
0.172993
0.481693
0.180412
0.198534
0.492436
0.260875
0.949614
0.401799
0.370666
0.331003
0.306128
0.261364
0.549478
0.183635
0.333758
0.246215
0.416167
0.431702
0.381819
0.036676
0.424236
0.347864
0.463796
0.538984
0.860057
0.159234
0.765571
0.049035
0.670765
0.291524
0.216794
0.225738
0.282033
0.205844
0.346712
0.179860
0.217525
0.118587
0.501750
0.621952
0.376140
0.294187
0.420514
0.194974
0.290601
0.081101
0.318368
0.312340
0.437578
0.857205
0.677747
0.343372
0.081340
0.398523
0.196791
0.421015
0.374073
0.279833
1.127848
0.371298
0.382568
0.350222
0.407727
0.371791
0.362601
0.264059
0.645604
0.317362
0.398330
0.395351
0.267143
0.081253
0.860754
0.232463
0.423040
0.311750
0.418341
0.377420
0.299675
0.448803
0.381785
0.061818
1.105529
0.134760
0.086985
0.260339
0.435632
0.232503
0.778074
0.170853
0.298312
0.340756
0.551605
0.141300
0.288481
1.112493
0.354437
0.239854
0.499660
0.238501
0.309240
0.574858
0.344290
0.305339
0.845356
0.259392
1.537371
0.957311
1.285102
1.107877
0.162122
0.742779
0.445212
0.353190
1.644113
0.745149
0.622189
0.474561
0.858101
0.914227
0.781830
1.378152
0.434053
1.076830
0.471257
1.116126
0.825473
1.198207
0.503597
0.784097
1.250372
0.797949
1.293127
1.011994
0.787903
0.610539
0.851731
0.531810
0.728999
0.460407
0.420745
0.831413
0.679683
1.436965
0.782649
0.370813
0.480157
0.617946
0.404013
0.759663
0.490627
0.547348
0.543053
0.455061
0.497631
0.539971
0.579365
0.709486
0.594274
0.552967
0.562439
0.632494
0.427094
0.546505
0.488019
0.539131
0.376282
0.439284
0.437164
0.309125
0.292324
0.420435
0.439581
0.441927
0.381511
0.460693
0.390255
0.464782
0.644918
0.503218
0.443718
0.343692
0.407859
0.417681
0.352501
0.414679
0.461677
0.413242
0.443597
0.532611
0.439873
0.369302
0.537533
0.369057
0.464950
0.353497
0.407644
0.520446
0.404163
0.422321
0.457635
0.356376
0.401007
0.449734
0.390422
0.489765
0.374213
0.592256
0.286954
0.299584
0.197005
0.347185
0.363441
0.393683
0.257499
0.278671
0.181738
0.249114
0.331846
0.253178
0.524674
0.383557
0.367134
0.414882
0.463180
0.277135
0.327994
0.239430
0.152759
0.531900
0.427262
0.493100
0.313192
0.562555
0.506078
0.350211
0.211476
0.295073
0.378280
0.209542
0.368761
0.292754
0.397657
0.509439
0.295708
0.389628
0.345778
0.350673
0.343469
0.497460
0.459402
0.355575
0.223028
0.342072
0.162808
0.213252
0.174842
0.717254
0.089308
0.297985
0.018597
0.448182
0.324096
0.433307
0.535766
3.832783
0.639248
0.073372
0.183890
0.360012
0.457732
0.300972
1.009789
0.632220
0.056794
0.384476
0.683539
0.143814
0.022918
0.332185
0.067213
0.120209
0.563271
0.448560
0.411785
1.675918
0.164742
0.290166
0.144581
0.060978
0.447359
0.364541
0.172706
0.329108
0.412584
0.303510
0.155813
0.128447
0.457307
0.006405
0.608264
0.208091
0.279120
0.592467
0.387455
0.510208
0.202145
0.038412
0.427781
0.218362
1.336511
1.191396
0.646176
0.405018
0.239355
0.159443
0.303705
0.403027
0.034621
0.648788
0.195777
0.466068
0.576967
0.689199
0.195495
0.282341
0.134499
0.265802
0.152008
0.202121
0.103160
0.281797
0.653156
0.451016
0.752813
0.604316
0.328618
0.826837
0.357382
0.344654
0.416285
0.587521
0.188049
0.189218
0.272772
0.340645
0.238132
1.058204
0.166541
0.472870
0.185979
0.185488
0.476810
0.263921
0.938854
0.388182
0.375144
0.333685
0.297672
0.253711
0.549626
0.188937
0.316992
0.234524
0.399051
0.434147
0.382923
0.041478
0.431815
0.342593
0.480338
0.524447
0.875330
0.153635
0.767572
0.042836
0.674369
0.277451
0.200681
0.219534
0.277361
0.222814
0.344553
0.175972
0.212858
0.120382
0.490267
0.612416
0.374814
0.285828
0.423488
0.193524
0.273884
0.083398
0.314575
0.304198
0.448814
0.862322
0.679896
0.338986
0.076285
0.405566
0.184546
0.420093
0.361075
0.271808
1.143217
0.371183
0.385904
0.332731
0.393141
0.380955
0.365821
0.250048
0.621908
0.315857
0.396862
0.386564
0.253579
0.072377
0.868700
0.226251
0.436994
0.297293
0.416957
0.388009
0.301021
0.451748
0.375808
0.057731
1.104592
0.131510
0.080571
0.266315
0.434229
0.234984
0.784969
0.168512
0.296890
0.348378
0.559939
0.134010
0.286657
1.130283
0.353743
0.245156
0.517705
0.235157
0.321137
0.581143
0.350664
0.312557
0.859895
0.272834
1.568879
0.971820
1.317666
1.126450
0.162338
0.755851
0.452134
0.366122
1.682204
0.763886
0.636501
0.462190
0.872055
0.937173
0.801394
1.406599
0.447989
1.102703
0.460409
1.144097
0.849050
1.222840
0.524250
0.787721
1.269998
0.794718
1.316875
1.038482
0.782283
0.607509
0.846597
0.531946
0.725487
0.457374
0.418577
0.813894
0.668481
1.415770
0.775192
0.367506
0.479365
0.621003
0.403160
0.755520
0.484615
0.544342
0.541113
0.458234
0.494843
0.537649
0.573640
0.704910
0.584559
0.551143
0.559426
0.628538
0.425146
0.543885
0.488989
0.537154
0.374837
0.434638
0.432175
0.311839
0.291118
0.416901
0.437315
0.435740
0.380849
0.463031
0.388157
0.469381
0.652021
0.505335
0.442778
0.343469
0.405159
0.414470
0.348611
0.413910
0.458463
0.411107
0.437296
0.520956
0.440422
0.367620
0.534961
0.359335
0.458651
0.344814
0.398887
0.514255
0.395635
0.417993
0.451543
0.354217
0.401456
0.453546
0.391040
0.477961
0.361295
0.579865
0.276028
0.287874
0.190817
0.338870
0.361638
0.391060
0.256175
0.280356
0.170716
0.238513
0.328674
0.247883
0.518316
0.371805
0.354211
0.403125
0.448993
0.277361
0.333527
0.236542
0.144849
0.530848
0.434136
0.493135
0.312209
0.555032
0.515752
0.349298
0.212318
0.288597
0.378460
0.207935
0.355480
0.296072
0.401339
0.508044
0.293254
0.380862
0.338181
0.346579
0.336517
0.499849
0.456931
0.360723
0.220193
0.339129
0.166679
0.226211
0.163637
0.703180
0.084937
0.283088
0.015286
0.430849
0.333878
0.433503
0.517518
3.886954
0.621665
0.075017
0.182221
0.343920
0.443377
0.298990
1.022221
0.618253
0.051045
0.379608
0.661461
0.134274
0.019602
0.328770
0.063027
0.112303
0.548451
0.454679
0.416009
1.710912
0.171825
0.279126
0.134818
0.055639
0.433627
0.352657
0.180606
0.318453
0.406439
0.299716
0.155341
0.119274
0.442068
0.005846
0.605241
0.201494
0.265615
0.573292
0.384837
0.493530
0.192248
0.038302
0.426602
0.230695
1.346450
1.219980
0.636956
0.395468
0.242539
0.159156
0.311019
0.409470
0.030539
0.645556
0.197843
0.476947
0.561162
0.689325
0.196130
0.280769
0.132268
0.262816
0.150915
0.198879
0.101373
0.278444
0.646512
0.465340
0.774915
0.608599
0.328124
0.826304
0.342637
0.332879
0.411672
0.593967
0.180360
0.187673
0.269947
0.339715
0.231230
1.068073
0.162750
0.467539
0.189985
0.177415
0.467062
0.266287
0.932260
0.379735
0.378436
0.335812
0.292570
0.249129
0.550106
0.192760
0.306494
0.227319
0.388324
0.436112
0.384018
0.044971
0.437110
0.339547
0.491446
0.515387
0.885614
0.150374
0.769241
0.039183
0.677076
0.268686
0.190591
0.215874
0.274694
0.234190
0.343516
0.173811
0.210191
0.121908
0.483176
0.606587
0.374312
0.280761
0.425774
0.192939
0.263391
0.085243
0.312466
0.299266
0.456457
0.865992
0.681640
0.336488
0.073353
0.410483
0.176945
0.419839
0.352984
0.266943
1.153506
0.371450
0.388410
0.321720
0.384015
0.387239
0.368247
0.241293
0.606867
0.315215
0.396243
0.381195
0.245109
0.066949
0.874187
0.222550
0.446377
0.288240
0.416386
0.395207
0.302220
0.453984
0.372253
0.055401
1.104306
0.129723
0.076729
0.270512
0.433638
0.236913
0.789760
0.167310
0.296284
0.353639
0.565661
0.129594
0.285786
1.142138
0.353604
0.248907
0.529725
0.233295
0.329165
0.585527
0.355107
0.317547
0.869632
0.281860
1.589612
0.981449
1.339089
1.138784
0.162779
0.764624
0.456910
0.374771
1.705867
0.775194
0.645213
0.455157
0.880572
0.951017
0.813250
1.423734
0.456534
1.118356
0.454221
1.161038
0.863393
1.237834
0.536884
0.790164
1.282050
0.793045
1.331443
1.054718
0.779149
0.605934
0.843745
0.532289
0.723616
0.455803
0.417527
0.803512
0.661944
1.403148
0.770929
0.365769
0.479150
0.623129
0.402912
0.753266
0.481234
0.542781
0.540207
0.460422
0.493417
0.536501
0.570428
0.702391
0.578927
0.550297
0.557855
0.626400
0.424226
0.542556
0.489836
0.536214
0.374213
0.432075
0.429404
0.313732
0.290637
0.415010
0.436189
0.432243
0.380700
0.464692
0.387131
0.472404
0.656555
0.506859
0.442449
0.343576
0.403765
0.412768
0.346499
0.413685
0.456759
0.410055
0.433726
0.514154
0.440986
0.366841
0.533642
0.353702
0.455084
0.339808
0.393836
0.510752
0.390725
0.415614
0.448097
0.353144
0.401946
0.456061
0.391636
0.471095
0.353763
0.572651
0.269698
0.281076
0.187332
0.334111
0.360777
0.389710
0.255600
0.281580
0.164353
0.232403
0.326997
0.244941
0.514741
0.365021
0.346734
0.396346
0.440777
0.277704
0.337018
0.235037
0.140371
0.530432
0.438410
0.493358
0.311834
0.550792
0.521675
0.348962
0.213018
0.284976
0.378767
0.207187
0.347845
0.298225
0.403710
0.507415
0.292006
0.375892
0.333895
0.344362
0.332613
0.501442
0.455668
0.363946
0.218716
0.337591
0.169148
0.234022
0.157236
0.695109
0.082554
0.274529
0.013532
0.420861
0.339802
0.433800
0.507020
3.918868
0.611545
0.076167
0.181421
0.334669
0.435145
0.298008
1.029680
0.610250
0.047867
0.376944
0.648736
0.128882
0.017845
0.326952
0.060768
0.107870
0.539988
0.458412
0.418637
1.731422
0.176119
0.272881
0.129317
0.052708
0.425802
0.345927
0.185363
0.312431
0.403045
0.297686
0.155236
0.114130
0.433425
0.005692
0.603654
0.197850
0.257982
0.562394
0.383494
0.484094
0.186709
0.038404
0.426085
0.237931
1.352312
1.236530
0.631827
0.390154
0.244526
0.159151
0.315371
0.413321
0.028357
0.643857
0.199185
0.483340
0.552253
0.689553
0.196651
0.280017
0.131144
0.261253
0.150443
0.197176
0.100503
0.276664
0.642855
0.473696
0.787728
0.611211
0.327992
0.826148
0.334329
0.326272
0.409174
0.597810
0.176100
0.186936
0.268474
0.339328
0.227421
1.073896
0.160725
0.464633
0.192424
0.172938
0.461610
0.267784
0.928635
0.375044
0.380458
0.337168
0.289800
0.246652
0.550517
0.195083
0.300644
0.223350
0.382353
0.437371
0.384779
0.047097
0.440260
0.337951
0.497901
0.510371
0.891600
0.148655
0.770330
0.037242
0.678753
0.263832
0.184988
0.213928
0.273313
0.240787
0.343061
0.172716
0.208805
0.122907
0.479279
0.603409
0.374156
0.278016
0.427200
0.192738
0.257565
0.086417
0.311400
0.296601
0.460912
0.868197
0.682749
0.335201
0.071818
0.413391
0.172769
0.419820
0.348533
0.264318
1.159495
0.371723
0.389950
0.315617
0.378980
0.390912
0.369736
0.236463
0.598496
0.314975
0.396013
0.378292
0.240458
0.064016
0.877396
0.220586
0.451771
0.283269
0.416184
0.399368
0.303012
0.455356
0.370373
0.054210
1.104254
0.128834
0.074689
0.272982
0.433421
0.238111
0.792561
0.166750
0.296058
0.356705
0.568987
0.127226
0.285410
1.148905
0.353638
0.251128
0.536594
0.232358
0.333794
0.588110
0.357724
0.320473
0.875242
0.287072
1.601472
0.987225
1.351365
1.145930
0.163142
0.769748
0.459768
0.379889
1.721627
0.783580
0.651690
0.450178
0.886889
0.961188
0.821961
1.436241
0.462817
1.129730
0.449919
1.173279
0.873744
1.248615
0.545958
0.792015
1.290662
0.791996
1.341766
1.066168
0.777096
0.604975
0.841908
0.532654
0.722459
0.454845
0.416932
0.796510
0.657580
1.394633
0.768121
0.364688
0.479118
0.624701
0.402853
0.751828
0.479014
0.541822
0.539692
0.462036
0.492547
0.535820
0.568329
0.700772
0.575156
0.549825
0.556886
0.625035
0.423699
0.541748
0.490528
0.535675
0.373895
0.430413
0.427599
0.315153
0.290415
0.413812
0.435522
0.429932
0.380705
0.465955
0.386532
0.474615
0.659818
0.508026
0.442331
0.343759
0.402908
0.411697
0.345142
0.413639
0.455683
0.409433
0.431350
0.509526
0.441489
0.366406
0.532832
0.349880
0.452702
0.336421
0.390414
0.508410
0.387395
0.414055
0.445788
0.352496
0.402401
0.457939
0.392166
0.466360
0.348552
0.567659
0.265322
0.276363
0.184960
0.330833
0.360269
0.388851
0.255292
0.282557
0.159901
0.228128
0.325897
0.242930
0.512274
0.360237
0.341445
0.391553
0.434927
0.278055
0.339658
0.234045
0.137208
0.530233
0.441634
0.493627
0.311660
0.547784
0.526120
0.348815
0.213633
0.282415
0.379095
0.206737
0.342325
0.299916
0.405555
0.507058
0.291183
0.372325
0.330837
0.342826
0.329835
0.502732
0.454835
0.366432
0.217721
0.336550
0.171076
0.239918
0.152587
0.689238
0.080895
0.268256
0.012318
0.413516
0.344321
0.434122
0.499256
3.942859
0.604078
0.077120
0.180929
0.327846
0.429083
0.297370
1.035366
0.604363
0.045569
0.375032
0.639257
0.124912
0.016617
0.325675
0.059146
0.104591
0.533656
0.461346
0.420732
1.747153
0.179480
0.268216
0.125219
0.050560
0.419935
0.340878
0.189090
0.307917
0.400533
0.296219
0.155244
0.110269
0.426859
0.005662
0.602522
0.195122
0.252166
0.554038
0.382536
0.476834
0.182479
0.038568
0.425771
0.243702
1.357004
1.249631
0.627885
0.386063
0.246175
0.159236
0.318880
0.416439
0.026724
0.642615
0.200322
0.488453
0.545342
0.689816
0.197144
0.279517
0.130340
0.260111
0.150154
0.195922
0.099902
0.275363
0.640060
0.480364
0.797905
0.613339
0.327968
0.826115
0.327883
0.321167
0.407297
0.600915
0.172832
0.186438
0.267397
0.339108
0.224503
1.078553
0.159211
0.462419
0.194425
0.169485
0.457406
0.269048
0.925849
0.371413
0.382143
0.338323
0.287683
0.244766
0.550928
0.197004
0.296069
0.220268
0.377666
0.438453
0.385465
0.048874
0.442858
0.336753
0.503146
0.506430
0.896468
0.147354
0.771271
0.035762
0.680171
0.260029
0.180571
0.212444
0.272280
0.246156
0.342770
0.171911
0.207768
0.123785
0.476224
0.600929
0.374102
0.275881
0.428422
0.192649
0.252946
0.087438
0.310611
0.294519
0.464586
0.870054
0.683728
0.334234
0.070648
0.415819
0.169459
0.419879
0.344996
0.262259
1.164396
0.372015
0.391272
0.310739
0.374962
0.393968
0.371024
0.232612
0.591750
0.314847
0.395896
0.375989
0.236722
0.061675
0.880094
0.219045
0.456271
0.279252
0.416084
0.402861
0.303732
0.456555
0.368892
0.053295
1.104281
0.128169
0.073073
0.275087
0.433311
0.239165
0.794939
0.166351
0.295937
0.359300
0.571794
0.125341
0.285166
1.154549
0.353730
0.253018
0.542302
0.231655
0.337654
0.590285
0.359924
0.322922
0.879875
0.291368
1.611144
0.991815
1.361313
1.151715
0.163492
0.773886
0.462090
0.383970
1.733096
0.789356
0.656155
0.446793
0.891235
0.968163
0.827938
1.444808
0.467137
1.137528
0.446999
1.181675
0.880854
1.256027
0.552208
0.793310
1.296605
0.791297
1.348899
1.074095
0.775701
0.604336
0.840660
0.532929
0.721680
0.454200
0.416538
0.791668
0.654567
1.388726
0.766195
0.363961
0.479118
0.625814
0.402834
0.750858
0.477500
0.541178
0.539358
0.463179
0.491965
0.535374
0.566896
0.699674
0.572568
0.549520
0.556237
0.624113
0.423356
0.541210
0.491028
0.535320
0.373696
0.429285
0.426373
0.316155
0.290283
0.413005
0.435081
0.428356
0.380728
0.466845
0.386138
0.476159
0.662087
0.508850
0.442270
0.343905
0.402336
0.410976
0.344227
0.413624
0.454960
0.409023
0.429734
0.506360
0.441855
0.366126
0.532292
0.347271
0.451083
0.334112
0.388084
0.506821
0.385129
0.413004
0.444225
0.352072
0.402732
0.459242
0.392543
0.463143
0.345012
0.564271
0.262357
0.273171
0.183367
0.328623
0.359943
0.388288
0.255104
0.283239
0.156905
0.225253
0.325171
0.241590
0.510626
0.357027
0.337895
0.388339
0.431012
0.278310
0.341447
0.233398
0.135106
0.530115
0.443810
0.493823
0.311561
0.545792
0.529104
0.348735
0.214060
0.280724
0.379329
0.206455
0.338665
0.301057
0.406802
0.506835
0.290653
0.369968
0.328819
0.341820
0.328002
0.503602
0.454298
0.368099
0.217078
0.335874
0.172372
0.243842
0.149520
0.685325
0.079802
0.264119
0.011534
0.408674
0.347324
0.434352
0.494145
3.958704
0.599160
0.077766
0.180616
0.323362
0.425100
0.296966
1.039131
0.600488
0.044072
0.373790
0.633035
0.122317
0.015821
0.324853
0.058099
0.102474
0.529539
0.463281
0.422119
1.757441
0.181691
0.265183
0.122554
0.049178
0.416130
0.337600
0.191535
0.304998
0.398915
0.295280
0.155267
0.107772
0.422603
0.005657
0.601808
0.193369
0.248414
0.548644
0.381934
0.472161
0.179774
0.038690
0.425583
0.247424
1.360034
1.258055
0.625370
0.383450
0.247247
0.159303
0.321147
0.418453
0.025694
0.641829
0.201070
0.491750
0.540916
0.690001
0.197475
0.279211
0.129843
0.259396
0.149984
0.195127
0.099530
0.274539
0.638283
0.484653
0.804445
0.614722
0.327969
0.826102
0.323759
0.317902
0.406103
0.602923
0.170749
0.186132
0.266721
0.338978
0.222645
1.081546
0.158252
0.461015
0.195724
0.167287
0.454726
0.269871
0.924076
0.369107
0.383232
0.339075
0.286341
0.243577
0.551202
0.198246
0.293167
0.218317
0.374695
0.439155
0.385916
0.050018
0.444522
0.336004
0.506492
0.503940
0.899574
0.146542
0.771884
0.034835
0.681082
0.257622
0.177782
0.211513
0.271636
0.249576
0.342597
0.171413
0.207125
0.124353
0.474299
0.599368
0.374084
0.274540
0.429209
0.192604
0.250036
0.088096
0.310125
0.293216
0.466921
0.871238
0.684355
0.333632
0.069922
0.417364
0.167382
0.419926
0.342776
0.260972
1.167490
0.372214
0.392117
0.307671
0.372440
0.395905
0.371844
0.230198
0.587516
0.314779
0.395835
0.374551
0.234388
0.060221
0.881798
0.218089
0.459102
0.276747
0.416034
0.405059
0.304193
0.457316
0.367978
0.052735
1.104315
0.127765
0.072074
0.276415
0.433252
0.239835
0.796439
0.166115
0.295872
0.360933
0.573560
0.124173
0.285024
1.158090
0.353800
0.254213
0.545890
0.231225
0.340086
0.591661
0.361318
0.324474
0.882798
0.294088
1.617246
0.994710
1.367617
1.155390
0.163725
0.776533
0.463580
0.386590
1.740416
0.793055
0.659010
0.444700
0.894022
0.972627
0.831745
1.450139
0.469819
1.142372
0.445219
1.186940
0.885342
1.260731
0.556202
0.794168
1.300444
0.790880
1.353545
1.079281
0.774825
0.603950
0.839869
0.533142
0.721198
0.453803
0.416306
0.788474
0.652588
1.384803
0.764940
0.363509
0.479148
0.626590
0.402853
0.750245
0.476527
0.540781
0.539169
0.463978
0.491610
0.535111
0.565974
0.698977
0.570879
0.549349
0.555837
0.623531
0.423160
0.540885
0.491393
0.535115
0.373595
0.428568
0.425591
0.316851
0.290226
0.412502
0.434819
0.427343
0.380774
0.467464
0.385905
0.477210
0.663618
0.509426
0.442259
0.344031
0.401987
0.410526
0.343650
0.413644
0.454511
0.408780
0.428696
0.504296
0.442125
0.365970
0.531964
0.345580
0.450045
0.332620
0.386580
0.505804
0.383670
0.412340
0.443230
0.351823
0.402974
0.460120
0.392813
0.461073
0.342736
0.562097
0.260462
0.271132
0.182366
0.327226
0.359760
0.387952
0.255012
0.283701
0.155017
0.223444
0.324735
0.240763
0.509603
0.355017
0.335671
0.386332
0.428570
0.278495
0.342592
0.233018
0.133818
0.530063
0.445188
0.493968
0.311522
0.544578
0.530977
0.348709
0.214347
0.279702
0.379495
0.206303
0.336427
0.301782
0.407594
0.506718
0.290350
0.368536
0.327598
0.341222
0.326894
0.504153
0.453990
0.369141
0.216706
0.335479
0.173185
0.246259
0.147666
0.682911
0.079142
0.261620
0.011080
0.405750
0.349165
0.434513
0.491067
3.968308
0.596196
0.078179
0.180442
0.320668
0.422711
0.296742
1.041425
0.598156
0.043190
0.373062
0.629311
0.120777
0.015359
0.324380
0.057494
0.101249
0.527123
0.464446
0.422959
1.763537
0.183018
0.263408
0.120994
0.048385
0.413909
0.335684
0.192994
0.303306
0.397985
0.294749
0.155299
0.106328
0.420128
0.005671
0.601414
0.192368
0.246256
0.545541
0.381605
0.469493
0.178248
0.038778
0.425493
0.249550
1.361768
1.262840
0.623961
0.381984
0.247868
0.159355
0.322447
0.419608
0.025130
0.641395
0.201513
0.493636
0.538416
0.690122
0.197680
0.279051
0.129581
0.259008
0.149905
0.194687
0.099335
0.274084
0.637292
0.487098
0.808166
0.615526
0.327988
0.826104
0.321427
0.316058
0.405436
0.604082
0.169578
0.185972
0.266353
0.338916
0.221605
1.083272
0.157720
0.460236
0.196477
0.166057
0.453223
0.270350
0.923091
0.367824
0.383859
0.339513
0.285598
0.242925
0.551370
0.198959
0.291555
0.217240
0.373051
0.439559
0.386181
0.050669
0.445461
0.335599
0.508365
0.502570
0.901316
0.146104
0.772242
0.034334
0.681602
0.256293
0.176249
0.211007
0.271291
0.251485
0.342512
0.171150
0.206783
0.124677
0.473243
0.598515
0.374091
0.273810
0.429658
0.192589
0.248445
0.088469
0.309870
0.292513
0.468217
0.871902
0.684709
0.333311
0.069537
0.418223
0.166254
0.419962
0.341570
0.260279
1.169224
0.372337
0.392589
0.306002
0.371074
0.396974
0.372301
0.228893
0.585224
0.314754
0.395814
0.373781
0.233137
0.059452
0.882726
0.217585
0.460635
0.275414
0.416018
0.406247
0.304450
0.457736
0.367499
0.052446
1.104353
0.127561
0.071550
0.277136
0.433229
0.240203
0.797254
0.166002
0.295848
0.361818
0.574520
0.123558
0.284959
1.160004
0.353849
0.254867
0.547837
0.231004
0.341414
0.592425
0.362088
0.325334
0.884415
0.295595
1.620643
0.996399
1.371155
1.157478
0.163869
0.778051
0.464447
0.388109
1.744702
0.795241
0.660738
0.443410
0.895730
0.975365
0.834139
1.453705
0.471669
1.145694
0.444013
1.190521
0.888382
1.263901
0.558881
0.794746
1.302997
0.790611
1.356606
1.082680
0.774260
0.603700
0.839363
0.533287
0.720890
0.453555
0.416165
0.786436
0.651328
1.382312
0.764145
0.363224
0.479173
0.627091
0.402872
0.749855
0.475906
0.540532
0.539050
0.464492
0.491388
0.534946
0.565387
0.698533
0.569799
0.549243
0.555586
0.623162
0.423040
0.540681
0.491633
0.534992
0.373536
0.428113
0.425093
0.317305
0.290195
0.412183
0.434657
0.426696
0.380810
0.467870
0.385762
0.477896
0.664612
0.509803
0.442258
0.344119
0.401767
0.410244
0.343282
0.413664
0.454228
0.408629
0.428030
0.502965
0.442305
0.365874
0.531759
0.344490
0.449377
0.331657
0.385607
0.505149
0.382725
0.411915
0.442586
0.351666
0.403139
0.460701
0.392999
0.459721
0.341245
0.560672
0.259218
0.269790
0.181707
0.326303
0.359643
0.387734
0.254954
0.284015
0.153758
0.222237
0.324448
0.240213
0.508920
0.353666
0.334176
0.384980
0.426917
0.278626
0.343379
0.232763
0.132941
0.530035
0.446141
0.494074
0.311501
0.543747
0.532276
0.348697
0.214552
0.279000
0.379617
0.206204
0.334881
0.302292
0.408149
0.506644
0.290144
0.367548
0.326755
0.340812
0.326131
0.504547
0.453781
0.369876
0.216451
0.335211
0.173761
0.247961
0.146373
0.681263
0.078697
0.259868
0.010764
0.403695
0.350471
0.434631
0.488896
3.975116
0.594110
0.078476
0.180329
0.318765
0.421023
0.296589
1.043058
0.596518
0.042568
0.372549
0.626664
0.119685
0.015039
0.324047
0.057064
0.100355
0.525373
0.465294
0.423572
1.767965
0.183985
0.262127
0.119871
0.047809
0.412291
0.334297
0.194061
0.302070
0.397308
0.294364
0.155327
0.105276
0.418323
0.005687
0.601124
0.191635
0.244665
0.543246
0.381364
0.467507
0.177103
0.038848
0.425430
0.251164
1.363084
1.266471
0.622899
0.380881
0.248346
0.159402
0.323437
0.420490
0.024704
0.641076
0.201850
0.495067
0.536535
0.690218
0.197839
0.278937
0.129383
0.258717
0.149848
0.194365
0.099192
0.273748
0.636546
0.488955
0.810989
0.616135
0.328004
0.826117
0.319672
0.314673
0.404941
0.604960
0.168700
0.185857
0.266079
0.338878
0.220824
1.084576
0.157325
0.459648
0.197049
0.165129
0.452088
0.270719
0.922347
0.366849
0.384343
0.339852
0.285038
0.242429
0.551503
0.199507
0.290323
0.216418
0.371789
0.439875
0.386389
0.051175
0.446191
0.335292
0.509818
0.501515
0.902665
0.145769
0.772520
0.033950
0.682009
0.255274
0.175063
0.210623
0.271029
0.252970
0.342453
0.170951
0.206521
0.124937
0.472430
0.597859
0.374097
0.273248
0.430010
0.192585
0.247208
0.088766
0.309675
0.291967
0.469234
0.872426
0.684994
0.333068
0.069239
0.418901
0.165374
0.419997
0.340629
0.259739
1.170573
0.372435
0.392966
0.304698
0.370003
0.397821
0.372669
0.227868
0.583417
0.314738
0.395801
0.373177
0.232146
0.058838
0.883472
0.217188
0.461866
0.274350
0.416010
0.407206
0.304661
0.458076
0.367118
0.052218
1.104379
0.127400
0.071133
0.277720
0.433217
0.240504
0.797911
0.165912
0.295833
0.362534
0.575293
0.123068
0.284911
1.161541
0.353891
0.255394
0.549393
0.230831
0.342473
0.593029
0.362700
0.326014
0.885687
0.296778
1.623287
0.997668
1.373884
1.159075
0.163982
0.779203
0.465101
0.389250
1.747877
0.796850
0.661989
0.442503
0.896952
0.977314
0.835815
1.456099
0.472889
1.147880
0.443227
1.192877
0.890382
1.265986
0.560644
0.795130
1.304677
0.790441
1.358619
1.084914
0.773898
0.603543
0.839036
0.533387
0.720696
0.453399
0.416078
0.785106
0.650508
1.380684
0.763630
0.363043
0.479194
0.627424
0.402889
0.749604
0.475505
0.540375
0.538977
0.464835
0.491248
0.534841
0.565009
0.698247
0.569098
0.549179
0.555428
0.622927
0.422966
0.540552
0.491795
0.534916
0.373501
0.427820
0.424773
0.317608
0.290181
0.411979
0.434556
0.426277
0.380838
0.468142
0.385673
0.478350
0.665269
0.510055
0.442262
0.344182
0.401629
0.410064
0.343046
0.413682
0.454047
0.408533
0.427599
0.502098
0.442428
0.365815
0.531629
0.343780
0.448945
0.331032
0.384975
0.504725
0.382111
0.411642
0.442169
0.351568
0.403251
0.461087
0.393126
0.458840
0.340274
0.559742
0.258407
0.268916
0.181280
0.325704
0.359572
0.387596
0.254920
0.284226
0.152937
0.221450
0.324264
0.239856
0.508478
0.352786
0.333200
0.384099
0.425838
0.278716
0.343900
0.232601
0.132370
0.530021
0.446769
0.494148
0.311492
0.543207
0.533132
0.348693
0.214690
0.278544
0.379701
0.206143
0.333873
0.302631
0.408517
0.506600
0.290014
0.366905
0.326207
0.340548
0.325635
0.504810
0.453648
0.370361
0.216288
0.335039
0.174142
0.249081
0.145530
0.680187
0.078409
0.258723
0.010561
0.402353
0.351332
0.434712
0.487478
3.979582
0.592746
0.078674
0.180259
0.317522
0.419921
0.296492
1.044132
0.595448
0.042164
0.372217
0.624933
0.118973
0.014833
0.323833
0.056787
0.099773
0.524230
0.465853
0.423977
1.770872
0.184623
0.261291
0.119139
0.047436
0.411235
0.333392
0.194764
0.301264
0.396869
0.294116
0.155349
0.104590
0.417144
0.005702
0.600938
0.191158
0.243626
0.541746
0.381210
0.466210
0.176357
0.038897
0.425393
0.252225
1.363950
1.268854
0.622207
0.380162
0.248662
0.159436
0.324089
0.421072
0.024429
0.640871
0.202075
0.496009
0.535306
0.690284
0.197947
0.278865
0.129257
0.258529
0.149814
0.194157
0.099102
0.273532
0.636060
0.490176
0.812842
0.616538
0.328018
0.826129
0.318525
0.313768
0.404620
0.605538
0.168128
0.185785
0.265902
0.338856
0.220315
1.085434
0.157070
0.459267
0.197428
0.164524
0.451348
0.270964
0.921862
0.366213
0.384663
0.340077
0.284675
0.242107
0.551594
0.199869
0.289519
0.215882
0.370966
0.440086
0.386529
0.051510
0.446673
0.335094
0.510773
0.500826
0.903552
0.145553
0.772705
0.033701
0.682279
0.254610
0.174290
0.210373
0.270861
0.253945
0.342417
0.170823
0.206352
0.125110
0.471900
0.597432
0.374103
0.272883
0.430244
0.192585
0.246400
0.088964
0.309550
0.291612
0.469904
0.872772
0.685184
0.332911
0.069046
0.419349
0.164800
0.420023
0.340016
0.259388
1.171460
0.372502
0.393216
0.303846
0.369304
0.398378
0.372912
0.227199
0.582235
0.314731
0.395795
0.372784
0.231499
0.058439
0.883964
0.216931
0.462676
0.273655
0.416007
0.407837
0.304803
0.458302
0.366871
0.052071
1.104399
0.127297
0.070863
0.278105
0.433212
0.240704
0.798345
0.165856
0.295826
0.363005
0.575802
0.122749
0.284882
1.162551
0.353922
0.255742
0.550416
0.230721
0.343170
0.593428
0.363104
0.326462
0.886523
0.297556
1.625022
0.998502
1.375675
1.160124
0.164058
0.779961
0.465533
0.390000
1.749961
0.797908
0.662812
0.441911
0.897755
0.978594
0.836916
1.457670
0.473691
1.149315
0.442715
1.194423
0.891695
1.267355
0.561801
0.795385
1.305779
0.790331
1.359940
1.086381
0.773665
0.603443
0.838822
0.533455
0.720572
0.453299
0.416024
0.784235
0.649975
1.379620
0.763295
0.362927
0.479211
0.627645
0.402904
0.749442
0.475243
