0.047411
0.036471
0.050758
0.026358
0.038018
0.016715
0.017757
0.018004
0.025279
0.043281
0.030854
0.013137
0.020160
0.018530
0.011493
0.023301
0.019779
0.009900
0.021662
0.011925
0.016484
0.021677
0.011553
0.014895
0.012266
0.009217
0.008421
0.010495
0.008462
0.009422
0.007778
0.013828
0.004009
0.008649
0.005010
0.003112
0.005568
0.003467
0.007478
0.006409
0.002415
0.003887
0.006524
0.003220
0.002560
0.002749
0.005260
0.000905
0.002597
0.004958
0.001489
0.003530
0.002682
0.003401
0.003597
0.003976
0.001494
0.002890
0.004471
0.001238
0.001098
0.000929
0.000916
0.001010
0.000899
0.003932
0.001957
0.002577
0.001545
0.002620
0.003884
0.000603
0.000375
0.000512
0.000654
0.000523
0.000654
0.000579
0.000850
0.000644
0.000386
0.000561
0.000664
0.001137
0.000680
0.000705
0.002295
0.002250
0.001876
0.007448
0.008304
0.001005
0.000289
0.001178
0.000302
0.001787
0.000259
0.002775
0.001101
0.001847
0.000971
0.000320
0.000636
0.000458
0.004182
0.000283
0.000263
0.003980
0.000675
0.004179
0.000291
0.009275
0.002021
0.002740
0.004432
0.006774
0.004352
0.000575
0.005312
0.002452
0.000230
0.000583
0.000512
0.030995
0.004407
0.000072
0.000067
0.003413
0.002041
0.002558
0.004314
0.000024
0.001094
0.000068
0.003958
0.000336
0.006339
0.001804
0.000059
0.009036
0.000527
0.000818
0.000432
0.000978
0.000509
0.002247
0.000740
0.003052
0.011425
0.000790
0.002424
0.000047
0.001164
0.000704
0.000676
0.001985
0.009133
0.001729
0.000462
0.005147
0.008531
0.001444
0.000719
0.000152
0.005380
0.000373
0.008450
0.001021
0.000164
0.002335
0.002975
0.000588
0.005234
0.000034
0.002442
0.000087
0.000148
0.000018
0.000853
0.002026
0.002019
0.001570
0.001475
0.002058
0.000254
0.006128
0.001837
0.000327
0.002601
0.002459
0.001173
0.002535
0.002344
0.005742
0.001687
0.008826
0.002261
0.010614
0.004504
0.000475
0.000118
0.002261
0.000814
0.007027
0.000114
0.003513
0.003820
0.003185
0.001634
0.000601
0.000973
0.002421
0.001428
0.000628
0.001460
0.003416
0.000783
0.002373
0.012430
0.003157
0.001786
0.005604
0.001351
0.000849
0.004170
0.001544
0.002735
0.001786
0.000872
0.002095
0.001596
0.001161
0.000882
0.000152
0.001142
0.001271
0.002343
0.002626
0.000165
0.002379
0.003822
0.001247
0.002561
0.004288
0.001441
0.001539
0.000410
0.000045
0.002559
0.001249
0.000983
0.002484
0.000521
0.002763
0.002715
0.003036
0.001825
0.001520
0.002271
0.000198
0.000163
0.005482
0.000171
0.003184
0.002004
0.003098
0.001071
0.000913
0.001749
0.002514
0.001381
0.001920
0.000747
0.000807
0.001060
0.001880
0.002826
0.000994
0.002560
0.001188
0.005698
0.000346
0.000869
0.003476
0.001275
0.000664
0.000706
0.001992
0.000638
0.002056
0.000196
0.000528
0.001340
0.000961
0.001081
0.000260
0.004114
0.000515
0.000859
0.001046
0.000787
0.000427
0.001355
0.000829
0.002425
0.000783
0.001002
0.000360
0.002357
0.000310
0.000323
0.000357
0.000174
0.000524
0.000236
0.000432
0.001278
0.000239
0.000682
0.000144
0.000052
0.000165
0.000110
0.000087
0.000374
0.000159
0.000443
0.000118
0.000054
0.000136
0.000269
0.000347
0.000333
0.000073
0.000168
0.000175
0.000048
0.000096
0.000567
0.000130
0.000075
0.000081
0.000156
0.000141
0.000101
0.000075
0.000094
0.000064
0.043706
0.036446
0.050714
0.026349
0.038001
0.016712
0.017755
0.017999
0.025272
0.043270
0.030849
0.013134
0.020155
0.018527
0.011490
0.023295
0.019774
0.009898
0.021656
0.011921
0.016478
0.021671
0.011549
0.014894
0.012262
0.009214
0.008418
0.010491
0.008458
0.009418
0.007775
0.013821
0.004008
0.008647
0.005007
0.003109
0.005564
0.003464
0.007476
0.006408
0.002414
0.003885
0.006521
0.003218
0.002558
0.002747
0.005258
0.000904
0.002594
0.004956
0.001488
0.003528
0.002680
0.003399
0.003594
0.003974
0.001493
0.002886
0.004468
0.001237
0.001097
0.000927
0.000915
0.001009
0.000897
0.003929
0.001954
0.002574
0.001544
0.002618
0.003878
0.000603
0.000374
0.000509
0.000653
0.000522
0.000652
0.000576
0.000850
0.000645
0.000387
0.000559
0.000667
0.001135
0.000677
0.000704
0.002291
0.002249
0.001876
0.007445
0.008296
0.001004
0.000289
0.001175
0.000301
0.001783
0.000258
0.002765
0.001098
0.001839
0.000968
0.000321
0.000635
0.000457
0.004175
0.000282
0.000259
0.003969
0.000677
0.004175
0.000284
0.009273
0.002015
0.002729
0.004424
0.006755
0.004336
0.000574
0.005294
0.002443
0.000225
0.000581
0.000513
0.030906
0.004343
0.000067
0.000064
0.003372
0.002040
0.002535
0.004371
0.000025
0.001086
0.000069
0.003938
0.000332
0.006292
0.001785
0.000059
0.009041
0.000525
0.000806
0.000430
0.000995
0.000497
0.002218
0.000720
0.003021
0.011359
0.000775
0.002376
0.000044
0.001151
0.000677
0.000632
0.001965
0.008858
0.001658
0.000453
0.005080
0.008445
0.001388
0.000698
0.000162
0.005269
0.000347
0.008259
0.000956
0.000157
0.002112
0.002810
0.000609
0.005074
0.000041
0.002325
0.000066
0.000170
0.000020
0.000837
0.001869
0.001846
0.001453
0.001405
0.001950
0.000281
0.006073
0.001752
0.000313
0.002505
0.002361
0.001091
0.002423
0.002181
0.005404
0.001603
0.008455
0.002075
0.010105
0.004336
0.000448
0.000108
0.002123
0.000756
0.006759
0.000089
0.003311
0.003579
0.002928
0.001438
0.000507
0.000917
0.002244
0.001299
0.000596
0.001359
0.003376
0.000696
0.002238
0.011980
0.002994
0.001598
0.005267
0.001216
0.000718
0.003879
0.001359
0.002552
0.001620
0.000723
0.001858
0.001465
0.001017
0.000800
0.000149
0.001002
0.001142
0.002090
0.002459
0.000136
0.002044
0.003558
0.001126
0.002257
0.004069
0.001234
0.001327
0.000359
0.000039
0.002337
0.001095
0.000769
0.002235
0.000478
0.002503
0.002441
0.002703
0.001595
0.001360
0.002070
0.000188
0.000128
0.004798
0.000140
0.002908
0.001849
0.002730
0.000944
0.000781
0.001560
0.002241
0.001182
0.001691
0.000677
0.000693
0.000929
0.001664
0.002687
0.000876
0.002218
0.001096
0.005135
0.000290
0.000746
0.003114
0.001058
0.000531
0.000633
0.001709
0.000567
0.001828
0.000183
0.000468
0.001106
0.000707
0.000910
0.000241
0.004079
0.000432
0.000745
0.000930
0.000702
0.000372
0.001240
0.000752
0.002226
0.000704
0.000857
0.000334
0.002051
0.000266
0.000299
0.000317
0.000157
0.000453
0.000186
0.000385
0.001155
0.000206
0.000638
0.000121
0.000059
0.000146
0.000118
0.000089
0.000300
0.000161
0.000392
0.000104
0.000057
0.000121
0.000221
0.000321
0.000298
0.000069
0.000156
0.000188
0.000042
0.000074
0.000468
0.000127
0.000058
0.000066
0.000132
0.000142
0.000081
0.000065
0.000083
0.000061
0.044564
0.036441
0.050707
0.026345
0.037997
0.016709
0.017752
0.017995
0.025268
0.043264
0.030843
0.013131
0.020151
0.018524
0.011487
0.023291
0.019770
0.009896
0.021652
0.011920
0.016477
0.021668
0.011548
0.014889
0.012260
0.009212
0.008417
0.010490
0.008457
0.009417
0.007774
0.013820
0.004006
0.008644
0.005006
0.003109
0.005564
0.003464
0.007474
0.006405
0.002413
0.003884
0.006519
0.003217
0.002558
0.002747
0.005256
0.000904
0.002594
0.004954
0.001488
0.003527
0.002680
0.003398
0.003594
0.003973
0.001492
0.002887
0.004468
0.001237
0.001096
0.000928
0.000915
0.001009
0.000898
0.003929
0.001955
0.002575
0.001544
0.002617
0.003880
0.000603
0.000374
0.000511
0.000653
0.000522
0.000653
0.000578
0.000849
0.000643
0.000386
0.000560
0.000663
0.001136
0.000679
0.000704
0.002293
0.002248
0.001873
0.007443
0.008296
0.001003
0.000289
0.001176
0.000302
0.001784
0.000258
0.002771
0.001100
0.001845
0.000969
0.000319
0.000636
0.000457
0.004180
0.000283
0.000262
0.003977
0.000674
0.004175
0.000290
0.009267
0.002019
0.002736
0.004428
0.006767
0.004347
0.000574
0.005306
0.002448
0.000230
0.000582
0.000510
0.030957
0.004396
0.000072
0.000067
0.003407
0.002037
0.002555
0.004308
0.000024
0.001092
0.000068
0.003951
0.000335
0.006330
0.001802
0.000059
0.009026
0.000526
0.000816
0.000431
0.000977
0.000507
0.002243
0.000738
0.003049
0.011414
0.000788
0.002421
0.000047
0.001163
0.000703
0.000674
0.001983
0.009117
0.001727
0.000461
0.005139
0.008523
0.001441
0.000718
0.000151
0.005372
0.000372
0.008441
0.001019
0.000164
0.002328
0.002970
0.000587
0.005227
0.000033
0.002439
0.000087
0.000148
0.000018
0.000851
0.002022
0.002015
0.001567
0.001473
0.002055
0.000253
0.006121
0.001834
0.000327
0.002597
0.002455
0.001171
0.002531
0.002339
0.005734
0.001684
0.008815
0.002257
0.010602
0.004499
0.000474
0.000118
0.002259
0.000812
0.007020
0.000114
0.003509
0.003814
0.003180
0.001631
0.000600
0.000972
0.002417
0.001426
0.000627
0.001458
0.003414
0.000782
0.002370
0.012420
0.003153
0.001783
0.005598
0.001349
0.000847
0.004165
0.001542
0.002731
0.001783
0.000870
0.002092
0.001594
0.001159
0.000881
0.000152
0.001140
0.001269
0.002340
0.002623
0.000165
0.002375
0.003818
0.001244
0.002557
0.004284
0.001439
0.001536
0.000409
0.000045
0.002555
0.001247
0.000981
0.002481
0.000520
0.002759
0.002711
0.003032
0.001822
0.001517
0.002268
0.000198
0.000162
0.005475
0.000171
0.003180
0.002001
0.003095
0.001069
0.000911
0.001747
0.002511
0.001378
0.001917
0.000745
0.000806
0.001059
0.001877
0.002824
0.000992
0.002556
0.001186
0.005691
0.000345
0.000867
0.003472
0.001273
0.000662
0.000705
0.001989
0.000637
0.002053
0.000195
0.000527
0.001338
0.000959
0.001079
0.000259
0.004110
0.000514
0.000857
0.001045
0.000786
0.000426
0.001354
0.000829
0.002423
0.000782
0.001000
0.000359
0.002355
0.000310
0.000322
0.000356
0.000174
0.000523
0.000235
0.000432
0.001276
0.000238
0.000682
0.000144
0.000052
0.000165
0.000110
0.000087
0.000373
0.000158
0.000443
0.000118
0.000054
0.000136
0.000269
0.000346
0.000333
0.000073
0.000168
0.000175
0.000048
0.000096
0.000566
0.000130
0.000075
0.000081
0.000156
0.000141
0.000101
0.000075
0.000094
0.000064
0.043695
0.036436
0.050700
0.026341
0.037991
0.016706
0.017749
0.017992
0.025263
0.043257
0.030838
0.013128
0.020146
0.018520
0.011484
0.023286
0.019765
0.009893
0.021647
0.011916
0.016474
0.021664
0.011545
0.014885
0.012257
0.009209
0.008414
0.010487
0.008455
0.009414
0.007771
0.013816
0.004005
0.008641
0.005004
0.003107
0.005561
0.003463
0.007471
0.006403
0.002412
0.003882
0.006516
0.003216
0.002557
0.002745
0.005255
0.000903
0.002593
0.004952
0.001487
0.003525
0.002678
0.003397
0.003592
0.003971
0.001491
0.002886
0.004465
0.001236
0.001096
0.000927
0.000915
0.001009
0.000897
0.003927
0.001954
0.002574
0.001543
0.002616
0.003878
0.000602
0.000374
0.000511
0.000653
0.000521
0.000653
0.000577
0.000848
0.000642
0.000385
0.000560
0.000662
0.001135
0.000678
0.000704
0.002291
0.002246
0.001872
0.007440
0.008291
0.001002
0.000288
0.001175
0.000301
0.001783
0.000258
0.002769
0.001099
0.001844
0.000969
0.000319
0.000635
0.000457
0.004177
0.000282
0.000262
0.003975
0.000674
0.004172
0.000290
0.009263
0.002017
0.002734
0.004426
0.006763
0.004344
0.000574
0.005302
0.002446
0.000230
0.000581
0.000508
0.030936
0.004389
0.000071
0.000067
0.003404
0.002035
0.002553
0.004305
0.000024
0.001091
0.000068
0.003948
0.000334
0.006325
0.001800
0.000059
0.009020
0.000525
0.000816
0.000431
0.000976
0.000507
0.002241
0.000736
0.003047
0.011407
0.000788
0.002418
0.000047
0.001162
0.000703
0.000672
0.001981
0.009107
0.001725
0.000461
0.005135
0.008517
0.001439
0.000717
0.000152
0.005368
0.000371
0.008436
0.001018
0.000163
0.002324
0.002967
0.000586
0.005223
0.000033
0.002437
0.000087
0.000148
0.000018
0.000850
0.002020
0.002013
0.001566
0.001471
0.002053
0.000253
0.006117
0.001832
0.000327
0.002595
0.002453
0.001169
0.002529
0.002337
0.005729
0.001682
0.008809
0.002255
0.010595
0.004495
0.000474
0.000117
0.002257
0.000812
0.007015
0.000114
0.003506
0.003811
0.003177
0.001630
0.000599
0.000971
0.002414
0.001424
0.000626
0.001457
0.003412
0.000781
0.002369
0.012415
0.003151
0.001780
0.005594
0.001347
0.000846
0.004162
0.001540
0.002729
0.001782
0.000869
0.002089
0.001592
0.001157
0.000880
0.000151
0.001139
0.001268
0.002338
0.002620
0.000165
0.002372
0.003815
0.001243
0.002554
0.004282
0.001437
0.001534
0.000408
0.000045
0.002553
0.001245
0.000980
0.002479
0.000520
0.002757
0.002709
0.003030
0.001820
0.001516
0.002266
0.000198
0.000162
0.005470
0.000171
0.003178
0.002000
0.003092
0.001068
0.000910
0.001745
0.002509
0.001377
0.001915
0.000745
0.000805
0.001058
0.001876
0.002823
0.000991
0.002554
0.001186
0.005687
0.000345
0.000866
0.003469
0.001272
0.000661
0.000704
0.001988
0.000637
0.002052
0.000195
0.000526
0.001336
0.000958
0.001078
0.000259
0.004108
0.000514
0.000856
0.001044
0.000785
0.000425
0.001353
0.000828
0.002421
0.000782
0.000999
0.000359
0.002353
0.000309
0.000322
0.000356
0.000174
0.000523
0.000235
0.000431
0.001275
0.000238
0.000681
0.000144
0.000052
0.000165
0.000110
0.000087
0.000372
0.000158
0.000442
0.000118
0.000054
0.000136
0.000269
0.000346
0.000333
0.000073
0.000168
0.000175
0.000048
0.000096
0.000566
0.000130
0.000074
0.000081
0.000156
0.000141
0.000101
0.000075
0.000094
0.000064
0.043689
0.036431
0.050695
0.026336
0.037986
0.016703
0.017746
0.017988
0.025258
0.043250
0.030832
0.013125
0.020142
0.018516
0.011482
0.023281
0.019761
0.009890
0.021642
0.011913
0.016470
0.021659
0.011542
0.014882
0.012253
0.009206
0.008411
0.010484
0.008452
0.009411
0.007769
0.013812
0.004003
0.008639
0.005003
0.003106
0.005559
0.003461
0.007469
0.006401
0.002411
0.003880
0.006514
0.003214
0.002556
0.002744
0.005253
0.000903
0.002592
0.004950
0.001486
0.003524
0.002677
0.003395
0.003590
0.003969
0.001490
0.002884
0.004463
0.001235
0.001095
0.000927
0.000914
0.001008
0.000897
0.003925
0.001952
0.002572
0.001542
0.002614
0.003876
0.000602
0.000373
0.000511
0.000653
0.000521
0.000652
0.000577
0.000848
0.000642
0.000385
0.000559
0.000662
0.001134
0.000677
0.000703
0.002290
0.002244
0.001870
0.007437
0.008287
0.001001
0.000288
0.001174
0.000301
0.001781
0.000258
0.002767
0.001098
0.001843
0.000968
0.000319
0.000635
0.000457
0.004175
0.000282
0.000262
0.003973
0.000673
0.004169
0.000290
0.009259
0.002015
0.002732
0.004423
0.006759
0.004341
0.000574
0.005298
0.002443
0.000230
0.000580
0.000507
0.030916
0.004382
0.000071
0.000067
0.003401
0.002033
0.002551
0.004302
0.000024
0.001090
0.000068
0.003944
0.000333
0.006320
0.001799
0.000059
0.009014
0.000525
0.000815
0.000430
0.000975
0.000506
0.002239
0.000735
0.003045
0.011401
0.000787
0.002416
0.000047
0.001161
0.000702
0.000671
0.001980
0.009097
0.001723
0.000460
0.005131
0.008512
0.001438
0.000717
0.000152
0.005363
0.000370
0.008431
0.001017
0.000163
0.002320
0.002964
0.000585
0.005219
0.000033
0.002434
0.000087
0.000148
0.000018
0.000849
0.002018
0.002010
0.001564
0.001470
0.002051
0.000253
0.006113
0.001831
0.000326
0.002593
0.002451
0.001168
0.002527
0.002334
0.005725
0.001680
0.008803
0.002253
0.010588
0.004492
0.000474
0.000117
0.002256
0.000811
0.007011
0.000114
0.003504
0.003808
0.003175
0.001628
0.000598
0.000971
0.002412
0.001423
0.000626
0.001456
0.003411
0.000780
0.002367
0.012409
0.003149
0.001778
0.005590
0.001346
0.000844
0.004159
0.001538
0.002727
0.001781
0.000867
0.002087
0.001591
0.001156
0.000879
0.000151
0.001137
0.001267
0.002336
0.002618
0.000164
0.002369
0.003813
0.001242
0.002552
0.004280
0.001435
0.001533
0.000407
0.000045
0.002551
0.001244
0.000978
0.002478
0.000520
0.002755
0.002707
0.003027
0.001819
0.001515
0.002264
0.000198
0.000162
0.005466
0.000170
0.003176
0.001998
0.003090
0.001067
0.000909
0.001744
0.002507
0.001375
0.001913
0.000744
0.000804
0.001057
0.001874
0.002821
0.000990
0.002552
0.001185
0.005683
0.000345
0.000865
0.003467
0.001271
0.000660
0.000704
0.001986
0.000636
0.002050
0.000195
0.000526
0.001335
0.000957
0.001076
0.000259
0.004106
0.000513
0.000855
0.001043
0.000785
0.000425
0.001352
0.000828
0.002420
0.000781
0.000998
0.000359
0.002351
0.000309
0.000322
0.000356
0.000174
0.000522
0.000235
0.000431
0.001275
0.000238
0.000681
0.000144
0.000052
0.000165
0.000110
0.000087
0.000372
0.000158
0.000442
0.000118
0.000054
0.000136
0.000269
0.000346
0.000332
0.000073
0.000168
0.000175
0.000048
0.000096
0.000565
0.000130
0.000074
0.000081
0.000155
0.000141
0.000101
0.000074
0.000094
0.000064
0.043683
0.036425
0.050688
0.026331
0.037981
0.016700
0.017743
0.017984
0.025254
0.043243
0.030826
0.013122
0.020137
0.018512
0.011479
0.023276
0.019756
0.009888
0.021636
0.011910
0.016467
0.021655
0.011539
0.014878
0.012250
0.009203
0.008409
0.010481
0.008450
0.009409
0.007767
0.013808
0.004001
0.008636
0.005001
0.003104
0.005557
0.003460
0.007467
0.006399
0.002410
0.003879
0.006511
0.003212
0.002555
0.002743
0.005251
0.000903
0.002591
0.004948
0.001486
0.003522
0.002676
0.003393
0.003588
0.003968
0.001490
0.002883
0.004461
0.001234
0.001094
0.000926
0.000913
0.001007
0.000896
0.003923
0.001951
0.002571
0.001541
0.002613
0.003874
0.000601
0.000373
0.000510
0.000652
0.000520
0.000651
0.000576
0.000847
0.000641
0.000385
0.000559
0.000661
0.001133
0.000677
0.000703
0.002289
0.002243
0.001869
0.007434
0.008282
0.001001
0.000288
0.001173
0.000301
0.001780
0.000258
0.002765
0.001097
0.001842
0.000967
0.000318
0.000634
0.000456
0.004174
0.000281
0.000261
0.003971
0.000672
0.004167
0.000289
0.009255
0.002014
0.002730
0.004421
0.006754
0.004337
0.000573
0.005295
0.002441
0.000229
0.000579
0.000505
0.030895
0.004375
0.000071
0.000067
0.003399
0.002032
0.002549
0.004298
0.000024
0.001089
0.000068
0.003940
0.000333
0.006315
0.001797
0.000059
0.009008
0.000524
0.000814
0.000430
0.000975
0.000505
0.002237
0.000733
0.003044
0.011395
0.000786
0.002414
0.000047
0.001160
0.000701
0.000670
0.001978
0.009087
0.001722
0.000459
0.005127
0.008507
0.001436
0.000716
0.000152
0.005358
0.000370
0.008426
0.001016
0.000163
0.002316
0.002962
0.000585
0.005215
0.000033
0.002432
0.000087
0.000148
0.000018
0.000848
0.002015
0.002008
0.001562
0.001469
0.002049
0.000253
0.006109
0.001829
0.000326
0.002591
0.002449
0.001167
0.002525
0.002331
0.005720
0.001679
0.008796
0.002251
0.010581
0.004489
0.000473
0.000117
0.002254
0.000810
0.007006
0.000114
0.003501
0.003805
0.003172
0.001626
0.000597
0.000970
0.002409
0.001422
0.000625
0.001454
0.003409
0.000779
0.002366
0.012403
0.003147
0.001776
0.005586
0.001345
0.000843
0.004156
0.001537
0.002724
0.001779
0.000866
0.002085
0.001589
0.001155
0.000879
0.000151
0.001136
0.001265
0.002334
0.002616
0.000164
0.002367
0.003810
0.001240
0.002549
0.004277
0.001433
0.001531
0.000407
0.000045
0.002548
0.001243
0.000977
0.002476
0.000519
0.002753
0.002705
0.003025
0.001817
0.001514
0.002262
0.000198
0.000162
0.005461
0.000170
0.003174
0.001997
0.003088
0.001067
0.000908
0.001743
0.002505
0.001374
0.001912
0.000743
0.000803
0.001057
0.001872
0.002820
0.000989
0.002549
0.001184
0.005679
0.000344
0.000864
0.003464
0.001269
0.000659
0.000703
0.001985
0.000636
0.002048
0.000195
0.000525
0.001333
0.000955
0.001075
0.000258
0.004104
0.000512
0.000854
0.001042
0.000784
0.000424
0.001351
0.000827
0.002418
0.000780
0.000998
0.000358
0.002349
0.000309
0.000322
0.000356
0.000174
0.000522
0.000234
0.000431
0.001274
0.000238
0.000681
0.000144
0.000052
0.000165
0.000110
0.000086
0.000371
0.000158
0.000442
0.000118
0.000054
0.000135
0.000268
0.000346
0.000332
0.000073
0.000168
0.000175
0.000048
0.000096
0.000565
0.000130
0.000074
0.000081
0.000155
0.000141
0.000101
0.000074
0.000094
0.000064
0.043677
0.036420
0.050681
0.026327
0.037975
0.016697
0.017740
0.017981
0.025249
0.043236
0.030820
0.013119
0.020133
0.018509
0.011476
0.023271
0.019751
0.009885
0.021631
0.011907
0.016463
0.021651
0.011537
0.014875
0.012247
0.009200
0.008406
0.010478
0.008447
0.009406
0.007764
0.013804
0.004000
0.008633
0.004999
0.003103
0.005555
0.003458
0.007464
0.006397
0.002409
0.003877
0.006509
0.003211
0.002554
0.002742
0.005249
0.000902
0.002589
0.004946
0.001485
0.003521
0.002675
0.003392
0.003586
0.003966
0.001489
0.002882
0.004459
0.001234
0.001093
0.000925
0.000913
0.001007
0.000896
0.003921
0.001950
0.002570
0.001540
0.002611
0.003872
0.000601
0.000373
0.000510
0.000652
0.000520
0.000651
0.000576
0.000846
0.000641
0.000385
0.000558
0.000661
0.001132
0.000676
0.000702
0.002288
0.002241
0.001867
0.007431
0.008278
0.001000
0.000288
0.001172
0.000300
0.001778
0.000257
0.002763
0.001096
0.001841
0.000966
0.000318
0.000633
0.000456
0.004172
0.000281
0.000261
0.003969
0.000672
0.004164
0.000289
0.009250
0.002012
0.002728
0.004418
0.006750
0.004334
0.000573
0.005291
0.002439
0.000229
0.000579
0.000503
0.030874
0.004369
0.000071
0.000067
0.003395
0.002030
0.002546
0.004294
0.000024
0.001090
0.000068
0.003936
0.000331
0.006313
0.001795
0.000059
0.009017
0.000524
0.000814
0.000429
0.000974
0.000504
0.002235
0.000732
0.003042
0.011389
0.000785
0.002412
0.000047
0.001159
0.000700
0.000669
0.001977
0.009077
0.001720
0.000459
0.005123
0.008502
0.001435
0.000715
0.000152
0.005354
0.000369
0.008420
0.001015
0.000162
0.002312
0.002959
0.000584
0.005211
0.000033
0.002430
0.000087
0.000148
0.000018
0.000847
0.002013
0.002006
0.001561
0.001467
0.002047
0.000253
0.006105
0.001828
0.000326
0.002589
0.002447
0.001166
0.002523
0.002329
0.005716
0.001677
0.008790
0.002249
0.010574
0.004485
0.000473
0.000117
0.002253
0.000809
0.007002
0.000113
0.003499
0.003802
0.003169
0.001624
0.000596
0.000969
0.002407
0.001421
0.000625
0.001453
0.003408
0.000778
0.002364
0.012397
0.003145
0.001774
0.005583
0.001344
0.000842
0.004152
0.001535
0.002722
0.001778
0.000865
0.002083
0.001587
0.001154
0.000878
0.000151
0.001135
0.001264
0.002332
0.002614
0.000164
0.002364
0.003808
0.001239
0.002547
0.004275
0.001432
0.001529
0.000406
0.000045
0.002546
0.001241
0.000975
0.002474
0.000519
0.002751
0.002703
0.003023
0.001816
0.001512
0.002260
0.000198
0.000161
0.005457
0.000170
0.003172
0.001995
0.003086
0.001066
0.000907
0.001741
0.002503
0.001372
0.001910
0.000742
0.000802
0.001056
0.001870
0.002818
0.000988
0.002547
0.001183
0.005675
0.000344
0.000863
0.003462
0.001268
0.000658
0.000702
0.001983
0.000635
0.002047
0.000195
0.000525
0.001332
0.000954
0.001074
0.000258
0.004102
0.000512
0.000853
0.001041
0.000783
0.000424
0.001350
0.000826
0.002417
0.000780
0.000997
0.000358
0.002348
0.000309
0.000322
0.000355
0.000173
0.000522
0.000234
0.000431
0.001273
0.000238
0.000680
0.000144
0.000052
0.000165
0.000110
0.000086
0.000371
0.000158
0.000442
0.000118
0.000054
0.000135
0.000268
0.000345
0.000332
0.000073
0.000168
0.000175
0.000048
0.000096
0.000564
0.000130
0.000074
0.000080
0.000155
0.000141
0.000101
0.000074
0.000093
0.000064
0.043671
0.036414
0.050675
0.026322
0.037970
0.016695
0.017737
0.017977
0.025245
0.043230
0.030815
0.013116
0.020128
0.018505
0.011473
0.023266
0.019746
0.009882
0.021626
0.011904
0.016460
0.021646
0.011534
0.014871
0.012244
0.009197
0.008404
0.010475
0.008445
0.009403
0.007762
0.013800
0.003998
0.008631
0.004997
0.003101
0.005553
0.003457
0.007462
0.006395
0.002408
0.003875
0.006507
0.003209
0.002553
0.002741
0.005247
0.000902
0.002588
0.004944
0.001484
0.003519
0.002674
0.003390
0.003585
0.003964
0.001488
0.002880
0.004457
0.001233
0.001093
0.000925
0.000912
0.001006
0.000895
0.003920
0.001949
0.002569
0.001539
0.002610
0.003870
0.000600
0.000373
0.000509
0.000651
0.000520
0.000650
0.000576
0.000845
0.000640
0.000385
0.000558
0.000660
0.001132
0.000676
0.000702
0.002287
0.002239
0.001865
0.007428
0.008273
0.000999
0.000287
0.001171
0.000300
0.001777
0.000257
0.002761
0.001096
0.001840
0.000965
0.000318
0.000633
0.000456
0.004170
0.000281
0.000261
0.003967
0.000671
0.004161
0.000289
0.009246
0.002011
0.002726
0.004416
0.006746
0.004331
0.000572
0.005288
0.002437
0.000229
0.000578
0.000502
0.030854
0.004362
0.000071
0.000067
0.003391
0.002027
0.002544
0.004292
0.000024
0.001087
0.000068
0.003933
0.000332
0.006305
0.001795
0.000059
0.008997
0.000523
0.000813
0.000429
0.000973
0.000503
0.002233
0.000731
0.003040
0.011382
0.000784
0.002410
0.000047
0.001158
0.000700
0.000668
0.001975
0.009067
0.001718
0.000458
0.005119
0.008497
0.001433
0.000715
0.000152
0.005349
0.000368
0.008415
0.001014
0.000162
0.002308
0.002956
0.000584
0.005207
0.000033
0.002428
0.000087
0.000148
0.000018
0.000846
0.002011
0.002003
0.001559
0.001466
0.002045
0.000253
0.006101
0.001826
0.000325
0.002587
0.002444
0.001164
0.002521
0.002326
0.005711
0.001675
0.008784
0.002247
0.010567
0.004482
0.000472
0.000116
0.002251
0.000808
0.006998
0.000113
0.003496
0.003799
0.003166
0.001623
0.000595
0.000968
0.002405
0.001419
0.000624
0.001452
0.003406
0.000778
0.002363
0.012392
0.003143
0.001772
0.005579
0.001342
0.000841
0.004149
0.001534
0.002720
0.001776
0.000864
0.002081
0.001586
0.001153
0.000877
0.000151
0.001134
0.001263
0.002330
0.002612
0.000164
0.002362
0.003805
0.001237
0.002544
0.004273
0.001430
0.001527
0.000406
0.000045
0.002544
0.001240
0.000974
0.002472
0.000519
0.002749
0.002701
0.003020
0.001814
0.001511
0.002258
0.000198
0.000161
0.005452
0.000170
0.003170
0.001994
0.003084
0.001065
0.000906
0.001740
0.002501
0.001371
0.001908
0.000741
0.000801
0.001055
0.001869
0.002817
0.000987
0.002545
0.001182
0.005671
0.000343
0.000862
0.003459
0.001267
0.000657
0.000701
0.001982
0.000635
0.002045
0.000194
0.000524
0.001330
0.000953
0.001073
0.000258
0.004100
0.000511
0.000853
0.001040
0.000783
0.000423
0.001350
0.000826
0.002416
0.000779
0.000996
0.000358
0.002346
0.000308
0.000321
0.000355
0.000173
0.000521
0.000234
0.000430
0.001272
0.000237
0.000680
0.000144
0.000052
0.000165
0.000110
0.000086
0.000371
0.000158
0.000441
0.000118
0.000054
0.000135
0.000268
0.000345
0.000332
0.000073
0.000168
0.000175
0.000048
0.000096
0.000564
0.000130
0.000074
0.000080
0.000155
0.000141
0.000101
0.000074
0.000093
0.000064
0.043666
0.036409
0.050668
0.026318
0.037965
0.016692
0.017734
0.017974
0.025240
0.043223
0.030810
0.013113
0.020124
0.018501
0.011471
0.023261
0.019742
0.009880
0.021621
0.011901
0.016457
0.021642
0.011532
0.014868
0.012241
0.009194
0.008401
0.010472
0.008442
0.009400
0.007760
0.013796
0.003996
0.008628
0.004995
0.003100
0.005551
0.003456
0.007459
0.006392
0.002406
0.003874
0.006504
0.003208
0.002552
0.002739
0.005245
0.000901
0.002587
0.004941
0.001484
0.003517
0.002672
0.003389
0.003583
0.003963
0.001487
0.002879
0.004455
0.001232
0.001092
0.000924
0.000912
0.001006
0.000895
0.003918
0.001948
0.002568
0.001538
0.002608
0.003868
0.000600
0.000372
0.000509
0.000651
0.000519
0.000649
0.000575
0.000845
0.000640
0.000385
0.000557
0.000660
0.001131
0.000675
0.000701
0.002285
0.002238
0.001864
0.007425
0.008269
0.000998
0.000287
0.001170
0.000300
0.001776
0.000257
0.002759
0.001095
0.001840
0.000964
0.000317
0.000632
0.000456
0.004168
0.000280
0.000261
0.003965
0.000671
0.004159
0.000288
0.009242
0.002009
0.002724
0.004413
0.006742
0.004328
0.000572
0.005285
0.002435
0.000229
0.000577
0.000500
0.030833
0.004356
0.000071
0.000067
0.003388
0.002025
0.002542
0.004289
0.000024
0.001086
0.000068
0.003930
0.000331
0.006300
0.001793
0.000058
0.008991
0.000522
0.000812
0.000429
0.000972
0.000502
0.002231
0.000729
0.003038
0.011376
0.000784
0.002408
0.000047
0.001157
0.000699
0.000666
0.001974
0.009058
0.001716
0.000458
0.005115
0.008493
0.001432
0.000714
0.000152
0.005345
0.000368
0.008410
0.001013
0.000162
0.002304
0.002953
0.000583
0.005203
0.000033
0.002426
0.000087
0.000148
0.000018
0.000845
0.002009
0.002001
0.001557
0.001464
0.002043
0.000253
0.006097
0.001825
0.000325
0.002585
0.002442
0.001163
0.002519
0.002323
0.005707
0.001673
0.008778
0.002245
0.010560
0.004479
0.000472
0.000116
0.002250
0.000807
0.006994
0.000113
0.003494
0.003796
0.003163
0.001621
0.000594
0.000968
0.002402
0.001418
0.000624
0.001450
0.003405
0.000777
0.002361
0.012386
0.003141
0.001770
0.005575
0.001341
0.000840
0.004146
0.001532
0.002718
0.001775
0.000863
0.002079
0.001584
0.001151
0.000876
0.000151
0.001133
0.001261
0.002328
0.002610
0.000163
0.002359
0.003803
0.001236
0.002541
0.004271
0.001428
0.001526
0.000405
0.000045
0.002542
0.001239
0.000973
0.002470
0.000518
0.002747
0.002699
0.003018
0.001813
0.001510
0.002256
0.000197
0.000161
0.005448
0.000169
0.003167
0.001992
0.003082
0.001064
0.000905
0.001739
0.002499
0.001370
0.001906
0.000741
0.000800
0.001054
0.001867
0.002816
0.000986
0.002543
0.001181
0.005667
0.000343
0.000861
0.003457
0.001265
0.000656
0.000701
0.001981
0.000634
0.002043
0.000194
0.000524
0.001329
0.000952
0.001072
0.000257
0.004098
0.000511
0.000852
0.001040
0.000782
0.000423
0.001349
0.000825
0.002414
0.000779
0.000995
0.000358
0.002344
0.000308
0.000321
0.000355
0.000173
0.000521
0.000234
0.000430
0.001271
0.000237
0.000680
0.000144
0.000052
0.000165
0.000110
0.000086
0.000370
0.000158
0.000441
0.000117
0.000055
0.000135
0.000268
0.000345
0.000332
0.000072
0.000168
0.000175
0.000048
0.000095
0.000563
0.000130
0.000074
0.000080
0.000155
0.000141
0.000101
0.000074
0.000093
0.000064
0.043660
0.036404
0.050661
0.026313
0.037960
0.016689
0.017731
0.017970
0.025235
0.043216
0.030804
0.013110
0.020119
0.018498
0.011468
0.023256
0.019737
0.009877
0.021616
0.011898
0.016454
0.021638
0.011529
0.014865
0.012238
0.009191
0.008399
0.010469
0.008440
0.009398
0.007758
0.013792
0.003995
0.008625
0.004994
0.003098
0.005549
0.003454
0.007457
0.006390
0.002405
0.003872
0.006502
0.003206
0.002551
0.002738
0.005244
0.000901
0.002585
0.004939
0.001483
0.003516
0.002671
0.003387
0.003581
0.003961
0.001486
0.002877
0.004453
0.001231
0.001091
0.000924
0.000911
0.001005
0.000894
0.003916
0.001947
0.002567
0.001538
0.002607
0.003866
0.000600
0.000372
0.000508
0.000651
0.000519
0.000649
0.000575
0.000844
0.000639
0.000384
0.000557
0.000659
0.001130
0.000675
0.000701
0.002284
0.002236
0.001862
0.007422
0.008265
0.000997
0.000287
0.001170
0.000299
0.001774
0.000257
0.002757
0.001094
0.001839
0.000963
0.000317
0.000632
0.000455
0.004167
0.000280
0.000261
0.003963
0.000670
0.004156
0.000288
0.009238
0.002007
0.002722
0.004411
0.006738
0.004325
0.000571
0.005281
0.002433
0.000229
0.000576
0.000499
0.030813
0.004349
0.000071
0.000067
0.003385
0.002023
0.002541
0.004286
0.000024
0.001084
0.000068
0.003926
0.000330
0.006296
0.001792
0.000058
0.008985
0.000522
0.000812
0.000428
0.000972
0.000501
0.002229
0.000728
0.003036
0.011370
0.000783
0.002406
0.000047
0.001157
0.000699
0.000665
0.001973
0.009048
0.001715
0.000457
0.005111
0.008488
0.001430
0.000713
0.000152
0.005340
0.000367
0.008405
0.001012
0.000161
0.002300
0.002950
0.000582
0.005199
0.000033
0.002424
0.000087
0.000148
0.000018
0.000844
0.002007
0.001998
0.001556
0.001463
0.002042
0.000254
0.006093
0.001823
0.000325
0.002583
0.002440
0.001162
0.002517
0.002321
0.005702
0.001672
0.008772
0.002243
0.010554
0.004475
0.000472
0.000116
0.002248
0.000807
0.006989
0.000113
0.003491
0.003793
0.003160
0.001619
0.000593
0.000967
0.002400
0.001417
0.000623
0.001449
0.003403
0.000776
0.002360
0.012381
0.003139
0.001768
0.005571
0.001340
0.000839
0.004143
0.001531
0.002716
0.001773
0.000862
0.002077
0.001583
0.001150
0.000875
0.000151
0.001132
0.001260
0.002326
0.002608
0.000163
0.002357
0.003800
0.001235
0.002539
0.004268
0.001427
0.001524
0.000404
0.000045
0.002540
0.001237
0.000971
0.002469
0.000518
0.002745
0.002697
0.003016
0.001811
0.001509
0.002254
0.000197
0.000161
0.005444
0.000169
0.003165
0.001991
0.003080
0.001063
0.000904
0.001737
0.002497
0.001368
0.001905
0.000740
0.000800
0.001053
0.001865
0.002814
0.000985
0.002540
0.001180
0.005664
0.000342
0.000860
0.003454
0.001264
0.000655
0.000700
0.001979
0.000634
0.002042
0.000194
0.000523
0.001328
0.000951
0.001071
0.000257
0.004096
0.000510
0.000851
0.001039
0.000781
0.000422
0.001348
0.000825
0.002413
0.000778
0.000994
0.000357
0.002343
0.000308
0.000321
0.000355
0.000173
0.000520
0.000233
0.000430
0.001271
0.000237
0.000679
0.000144
0.000052
0.000164
0.000110
0.000086
0.000370
0.000158
0.000441
0.000117
0.000055
0.000135
0.000268
0.000345
0.000331
0.000072
0.000168
0.000175
0.000048
0.000095
0.000563
0.000130
0.000074
0.000080
0.000155
0.000141
0.000101
0.000074
0.000093
0.000064
0.043654
0.036399
0.050655
0.026308
0.037954
0.016686
0.017728
0.017966
0.025230
0.043210
0.030798
0.013107
0.020115
0.018494
0.011465
0.023252
0.019732
0.009875
0.021611
0.011895
0.016450
0.021634
0.011527
0.014861
0.012235
0.009188
0.008396
0.010466
0.008437
0.009395
0.007756
0.013788
0.003993
0.008623
0.004992
0.003097
0.005546
0.003453
0.007455
0.006388
0.002404
0.003870
0.006499
0.003204
0.002550
0.002737
0.005242
0.000900
0.002584
0.004937
0.001482
0.003514
0.002670
0.003385
0.003579
0.003958
0.001485
0.002876
0.004449
0.001230
0.001091
0.000923
0.000910
0.001006
0.000894
0.003914
0.001946
0.002565
0.001536
0.002606
0.003864
0.000599
0.000372
0.000508
0.000650
0.000518
0.000648
0.000574
0.000843
0.000639
0.000385
0.000556
0.000659
0.001129
0.000674
0.000700
0.002283
0.002234
0.001861
0.007419
0.008260
0.000996
0.000287
0.001169
0.000299
0.001773
0.000256
0.002755
0.001093
0.001838
0.000963
0.000317
0.000631
0.000455
0.004165
0.000280
0.000260
0.003961
0.000669
0.004154
0.000287
0.009234
0.002006
0.002720
0.004409
0.006734
0.004322
0.000571
0.005278
0.002431
0.000228
0.000576
0.000497
0.030792
0.004343
0.000071
0.000066
0.003382
0.002021
0.002539
0.004282
0.000024
0.001083
0.000068
0.003923
0.000330
0.006291
0.001790
0.000058
0.008980
0.000521
0.000811
0.000428
0.000971
0.000501
0.002227
0.000727
0.003035
0.011364
0.000782
0.002404
0.000047
0.001156
0.000698
0.000664
0.001971
0.009038
0.001713
0.000457
0.005107
0.008483
0.001428
0.000712
0.000152
0.005336
0.000366
0.008400
0.001011
0.000161
0.002296
0.002948
0.000582
0.005195
0.000033
0.002422
0.000087
0.000148
0.000018
0.000843
0.002005
0.001996
0.001554
0.001461
0.002040
0.000254
0.006089
0.001822
0.000325
0.002581
0.002438
0.001160
0.002515
0.002318
0.005698
0.001670
0.008766
0.002241
0.010547
0.004472
0.000471
0.000116
0.002247
0.000806
0.006985
0.000113
0.003489
0.003790
0.003157
0.001618
0.000592
0.000966
0.002398
0.001416
0.000623
0.001448
0.003402
0.000775
0.002358
0.012375
0.003137
0.001766
0.005568
0.001339
0.000838
0.004140
0.001529
0.002713
0.001772
0.000861
0.002074
0.001581
0.001149
0.000875
0.000151
0.001130
0.001259
0.002324
0.002606
0.000163
0.002354
0.003798
0.001233
0.002536
0.004266
0.001425
0.001522
0.000404
0.000045
0.002538
0.001236
0.000970
0.002467
0.000518
0.002743
0.002695
0.003013
0.001810
0.001507
0.002253
0.000197
0.000161
0.005439
0.000169
0.003163
0.001989
0.003078
0.001062
0.000903
0.001736
0.002495
0.001367
0.001903
0.000739
0.000799
0.001052
0.001864
0.002813
0.000984
0.002538
0.001180
0.005660
0.000342
0.000859
0.003452
0.001263
0.000654
0.000699
0.001978
0.000633
0.002040
0.000194
0.000523
0.001326
0.000950
0.001070
0.000257
0.004094
0.000509
0.000850
0.001038
0.000781
0.000422
0.001347
0.000824
0.002411
0.000778
0.000994
0.000357
0.002341
0.000308
0.000321
0.000355
0.000173
0.000520
0.000233
0.000429
0.001270
0.000237
0.000679
0.000144
0.000052
0.000164
0.000110
0.000086
0.000369
0.000158
0.000441
0.000117
0.000055
0.000135
0.000268
0.000345
0.000331
0.000072
0.000168
0.000175
0.000048
0.000095
0.000562
0.000130
0.000074
0.000080
0.000155
0.000141
0.000101
0.000074
0.000093
0.000064
0.043648
0.036394
0.050648
0.026304
0.037949
0.016683
0.017724
0.017963
0.025225
0.043203
0.030793
0.013104
0.020110
0.018490
0.011462
0.023247
0.019728
0.009872
0.021606
0.011891
0.016446
0.021630
0.011525
0.014857
0.012231
0.009184
0.008394
0.010462
0.008433
0.009390
0.007753
0.013782
0.003991
0.008619
0.004989
0.003094
0.005542
0.003451
0.007454
0.006386
0.002403
0.003868
0.006495
0.003202
0.002548
0.002735
0.005238
0.000899
0.002582
0.004933
0.001481
0.003511
0.002668
0.003380
0.003576
0.003953
0.001483
0.002874
0.004443
0.001228
0.001089
0.000921
0.000907
0.001005
0.000891
0.003909
0.001942
0.002562
0.001534
0.002603
0.003860
0.000598
0.000370
0.000506
0.000649
0.000517
0.000644
0.000573
0.000841
0.000636
0.000387
0.000557
0.000653
0.001127
0.000675
0.000698
0.002283
0.002228
0.001858
0.007414
0.008248
0.000992
0.000285
0.001162
0.000298
0.001768
0.000255
0.002747
0.001088
0.001840
0.000957
0.000316
0.000627
0.000450
0.004166
0.000277
0.000259
0.003956
0.000665
0.004139
0.000281
0.009189
0.001999
0.002710
0.004385
0.006694
0.004287
0.000564
0.005239
0.002416
0.000229
0.000554
0.000499
0.030676
0.004281
0.000073
0.000068
0.003391
0.002011
0.002527
0.004276
0.000024
0.001074
0.000069
0.003901
0.000322
0.006234
0.001766
0.000063
0.008974
0.000510
0.000808
0.000415
0.000955
0.000494
0.002182
0.000697
0.003006
0.011272
0.000763
0.002359
0.000046
0.001139
0.000666
0.000631
0.001900
0.008689
0.001659
0.000443
0.004933
0.008357
0.001390
0.000697
0.000160
0.005191
0.000351
0.008196
0.000944
0.000137
0.002067
0.002767
0.000539
0.004935
0.000028
0.002306
0.000071
0.000173
0.000026
0.000849
0.001888
0.001831
0.001449
0.001390
0.001928
0.000264
0.005885
0.001739
0.000326
0.002454
0.002319
0.001071
0.002381
0.002137
0.005371
0.001574
0.008319
0.002065
0.009983
0.004264
0.000447
0.000103
0.002125
0.000764
0.006641
0.000105
0.003265
0.003523
0.002882
0.001429
0.000500
0.000941
0.002169
0.001307
0.000594
0.001330
0.003372
0.000721
0.002238
0.011900
0.002975
0.001584
0.005211
0.001201
0.000703
0.003852
0.001350
0.002526
0.001611
0.000767
0.001856
0.001433
0.001027
0.000776
0.000143
0.001018
0.001134
0.002106
0.002437
0.000141
0.002045
0.003573
0.001117
0.002252
0.003978
0.001187
0.001313
0.000361
0.000045
0.002338
0.001081
0.000788
0.002234
0.000507
0.002496
0.002426
0.002654
0.001601
0.001350
0.002066
0.000182
0.000136
0.004767
0.000144
0.002882
0.001838
0.002726
0.000927
0.000770
0.001577
0.002207
0.001181
0.001695
0.000669
0.000693
0.000923
0.001644
0.002658
0.000868
0.002203
0.001102
0.005095
0.000285
0.000714
0.003101
0.001060
0.000527
0.000632
0.001709
0.000563
0.001850
0.000180
0.000470
0.001096
0.000722
0.000909
0.000233
0.003995
0.000428
0.000747
0.000911
0.000691
0.000355
0.001222
0.000741
0.002223
0.000696
0.000858
0.000327
0.002051
0.000265
0.000301
0.000313
0.000151
0.000452
0.000184
0.000398
0.001145
0.000204
0.000628
0.000121
0.000060
0.000149
0.000116
0.000088
0.000322
0.000160
0.000396
0.000105
0.000055
0.000123
0.000224
0.000330
0.000294
0.000069
0.000151
0.000181
0.000045
0.000074
0.000476
0.000130
0.000058
0.000069
0.000132
0.000136
0.000087
0.000061
0.000084
0.000061
0.044424
0.036388
0.050644
0.026300
0.037945
0.016680
0.017722
0.017960
0.025222
0.043197
0.030788
0.013102
0.020107
0.018487
0.011460
0.023243
0.019723
0.009870
0.021602
0.011889
0.016444
0.021626
0.011522
0.014855
0.012229
0.009183
0.008392
0.010461
0.008433
0.009390
0.007752
0.013781
0.003990
0.008618
0.004989
0.003094
0.005543
0.003450
0.007450
0.006385
0.002403
0.003868
0.006495
0.003202
0.002548
0.002735
0.005239
0.000899
0.002582
0.004934
0.001481
0.003511
0.002668
0.003383
0.003576
0.003956
0.001484
0.002874
0.004447
0.001229
0.001089
0.000922
0.000910
0.001003
0.000893
0.003911
0.001944
0.002564
0.001535
0.002603
0.003861
0.000599
0.000371
0.000507
0.000650
0.000518
0.000647
0.000574
0.000842
0.000638
0.000384
0.000555
0.000658
0.001128
0.000673
0.000699
0.002281
0.002232
0.001858
0.007414
0.008253
0.000995
0.000286
0.001167
0.000299
0.001770
0.000256
0.002752
0.001092
0.001836
0.000961
0.000316
0.000631
0.000455
0.004162
0.000279
0.000260
0.003958
0.000669
0.004149
0.000287
0.009227
0.002003
0.002716
0.004405
0.006727
0.004317
0.000570
0.005272
0.002427
0.000228
0.000575
0.000495
0.030757
0.004332
0.000071
0.000066
0.003377
0.002018
0.002535
0.004277
0.000024
0.001082
0.000068
0.003917
0.000329
0.006283
0.001788
0.000058
0.008970
0.000521
0.000810
0.000427
0.000970
0.000499
0.002224
0.000724
0.003032
0.011354
0.000781
0.002401
0.000047
0.001154
0.000697
0.000662
0.001969
0.009023
0.001711
0.000456
0.005101
0.008475
0.001426
0.000711
0.000152
0.005329
0.000365
0.008392
0.001009
0.000160
0.002290
0.002943
0.000581
0.005189
0.000033
0.002418
0.000087
0.000148
0.000018
0.000842
0.002002
0.001992
0.001552
0.001459
0.002037
0.000254
0.006083
0.001819
0.000324
0.002578
0.002435
0.001158
0.002512
0.002314
0.005691
0.001667
0.008756
0.002237
0.010536
0.004467
0.000471
0.000116
0.002244
0.000804
0.006978
0.000113
0.003485
0.003785
0.003153
0.001615
0.000591
0.000965
0.002394
0.001414
0.000622
0.001446
0.003400
0.000774
0.002356
0.012366
0.003134
0.001763
0.005562
0.001337
0.000836
0.004136
0.001527
0.002710
0.001770
0.000859
0.002071
0.001579
0.001147
0.000873
0.000150
0.001129
0.001257
0.002321
0.002602
0.000162
0.002350
0.003794
0.001231
0.002532
0.004262
0.001422
0.001520
0.000403
0.000045
0.002535
0.001234
0.000968
0.002464
0.000517
0.002739
0.002692
0.003010
0.001807
0.001505
0.002250
0.000197
0.000160
0.005432
0.000168
0.003160
0.001987
0.003075
0.001061
0.000901
0.001734
0.002492
0.001365
0.001900
0.000738
0.000798
0.001051
0.001861
0.002811
0.000982
0.002535
0.001178
0.005653
0.000341
0.000858
0.003448
0.001261
0.000653
0.000698
0.001975
0.000632
0.002038
0.000194
0.000522
0.001324
0.000948
0.001068
0.000257
0.004091
0.000508
0.000848
0.001037
0.000780
0.000421
0.001346
0.000824
0.002409
0.000777
0.000992
0.000357
0.002339
0.000308
0.000320
0.000354
0.000173
0.000519
0.000233
0.000429
0.001269
0.000237
0.000678
0.000144
0.000052
0.000164
0.000110
0.000086
0.000369
0.000158
0.000440
0.000117
0.000055
0.000135
0.000267
0.000344
0.000331
0.000072
0.000168
0.000175
0.000048
0.000095
0.000562
0.000130
0.000074
0.000080
0.000155
0.000140
0.000100
0.000074
0.000093
0.000064
0.043637
0.036383
0.050637
0.026295
0.037940
0.016677
0.017719
0.017956
0.025217
0.043191
0.030783
0.013099
0.020103
0.018484
0.011457
0.023238
0.019719
0.009867
0.021597
0.011886
0.016441
0.021622
0.011519
0.014852
0.012227
0.009180
0.008390
0.010458
0.008430
0.009387
0.007749
0.013778
0.003989
0.008616
0.004987
0.003093
0.005541
0.003449
0.007448
0.006383
0.002402
0.003866
0.006492
0.003200
0.002547
0.002734
0.005237
0.000899
0.002581
0.004932
0.001480
0.003510
0.002667
0.003381
0.003575
0.003955
0.001483
0.002872
0.004445
0.001228
0.001089
0.000922
0.000909
0.001003
0.000892
0.003909
0.001943
0.002562
0.001535
0.002602
0.003859
0.000598
0.000371
0.000507
0.000649
0.000517
0.000647
0.000573
0.000841
0.000637
0.000384
0.000555
0.000657
0.001127
0.000672
0.000699
0.002280
0.002230
0.001857
0.007412
0.008249
0.000994
0.000286
0.001166
0.000298
0.001769
0.000256
0.002750
0.001091
0.001835
0.000960
0.000316
0.000630
0.000455
0.004160
0.000278
0.000260
0.003956
0.000668
0.004147
0.000286
0.009223
0.002002
0.002714
0.004402
0.006723
0.004314
0.000570
0.005269
0.002425
0.000228
0.000574
0.000494
0.030737
0.004326
0.000071
0.000066
0.003374
0.002016
0.002533
0.004274
0.000024
0.001080
0.000068
0.003914
0.000328
0.006278
0.001787
0.000058
0.008965
0.000520
0.000809
0.000427
0.000969
0.000499
0.002222
0.000723
0.003030
0.011348
0.000780
0.002399
0.000047
0.001153
0.000696
0.000661
0.001968
0.009014
0.001709
0.000455
0.005097
0.008470
0.001425
0.000711
0.000152
0.005324
0.000365
0.008387
0.001008
0.000160
0.002286
0.002940
0.000580
0.005185
0.000033
0.002416
0.000087
0.000148
0.000018
0.000841
0.002000
0.001990
0.001550
0.001458
0.002035
0.000254
0.006079
0.001818
0.000324
0.002576
0.002433
0.001157
0.002510
0.002312
0.005686
0.001666
0.008750
0.002235
0.010529
0.004464
0.000470
0.000115
0.002243
0.000804
0.006974
0.000112
0.003483
0.003783
0.003150
0.001613
0.000590
0.000964
0.002392
0.001413
0.000621
0.001445
0.003398
0.000773
0.002355
0.012361
0.003132
0.001761
0.005558
0.001335
0.000835
0.004133
0.001525
0.002708
0.001768
0.000858
0.002069
0.001578
0.001146
0.000873
0.000150
0.001128
0.001256
0.002319
0.002600
0.000162
0.002348
0.003791
0.001230
0.002530
0.004260
0.001421
0.001518
0.000402
0.000045
0.002533
0.001233
0.000966
0.002462
0.000517
0.002737
0.002690
0.003008
0.001806
0.001504
0.002248
0.000197
0.000160
0.005428
0.000168
0.003158
0.001985
0.003072
0.001060
0.000900
0.001733
0.002490
0.001363
0.001899
0.000737
0.000797
0.001050
0.001859
0.002809
0.000981
0.002533
0.001177
0.005650
0.000341
0.000857
0.003445
0.001259
0.000652
0.000697
0.001974
0.000632
0.002036
0.000193
0.000521
0.001323
0.000947
0.001067
0.000256
0.004089
0.000508
0.000848
0.001036
0.000779
0.000421
0.001345
0.000823
0.002408
0.000776
0.000992
0.000356
0.002337
0.000307
0.000320
0.000354
0.000173
0.000519
0.000232
0.000429
0.001268
0.000236
0.000678
0.000144
0.000052
0.000164
0.000110
0.000086
0.000368
0.000158
0.000440
0.000117
0.000055
0.000135
0.000267
0.000344
0.000331
0.000072
0.000167
0.000175
0.000048
0.000095
0.000561
0.000130
0.000074
0.000080
0.000154
0.000140
0.000100
0.000074
0.000093
0.000064
0.043631
0.036378
0.050630
0.026291
0.037934
0.016674
0.017716
0.017953
0.025213
0.043184
0.030777
0.013096
0.020098
0.018480
0.011455
0.023233
0.019714
0.009865
0.021592
0.011883
0.016438
0.021617
0.011517
0.014849
0.012224
0.009178
0.008387
0.010455
0.008428
0.009385
0.007747
0.013774
0.003987
0.008613
0.004985
0.003091
0.005538
0.003448
0.007445
0.006381
0.002400
0.003864
0.006489
0.003199
0.002546
0.002734
0.005234
0.000898
0.002579
0.004929
0.001480
0.003507
0.002666
0.003379
0.003572
0.003954
0.001481
0.002871
0.004443
0.001227
0.001088
0.000921
0.000909
0.001002
0.000892
0.003907
0.001942
0.002562
0.001533
0.002600
0.003856
0.000598
0.000370
0.000506
0.000649
0.000517
0.000646
0.000573
0.000841
0.000637
0.000384
0.000554
0.000657
0.001126
0.000672
0.000698
0.002279
0.002229
0.001855
0.007409
0.008245
0.000993
0.000286
0.001165
0.000298
0.001768
0.000256
0.002748
0.001090
0.001834
0.000959
0.000316
0.000630
0.000454
0.004159
0.000278
0.000259
0.003954
0.000667
0.004144
0.000286
0.009219
0.002000
0.002713
0.004400
0.006719
0.004311
0.000570
0.005265
0.002423
0.000228
0.000573
0.000492
0.030717
0.004320
0.000071
0.000066
0.003371
0.002014
0.002531
0.004270
0.000024
0.001079
0.000068
0.003910
0.000327
0.006273
0.001786
0.000058
0.008959
0.000520
0.000809
0.000427
0.000969
0.000498
0.002220
0.000722
0.003028
0.011343
0.000780
0.002397
0.000047
0.001152
0.000696
0.000660
0.001966
0.009004
0.001707
0.000454
0.005093
0.008465
0.001423
0.000710
0.000152
0.005320
0.000364
0.008382
0.001007
0.000160
0.002282
0.002938
0.000579
0.005182
0.000033
0.002414
0.000087
0.000148
0.000018
0.000840
0.001998
0.001988
0.001549
0.001456
0.002033
0.000254
0.006075
0.001816
0.000323
0.002574
0.002431
0.001156
0.002508
0.002309
0.005682
0.001664
0.008744
0.002233
0.010523
0.004461
0.000470
0.000115
0.002242
0.000803
0.006970
0.000112
0.003480
0.003780
0.003148
0.001612
0.000589
0.000963
0.002390
0.001412
0.000621
0.001443
0.003397
0.000772
0.002353
0.012355
0.003130
0.001759
0.005555
0.001334
0.000834
0.004130
0.001524
0.002706
0.001767
0.000857
0.002067
0.001576
0.001145
0.000872
0.000150
0.001126
0.001255
0.002318
0.002598
0.000162
0.002345
0.003789
0.001228
0.002528
0.004258
0.001419
0.001517
0.000402
0.000045
0.002531
0.001232
0.000965
0.002461
0.000517
0.002735
0.002688
0.003005
0.001804
0.001503
0.002246
0.000197
0.000160
0.005424
0.000168
0.003156
0.001984
0.003070
0.001059
0.000899
0.001732
0.002488
0.001362
0.001897
0.000737
0.000796
0.001049
0.001858
0.002808
0.000981
0.002530
0.001177
0.005646
0.000341
0.000856
0.003443
0.001258
0.000651
0.000697
0.001973
0.000632
0.002035
0.000193
0.000521
0.001321
0.000946
0.001066
0.000256
0.004087
0.000507
0.000847
0.001035
0.000778
0.000420
0.001344
0.000823
0.002406
0.000776
0.000991
0.000356
0.002335
0.000307
0.000320
0.000354
0.000173
0.000518
0.000232
0.000428
0.001267
0.000236
0.000678
0.000144
0.000052
0.000164
0.000110
0.000086
0.000368
0.000158
0.000440
0.000117
0.000055
0.000135
0.000267
0.000344
0.000330
0.000072
0.000167
0.000175
0.000048
0.000095
0.000561
0.000130
0.000074
0.000080
0.000154
0.000140
0.000100
0.000074
0.000093
0.000064
