0.053772
0.059160
0.037512
0.026720
0.032311
0.042844
0.034901
0.026550
0.032185
0.042688
0.034922
0.026569
0.032150
0.042637
0.034911
0.026558
0.032116
0.042602
0.034887
0.026536
0.032084
0.042577
0.034862
0.026517
0.032056
0.042558
0.034844
0.026507
0.032039
0.042539
0.034828
0.026498
0.032019
0.042513
0.034806
0.026486
0.031996
0.042490
0.034778
0.026472
0.031972
0.042471
0.034751
0.026457
0.031949
0.042448
0.034728
0.026441
0.031932
0.042427
0.034707
0.026425
0.031910
0.042404
0.034687
0.026411
0.031888
0.042382
0.034666
0.026398
0.031866
0.042356
0.034643
0.026382
0.031845
0.042329
0.034619
0.026364
0.031823
0.042303
0.034592
0.026345
0.031798
0.042277
0.034565
0.026326
0.031771
0.042246
0.034534
0.026304
0.031743
0.042213
0.034499
0.026279
0.031716
0.042180
0.034465
0.026254
0.031682
0.042140
0.034427
0.026223
0.031647
0.042100
0.034391
0.026197
0.031616
0.042062
0.034353
0.026171
0.031577
0.042021
0.034312
0.026145
0.031539
0.041979
0.034270
0.026117
0.031502
0.041935
0.034227
0.026087
0.031462
0.041891
0.034183
0.026055
0.031420
0.041845
0.034135
0.026020
0.031375
0.041798
0.034084
0.025986
0.031328
0.041749
0.034034
0.025952
0.031281
0.041695
0.033983
0.025918
0.031232
0.041637
0.033931
0.025883
0.031181
0.041577
0.033878
0.025846
0.031128
0.041518
0.033822
0.025807
0.031074
0.041458
0.033765
0.025768
0.031019
0.041395
0.033706
0.025727
0.030962
0.041331
0.033647
0.025687
0.030905
0.041265
0.033586
0.025646
0.030846
0.041197
0.033525
0.025605
0.030787
0.041128
0.033463
0.025563
0.030726
0.041058
0.033401
0.025521
0.030665
0.040987
0.033337
0.025479
0.030603
0.040916
0.033273
0.025435
0.030540
0.040844
0.033207
0.025392
0.030478
0.040772
0.033142
0.025349
0.030415
0.040699
0.033076
0.025305
0.030351
0.040627
0.033009
0.025262
0.030288
0.040557
0.032945
0.025219
