0.034027
0.025003
0.016311
0.010047
0.005458
0.003443
0.003259
0.001749
0.002402
0.000554
0.000702
0.002262
0.007410
0.001966
0.001239
0.002675
0.003472
0.015968
0.002418
0.003533
0.002130
0.002424
0.004028
0.003214
0.002230
0.001744
0.002932
0.004629
0.003521
0.001511
0.003380
0.002100
0.001595
0.002255
0.002234
0.002579
0.001787
0.001714
0.002247
0.001046
0.001031
0.000996
0.000460
0.000206
0.000183
0.000123
0.000083
0.031130
0.023515
0.015967
0.010004
0.005465
0.003446
0.003260
0.001749
0.002401
0.000554
0.000702
0.002263
0.007407
0.001965
0.001239
0.002675
0.003473
0.015968
0.002418
0.003529
0.002126
0.002422
0.004024
0.003212
0.002230
0.001743
0.002928
0.004622
0.003519
0.001508
0.003377
0.002101
0.001590
0.002253
0.002233
0.002574
0.001785
0.001711
0.002246
0.001046
0.001030
0.000996
0.000460
0.000206
0.000183
0.000123
0.000083
0.031141
0.023516
0.015968
0.010002
0.005463
0.003444
0.003258
0.001748
0.002400
0.000554
0.000701
0.002261
0.007399
0.001965
0.001238
0.002673
0.003471
0.015938
0.002419
0.003529
0.002127
0.002423
0.004029
0.003215
0.002225
0.001744
0.002929
0.004627
0.003519
0.001506
0.003380
0.002099
0.001592
0.002254
0.002233
0.002575
0.001785
0.001709
0.002245
0.001045
0.001029
0.000994
0.000459
0.000205
0.000183
0.000123
0.000083
0.031125
0.023508
0.015964
0.010001
0.005462
0.003443
0.003257
0.001747
0.002400
0.000553
0.000701
0.002261
0.007404
0.001964
0.001239
0.002672
0.003470
0.015905
0.002417
0.003527
0.002130
0.002420
0.004026
0.003212
0.002224
0.001737
0.002926
0.004620
0.003511
0.001506
0.003374
0.002095
0.001588
0.002250
0.002229
0.002572
0.001780
0.001707
0.002238
0.001041
0.001030
0.000994
0.000458
0.000205
0.000182
0.000124
0.000083
0.031151
0.023514
0.015960
0.009996
0.005459
0.003442
0.003256
0.001746
0.002399
0.000553
0.000700
0.002260
0.007397
0.001964
0.001238
0.002672
0.003468
0.015864
0.002416
0.003525
0.002130
0.002422
0.004020
0.003210
0.002220
0.001736
0.002927
0.004617
0.003515
0.001504
0.003375
0.002093
0.001584
0.002244
0.002225
0.002566
0.001776
0.001706
0.002234
0.001040
0.001028
0.000993
0.000458
0.000205
0.000182
0.000123
0.000083
0.031163
0.023521
0.015958
0.009992
0.005456
0.003440
0.003254
0.001745
0.002397
0.000553
0.000700
0.002259
0.007394
0.001963
0.001237
0.002671
0.003464
0.015790
0.002409
0.003517
0.002126
0.002414
0.004020
0.003212
0.002213
0.001731
0.002922
0.004609
0.003508
0.001500
0.003374
0.002084
0.001584
0.002239
0.002217
0.002561
0.001766
0.001700
0.002227
0.001037
0.001026
0.000988
0.000456
0.000204
0.000182
0.000123
0.000083
0.031166
0.023516
0.015956
0.009991
0.005454
0.003438
0.003252
0.001744
0.002396
0.000552
0.000700
0.002258
0.007387
0.001962
0.001237
0.002670
0.003462
0.015725
0.002407
0.003509
0.002123
0.002408
0.004013
0.003205
0.002209
0.001717
0.002919
0.004599
0.003500
0.001497
0.003368
0.002078
0.001578
0.002237
0.002211
0.002556
0.001758
0.001696
0.002218
0.001029
0.001023
0.000986
0.000455
0.000205
0.000182
0.000123
0.000083
0.031202
0.023531
0.015950
0.009983
0.005448
0.003435
0.003249
0.001742
0.002394
0.000552
0.000699
0.002258
0.007384
0.001961
0.001237
0.002669
0.003460
0.015659
0.002410
0.003504
0.002116
0.002412
0.004008
0.003198
0.002204
0.001712
0.002919
0.004600
0.003507
0.001496
0.003381
0.002076
0.001573
0.002237
0.002206
0.002545
0.001755
0.001696
0.002220
0.001029
0.001020
0.000984
0.000453
0.000204
0.000181
0.000122
0.000083
0.031206
0.023525
0.015944
0.009977
0.005444
0.003432
0.003245
0.001740
0.002392
0.000551
0.000699
0.002254
0.007377
0.001958
0.001236
0.002666
0.003454
0.015591
0.002396
0.003486
0.002108
0.002391
0.003979
0.003175
0.002180
0.001693
0.002905
0.004562
0.003481
0.001484
0.003365
0.002057
0.001554
0.002216
0.002183
0.002526
0.001735
0.001685
0.002203
0.001015
0.001014
0.000976
0.000451
0.000204
0.000181
0.000122
0.000083
0.031289
0.023553
0.015938
0.009966
0.005435
0.003427
0.003241
0.001739
0.002390
0.000551
0.000698
0.002256
0.007369
0.001958
0.001235
0.002666
0.003452
0.015589
0.002395
0.003475
0.002097
0.002382
0.003957
0.003157
0.002162
0.001676
0.002895
0.004525
0.003457
0.001472
0.003358
0.002045
0.001540
0.002204
0.002166
0.002507
0.001724
0.001677
0.002184
0.001006
0.001008
0.000971
0.000448
0.000203
0.000180
0.000121
0.000083
0.031332
0.023571
0.015930
0.009953
0.005426
0.003420
0.003235
0.001736
0.002387
0.000550
0.000697
0.002253
0.007358
0.001957
0.001234
0.002664
0.003447
0.015539
0.002392
0.003463
0.002083
0.002374
0.003938
0.003139
0.002151
0.001655
0.002882
0.004492
0.003439
0.001462
0.003350
0.002029
0.001528
0.002189
0.002148
0.002484
0.001709
0.001665
0.002167
0.000997
0.001005
0.000963
0.000444
0.000201
0.000179
0.000120
0.000084
0.031376
0.023574
0.015917
0.009940
0.005416
0.003414
0.003229
0.001732
0.002383
0.000549
0.000695
0.002248
0.007352
0.001953
0.001231
0.002655
0.003436
0.015401
0.002379
0.003438
0.002072
0.002357
0.003910
0.003117
0.002128
0.001626
0.002860
0.004436
0.003401
0.001448
0.003332
0.002015
0.001513
0.002170
0.002119
0.002456
0.001695
0.001645
0.002135
0.000983
0.000996
0.000955
0.000442
0.000201
0.000178
0.000120
0.000083
0.031374
0.023565
0.015898
0.009921
0.005401
0.003403
0.003219
0.001726
0.002375
0.000547
0.000692
0.002240
0.007320
0.001947
0.001227
0.002648
0.003423
0.015066
0.002348
0.003393
0.002051
0.002322
0.003863
0.003078
0.002093
0.001604
0.002842
0.004376
0.003366
0.001434
0.003312
0.001992
0.001491
0.002141
0.002088
0.002423
0.001671
0.001629
0.002107
0.000966
0.000984
0.000942
0.000437
0.000200
0.000176
0.000118
0.000083
0.031363
0.023538
0.015870
0.009898
0.005386
0.003392
0.003207
0.001719
0.002366
0.000544
0.000690
0.002232
0.007306
0.001940
0.001222
0.002634
0.003402
0.014630
0.002325
0.003349
0.002034
0.002300
0.003823
0.003047
0.002065
0.001577
0.002827
0.004324
0.003338
0.001420
0.003297
0.001973
0.001474
0.002117
0.002062
0.002392
0.001652
0.001613
0.002080
0.000953
0.000973
0.000932
0.000433
0.000199
0.000175
0.000117
0.000083
0.031337
0.023511
0.015845
0.009877
0.005370
0.003381
0.003195
0.001712
0.002356
0.000541
0.000687
0.002223
0.007275
0.001930
0.001216
0.002616
0.003372
0.014009
0.002292
0.003292
0.002017
0.002275
0.003782
0.003014
0.002037
0.001553
0.002813
0.004273
0.003311
0.001408
0.003283
0.001955
0.001458
0.002091
0.002035
0.002361
0.001632
0.001596
0.002053
0.000940
0.000961
0.000921
0.000430
0.000198
0.000173
0.000115
0.000082
0.031284
0.023469
0.015815
0.009854
0.005354
0.003369
0.003182
0.001703
0.002344
0.000537
0.000682
0.002208
0.007223
0.001916
0.001207
0.002592
0.003338
0.013363
0.002262
0.003242
0.002000
0.002253
0.003741
0.002977
0.002015
0.001531
0.002803
0.004225
0.003287
0.001398
0.003265
0.001939
0.001445
0.002066
0.002009
0.002329
0.001614
0.001581
0.002027
0.000929
0.000950
0.000912
0.000426
0.000197
0.000172
0.000114
0.000081
0.031241
0.023432
0.015784
0.009829
0.005338
0.003357
0.003168
0.001695
0.002332
0.000534
0.000678
0.002194
0.007166
0.001903
0.001199
0.002572
0.003310
0.012693
0.002238
0.003201
0.001984
0.002236
0.003705
0.002948
0.001992
0.001512
0.002790
0.004181
0.003265
0.001388
0.003250
0.001925
0.001432
0.002045
0.001988
0.002303
0.001598
0.001567
0.002004
0.000919
0.000941
0.000904
0.000423
0.000196
0.000171
0.000113
0.000081
0.031198
0.023390
0.015752
0.009805
0.005321
0.003345
0.003155
0.001687
0.002320
0.000531
0.000673
0.002181
0.007099
0.001890
0.001191
0.002552
0.003281
0.011942
0.002208
0.003160
0.001969
0.002217
0.003672
0.002917
0.001976
0.001498
0.002781
0.004142
0.003244
0.001381
0.003235
0.001912
0.001422
0.002024
0.001968
0.002276
0.001584
0.001556
0.001983
0.000911
0.000933
0.000896
0.000420
0.000195
0.000170
0.000113
0.000081
0.031153
0.023352
0.015723
0.009782
0.005306
0.003334
0.003143
0.001680
0.002309
0.000528
0.000670
0.002169
0.007018
0.001878
0.001184
0.002532
0.003253
0.011198
0.002185
0.003123
0.001955
0.002202
0.003639
0.002890
0.001960
0.001486
0.002773
0.004109
0.003228
0.001374
0.003219
0.001901
0.001413
0.002007
0.001951
0.002256
0.001573
0.001545
0.001966
0.000904
0.000926
0.000891
0.000417
0.000195
0.000169
0.000113
0.000080
0.031106
0.023313
0.015693
0.009760
0.005292
0.003324
0.003131
0.001673
0.002298
0.000525
0.000667
0.002159
0.006931
0.001867
0.001178
0.002514
0.003228
0.010449
0.002168
0.003095
0.001943
0.002191
0.003614
0.002868
0.001946
0.001475
0.002762
0.004080
0.003213
0.001368
0.003208
0.001891
0.001406
0.001993
0.001938
0.002240
0.001562
0.001537
0.001951
0.000898
0.000919
0.000885
0.000415
0.000195
0.000168
0.000112
0.000080
0.031056
0.023269
0.015664
0.009739
0.005278
0.003313
0.003120
0.001666
0.002288
0.000522
0.000664
0.002148
0.006843
0.001856
0.001172
0.002497
0.003204
0.009718
0.002150
0.003068
0.001931
0.002180
0.003589
0.002846
0.001935
0.001466
0.002755
0.004056
0.003196
0.001362
0.003194
0.001881
0.001400
0.001979
0.001926
0.002224
0.001553
0.001529
0.001937
0.000893
0.000914
0.000880
0.000413
0.000194
0.000168
0.000112
0.000080
0.031011
0.023232
0.015633
0.009717
0.005264
0.003303
0.003109
0.001659
0.002278
0.000520
0.000661
0.002139
0.006754
0.001846
0.001167
0.002482
0.003181
0.009013
0.002136
0.003046
0.001920
0.002172
0.003567
0.002825
0.001925
0.001459
0.002747
0.004034
0.003182
0.001357
0.003180
0.001872
0.001394
0.001968
0.001915
0.002211
0.001546
0.001523
0.001926
0.000889
0.000910
0.000877
0.000412
0.000194
0.000167
0.000112
0.000079
0.030958
0.023188
0.015604
0.009696
0.005251
0.003294
0.003100
0.001653
0.002269
0.000518
0.000658
0.002131
0.006650
0.001836
0.001162
0.002466
0.003160
0.008348
0.002120
0.003025
0.001909
0.002164
0.003547
0.002803
0.001917
0.001452
0.002737
0.004013
0.003167
0.001352
0.003164
0.001862
0.001388
0.001956
0.001906
0.002198
0.001539
0.001518
0.001916
0.000886
0.000905
0.000874
0.000411
0.000193
0.000167
0.000112
0.000079
0.030906
0.023146
0.015574
0.009675
0.005238
0.003285
0.003090
0.001647
0.002260
0.000515
0.000656
0.002122
0.006553
0.001826
0.001157
0.002452
0.003140
0.007747
0.002109
0.003006
0.001898
0.002155
0.003527
0.002783
0.001909
0.001446
0.002726
0.003993
0.003153
0.001347
0.003151
0.001854
0.001384
0.001946
0.001899
0.002187
0.001533
0.001512
0.001908
0.000883
0.000902
0.000872
0.000409
0.000193
0.000167
0.000112
0.000079
0.030906
0.023156
0.015579
0.009676
0.005236
0.003281
0.003085
0.001643
0.002255
0.000513
0.000653
0.002113
0.006517
0.001821
0.001155
0.002448
0.003135
0.007654
0.002109
0.003008
0.001899
0.002156
0.003526
0.002782
0.001909
0.001446
0.002720
0.003992
0.003149
0.001346
0.003145
0.001853
0.001384
0.001948
0.001901
0.002190
0.001535
0.001514
0.001913
0.000885
0.000903
0.000874
0.000410
0.000194
0.000167
0.000112
0.000079
0.030838
0.023097
0.015543
0.009654
0.005226
0.003276
0.003081
0.001641
0.002251
0.000513
0.000653
0.002112
0.006438
0.001816
0.001152
0.002438
0.003121
0.007160
0.002098
0.002993
0.001892
0.002149
0.003512
0.002768
0.001903
0.001442
0.002716
0.003979
0.003143
0.001344
0.003137
0.001846
0.001380
0.001939
0.001895
0.002182
0.001531
0.001510
0.001904
0.000882
0.000900
0.000872
0.000409
0.000193
0.000167
0.000112
0.000079
0.030782
0.023052
0.015513
0.009634
0.005214
0.003268
0.003072
0.001636
0.002244
0.000511
0.000650
0.002103
0.006334
0.001807
0.001147
0.002426
0.003105
0.006678
0.002089
0.002981
0.001883
0.002142
0.003495
0.002752
0.001896
0.001437
0.002702
0.003962
0.003128
0.001339
0.003124
0.001838
0.001375
0.001929
0.001889
0.002176
0.001526
0.001505
0.001899
0.000880
0.000897
0.000870
0.000408
0.000193
0.000166
0.000112
0.000079
0.030735
0.023016
0.015485
0.009616
0.005203
0.003260
0.003065
0.001631
0.002238
0.000509
0.000649
0.002097
0.006223
0.001800
0.001144
0.002416
0.003091
0.006267
0.002080
0.002968
0.001874
0.002137
0.003479
0.002736
0.001888
0.001433
0.002690
0.003947
0.003115
0.001336
0.003111
0.001831
0.001371
0.001923
0.001884
0.002167
0.001522
0.001502
0.001892
0.000878
0.000895
0.000868
0.000407
0.000193
0.000166
0.000112
0.000079
0.030687
0.022974
0.015456
0.009596
0.005191
0.003253
0.003057
0.001626
0.002231
0.000507
0.000646
0.002090
0.006118
0.001792
0.001140
0.002406
0.003078
0.005895
0.002073
0.002958
0.001869
0.002131
0.003465
0.002724
0.001882
0.001429
0.002677
0.003933
0.003103
0.001332
0.003099
0.001823
0.001367
0.001916
0.001879
0.002163
0.001518
0.001498
0.001886
0.000876
0.000893
0.000866
0.000406
0.000192
0.000166
0.000111
0.000079
0.030637
0.022931
0.015429
0.009578
0.005181
0.003246
0.003050
0.001622
0.002225
0.000506
0.000645
0.002084
0.006001
0.001785
0.001136
0.002397
0.003067
0.005561
0.002065
0.002948
0.001861
0.002126
0.003450
0.002711
0.001876
0.001425
0.002666
0.003919
0.003090
0.001329
0.003085
0.001816
0.001363
0.001909
0.001875
0.002156
0.001515
0.001494
0.001880
0.000874
0.000891
0.000865
0.000405
0.000192
0.000166
0.000111
0.000079
0.030590
0.022891
0.015400
0.009559
0.005170
0.003238
0.003043
0.001618
0.002219
0.000504
0.000643
0.002078
0.005886
0.001779
0.001133
0.002388
0.003055
0.005266
0.002059
0.002940
0.001855
0.002121
0.003437
0.002698
0.001872
0.001422
0.002655
0.003907
0.003078
0.001325
0.003073
0.001809
0.001360
0.001902
0.001871
0.002151
0.001511
0.001491
0.001876
0.000873
0.000889
0.000864
0.000405
0.000192
0.000166
0.000111
0.000079
0.030542
0.022852
0.015373
0.009541
0.005159
0.003231
0.003036
0.001614
0.002213
0.000503
0.000641
0.002072
0.005763
0.001773
0.001130
0.002380
0.003045
0.004999
0.002052
0.002931
0.001849
0.002116
0.003423
0.002687
0.001867
0.001419
0.002644
0.003895
0.003067
0.001322
0.003061
0.001802
0.001356
0.001895
0.001867
0.002145
0.001508
0.001489
0.001871
0.000872
0.000887
0.000862
0.000404
0.000191
0.000166
0.000111
0.000079
0.030497
0.022814
0.015344
0.009522
0.005149
0.003224
0.003029
0.001609
0.002208
0.000501
0.000639
0.002067
0.005642
0.001767
0.001127
0.002372
0.003036
0.004757
0.002045
0.002923
0.001845
0.002111
0.003412
0.002674
0.001863
0.001415
0.002634
0.003884
0.003057
0.001320
0.003050
0.001797
0.001353
0.001889
0.001863
0.002139
0.001506
0.001487
0.001867
0.000871
0.000885
0.000861
0.000404
0.000191
0.000165
0.000111
0.000079
0.030450
0.022776
0.015317
0.009503
0.005138
0.003217
0.003023
0.001606
0.002203
0.000500
0.000638
0.002061
0.005515
0.001762
0.001124
0.002365
0.003027
0.004536
0.002038
0.002915
0.001839
0.002107
0.003400
0.002664
0.001858
0.001413
0.002624
0.003874
0.003047
0.001317
0.003040
0.001791
0.001350
0.001884
0.001860
0.002134
0.001504
0.001484
0.001862
0.000870
0.000883
0.000860
0.000403
0.000191
0.000165
0.000111
0.000079
0.030408
0.022740
0.015289
0.009485
0.005128
0.003211
0.003016
0.001602
0.002198
0.000499
0.000636
0.002057
0.005393
0.001756
0.001122
0.002358
0.003019
0.004336
0.002034
0.002909
0.001834
0.002103
0.003390
0.002654
0.001855
0.001411
0.002614
0.003865
0.003038
0.001315
0.003030
0.001786
0.001347
0.001879
0.001857
0.002130
0.001501
0.001482
0.001859
0.000868
0.000882
0.000859
0.000402
0.000191
0.000165
0.000111
0.000079
0.030366
0.022703
0.015263
0.009467
0.005118
0.003204
0.003011
0.001598
0.002194
0.000498
0.000635
0.002052
0.005264
0.001752
0.001119
0.002352
0.003011
0.004149
0.002029
0.002902
0.001829
0.002099
0.003379
0.002645
0.001851
0.001408
0.002606
0.003856
0.003028
0.001312
0.003020
0.001781
0.001344
0.001873
0.001854
0.002125
0.001499
0.001479
0.001853
0.000867
0.000880
0.000858
0.000402
0.000190
0.000165
0.000111
0.000079
0.030324
0.022668
0.015236
0.009449
0.005108
0.003198
0.003004
0.001595
0.002189
0.000496
0.000634
0.002048
0.005136
0.001747
0.001117
0.002346
0.003004
0.003976
0.002024
0.002897
0.001824
0.002096
0.003370
0.002637
0.001847
0.001407
0.002598
0.003848
0.003020
0.001310
0.003012
0.001776
0.001341
0.001868
0.001851
0.002122
0.001497
0.001477
0.001850
0.000866
0.000879
0.000857
0.000402
0.000190
0.000165
0.000110
0.000079
0.030283
0.022632
0.015211
0.009432
0.005098
0.003192
0.002999
0.001592
0.002185
0.000495
0.000632
0.002044
0.005009
0.001743
0.001115
0.002340
0.002997
0.003813
0.002019
0.002891
0.001821
0.002092
0.003360
0.002630
0.001844
0.001404
0.002591
0.003839
0.003013
0.001308
0.003003
0.001771
0.001339
0.001863
0.001848
0.002118
0.001495
0.001475
0.001846
0.000865
0.000878
0.000856
0.000401
0.000190
0.000165
0.000110
0.000079
0.030242
0.022598
0.015185
0.009414
0.005089
0.003186
0.002993
0.001589
0.002181
0.000494
0.000631
0.002041
0.004879
0.001739
0.001113
0.002334
0.002991
0.003664
0.002014
0.002885
0.001816
0.002089
0.003351
0.002622
0.001841
0.001403
0.002583
0.003832
0.003004
0.001305
0.002996
0.001767
0.001336
0.001859
0.001845
0.002113
0.001493
0.001473
0.001842
0.000864
0.000877
0.000855
0.000401
0.000190
0.000165
0.000110
0.000079
0.030204
0.022565
0.015160
0.009398
0.005079
0.003180
0.002988
0.001586
0.002177
0.000493
0.000630
0.002037
0.004751
0.001735
0.001111
0.002329
0.002985
0.003519
0.002010
0.002880
0.001814
0.002085
0.003342
0.002615
0.001838
0.001400
0.002577
0.003825
0.002999
0.001304
0.002989
0.001763
0.001334
0.001855
0.001843
0.002110
0.001491
0.001472
0.001839
0.000863
0.000876
0.000855
0.000400
0.000189
0.000164
0.000110
0.000079
0.030162
0.022529
0.015135
0.009381
0.005070
0.003174
0.002983
0.001583
0.002173
0.000492
0.000629
0.002034
0.004624
0.001732
0.001110
0.002324
0.002979
0.003387
0.002005
0.002874
0.001809
0.002082
0.003334
0.002608
0.001835
0.001398
0.002570
0.003818
0.002991
0.001302
0.002982
0.001759
0.001331
0.001851
0.001840
0.002107
0.001490
0.001469
0.001835
0.000862
0.000875
0.000854
0.000400
0.000189
0.000164
0.000110
0.000079
0.030125
0.022498
0.015110
0.009365
0.005061
0.003169
0.002978
0.001580
0.002170
0.000492
0.000628
0.002030
0.004500
0.001729
0.001108
0.002320
0.002975
0.003255
0.002001
0.002870
0.001805
0.002079
0.003326
0.002602
0.001832
0.001397
0.002564
0.003812
0.002986
0.001300
0.002976
0.001755
0.001329
0.001847
0.001838
0.002103
0.001488
0.001468
0.001832
0.000861
0.000874
0.000852
0.000400
0.000189
0.000164
0.000110
0.000079
0.030086
0.022464
0.015086
0.009348
0.005052
0.003163
0.002973
0.001578
0.002166
0.000491
0.000627
0.002027
0.004378
0.001725
0.001106
0.002315
0.002969
0.003134
0.001998
0.002864
0.001802
0.002076
0.003319
0.002595
0.001829
0.001395
0.002558
0.003806
0.002980
0.001298
0.002970
0.001752
0.001327
0.001843
0.001835
0.002099
0.001487
0.001466
0.001828
0.000860
0.000873
0.000852
0.000399
0.000189
0.000164
0.000109
0.000079
0.030049
0.022433
0.015062
0.009333
0.005044
0.003158
0.002969
0.001575
0.002163
0.000490
0.000626
0.002024
0.004257
0.001722
0.001105
0.002311
0.002965
0.003015
0.001994
0.002860
0.001799
0.002073
0.003311
0.002589
0.001826
0.001393
0.002552
0.003799
0.002973
0.001297
0.002964
0.001748
0.001325
0.001839
0.001833
0.002096
0.001485
0.001465
0.001824
0.000858
0.000872
0.000851
0.000399
0.000188
0.000164
0.000109
0.000079
0.030012
0.022401
0.015039
0.009318
0.005036
0.003153
0.002964
0.001573
0.002160
0.000490
0.000625
0.002021
0.004139
0.001720
0.001103
0.002307
0.002960
0.002901
0.001990
0.002855
0.001795
0.002070
0.003303
0.002583
0.001824
0.001392
0.002547
0.003793
0.002968
0.001295
0.002959
0.001745
0.001323
0.001836
0.001831
0.002093
0.001484
0.001463
0.001821
0.000857
0.000871
0.000850
0.000398
0.000188
0.000164
0.000109
0.000079
0.029973
0.022368
0.015015
0.009302
0.005027
0.003148
0.002960
0.001570
0.002157
0.000489
0.000624
0.002019
0.004023
0.001717
0.001102
0.002303
0.002956
0.002789
0.001986
0.002851
0.001791
0.002067
0.003295
0.002577
0.001821
0.001390
0.002541
0.003786
0.002961
0.001293
0.002954
0.001741
0.001320
0.001832
0.001828
0.002089
0.001483
0.001462
0.001818
0.000856
0.000870
0.000849
0.000398
0.000188
0.000163
0.000109
0.000080
0.029937
0.022337
0.014992
0.009287
0.005019
0.003143
0.002956
0.001568
0.002154
0.000488
0.000623
0.002016
0.003910
0.001714
0.001101
0.002299
0.002951
0.002681
0.001983
0.002846
0.001787
0.002064
0.003287
0.002571
0.001818
0.001388
0.002536
0.003779
0.002955
0.001291
0.002948
0.001738
0.001318
0.001829
0.001826
0.002085
0.001481
0.001460
0.001815
0.000855
0.000869
0.000847
0.000398
0.000188
0.000163
0.000109
0.000080
0.029898
0.022305
0.014969
0.009272
0.005011
0.003138
0.002951
0.001566
0.002151
0.000487
0.000622
0.002013
0.003803
0.001712
0.001099
0.002295
0.002948
0.002575
0.001979
0.002843
0.001784
0.002062
0.003280
0.002566
0.001816
0.001387
0.002530
0.003774
0.002949
0.001290
0.002944
0.001735
0.001316
0.001825
0.001824
0.002083
0.001480
0.001459
0.001811
0.000854
0.000868
0.000847
0.000397
0.000188
0.000163
0.000109
0.000080
0.029861
0.022275
0.014947
0.009258
0.005004
0.003133
0.002947
0.001564
0.002148
0.000487
0.000622
0.002011
0.003694
0.001710
0.001098
0.002292
0.002944
0.002472
0.001976
0.002838
0.001780
0.002059
0.003272
0.002560
0.001813
0.001385
0.002525
0.003767
0.002944
0.001288
0.002938
0.001732
0.001314
0.001822
0.001822
0.002079
0.001479
0.001458
0.001808
0.000853
0.000867
0.000845
0.000397
0.000187
0.000163
0.000109
0.000080
0.029823
0.022244
0.014925
0.009244
0.004996
0.003129
0.002943
0.001562
0.002145
0.000486
0.000621
0.002008
0.003592
0.001707
0.001097
0.002288
0.002940
0.002373
0.001972
0.002834
0.001777
0.002056
0.003264
0.002554
0.001810
0.001383
0.002519
0.003762
0.002938
0.001287
0.002934
0.001729
0.001312
0.001819
0.001819
0.002076
0.001478
0.001456
0.001805
0.000851
0.000866
0.000844
0.000397
0.000187
0.000163
0.000108
0.000080
0.029786
0.022214
0.014903
0.009230
0.004989
0.003124
0.002939
0.001560
0.002142
0.000486
0.000620
0.002005
0.003491
0.001705
0.001095
0.002284
0.002936
0.002276
0.001968
0.002830
0.001773
0.002053
0.003256
0.002549
0.001808
0.001382
0.002514
0.003755
0.002932
0.001285
0.002930
0.001727
0.001311
0.001815
0.001817
0.002072
0.001477
0.001455
0.001802
0.000850
0.000865
0.000843
0.000396
0.000187
0.000163
0.000108
0.000080
0.029747
0.022182
0.014881
0.009216
0.004981
0.003120
0.002935
0.001558
0.002140
0.000485
0.000619
0.002003
0.003395
0.001702
0.001094
0.002281
0.002933
0.002182
0.001965
0.002826
0.001769
0.002050
0.003248
0.002544
0.001805
0.001380
0.002508
0.003750
0.002927
0.001284
0.002925
0.001724
0.001309
0.001812
0.001815
0.002069
0.001476
0.001454
0.001799
0.000849
0.000864
0.000842
0.000396
0.000187
0.000162
0.000108
0.000080
0.029710
0.022153
0.014860
0.009202
0.004974
0.003115
0.002932
0.001556
0.002137
0.000485
0.000618
0.002000
0.003299
0.001700
0.001093
0.002277
0.002928
0.002090
0.001961
0.002822
0.001766
0.002047
0.003240
0.002538
0.001803
0.001378
0.002502
0.003743
0.002921
0.001282
0.002921
0.001721
0.001307
0.001809
0.001813
0.002066
0.001475
0.001452
0.001796
0.000848
0.000864
0.000841
0.000396
0.000187
0.000162
0.000108
0.000080
0.029672
0.022122
0.014838
0.009189
0.004967
0.003111
0.002928
0.001554
0.002134
0.000484
0.000618
0.001998
0.003209
0.001698
0.001092
0.002274
0.002925
0.002001
0.001958
0.002818
0.001762
0.002044
0.003232
0.002533
0.001800
0.001376
0.002497
0.003739
0.002915
0.001281
0.002917
0.001719
0.001305
0.001806
0.001810
0.002063
0.001474
0.001451
0.001792
0.000847
0.000863
0.000840
0.000395
0.000187
0.000162
0.000108
0.000080
