13.023650
13.041802
12.837383
12.917318
13.094287
12.721179
13.101097
12.592078
13.322981
12.770207
12.530945
13.311833
13.010661
12.857890
12.757432
12.694385
12.752617
12.623768
12.677033
12.372252
12.571568
12.751701
12.942320
13.113422
12.436115
12.211052
12.716100
12.821423
12.136477
12.038807
12.242721
12.036296
12.692246
12.318526
12.157604
12.182860
12.401694
12.667935
12.609225
12.402624
12.289628
12.014726
12.413301
12.012554
12.337337
12.209388
11.959003
12.287638
11.491124
12.174373
12.073021
12.099760
11.924706
12.045868
11.820297
12.123596
11.954271
12.319681
12.311059
11.970036
12.101872
11.866431
11.954667
12.103258
11.763965
11.602404
11.989684
11.973998
11.707485
11.775038
12.268036
11.795896
11.776137
12.070425
11.877435
11.680423
12.320537
11.611427
12.248448
11.974833
12.093579
11.891627
12.032140
11.345066
11.246189
11.946507
11.599219
11.666657
11.772624
11.217965
12.042217
11.444463
11.531186
11.436804
11.707148
11.913986
11.969464
11.554734
11.543018
11.786790
11.504944
11.919040
11.525211
11.355079
11.538472
11.968525
11.002486
10.974045
11.805327
11.967642
11.448266
11.450844
11.588460
11.338452
11.435207
11.226484
11.219958
11.671525
11.332866
11.146515
11.232981
11.110125
11.653111
11.341482
11.071875
11.485869
11.390944
11.354837
11.341754
11.650599
11.862098
11.267192
11.310607
11.451415
11.400743
11.448093
11.331843
11.582212
11.684392
11.209857
11.270255
11.258843
11.691153
11.121052
11.554898
11.405508
11.113224
11.289945
10.843486
11.304723
11.245911
11.306456
10.964218
11.681984
11.204123
11.385079
11.317327
10.868129
11.386670
10.929074
10.877233
10.988279
11.184109
10.728499
10.698860
10.836848
10.862717
10.880223
10.793262
11.131079
11.370553
11.247615
10.983170
11.081352
11.007095
11.129669
11.065880
10.708265
11.496759
10.689837
11.100567
10.878930
10.659161
10.893738
11.087793
11.241707
10.969076
11.138165
11.002023
10.973709
11.186149
11.020221
10.887204
11.120639
11.086524
10.677880
10.958188
10.743871
10.983673
10.680000
10.461630
11.074083
10.457415
10.459742
10.338304
10.349042
11.342868
10.359591
10.953454
10.839711
10.574943
10.705694
10.501451
10.284913
10.607260
10.815360
11.034693
10.707513
10.527766
10.670467
10.765571
10.469308
11.003048
10.298005
10.939677
10.838055
10.510221
10.484208
10.603742
11.008589
10.363959
10.519910
10.654108
10.835135
10.610986
10.203389
10.512940
10.952241
10.347134
10.804463
10.495867
10.455452
10.384458
10.567636
10.369009
10.382793
10.649928
10.279913
10.310620
10.892566
10.364360
10.163672
10.159347
10.739932
10.318338
10.999205
10.652420
10.347739
10.891990
10.674843
10.239405
10.358756
10.303718
10.208110
10.487725
10.654676
10.188954
10.112864
10.290977
10.461670
10.834915
9.924217
10.907544
10.034474
10.360171
10.536474
10.234229
10.136161
10.554084
10.212677
10.435234
10.635892
10.279988
10.405583
10.373363
10.215258
10.534885
10.731114
10.280995
10.148660
10.468268
9.785807
10.296762
10.525333
10.475283
10.611036
10.204768
10.151675
10.295819
10.282996
10.053514
10.040636
10.106827
9.894211
10.637038
10.058041
10.079625
10.673142
10.392547
10.668180
10.366055
10.265848
10.430235
10.075591
10.268506
10.284131
10.294634
10.348680
10.097657
10.560274
10.027472
10.068455
10.133777
10.476783
9.956861
10.084729
10.464329
10.064930
10.459343
10.153509
10.001254
10.119935
10.160007
10.062721
9.641427
10.503307
10.140351
9.997403
10.047245
9.992310
10.393411
10.118462
10.038822
9.901165
10.019883
10.187299
9.765265
10.411998
10.351997
10.360461
10.184711
10.250492
10.406597
10.093316
10.415585
9.983109
10.611304
10.130736
9.938714
10.612885
10.363537
10.234941
10.150408
10.100863
10.161111
10.054674
10.105999
9.853446
10.033978
10.187775
10.355002
10.514953
9.944296
9.758932
10.195707
10.297097
9.712538
9.643663
9.815399
9.660419
10.214947
9.903333
9.781205
9.807825
9.999783
10.235009
10.193792
10.023887
9.937703
9.707170
10.053637
9.719989
10.009399
9.901259
9.693450
9.982688
9.303948
9.910667
9.825559
9.853767
9.704103
9.827857
9.635703
9.900738
9.768326
10.081364
10.084594
9.800994
9.916100
9.725266
9.802785
9.933662
9.661960
9.523825
9.859168
9.857090
9.633208
9.703858
10.145624
9.732915
9.725853
9.985751
9.828995
9.655281
10.219190
9.611351
10.172927
9.937810
10.043991
9.878208
10.009408
9.420548
9.340066
9.951962
9.657314
9.721684
9.821018
9.348976
10.064979
9.554488
9.636950
9.562494
9.804598
9.991969
10.038521
9.681945
9.684266
9.892193
9.667161
10.026111
9.691212
9.543934
9.721078
10.104599
9.268222
9.244442
9.967987
10.116433
9.664017
9.672964
9.799252
9.585274
9.679428
9.505055
9.502784
9.897265
9.609189
9.459648
9.537519
9.437819
9.906971
9.648717
9.410776
9.785593
9.700737
9.674597
9.669547
9.946994
10.134750
9.616067
9.662829
9.786347
9.748328
9.796642
9.692485
9.922647
10.018185
9.608345
9.663218
9.665210
10.042478
9.544084
9.927053
9.809732
9.556951
9.712815
9.334651
9.731883
9.686860
9.747639
9.446646
10.088365
9.666451
9.828667
9.775380
9.382539
9.854412
9.443269
9.402169
9.505822
9.682644
9.286847
9.262877
9.384661
9.423118
9.429215
9.366476
9.661036
9.878138
9.768034
9.539306
9.633139
9.570865
9.675699
9.627698
9.318388
10.011506
9.302708
9.672201
9.478990
9.287963
9.495143
9.668740
9.812558
9.572767
9.725612
9.618868
9.585490
9.773729
9.636809
9.516757
9.727392
9.698906
9.348009
9.589597
9.410629
9.619719
9.357809
9.168313
9.703963
9.168837
9.167500
9.069342
9.080253
9.965926
9.094120
9.615538
9.524391
9.292976
9.408119
9.231429
9.043608
9.328470
9.523438
9.708437
9.422202
9.266976
9.393476
9.477309
9.230801
9.692449
9.073075
9.643615
9.549736
9.266489
9.249611
9.355754
9.716153
9.144747
9.285976
9.402992
9.569518
9.372231
9.013585
9.296841
9.680472
9.153545
9.555452
9.286178
9.247767
9.186264
9.349179
9.181602
9.190287
9.425579
9.111219
9.134121
9.646323
9.187016
9.006694
9.006673
9.524631
9.149617
9.752997
9.450516
9.181148
9.666709
9.473806
9.093381
9.199431
9.145947
9.067876
9.324106
9.467209
9.059169
8.991018
9.154092
9.304902
9.640481
8.829576
9.705669
8.937304
9.231914
9.391631
9.116677
9.031629
9.405014
9.103196
9.307952
9.483068
9.174564
9.283745
9.254739
9.118607
9.405616
9.579429
9.177741
9.066023
9.352490
8.752728
9.200917
9.405127
9.369135
9.491388
9.129378
9.086121
9.206069
9.204820
9.003352
8.990225
9.054598
8.864579
9.526465
9.014418
9.035448
9.565363
9.319420
9.566786
9.294370
9.212679
9.361179
9.041260
9.214485
9.230098
9.242352
9.292795
9.077976
9.488318
9.018867
9.052809
9.114804
9.417262
8.954168
9.069025
9.414165
9.056219
9.415509
9.135919
9.001275
9.115943
9.153173
9.061469
8.686694
9.460879
9.140475
9.013222
9.056774
9.007064
9.373671
9.126354
9.056680
8.938040
9.039179
9.196125
8.818118
9.397393
9.349592
9.354515
9.198509
9.257091
9.401323
9.125299
9.412266
9.026427
9.591159
9.153893
8.989592
9.597267
9.377991
9.262387
9.185637
9.142163
9.201370
9.106147
9.153734
8.930257
9.096573
9.231424
9.381382
9.531384
9.022264
8.857682
9.249551
9.345043
8.817991
8.763048
8.911602
8.784281
9.273395
8.995867
8.893624
8.917339
9.089149
9.301677
9.267333
9.116006
9.042393
8.835166
9.145992
8.849564
9.113555
9.013731
8.828206
9.089544
8.479209
9.035228
8.956374
8.981753
8.843949
8.965548
8.790270
9.028089
8.914701
9.191831
9.198689
8.946825
9.047978
8.881045
8.948345
9.064686
8.831162
8.703958
9.003639
9.006441
8.805437
8.874501
9.281034
8.901694
8.899046
9.134142
8.996456
8.833803
9.346917
8.798677
9.309907
9.095381
9.190364
9.043777
9.165833
8.634965
8.562696
9.116069
8.851061
8.910257
9.002200
8.578686
9.223655
8.764665
8.841278
8.776169
8.997393
9.169389
9.207225
8.884370
8.892615
9.075114
8.883064
9.204501
8.903983
8.768394
8.938934
9.290175
8.533186
8.509726
9.162655
9.299729
8.887033
8.897444
9.014028
8.820294
8.910290
8.755152
8.753099
9.108977
8.850467
8.721779
8.791804
8.704361
9.124325
8.897516
8.677279
9.024885
8.944066
8.921930
8.919754
9.175160
9.345739
8.873429
8.920366
9.031014
8.999190
9.046334
8.948125
9.163766
9.253440
8.883061
8.932849
8.941800
9.282624
8.828238
9.177474
9.079047
8.849893
8.991136
8.654838
9.010187
8.972554
9.032148
8.755945
9.348233
8.960429
9.109527
9.064130
8.705665
9.146772
8.763782
8.728230
8.826009
8.989653
8.630505
8.609099
8.719697
8.765198
8.763271
8.715002
8.981626
9.184006
9.081347
8.874466
8.965021
8.909736
9.002974
8.964400
8.684865
9.317951
8.670056
9.013429
8.837578
8.664101
8.853881
9.014433
9.151684
8.932001
9.074487
8.985656
8.948920
9.121939
9.002702
8.890445
9.086789
9.061556
8.746022
8.963554
8.806102
8.996124
8.759644
8.587636
9.076028
8.590631
8.586877
8.502878
8.513849
9.333651
8.529846
9.007364
8.930169
8.719243
8.825215
8.665508
8.495371
8.757962
8.945417
9.110204
8.849041
8.709002
8.826270
8.903859
8.687555
9.106752
8.538954
9.067716
8.979019
8.722788
8.711868
8.810646
9.145400
8.617750
8.750879
8.858383
9.017012
8.836073
8.506631
8.775087
9.126870
8.646084
9.016346
8.770499
8.733832
8.678407
8.830207
8.681118
8.687450
8.905024
8.623180
8.642199
9.115083
8.695761
8.527611
8.530595
9.013510
8.665532
9.225548
8.948698
8.699786
9.152725
8.973970
8.624935
8.723907
8.671685
8.603807
8.847318
8.977462
8.601949
8.538523
8.693530
8.833608
9.148617
8.393310
9.210369
8.500168
8.777892
8.928752
8.669098
8.591463
8.940683
8.660832
8.856124
9.017556
8.735210
8.835708
8.808723
8.684804
8.954374
9.116323
8.741149
8.640839
8.909676
8.354766
8.769386
8.960766
8.932603
9.047906
8.709879
8.672132
8.779421
8.784614
8.598332
8.585318
8.648963
8.471176
9.090416
8.614087
8.635063
9.131679
8.904297
9.137057
8.880558
8.808858
8.949312
8.647851
8.811036
8.826918
8.840364
8.889211
8.693482
9.076958
8.640619
8.671193
8.731717
9.013507
8.580005
8.688400
9.016068
8.679719
9.021263
8.755398
8.630034
8.742919
8.778958
8.690358
8.339506
9.069360
8.770848
8.651809
8.692427
8.645607
8.995011
8.761954
8.697557
8.588743
8.681303
8.833261
8.477538
9.023348
8.981905
8.985351
8.839458
8.894650
9.033215
8.775923
9.045532
8.682947
9.216446
8.800714
8.650191
9.225235
9.020869
8.911745
8.838898
8.798478
8.857242
8.767542
8.813374
8.604115
8.763535
8.889210
9.030818
9.176046
8.696826
8.542327
8.912480
9.005160
8.505921
8.457709
8.595095
8.481091
8.938739
8.677606
8.584911
8.607247
8.769411
8.971120
8.940117
8.797648
8.730054
8.533957
8.827824
8.549118
8.801053
8.705176
8.530216
8.778391
8.200430
8.732460
8.656591
8.680626
8.548433
8.669058
8.501712
8.726766
8.622312
8.882669
8.891271
8.654227
8.748909
8.593127
8.655721
8.765337
8.549578
8.427466
8.710598
8.715711
8.525315
8.593676
8.984016
8.620066
8.619489
8.843250
8.714360
8.556810
9.046674
8.525764
9.014014
8.808981
8.898862
8.761086
8.879049
8.374602
8.306113
8.832928
8.581403
8.638338
8.726957
8.325391
8.938367
8.502680
8.576660
8.515788
8.727663
8.892820
8.926822
8.619033
8.629910
8.801043
8.623691
8.928341
8.643103
8.512663
8.680136
9.016933
8.295159
8.271697
8.893232
9.025192
8.629957
8.640911
8.753032
8.568111
8.656168
8.509422
8.507260
8.845987
8.600389
8.480790
8.547160
8.464882
8.863215
8.649915
8.437341
8.772900
8.693729
8.673182
8.672128
8.917722
9.080616
8.628295
8.675136
8.779954
8.750560
8.796962
8.701056
8.910109
8.996983
8.643476
8.690734
8.702384
9.027222
8.591544
8.925877
8.835330
8.616096
8.750699
8.432135
8.769124
8.734331
8.793209
8.527359
9.098046
8.724585
8.867811
8.825420
8.481450
8.909071
8.537790
8.504374
8.599309
8.756958
8.413339
8.392540
8.498042
8.546206
8.540377
8.497985
8.752291
8.947859
8.848025
8.650048
8.738783
8.686033
8.773890
8.738934
8.471648
9.078676
8.456279
8.788045
8.619159
8.452782
8.634730
8.789172
8.923271
8.711656
8.849304
8.767666
8.729036
8.895104
8.783056
8.673641
8.863443
8.839153
8.538295
8.745133
8.596395
8.777825
8.551729
8.386748
8.854637
8.389870
8.384791
8.306334
8.316935
9.108143
8.332733
8.791134
8.719384
8.516732
8.618176
8.465103
8.302021
8.554608
8.738314
8.893934
8.642902
8.508848
8.621511
8.695937
8.491998
8.892522
8.346181
8.856581
8.769471
8.524301
8.515333
8.610453
8.933665
8.424210
8.553282
8.656158
8.810893
8.636422
8.318903
8.580524
8.918024
8.456403
8.812737
8.576405
8.539869
8.486486
8.633107
8.491381
8.496144
8.705779
8.437320
8.454010
8.909581
8.506921
8.343671
8.347340
8.814643
8.477934
9.018652
8.752306
8.511794
8.950117
8.776978
8.441071
8.536451
8.484431
8.420331
8.657788
8.781960
8.419996
8.358241
8.509223
8.644260
8.949988
8.218225
9.009189
8.323728
8.593700
8.740421
8.487120
8.412026
8.750199
8.479467
8.670366
8.825285
8.553898
8.650076
8.623762
8.504543
8.766084
8.922439
8.558557
8.462714
8.723456
8.187678
8.587161
8.772546
8.747433
8.859295
8.531457
8.495624
8.596848
8.604445
8.424485
8.411188
8.474215
8.301315
8.901398
8.440299
8.460802
8.942673
8.722828
8.948831
8.698976
8.631334
8.767711
8.474004
8.632521
8.648225
8.661665
8.709629
8.521969
8.893035
8.471075
8.499783
8.559257
8.831553
8.410868
8.515908
8.835683
8.508438
8.841766
8.581655
8.460100
8.571697
8.606863
8.519426
8.178832
8.888725
8.599496
8.483939
8.522742
8.476804
8.818348
8.591339
8.528890
8.424047
8.512550
8.661959
8.315921
8.846539
8.807446
8.810054
8.668199
8.721577
8.857331
8.608072
8.869761
8.517258
9.036298
8.629977
8.485459
9.045172
8.847465
8.740898
8.669542
8.630329
8.688560
8.600834
8.645699
8.442562
8.598648
8.719592
8.857088
9.000088
8.534223
8.383889
8.743816
8.835074
8.348320
8.302691
8.435067
8.326519
8.769724
8.515663
8.427161
8.448696
8.605922
8.802270
8.772663
8.634034
8.568960
8.377764
8.663501
8.392700
8.638911
8.544376
8.373941
8.615880
8.052686
8.573299
8.498459
8.521725
8.391837
8.511942
8.347850
8.567140
8.466116
8.718622
8.727981
8.497389
8.588724
8.437664
8.497952
8.604506
8.396768
8.276512
8.552049
8.557920
8.372128
8.439995
8.822435
8.465375
8.465670
8.683935
8.558753
8.403412
8.882347
8.373905
8.851178
8.650347
8.737541
8.603477
8.719824
8.227282
8.160063
8.674661
8.428785
8.484819
8.571625
8.179880
8.777728
8.352627
8.425545
8.366327
8.573812
8.735549
8.767407
8.466309
8.478395
8.644162
8.473304
8.770108
8.491611
8.363441
8.529465
8.858974
8.153511
8.130134
8.736588
8.865863
8.478608
8.489397
8.599748
8.418752
8.505391
8.362466
8.360205
8.690612
8.450624
8.335255
8.399827
8.319948
8.707956
8.500885
8.291618
8.621560
8.542525
8.522902
8.521940
8.762612
8.921844
8.478842
8.525702
8.627021
8.598798
8.644748
8.549998
8.755874
8.840773
8.495431
8.541204
8.554233
8.870872
8.444179
8.770978
8.684124
8.469457
8.601097
8.290681
8.618581
8.584641
8.643229
8.382419
8.942368
8.575791
8.716078
8.675028
8.337969
8.758858
8.392815
8.360381
8.453856
8.608538
8.272340
8.251593
8.354319
8.404005
8.396217
8.356117
8.604177
8.796452
8.698130
8.504167
8.591980
8.540010
8.625057
8.592093
8.330566
8.924736
8.314467
8.640405
8.474851
8.311995
8.489851
8.641169
8.773548
8.565598
8.700900
8.622502
8.582893
8.745296
8.636743
8.528676
8.715181
8.691236
8.397540
8.598658
8.454033
8.631460
8.410173
8.248601
8.706264
8.251495
8.245586
8.169623
8.180146
8.957227
8.196070
8.644194
8.575199
8.376399
8.475493
8.325798
8.165919
8.413675
8.594925
8.746135
8.500257
8.369043
8.479254
8.551831
8.353869
8.744940
8.209317
8.710675
8.624240
8.384315
8.376390
8.469710
8.786626
8.286182
8.413090
8.513568
8.666104
8.494658
8.183662
8.441386
8.771111
8.319784
8.668753
8.437010
8.400607
8.348141
8.492097
8.354028
8.357688
8.563198
8.301435
8.317047
8.763510
8.369272
8.208286
8.212378
8.671421
8.340358
8.871273
8.610262
8.373611
8.804639
8.634232
8.304555
8.398211
8.346124
8.284085
8.518724
8.639556
8.284460
8.223619
8.372244
8.504582
8.805158
8.085593
8.862886
8.190097
8.455728
8.600698
8.350047
8.276330
8.609035
8.343418
8.531085
8.682570
8.416939
8.510964
8.484351
8.367745
8.624993
8.778821
8.420975
8.326974
8.583258
8.057858
8.449433
8.631122
8.607401
8.717355
8.394819
8.360131
8.458177
8.466990
8.290422
8.276391
8.338881
8.168983
8.758732
8.305587
8.326191
8.800024
8.583602
8.806315
8.559770
8.494267
8.628406
8.338685
8.494511
8.509877
8.523423
8.570337
8.387218
8.751637
8.337403
8.365061
8.424072
8.691190
8.276834
8.380239
8.695511
8.373249
8.702214
8.445025
8.325594
8.436598
8.471326
8.383530
8.048619
8.747501
8.463505
8.349756
8.387925
8.342599
8.679496
8.455448
8.393932
8.291366
8.377611
8.525327
8.184967
8.706731
8.669286
8.671135
8.531833
8.583886
8.717813
8.472832
8.730083
8.383042
8.894272
8.492982
8.351596
8.903086
8.708957
8.603503
8.533409
8.494190
8.552077
8.465591
8.509923
8.309912
8.464069
8.582669
8.717564
8.859481
8.400594
8.253118
8.607226
8.697507
8.217169
8.173527
8.302007
8.197172
8.632385
8.381973
8.295839
8.316692
8.471658
8.665237
8.636066
8.498797
8.435477
8.246412
8.528320
8.261396
8.504334
8.411039
8.242682
8.481132
7.925708
8.440746
8.366689
8.389097
8.260320
8.379989
8.217495
8.433251
8.334575
8.582413
8.592315
8.364839
8.454927
8.306581
8.365319
8.469382
8.266052
8.147357
8.418176
8.424456
8.241582
8.309133
8.687201
8.334049
8.334316
8.549481
8.426473
8.272492
8.745328
8.243653
8.715058
8.516210
8.601804
8.470159
8.585123
8.099416
8.032962
8.540318
8.298385
8.353302
8.439136
8.052880
8.642259
8.222918
8.294524
8.236864
8.441274
8.600892
8.631842
8.334947
8.347466
8.509599
8.343149
8.634971
8.360701
8.233571
8.398210
8.724153
8.028171
8.004285
8.602739
8.729951
8.347075
8.358821
8.467352
8.288141
8.374566
8.233588
8.231179
8.556607
8.320562
8.207215
8.270630
8.192017
8.573276
8.370403
8.163161
8.489351
8.410495
8.391052
8.390717
8.628636
8.785951
8.347769
8.394182
8.494162
8.466547
8.511835
8.417372
8.621170
8.705754
8.364699
8.409773
8.423466
8.735441
8.314090
8.636225
8.551894
8.339971
8.468927
8.163786
8.486367
8.453852
8.511683
8.252985
8.807147
8.444600
8.582810
8.542613
8.209070
8.626459
8.264065
8.231807
8.324068
8.476803
8.145010
8.124585
8.225344
8.275486
8.266606
8.228086
8.473099
8.662905
8.564955
8.373944
8.460485
8.409608
8.493047
8.460721
8.202854
8.789358
8.186596
8.509191
8.345344
8.184199
8.359697
8.509740
8.639994
8.434773
8.568706
8.492006
8.451782
8.612392
8.505253
8.398275
8.582656
8.558777
8.269555
8.467228
8.325376
8.499724
8.281730
8.122357
8.573435
8.125037
8.118533
8.044407
8.054206
8.822609
8.069861
8.512520
8.445067
8.248367
8.346339
8.198235
8.040813
8.285028
8.465911
8.613263
8.370578
8.240878
8.350069
8.421378
8.227122
8.611894
8.083459
8.578276
8.492388
8.256162
8.248207
8.339878
8.653799
8.159123
8.284621
8.383746
8.534841
8.365405
8.057548
8.313444
8.639108
8.193449
8.537631
8.308740
8.272536
8.220877
8.362280
8.226937
8.230289
8.432958
8.175379
8.190405
8.631016
8.241707
8.082552
8.086517
8.540937
8.213443
8.737223
8.479799
8.246554
8.672181
8.503465
8.178524
8.270813
8.218373
8.157425
8.390109
8.508469
8.158112
8.097414
8.244870
8.375449
8.673252
7.961287
8.729813
8.065231
8.328036
8.471043
8.222913
8.150105
8.478736
8.216079
8.402369
8.552114
8.289754
8.382231
8.355960
8.240943
8.495440
8.646418
8.291957
8.200304
8.453486
7.934351
8.320782
8.500610
8.477941
8.586481
8.266973
8.233186
8.329372
8.338907
8.164147
8.150221
8.212653
8.043510
8.626829
8.179076
8.199024
8.667583
8.454298
8.674770
8.430014
8.366122
8.498725
8.211503
8.366118
8.381142
8.394582
8.441469
8.260538
8.620993
8.211359
8.238188
8.296707
8.560655
8.150972
8.253481
8.565072
8.246455
8.571980
8.317065
8.198495
8.308982
8.343581
8.256591
7.925091
8.616812
8.336144
8.223398
8.260590
8.215709
8.549686
8.327612
8.267178
8.165909
8.250133
8.397263
8.060053
8.576553
8.539867
8.541410
8.403152
8.454341
8.587559
8.345738
8.599500
8.256468
8.762196
8.364305
8.224766
8.771213
8.578966
8.474799
8.404655
8.365766
8.423840
8.338147
8.381627
8.184327
8.337063
8.453906
8.587267
8.728146
8.274211
8.128094
8.478442
8.568071
8.092130
8.049708
8.176135
8.073542
8.502766
8.255490
8.170104
8.191090
8.343962
8.535064
8.506765
8.371467
8.308624
8.121324
8.399834
8.136189
8.376760
8.284051
8.118032
8.353951
7.803544
8.313861
8.240229
8.262427
8.134876
8.254169
8.093128
8.306304
8.209053
8.453850
8.463130
8.239212
8.327324
8.181088
8.238958
8.341883
8.141583
8.023711
8.291514
8.297899
8.116544
8.183450
8.558492
8.208256
8.209020
8.422002
8.300183
8.146681
8.615084
8.118853
8.585294
8.388494
8.473429
8.342939
8.456611
7.976037
7.910393
8.412421
8.172454
8.226924
8.311977
7.930034
8.513330
8.098410
8.169685
8.112420
8.315187
8.473055
8.503139
8.208723
8.221857
8.381768
8.217594
8.505792
8.234930
8.108929
8.272517
8.595653
7.906348
7.882734
8.474093
8.600080
8.221644
8.232398
8.340154
8.162864
8.248547
8.109137
8.106733
8.428982
8.194895
8.083718
8.145864
8.068165
8.445392
8.244699
8.038976
8.362608
8.284475
8.264766
8.264703
8.500379
8.655456
8.221776
8.268499
8.367104
8.339659
8.384490
8.290414
8.492727
8.577056
8.239018
8.283725
8.297589
8.606242
8.188449
8.507705
8.424613
8.214730
8.342035
8.040818
8.359508
8.326977
8.384439
8.128549
8.677682
8.318291
8.454586
8.415338
8.084962
8.498955
8.138785
8.106881
8.199121
8.350371
8.021428
8.000975
8.101104
8.151885
8.141754
8.104816
8.346418
8.535146
8.437630
8.247849
8.334565
8.284397
8.366498
8.334198
8.079140
8.659811
8.062598
8.382034
8.219887
8.060074
8.234246
8.382477
8.512294
8.308840
8.441052
8.366519
8.325752
8.484143
8.379200
8.272394
8.455086
8.431119
8.145170
8.340624
8.200514
8.372644
8.157282
7.999049
8.445499
8.001874
7.995152
7.921949
7.932265
8.693304
7.947307
8.385187
8.318579
8.124252
8.221231
8.074404
7.918365
8.159809
8.340056
8.485641
8.244811
8.116487
8.224595
8.295092
8.103784
8.484231
7.960504
8.450738
8.365101
8.131818
8.124571
8.215184
8.525858
8.035398
8.159774
8.257634
8.407890
8.240298
7.935188
8.188995
8.511017
8.069847
8.410897
8.184131
8.147951
8.096789
8.236966
8.103158
8.106274
8.306547
8.052400
8.066568
8.502673
8.118190
7.959765
7.964128
8.414207
8.088970
8.608774
8.353951
8.121895
8.544315
8.376997
8.054908
8.146136
8.093950
8.034410
8.264574
8.382278
8.034772
7.974154
8.121272
8.249773
8.544926
7.839409
8.600976
7.943270
8.203894
8.345409
8.098859
8.026672
8.352579
8.092031
8.277418
8.424498
8.165517
8.256763
8.230675
8.116945
8.369099
8.518727
8.167171
8.076401
8.327625
7.813501
8.195886
8.374249
8.351975
8.459883
8.142999
8.109611
8.203727
8.213556
8.041020
8.027393
8.088719
7.921818
8.499578
8.055779
8.075662
8.539649
8.328790
8.546853
8.304225
8.240922
8.372907
8.088122
8.240467
8.255668
8.269050
8.315378
8.136999
8.493655
8.088323
8.114308
8.172617
8.433681
8.027863
8.129010
8.438457
8.122356
8.445333
8.191626
8.074579
8.185115
8.218796
8.132404
7.803553
8.489614
8.211798
8.099433
8.136654
8.091308
8.423206
8.202932
8.142951
8.042872
8.126070
8.272766
7.938041
8.450020
8.413690
8.414728
8.278007
8.328631
8.461230
8.221283
8.472561
8.132379
8.634310
8.238655
8.101293
8.642542
8.452453
8.348933
8.278846
8.241006
8.298355
8.213490
8.256664
8.060785
8.212587
8.328129
8.460318
8.599959
8.150374
8.005274
8.352655
8.441492
7.969834
7.927907
8.053092
7.951713
8.376451
8.131268
8.047529
8.068080
8.219386
8.409147
8.380904
8.246833
8.184711
7.998912
8.274758
8.013616
8.252504
8.160225
7.995363
8.228600
7.683910
8.190446
8.116686
8.138906
8.011744
8.130708
7.970909
8.181703
8.086382
8.328132
8.337809
8.116017
8.202871
8.058455
8.115283
8.217011
8.019306
7.902138
8.166963
8.173758
7.994179
8.061251
8.433511
8.085312
8.085992
8.296844
8.176862
8.024181
8.488356
7.996534
8.459280
8.263550
8.347374
8.218302
8.331551
7.855114
7.789595
8.287638
8.050119
8.103838
8.187940
7.809743
8.387566
7.976130
8.046978
7.989997
8.191329
8.347962
8.377404
8.085403
8.098816
8.256680
8.095334
8.380444
8.111721
7.986313
8.149698
8.469735
7.786641
7.762574
8.348645
8.474320
8.098435
8.109019
8.215602
8.040214
8.125196
7.987375
7.984891
8.303593
8.071938
7.961906
8.023960
7.946624
8.320230
8.121593
7.917381
8.238562
8.160807
8.141569
8.141415
8.374942
8.528624
8.098761
8.144712
8.242528
8.215426
8.260519
8.166464
8.367480
8.450640
8.115944
8.160127
8.174328
8.479802
8.065583
8.382046
8.300075
8.091597
8.218246
7.919757
8.234685
8.202937
8.260645
8.006107
8.550811
8.194017
8.329635
8.290582
7.963123
8.374165
8.016328
7.985172
8.076224
8.226307
7.900172
7.880054
7.978782
8.029860
8.019427
7.983205
8.222471
8.409454
8.312290
8.124749
8.210992
8.160531
8.241542
8.210847
7.957873
8.532489
7.940508
8.258009
8.097513
7.938955
8.110919
8.257659
8.387563
8.185080
8.316545
8.243130
8.201509
8.359006
8.254885
8.148967
8.330279
8.306896
8.023183
8.216579
8.078304
8.248691
8.035213
7.878675
8.320587
7.881135
7.874000
7.801694
7.811491
8.567003
7.826706
8.260595
8.195153
8.002357
8.097973
7.952718
7.798439
8.037853
8.216620
8.360413
8.121480
7.994759
8.101174
8.171227
7.982594
8.358988
7.839249
8.326236
8.240731
8.009051
8.002228
8.092690
8.400356
7.913657
8.037563
8.134086
8.283388
8.117387
7.814741
8.067253
8.385888
7.948935
8.286642
8.062532
8.025601
7.974671
8.113727
7.981836
7.984056
8.182902
7.931755
7.945344
8.377485
7.996291
7.839307
7.843400
8.289884
7.967793
8.482430
8.229965
8.000093
8.418609
8.252952
7.934259
8.024323
7.971868
7.913142
8.142291
8.257696
7.914066
7.853764
7.999195
8.126999
8.419487
7.719728
8.474892
7.823027
8.082060
8.222222
7.977020
7.905754
8.228840
7.969993
8.154301
8.300428
8.043914
8.133907
8.107578
7.995359
8.245154
8.393408
8.044711
7.955009
8.204058
7.694766
8.073147
8.249925
8.228434
8.335191
8.020947
7.987838
8.080526
8.091295
7.919652
7.905499
7.967057
7.801141
8.374136
7.934678
7.954522
8.414651
8.205261
8.421239
8.180455
8.118394
8.248803
7.966217
8.117482
8.132360
8.146047
8.192074
8.015822
8.368904
7.967485
7.992740
8.051043
8.308958
7.906504
8.007033
8.314307
8.000618
8.321667
8.069440
7.953077
8.062738
8.096711
8.010353
7.684479
8.364814
8.089152
7.978292
8.014624
7.970214
8.299316
8.080733
8.021420
7.922077
8.004299
8.149400
7.817702
8.325224
8.289730
8.290545
8.155083
8.205153
8.336485
8.099030
8.348173
8.010866
8.508267
8.115694
7.979513
8.517019
8.328379
8.225413
8.156601
8.118225
8.175570
8.091155
8.133943
7.939919
8.090525
8.204886
8.336087
8.474774
8.028966
7.884690
8.229479
8.317322
7.849343
7.808169
7.931567
7.832170
8.252582
8.009990
7.926773
7.946990
8.097029
8.285068
8.257310
8.124389
8.062989
7.878994
8.151949
7.893168
8.129980
8.038052
7.874267
8.106200
7.565758
8.068699
7.995499
8.017462
7.890952
8.009279
7.850776
8.059956
7.965209
8.204440
8.214582
7.994500
8.080549
7.936924
7.993484
8.094050
7.898812
7.782227
8.044810
8.051917
7.873575
7.940245
8.310172
7.964174
7.965112
8.174544
8.055462
7.903539
8.364391
7.876057
8.335148
8.141496
8.224113
8.096363
8.208462
7.735905
7.671010
8.164680
7.929461
7.982454
8.066176
7.691530
8.263799
7.856128
7.926017
7.869940
8.069405
8.225627
8.253696
7.964188
7.977949
8.133856
7.974162
8.256890
7.990561
7.866108
8.028970
8.346393
7.669016
7.644834
8.225309
8.350245
7.976918
7.987597
8.093748
7.919379
8.003958
7.867597
7.864501
8.180639
7.951102
7.842167
7.903410
7.827427
8.196976
8.000873
7.797009
8.116859
8.039204
8.019738
8.019773
8.251577
8.404088
7.977158
8.023099
8.119710
8.092903
8.138147
8.044302
8.244064
8.326723
7.994863
8.038424
8.052906
8.355763
7.944326
8.258350
8.177702
7.970951
8.096018
7.801064
8.112741
8.081545
8.138397
7.885852
8.426907
8.071997
8.206386
8.167972
7.843080
8.251946
7.896077
7.864730
7.955218
8.104465
7.781143
7.760690
7.858631
7.910083
7.898283
7.863401
8.100009
8.286297
8.189386
8.003613
8.089109
8.039648
8.119456
8.088674
7.838151
8.408145
7.820593
8.135744
7.976165
7.819023
7.989511
8.135134
8.263906
8.063375
8.193770
8.121885
8.079892
8.235774
8.132832
8.027099
8.207132
8.183688
7.903142
8.094604
7.957754
8.126830
7.914631
7.759575
8.197364
7.762140
7.754393
7.683763
7.692988
8.442479
7.707921
8.137900
8.073677
7.882210
7.977196
7.833158
7.679998
7.917459
8.095616
8.237164
8.000290
7.874374
7.980372
8.049409
7.863284
8.235581
7.720804
8.203230
8.118070
7.889150
7.882512
7.971650
8.277280
7.794395
7.917146
8.012807
8.161222
7.995990
7.696249
7.947001
8.262706
7.829769
8.164219
7.941864
7.905306
7.854615
7.992777
7.861942
7.864277
8.060664
7.812763
7.825551
8.254011
7.876555
7.720508
7.724973
8.167564
7.847408
8.358382
8.107897
7.880351
8.295333
8.130670
7.814358
7.904294
7.851570
7.793563
8.021504
8.135429
7.794553
7.734718
7.879308
8.005724
8.296586
7.601709
8.351102
7.704426
7.961797
8.101161
7.857123
7.786444
8.106809
7.850230
8.033493
8.177970
7.923636
8.012884
7.987010
7.875149
8.123337
8.270451
7.923874
7.835217
8.082110
7.577812
7.952431
8.127719
8.106425
8.212530
7.901145
7.868278
7.959403
7.970568
7.800436
7.786070
7.847659
7.682780
8.251014
7.814928
7.834483
8.290860
8.083787
8.297997
8.058826
7.997874
8.127292
7.846018
7.996310
8.011097
8.024755
8.070451
7.895992
8.245988
7.848300
7.873397
7.930572
8.186572
7.787275
7.886945
8.192359
7.880328
8.199693
7.948689
7.833026
7.943096
7.976152
7.889906
7.567083
8.242062
7.968683
7.858450
7.894208
7.850027
8.177217
7.960069
7.901129
7.803057
7.883883
8.028763
7.699417
8.202202
8.167914
8.167989
8.034148
8.083572
8.214030
7.978683
8.225967
7.890830
8.384706
7.994429
7.859907
8.392854
8.206351
8.103828
8.035007
7.997317
8.054574
7.970673
8.012903
7.820452
7.970312
8.083385
8.213156
8.351373
7.908944
7.765887
8.107913
8.195647
7.731092
7.690327
7.812283
7.714434
8.130427
7.889644
7.808295
7.827725
7.976646
8.163443
8.135518
8.003804
7.942779
7.760128
8.031086
7.774397
8.009293
7.918056
7.755657
7.985559
7.449242
7.949006
7.876154
7.897749
7.771816
7.890250
7.732432
7.939482
7.846185
8.083200
8.093562
7.874762
7.960035
7.818320
7.873646
7.973142
7.780502
7.664302
7.924490
7.931509
7.754692
7.821304
8.188814
7.844732
7.846217
8.053893
7.935528
7.784405
8.241684
7.757274
8.213409
8.020427
8.102548
7.975784
8.086847
7.618389
7.554216
8.043606
7.809850
7.862779
7.946195
7.574391
8.141855
7.737792
7.807431
7.751921
7.949632
8.104305
8.132336
7.844875
7.858721
8.012796
7.855575
8.135565
7.871311
7.747092
7.909928
8.225079
7.552762
7.528735
8.104492
8.228555
7.857372
7.868465
7.973312
7.800460
7.884689
7.749597
7.746275
8.059627
7.832136
7.724328
7.785261
7.709674
8.075926
7.881519
7.679197
7.996164
7.918930
7.900369
7.899747
8.130279
8.281334
7.857812
7.903591
7.999180
7.972950
8.017388
7.924227
8.122634
8.204644
7.875325
7.918252
7.933663
8.233575
7.825184
8.136859
8.057401
7.851985
7.976324
7.683266
7.992198
7.961122
8.017921
7.766816
8.304299
7.952182
8.085760
8.047603
7.724784
8.131257
7.777271
7.746281
7.836307
7.984432
7.663582
7.643701
7.740394
7.792142
7.779713
7.745748
7.980206
8.164797
8.068603
7.883987
7.968993
7.919745
7.998617
7.968629
7.720222
8.285524
7.702540
8.015903
7.857296
7.701372
7.870152
8.014642
8.143000
7.943794
8.073108
8.002390
7.960051
8.114525
8.013036
7.907526
8.086463
8.063218
7.785530
7.974374
7.838877
8.006133
7.796479
7.641863
8.076295
7.644616
7.636681
7.566703
7.576106
8.320067
7.590960
8.017312
7.953671
7.764110
7.857769
7.715364
7.563488
7.798646
7.975664
8.115890
7.881089
7.755919
7.860701
7.929472
7.745714
8.114064
7.603697
8.082342
7.997764
7.770506
7.764372
7.853185
8.156108
7.676541
7.798687
7.893006
8.040732
7.876996
7.579195
7.828283
8.141212
7.712262
8.043869
7.823179
7.786986
7.736535
7.873511
7.744164
7.746114
7.940526
7.695338
7.708050
8.132679
7.758541
7.603338
7.608071
8.047641
7.729487
8.236388
7.988151
7.761905
8.173971
8.010242
7.697054
7.785671
7.733412
7.676052
7.902428
8.015116
7.676976
7.617720
7.761337
7.886882
8.174995
7.485601
8.229009
7.588156
7.843420
7.981654
7.739349
7.669147
7.986987
7.732532
7.914072
8.057219
7.805498
7.893794
7.867273
7.756887
8.003382
8.148887
7.805135
7.717565
7.962457
7.462121
7.833449
8.006909
7.987171
8.092163
7.782928
7.750279
7.840129
7.852026
7.682928
7.668754
7.730000
7.566250
8.129977
7.697543
7.716759
8.169363
7.964249
8.176974
7.939515
7.878907
8.007172
7.728086
7.876979
7.892076
7.905331
7.951021
7.778254
8.125686
7.730767
7.755394
7.812532
8.066034
7.669901
7.768268
8.071446
7.762223
8.079304
7.829649
7.715380
7.824512
7.857534
7.771464
7.451235
8.121087
7.850306
7.740761
7.776013
7.731644
8.057237
7.841639
7.782812
7.686039
7.765467
7.909384
7.582840
8.082189
8.048061
8.048323
7.914807
7.963922
8.093551
7.860363
8.104823
7.772806
8.262460
7.874892
7.741897
8.271066
8.086027
7.984462
7.915817
7.878114
7.935047
7.851768
7.894002
7.703321
7.851939
7.963648
8.092813
8.229420
7.790982
7.649571
7.988054
8.075734
7.614267
7.574547
7.694773
7.598548
8.010699
7.771612
7.691133
7.710471
7.858055
8.043266
8.015708
7.884915
7.824645
7.643266
7.911732
7.657527
7.890886
7.799493
7.638757
7.866876
7.334749
7.830853
7.758480
7.779700
7.654577
7.772691
7.615945
7.821256
7.728586
7.963484
7.973501
7.757220
7.841468
7.700935
7.755770
7.854387
7.663963
7.548441
7.806087
7.813862
7.637697
7.704504
8.069571
7.727587
7.729056
7.934968
7.817984
7.667291
8.121093
7.640511
8.093132
7.901646
7.982796
7.857234
7.968244
7.502837
7.439139
7.924652
7.693000
7.745027
7.828171
7.459074
8.022033
7.621232
7.690219
7.635083
7.831601
7.985215
8.012261
7.727048
7.741242
7.893873
7.738266
8.015933
7.753853
7.630552
7.792269
8.105253
7.438280
7.414044
7.985338
8.107864
7.739896
7.750473
7.854790
7.683424
7.766928
7.632727
7.630003
7.940253
7.714427
7.608680
7.668369
7.593724
7.956448
7.764245
7.563037
7.878373
7.800956
7.782301
7.782232
8.011045
8.160601
7.740013
7.786106
7.880424
7.854227
7.898566
7.805834
8.003118
8.084689
7.758239
7.800432
7.816108
8.113058
7.707994
8.016713
7.938712
7.734731
7.857620
7.567928
7.874040
7.842782
7.899556
7.650398
8.184087
7.833800
7.966538
7.928781
7.608296
8.012470
7.660311
7.629877
7.718912
7.865981
7.548036
7.527860
7.623703
7.675921
7.662917
7.629705
7.862174
8.045345
7.949263
7.766326
7.851287
7.801939
7.880148
7.850737
7.604171
8.165003
7.586573
7.897399
7.740098
7.585522
7.752713
7.895878
8.023375
7.825913
7.954062
7.884423
7.841882
7.995112
7.895063
7.789932
7.967285
7.944176
7.668787
7.855706
7.722257
7.887537
7.679825
7.526826
7.957012
7.529096
7.521132
7.451685
7.461165
8.199622
7.475739
7.898001
7.836204
7.647723
7.740644
7.599289
7.448521
7.681830
7.858459
7.996393
7.763362
7.639800
7.743617
7.811434
7.629817
7.994401
7.488047
7.963220
7.878774
7.653960
7.648245
7.735662
8.036276
7.561152
7.681816
7.775296
7.922087
7.759183
7.464038
7.712117
8.021684
7.596559
7.925236
7.706617
7.670224
7.620322
7.756168
7.628288
7.629765
7.822598
7.579699
7.592369
8.012971
7.642610
7.488005
7.493022
7.929003
7.613573
8.116019
7.869869
7.645388
8.054349
7.891553
7.581284
7.668960
7.616838
7.560026
7.785314
7.896605
7.561564
7.502261
7.645163
7.768989
8.055358
7.371450
8.108822
7.473263
7.726740
7.864147
7.623055
7.553223
7.868675
7.616311
7.797240
7.938593
7.689114
7.776212
7.750417
7.640707
7.885619
8.029794
7.687820
7.601587
7.844846
7.348427
7.716270
7.888717
7.869021
7.973085
7.666017
7.633901
7.722492
7.734614
7.567770
7.553363
7.614113
7.451687
8.010602
7.581814
7.600916
8.050060
7.846675
8.057650
7.821400
7.762090
7.889752
7.612012
7.759627
7.774560
7.787906
7.833120
7.662303
8.006631
7.615060
7.639454
7.696208
7.947446
7.554113
7.651799
7.953722
7.645920
7.960658
7.712565
7.599241
7.708368
7.741263
7.655352
7.337151
8.002166
7.733325
7.624393
7.659696
7.615907
7.938854
7.725086
7.666793
7.570592
7.649208
7.793006
7.468124
7.963656
7.929854
7.929763
7.797237
7.846220
7.975082
7.743774
7.986359
7.656801
8.142555
7.757308
7.626014
8.151046
7.967665
7.866413
7.798213
7.760784
7.817813
7.735228
7.776989
7.587819
7.735367
7.845650
7.973568
8.110290
7.675349
7.534446
7.870228
7.957177
7.499139
7.460191
7.579346
7.484380
7.892366
7.655422
7.575676
7.595208
7.741114
7.924567
7.897526
7.767531
7.708352
7.528487
7.794597
7.542153
7.773898
7.683419
7.523773
7.750070
7.221904
7.714947
7.642868
7.663671
7.538846
7.657080
7.501201
7.704772
7.613172
7.845913
7.855944
7.641614
7.724706
7.585704
7.639831
7.737276
7.549311
7.434322
7.689532
7.697267
7.522663
7.589093
7.951645
7.611738
7.613658
7.817693
7.702130
7.552177
8.002607
7.525606
7.974933
7.784480
7.864979
7.740515
7.850752
7.389274
7.325911
7.807301
7.577320
7.629340
7.711253
7.345829
7.903762
7.506095
7.574749
7.520144
7.715282
7.868046
7.893877
7.611101
7.625722
7.776220
7.623007
7.898041
7.637884
7.515577
7.676857
7.987741
7.325787
7.301224
7.867456
7.989905
7.623841
7.634511
7.738086
7.567699
7.651562
7.518273
7.515148
7.823228
7.599027
7.494304
7.553450
7.479500
7.838772
7.648788
7.448613
7.761949
7.684594
7.666366
7.666304
7.893726
8.042089
7.624123
7.669822
7.763505
7.737412
7.781640
7.689099
7.885309
7.966167
7.642410
7.684484
7.699802
7.994404
7.592390
7.898534
7.821579
7.619586
7.741239
7.454290
7.756812
7.726412
7.783152
7.535323
8.065598
7.717781
7.849078
7.811623
7.494304
7.895081
7.545191
7.514695
7.603906
7.749540
7.433881
7.413712
7.509052
7.561536
7.547524
7.515526
7.745645
7.927600
7.832221
7.650354
7.735062
7.686540
7.763299
7.733842
7.489924
8.045810
7.471858
7.780749
7.624524
7.471041
7.636929
7.778900
7.905875
7.709010
7.836864
7.768702
7.725900
7.877623
7.778313
7.673797
7.850030
7.827036
7.554196
7.739645
7.607175
7.771055
7.564809
7.413358
7.839391
7.415638
7.406726
7.338661
7.347817
8.081120
7.362776
7.781449
7.719939
7.533169
7.624908
7.484945
7.335318
7.566782
7.742129
7.878498
7.647470
7.524876
7.627868
7.695061
7.516025
7.877098
7.374624
7.846193
7.762082
7.539026
7.533497
7.620545
7.918792
7.446279
7.566898
7.659491
7.805230
7.643654
7.350983
7.597225
7.904125
7.482856
7.808414
7.591973
7.555233
7.505728
7.640453
7.513976
7.515089
7.706434
7.466570
7.478048
7.894742
7.528301
7.374354
7.379652
7.812406
7.498926
7.997602
7.753671
7.530777
7.936681
7.775145
7.467528
7.554688
7.502081
7.446091
7.669822
7.779781
7.447932
7.388925
7.530683
7.653391
7.937598
7.258584
7.990563
7.360251
7.612072
7.748580
7.508414
7.439265
7.752192
7.501963
7.681811
7.821527
7.574788
7.660919
7.634789
7.526308
7.769062
7.911824
7.572846
7.487457
7.728671
7.236762
7.601003
7.771723
7.752856
7.856244
7.551553
7.520014
7.606635
7.619786
7.453823
7.439215
7.500001
7.338157
7.892891
7.467470
7.486800
7.932222
7.730428
7.939887
7.705127
7.646644
7.773073
7.497571
7.644172
7.658820
7.672093
7.716835
7.548282
7.889152
7.501226
7.525186
7.581701
7.830000
7.440422
7.537241
7.836962
7.531535
7.844108
7.597795
7.485146
7.593378
7.625888
7.540668
7.225087
7.884725
7.618453
7.510765
7.544993
7.501425
7.822526
7.609664
7.551840
7.457291
7.534585
7.676987
7.355227
7.846615
7.813784
7.813272
7.681816
7.730295
7.857801
7.628922
7.869332
7.542618
8.024489
7.641794
7.512272
8.032773
7.850842
7.750695
7.682477
7.645650
7.702025
7.619930
7.661276
7.473944
7.620724
7.729618
7.856354
7.992039
7.560824
7.421292
7.754317
7.841444
7.386013
7.347561
7.465341
7.371872
7.775907
7.541174
7.462821
7.481465
7.626013
7.808397
7.781321
7.652870
7.593680
7.414974
7.679038
7.429076
7.659087
7.568671
7.410282
7.634878
7.110544
7.600428
7.528660
7.549340
7.425131
7.543178
7.388237
7.589922
7.499642
7.729641
7.740013
7.527074
7.609493
7.472147
7.525279
7.621640
7.436139
7.321525
7.574392
7.582528
7.409711
7.475158
7.835990
7.497872
7.500058
7.702308
7.587865
7.438172
7.885538
7.412521
7.858222
7.669430
7.748609
7.625621
7.734957
7.276942
7.214103
7.691989
7.464010
7.515193
7.596830
7.234051
7.787709
7.392933
7.461717
7.407187
7.601199
7.752393
7.778201
7.497233
7.512147
7.660824
7.509661
7.781999
7.524187
7.402229
7.563051
7.871783
7.214797
7.190641
7.752011
7.872990
7.509464
7.520947
7.623492
7.454292
7.537160
7.405479
7.402356
7.707263
7.485184
7.382060
7.440554
7.367266
7.722991
7.535247
7.335673
7.647544
7.570208
7.551973
7.551869
7.777724
7.924765
7.510133
7.555636
7.647842
7.622672
7.666681
7.574306
7.769485
7.849838
7.528627
7.569620
7.586136
7.878375
7.478567
7.782328
7.706571
7.506121
7.626634
7.342645
7.641672
7.611924
7.668361
7.422255
7.948386
7.603389
7.733303
7.696266
7.380835
7.780215
7.432135
7.401994
7.490475
7.634991
7.321670
7.301743
7.395872
7.448417
7.434477
7.402712
7.630795
7.811716
7.716748
7.536123
7.620436
7.572281
7.648063
7.619945
7.377319
7.928343
7.359339
7.665924
7.510885
7.358397
7.522810
7.663590
7.790254
7.594944
7.721540
7.654614
7.610937
7.761525
7.663544
7.559606
7.734708
7.711619
7.441307
7.624302
7.494115
7.655932
7.452039
7.301417
7.723487
7.303465
7.294274
7.227317
7.236330
7.964273
7.250628
7.666362
7.605724
7.420181
7.511157
7.372701
7.223922
7.453872
7.628100
7.762975
7.533577
7.411884
7.513964
7.580667
7.403843
7.761334
7.262865
7.730868
7.646754
7.425873
7.420740
7.506784
7.802742
7.334471
7.453425
7.545064
7.690017
7.529811
7.239361
7.484519
7.788222
7.370753
7.693454
7.478697
7.442112
7.393250
7.526583
7.401956
7.402260
7.592052
7.354734
7.365685
7.779194
7.415702
7.262712
7.267817
7.697522
7.386676
7.880786
7.639217
7.417729
7.820645
7.660480
7.355402
7.441539
7.388946
7.334101
7.556271
7.665285
7.335829
7.277192
7.418244
7.539791
7.821991
7.147570
7.874230
7.248848
7.498994
7.634679
7.395454
7.327334
7.637771
7.389241
7.567897
7.706425
7.461761
7.547327
7.520738
7.413552
7.654701
7.796234
7.459419
7.374802
7.614219
7.126778
7.487455
7.657107
7.638852
7.741259
7.438607
7.407426
7.493033
7.506146
7.341851
7.327180
7.387561
7.227057
7.777422
7.355254
7.374487
7.816536
7.616289
7.823977
7.590913
7.533153
7.658905
7.385239
7.530450
7.544580
7.558216
7.602732
7.435591
7.773679
7.389262
7.412491
7.468798
7.715241
7.327992
7.424200
7.721505
7.418446
7.729349
7.484307
7.372355
7.480327
7.512760
7.427598
7.114618
7.769612
7.505208
7.398018
7.432272
7.388774
7.707554
7.496573
7.439312
7.345413
7.421725
7.563708
7.243899
7.731590
7.699011
7.698259
7.567870
7.615656
7.742816
7.515422
7.754241
7.429828
7.908292
7.527565
7.399164
7.916304
7.736363
7.636660
7.568561
7.531893
7.588182
7.506745
7.547686
7.361800
7.507593
7.615935
7.741029
7.876432
7.447995
7.309891
7.640019
7.726243
7.274998
7.237102
7.352897
7.261395
7.661727
7.428030
7.351191
7.369364
7.512757
7.693514
7.666790
7.539200
7.480635
7.303358
7.565347
7.317552
7.545927
7.455825
7.298702
7.521708
7.001608
7.488058
7.416123
7.436475
7.313156
7.430760
7.276579
7.476839
7.387586
7.615334
7.625844
7.415061
7.496419
7.359978
7.412457
7.508484
7.324304
7.210851
7.461695
7.469697
7.297852
7.363756
7.721895
7.386306
7.388238
7.588832
7.475555
7.326594
7.770557
7.300918
7.743549
7.555832
7.634402
7.512763
7.621010
7.166675
7.104389
7.578010
7.351739
7.403197
7.483972
7.124207
7.673350
7.282122
7.349962
7.296046
7.488234
7.638695
7.663733
7.384604
7.399596
7.547132
7.397949
7.667797
7.412371
7.290678
7.450987
7.757553
7.105471
7.081143
7.637984
7.758201
7.397388
7.408181
7.510420
7.342371
7.424930
7.294415
7.291133
7.593770
7.373141
7.271146
7.329383
7.256670
7.609051
7.423157
7.225076
7.534263
7.457662
7.439144
7.439666
7.663311
7.809215
7.397490
7.443393
7.534860
7.509628
7.553177
7.461212
7.654983
7.734983
7.416080
7.456783
7.473455
7.762947
7.366419
7.667772
7.593017
7.394273
7.513531
7.232080
7.528260
7.499157
7.555236
7.310880
7.833167
7.490496
7.619525
7.583081
7.269761
7.666642
7.320391
7.290725
7.378578
7.522180
7.211228
7.191859
7.284502
7.337471
7.322660
7.292207
7.517954
7.697379
7.603235
7.424050
7.507695
7.459870
7.534894
7.507020
7.266716
7.813254
7.248549
7.553089
7.399009
7.247846
7.410707
7.550720
7.676358
7.482363
7.608397
7.542207
7.498175
7.647088
7.550671
7.447196
7.620766
7.597938
7.330307
7.511477
7.382480
7.542937
7.340569
7.191195
7.609611
7.193277
7.183764
7.117878
7.126723
7.848803
7.140662
7.552425
7.492940
7.308978
7.399360
7.261677
7.114406
7.342237
7.516157
7.648726
7.421627
7.300989
7.402276
7.467767
7.293179
7.647173
7.152753
7.617095
7.533227
7.314438
7.309798
7.394950
7.688580
7.223608
7.341980
7.432697
7.576637
7.417815
7.129406
7.373288
7.674278
7.260464
7.580347
7.367312
7.330801
7.281817
7.414559
7.290913
7.291249
7.479115
7.244577
7.255054
7.664839
7.304559
7.152706
7.158094
7.584457
7.275818
7.766119
7.526556
7.306863
7.706782
7.547043
7.244681
7.330493
7.277701
7.223528
7.444355
7.552089
7.225684
7.167186
7.306932
7.427618
7.707973
7.038618
7.759358
7.139524
7.388111
7.522354
7.284834
7.216871
7.524860
7.278292
7.455907
7.593200
7.350825
7.434891
7.409178
7.302655
7.541656
7.681712
7.347813
7.264009
7.501729
7.018371
7.375588
7.543356
7.526105
7.627830
7.327419
7.296295
7.380817
7.394439
7.231380
7.216640
7.276945
7.117584
7.663274
7.244683
7.263620
7.702110
7.504418
7.709817
7.478102
7.421435
7.545981
7.274264
7.418155
7.432454
7.446071
7.490221
7.324591
7.660264
7.278972
7.301764
7.358017
7.601881
7.217718
7.313185
7.608607
7.307412
7.616234
7.371951
7.261441
7.369089
7.401434
7.316434
7.005674
7.655703
7.393711
7.287478
7.321191
7.277598
7.594753
7.385062
7.328473
7.235027
7.310802
7.451675
7.134282
7.618061
7.586469
7.585000
7.455832
7.502959
7.629686
7.404473
7.640773
7.318718
7.793464
7.415236
7.288309
7.801846
7.622911
7.523798
7.456511
7.419806
7.476038
7.394949
7.435973
7.251462
7.396243
7.502995
7.627395
7.761950
7.337146
7.200150
7.527783
7.613270
7.165087
7.128131
7.242715
7.152180
7.548602
7.317007
7.241067
7.259413
7.401332
7.580504
7.554357
7.427129
7.370018
7.193596
7.453242
7.207115
7.434278
7.344682
7.188671
7.409904
6.893435
7.377007
7.306043
7.325761
7.202804
7.320241
7.167236
7.365476
7.277457
7.503053
7.513341
7.304344
7.384960
7.249828
7.301717
7.396407
7.214862
7.101608
7.350079
7.358532
7.188329
7.253913
7.609800
7.275704
7.278052
7.477153
7.364890
7.216351
7.656930
7.191315
7.630674
7.443579
7.521751
7.400856
7.508824
7.058032
6.995932
7.466470
7.241476
7.292599
7.372920
7.015940
7.560247
7.172581
7.239407
7.186488
7.377532
7.526507
7.551428
7.274082
7.289325
7.435277
7.287817
7.555218
7.301676
7.181045
7.340506
7.644977
6.998315
6.974039
7.525506
7.645669
7.287085
7.297822
7.399356
7.232193
7.314667
7.184819
7.181548
7.481380
7.263053
7.162173
7.219548
7.148062
7.496575
7.312711
7.115948
7.423318
7.346667
7.328500
7.328948
7.551356
7.695622
7.287301
7.332555
7.423075
7.398038
7.441668
7.349815
7.542697
7.622094
7.306084
7.346248
7.363097
7.649784
7.255978
7.555181
7.481350
7.284136
7.402471
7.123841
7.417169
7.387868
7.443672
7.201210
7.720335
7.379276
7.507844
7.471161
7.160415
7.554897
7.210597
7.181014
7.268291
7.410750
7.102809
7.082578
7.175015
7.228457
7.212564
7.183213
7.406792
7.585121
7.491046
7.313661
7.396760
7.349472
7.423067
7.396042
7.157686
7.699757
7.138984
7.441661
7.288642
7.138383
7.300378
7.439030
7.563737
7.371560
7.496213
7.431390
7.387346
7.534901
7.439804
7.336666
7.508749
7.486034
7.221070
7.400238
7.272559
7.431231
7.230752
7.082829
7.497574
7.084662
7.075228
7.009932
7.018672
7.735626
7.032623
7.441058
7.381948
7.199844
7.288922
7.152590
7.006778
7.232204
7.405713
7.536026
7.310965
7.191338
7.291806
7.356726
7.184545
7.534761
7.044291
7.505259
7.421490
7.204588
7.200155
7.284845
7.576300
7.114793
7.232112
7.321959
7.465227
7.307539
7.021385
7.263507
7.561726
7.151993
7.468899
7.257960
7.221299
7.172833
7.303922
7.182031
7.181491
7.368226
7.135739
7.146226
7.552441
7.195519
7.044397
7.049738
7.472971
7.166461
7.652552
7.415294
7.197449
7.594234
7.436278
7.136386
7.220824
7.168209
7.114438
7.334526
7.440711
7.116687
7.058871
7.197776
7.317283
7.595332
6.931065
7.646207
7.031624
7.278102
7.411850
7.175523
7.107949
7.413847
7.168779
7.345607
7.481383
7.241314
7.325047
7.298837
7.193336
7.430497
7.569437
7.238047
7.155213
7.391012
6.911382
7.265534
7.432066
7.415178
7.516088
7.218061
7.187247
7.270352
7.284343
7.123005
7.108025
7.167970
7.009887
7.551267
7.135862
7.154686
7.589755
7.393200
7.597633
7.367278
7.311171
7.435112
7.164722
7.307764
7.321920
7.335473
7.379138
7.216247
7.548323
7.170475
7.192698
7.248671
7.490211
7.109318
7.203494
7.497057
7.198158
7.504713
7.262305
7.152171
7.259745
7.291374
7.206855
6.898690
7.543764
7.284168
7.178796
7.211529
7.168369
7.483439
7.274924
7.218994
7.126916
7.201338
7.341748
7.026536
7.506718
