0.157295
0.094340
0.049436
0.051421
0.039055
0.043708
0.031301
0.039090
0.032154
0.038495
0.028916
0.037611
0.031642
0.038319
0.029007
0.037595
0.031621
0.038191
0.028920
0.037391
0.031449
0.037923
0.028705
0.037120
0.031229
0.037623
0.028500
0.036901
0.031053
0.037389
0.028346
0.036692
0.030886
0.037158
0.028179
0.036460
0.030724
0.036934
0.028020
0.036252
0.030576
0.036727
0.027875
0.036054
0.030422
0.036531
0.027740
0.035864
0.030282
0.036347
0.027615
0.035678
0.030155
0.036168
0.027495
0.035499
0.030024
0.035986
0.027377
0.035330
0.029890
0.035812
0.027262
0.035168
0.029761
0.035644
0.027146
0.035008
0.029635
0.035475
0.027030
0.034848
0.029512
0.035309
0.026916
0.034692
0.029391
0.035143
0.026802
0.034537
0.029270
0.034977
0.026689
0.034388
0.029149
0.034815
0.026579
0.034243
0.029029
0.034655
0.026470
0.034098
0.028910
0.034494
0.026361
0.033954
0.028795
0.034335
0.026253
0.033810
0.028680
0.034179
0.026145
0.033666
0.028565
0.034022
0.026036
0.033527
0.028450
0.033865
0.025926
0.033390
0.028336
0.033710
0.025818
0.033256
0.028223
0.033556
0.025710
0.033122
0.028111
0.033403
0.025603
0.032990
0.027998
0.033252
0.025497
0.032858
0.027887
0.033105
0.025393
0.032729
0.027778
0.032962
0.025290
0.032602
0.027671
0.032822
0.025190
0.032478
0.027565
0.032684
0.025092
0.032358
0.027461
0.032550
0.024996
0.032241
0.027359
0.032418
0.024902
0.032126
0.027258
0.032289
0.024809
0.032013
0.027160
0.032162
0.024719
0.031903
0.027063
0.032039
0.024631
0.031794
0.026968
0.031919
0.024544
0.031687
0.026875
0.031802
0.024460
0.031581
0.026783
0.031688
0.024378
0.031477
0.026695
0.031576
0.024298
0.031374
0.026610
0.031468
0.024221
0.031274
0.026526
0.031360
0.024146
0.031175
0.026443
0.031255
0.024072
0.031079
0.026361
0.031150
0.024001
0.030984
0.026281
0.031050
0.023931
0.030890
