0.031090
0.023506
0.015981
0.010015
0.005472
0.003451
0.003265
0.001751
0.002405
0.000555
0.000703
0.002266
0.007406
0.001969
0.001240
0.002678
0.003476
0.015999
0.002423
0.003534
0.002129
0.002428
0.004028
0.003217
0.002234
0.001747
0.002931
0.004637
0.003524
0.001514
0.003384
0.002106
0.001598
0.002261
0.002240
0.002586
0.001793
0.001719
0.002256
0.001050
0.001031
0.000998
0.000462
0.000207
0.000184
0.000124
0.000083
0.031088
0.023504
0.015979
0.010013
0.005470
0.003450
0.003264
0.001751
0.002404
0.000555
0.000703
0.002265
0.007403
0.001968
0.001240
0.002677
0.003475
0.015988
0.002422
0.003533
0.002128
0.002427
0.004027
0.003216
0.002233
0.001746
0.002930
0.004635
0.003523
0.001513
0.003383
0.002105
0.001597
0.002260
0.002239
0.002585
0.001792
0.001718
0.002255
0.001050
0.001030
0.000998
0.000462
0.000207
0.000184
0.000124
0.000083
0.031085
0.023502
0.015977
0.010012
0.005469
0.003449
0.003263
0.001750
0.002404
0.000555
0.000702
0.002264
0.007401
0.001967
0.001239
0.002676
0.003474
0.015978
0.002421
0.003531
0.002127
0.002426
0.004026
0.003216
0.002232
0.001745
0.002929
0.004634
0.003522
0.001513
0.003383
0.002104
0.001596
0.002259
0.002238
0.002584
0.001791
0.001717
0.002255
0.001049
0.001030
0.000997
0.000461
0.000207
0.000184
0.000124
0.000083
0.031084
0.023500
0.015976
0.010011
0.005469
0.003449
0.003262
0.001750
0.002403
0.000554
0.000702
0.002264
0.007399
0.001967
0.001239
0.002676
0.003473
0.015970
0.002420
0.003530
0.002126
0.002426
0.004025
0.003215
0.002231
0.001745
0.002928
0.004632
0.003522
0.001512
0.003382
0.002104
0.001596
0.002258
0.002237
0.002584
0.001791
0.001717
0.002254
0.001049
0.001030
0.000997
0.000461
0.000207
0.000184
0.000124
0.000083
0.031082
0.023498
0.015974
0.010010
0.005468
0.003448
0.003262
0.001749
0.002403
0.000554
0.000702
0.002263
0.007397
0.001967
0.001238
0.002675
0.003472
0.015964
0.002419
0.003529
0.002126
0.002425
0.004024
0.003214
0.002231
0.001744
0.002927
0.004631
0.003521
0.001512
0.003381
0.002103
0.001595
0.002258
0.002236
0.002583
0.001790
0.001716
0.002253
0.001049
0.001029
0.000997
0.000461
0.000207
0.000184
0.000124
0.000083
0.031081
0.023497
0.015973
0.010009
0.005467
0.003448
0.003262
0.001749
0.002403
0.000554
0.000702
0.002263
0.007395
0.001966
0.001238
0.002675
0.003472
0.015957
0.002419
0.003528
0.002125
0.002425
0.004023
0.003214
0.002230
0.001744
0.002927
0.004630
0.003520
0.001511
0.003381
0.002103
0.001595
0.002257
0.002236
0.002583
0.001790
0.001716
0.002253
0.001048
0.001029
0.000997
0.000461
0.000207
0.000184
0.000124
0.000083
0.031080
0.023496
0.015972
0.010008
0.005467
0.003448
0.003261
0.001749
0.002402
0.000554
0.000702
0.002263
0.007394
0.001966
0.001238
0.002674
0.003471
0.015950
0.002418
0.003528
0.002125
0.002425
0.004023
0.003213
0.002230
0.001743
0.002926
0.004629
0.003519
0.001511
0.003380
0.002102
0.001594
0.002257
0.002235
0.002582
0.001789
0.001716
0.002252
0.001048
0.001029
0.000997
0.000461
0.000207
0.000184
0.000124
0.000083
0.031078
0.023495
0.015971
0.010007
0.005466
0.003447
0.003261
0.001749
0.002402
0.000554
0.000702
0.002262
0.007393
0.001965
0.001238
0.002674
0.003470
0.015943
0.002418
0.003527
0.002124
0.002424
0.004022
0.003212
0.002229
0.001743
0.002926
0.004628
0.003519
0.001511
0.003380
0.002102
0.001594
0.002257
0.002235
0.002581
0.001789
0.001716
0.002252
0.001048
0.001029
0.000997
0.000461
0.000207
0.000184
0.000124
0.000083
0.031077
0.023494
0.015970
0.010007
0.005466
0.003447
0.003260
0.001748
0.002402
0.000554
0.000702
0.002262
0.007391
0.001965
0.001238
0.002673
0.003470
0.015937
0.002417
0.003526
0.002124
0.002424
0.004021
0.003212
0.002229
0.001742
0.002925
0.004628
0.003518
0.001510
0.003379
0.002101
0.001594
0.002256
0.002234
0.002581
0.001788
0.001715
0.002251
0.001048
0.001028
0.000997
0.000461
0.000207
0.000184
0.000124
0.000083
0.031076
0.023493
0.015969
0.010006
0.005465
0.003446
0.003260
0.001748
0.002401
0.000554
0.000701
0.002262
0.007390
0.001965
0.001237
0.002673
0.003469
0.015932
0.002417
0.003525
0.002124
0.002423
0.004020
0.003211
0.002229
0.001742
0.002925
0.004627
0.003517
0.001510
0.003379
0.002101
0.001593
0.002256
0.002234
0.002580
0.001788
0.001715
0.002251
0.001047
0.001028
0.000996
0.000461
0.000207
0.000183
0.000124
0.000083
0.031075
0.023492
0.015968
0.010005
0.005465
0.003446
0.003260
0.001748
0.002401
0.000554
0.000701
0.002261
0.007388
0.001964
0.001237
0.002672
0.003469
0.015926
0.002416
0.003525
0.002123
0.002423
0.004020
0.003211
0.002228
0.001741
0.002924
0.004626
0.003517
0.001510
0.003378
0.002100
0.001593
0.002255
0.002233
0.002580
0.001788
0.001715
0.002250
0.001047
0.001028
0.000996
0.000461
0.000207
0.000183
0.000124
0.000083
0.031075
0.023491
0.015968
0.010005
0.005464
0.003446
0.003259
0.001748
0.002401
0.000554
0.000701
0.002261
0.007387
0.001964
0.001237
0.002672
0.003468
0.015921
0.002416
0.003524
0.002123
0.002423
0.004019
0.003210
0.002228
0.001741
0.002924
0.004625
0.003516
0.001509
0.003377
0.002100
0.001593
0.002255
0.002233
0.002580
0.001787
0.001715
0.002250
0.001047
0.001028
0.000996
0.000461
0.000207
0.000183
0.000124
0.000083
0.031074
0.023490
0.015967
0.010004
0.005464
0.003445
0.003259
0.001747
0.002400
0.000554
0.000701
0.002261
0.007386
0.001964
0.001237
0.002672
0.003468
0.015915
0.002415
0.003524
0.002123
0.002422
0.004018
0.003210
0.002227
0.001741
0.002923
0.004624
0.003515
0.001509
0.003377
0.002100
0.001592
0.002255
0.002233
0.002579
0.001787
0.001714
0.002250
0.001047
0.001028
0.000996
0.000461
0.000206
0.000183
0.000124
0.000083
0.031073
0.023489
0.015966
0.010003
0.005464
0.003445
0.003259
0.001747
0.002400
0.000554
0.000701
0.002260
0.007384
0.001963
0.001237
0.002671
0.003467
0.015910
0.002415
0.003523
0.002122
0.002422
0.004018
0.003209
0.002227
0.001740
0.002923
0.004623
0.003515
0.001509
0.003376
0.002099
0.001592
0.002254
0.002232
0.002579
0.001787
0.001714
0.002249
0.001047
0.001028
0.000996
0.000461
0.000206
0.000183
0.000124
0.000083
0.031072
0.023488
0.015965
0.010003
0.005463
0.003445
0.003258
0.001747
0.002400
0.000554
0.000701
0.002260
0.007383
0.001963
0.001236
0.002671
0.003467
0.015905
0.002414
0.003522
0.002122
0.002421
0.004017
0.003208
0.002226
0.001740
0.002922
0.004623
0.003514
0.001509
0.003376
0.002099
0.001592
0.002254
0.002232
0.002578
0.001786
0.001714
0.002249
0.001046
0.001027
0.000996
0.000460
0.000206
0.000183
0.000124
0.000083
0.031071
0.023487
0.015965
0.010002
0.005463
0.003445
0.003258
0.001747
0.002400
0.000553
0.000701
0.002260
0.007382
0.001963
0.001236
0.002671
0.003466
0.015899
0.002414
0.003522
0.002121
0.002421
0.004017
0.003208
0.002226
0.001739
0.002922
0.004622
0.003513
0.001508
0.003375
0.002098
0.001591
0.002253
0.002231
0.002578
0.001786
0.001713
0.002248
0.001046
0.001027
0.000996
0.000460
0.000206
0.000183
0.000124
0.000083
0.031070
0.023486
0.015964
0.010002
0.005462
0.003444
0.003258
0.001747
0.002399
0.000553
0.000701
0.002259
0.007381
0.001963
0.001236
0.002670
0.003466
0.015894
0.002413
0.003521
0.002121
0.002421
0.004016
0.003207
0.002225
0.001739
0.002921
0.004621
0.003513
0.001508
0.003374
0.002098
0.001591
0.002253
0.002231
0.002577
0.001786
0.001713
0.002248
0.001046
0.001027
0.000995
0.000460
0.000206
0.000183
0.000124
0.000083
0.031070
0.023485
0.015963
0.010001
0.005462
0.003444
0.003257
0.001746
0.002399
0.000553
0.000700
0.002259
0.007380
0.001962
0.001236
0.002670
0.003465
0.015888
0.002413
0.003520
0.002120
0.002420
0.004015
0.003207
0.002225
0.001738
0.002921
0.004620
0.003512
0.001508
0.003374
0.002098
0.001591
0.002253
0.002230
0.002577
0.001785
0.001713
0.002248
0.001046
0.001027
0.000995
0.000460
0.000206
0.000183
0.000124
0.000083
0.031069
0.023485
0.015962
0.010000
0.005462
0.003444
0.003257
0.001746
0.002399
0.000553
0.000700
0.002258
0.007378
0.001962
0.001236
0.002669
0.003464
0.015882
0.002413
0.003519
0.002120
0.002420
0.004015
0.003206
0.002224
0.001738
0.002920
0.004619
0.003511
0.001507
0.003373
0.002097
0.001590
0.002252
0.002230
0.002576
0.001785
0.001712
0.002247
0.001045
0.001027
0.000995
0.000460
0.000206
0.000183
0.000124
0.000083
0.031068
0.023484
0.015962
0.010000
0.005461
0.003443
0.003257
0.001746
0.002398
0.000553
0.000700
0.002258
0.007377
0.001962
0.001235
0.002669
0.003464
0.015876
0.002412
0.003519
0.002120
0.002419
0.004014
0.003206
0.002224
0.001737
0.002920
0.004618
0.003511
0.001507
0.003373
0.002097
0.001590
0.002252
0.002229
0.002576
0.001784
0.001712
0.002247
0.001045
0.001026
0.000995
0.000460
0.000206
0.000183
0.000124
0.000083
0.031067
0.023483
0.015961
0.009999
0.005461
0.003443
0.003256
0.001746
0.002398
0.000553
0.000700
0.002258
0.007376
0.001961
0.001235
0.002669
0.003463
0.015871
0.002412
0.003518
0.002119
0.002419
0.004013
0.003205
0.002223
0.001737
0.002919
0.004617
0.003510
0.001507
0.003372
0.002096
0.001589
0.002251
0.002229
0.002575
0.001784
0.001712
0.002246
0.001045
0.001026
0.000995
0.000460
0.000206
0.000183
0.000123
0.000083
0.031066
0.023482
0.015960
0.009999
0.005460
0.003443
0.003256
0.001745
0.002398
0.000553
0.000700
0.002257
0.007375
0.001961
0.001235
0.002668
0.003463
0.015865
0.002411
0.003517
0.002119
0.002418
0.004012
0.003204
0.002223
0.001736
0.002919
0.004616
0.003509
0.001506
0.003371
0.002096
0.001589
0.002251
0.002229
0.002575
0.001784
0.001711
0.002246
0.001045
0.001026
0.000995
0.000460
0.000206
0.000183
0.000123
0.000083
0.031066
0.023481
0.015960
0.009998
0.005460
0.003442
0.003255
0.001745
0.002398
0.000553
0.000700
0.002257
0.007373
0.001961
0.001235
0.002668
0.003462
0.015859
0.002411
0.003516
0.002118
0.002418
0.004012
0.003204
0.002222
0.001736
0.002918
0.004615
0.003509
0.001506
0.003371
0.002095
0.001589
0.002250
0.002228
0.002574
0.001783
0.001711
0.002246
0.001044
0.001026
0.000994
0.000460
0.000206
0.000183
0.000123
0.000083
0.031065
0.023480
0.015959
0.009997
0.005459
0.003442
0.003255
0.001745
0.002397
0.000553
0.000700
0.002257
0.007372
0.001960
0.001235
0.002667
0.003462
0.015853
0.002410
0.003515
0.002118
0.002418
0.004011
0.003203
0.002222
0.001735
0.002918
0.004614
0.003508
0.001506
0.003370
0.002095
0.001588
0.002250
0.002228
0.002574
0.001783
0.001711
0.002245
0.001044
0.001026
0.000994
0.000460
0.000206
0.000183
0.000123
0.000083
0.031064
0.023480
0.015958
0.009997
0.005459
0.003442
0.003255
0.001745
0.002397
0.000553
0.000699
0.002256
0.007371
0.001960
0.001234
0.002667
0.003461
0.015847
0.002410
0.003515
0.002117
0.002417
0.004010
0.003203
0.002221
0.001735
0.002917
0.004614
0.003507
0.001505
0.003370
0.002094
0.001588
0.002249
0.002227
0.002573
0.001783
0.001710
0.002245
0.001044
0.001025
0.000994
0.000460
0.000206
0.000183
0.000123
0.000083
0.031063
0.023479
0.015958
0.009996
0.005459
0.003442
0.003254
0.001744
0.002397
0.000552
0.000699
0.002256
0.007370
0.001960
0.001234
0.002667
0.003460
0.015842
0.002409
0.003514
0.002117
0.002417
0.004010
0.003202
0.002221
0.001734
0.002917
0.004613
0.003507
0.001505
0.003369
0.002094
0.001588
0.002249
0.002227
0.002573
0.001782
0.001710
0.002244
0.001044
0.001025
0.000994
0.000460
0.000206
0.000183
0.000123
0.000083
0.031062
0.023478
0.015957
0.009996
0.005458
0.003441
0.003254
0.001744
0.002396
0.000552
0.000699
0.002256
0.007368
0.001959
0.001234
0.002666
0.003460
0.015836
0.002409
0.003513
0.002117
0.002416
0.004009
0.003201
0.002220
0.001734
0.002916
0.004612
0.003506
0.001505
0.003369
0.002093
0.001587
0.002248
0.002226
0.002572
0.001782
0.001710
0.002244
0.001043
0.001025
0.000994
0.000459
0.000206
0.000183
0.000123
0.000083
0.031062
0.023477
0.015956
0.009995
0.005458
0.003441
0.003254
0.001744
0.002396
0.000552
0.000699
0.002255
0.007367
0.001959
0.001234
0.002666
0.003459
0.015829
0.002408
0.003512
0.002116
0.002416
0.004008
0.003201
0.002220
0.001733
0.002915
0.004611
0.003505
0.001504
0.003368
0.002093
0.001587
0.002248
0.002226
0.002572
0.001781
0.001710
0.002243
0.001043
0.001025
0.000994
0.000459
0.000206
0.000183
0.000123
0.000083
0.031061
0.023476
0.015955
0.009995
0.005457
0.003441
0.003253
0.001744
0.002396
0.000552
0.000699
0.002255
0.007366
0.001959
0.001234
0.002665
0.003459
0.015823
0.002408
0.003511
0.002116
0.002415
0.004007
0.003200
0.002219
0.001733
0.002915
0.004610
0.003505
0.001504
0.003367
0.002093
0.001586
0.002247
0.002225
0.002571
0.001781
0.001709
0.002243
0.001043
0.001025
0.000993
0.000459
0.000206
0.000183
0.000123
0.000083
0.031060
0.023475
0.015955
0.009994
0.005457
0.003440
0.003253
0.001743
0.002396
0.000552
0.000699
0.002254
0.007364
0.001958
0.001233
0.002665
0.003458
0.015817
0.002407
0.003511
0.002115
0.002415
0.004006
0.003199
0.002219
0.001732
0.002914
0.004609
0.003504
0.001504
0.003367
0.002092
0.001586
0.002247
0.002225
0.002571
0.001780
0.001709
0.002243
0.001043
0.001024
0.000993
0.000459
0.000206
0.000183
0.000123
0.000083
