0.001296
1.849287
1.864156
2.045162
2.022893
1.366508
1.679191
1.300920
1.449381
1.862610
2.617731
1.503198
1.923298
1.831435
3.067819
1.109123
1.138430
1.307748
1.694007
1.770800
1.651090
1.590442
2.073349
1.701786
3.210956
2.169207
1.274534
1.253340
1.156711
3.968627
0.634086
1.529334
1.169378
0.978009
1.186885
3.009998
1.428897
1.436634
0.879277
1.491694
2.489356
1.925205
0.896782
1.189364
1.988986
2.017773
3.349293
1.162650
1.322534
1.786036
1.959593
1.146426
3.149560
1.793732
1.307115
1.264078
0.795614
1.555836
1.046270
1.552058
3.402910
0.944820
2.085766
1.747842
1.823692
2.029050
0.651100
1.800096
3.528791
1.259426
2.189754
1.387576
0.819173
1.333426
1.875188
0.710780
2.184279
1.593068
1.353789
0.581370
0.797169
0.800607
0.382676
3.218553
3.125047
0.964309
1.104628
0.978609
0.584821
1.690241
1.776716
4.029606
1.107728
1.020029
1.902394
0.705940
1.832019
0.813593
0.663295
1.532819
1.006760
1.073099
0.667343
0.704124
1.331796
1.131249
2.643292
1.546636
2.967448
0.492520
2.245151
0.797783
5.051220
1.005596
0.928922
1.019907
1.415493
1.981569
0.629812
1.010540
0.776412
0.971655
1.038512
0.427705
1.017835
2.305128
2.932307
0.571407
2.293831
1.011470
3.299853
1.185645
7.261509
0.538104
0.436231
1.154095
0.989597
0.660851
1.631546
1.239890
1.902600
0.992658
1.488506
0.895284
0.634255
0.714501
1.373032
0.733268
1.625192
1.431515
0.448087
2.297578
1.938775
4.942469
1.560927
1.337382
1.263632
0.694952
0.550010
0.601433
1.131560
0.772951
0.528720
1.485852
0.829262
0.911610
0.592272
0.517069
0.578629
1.510146
1.026259
0.815690
1.092247
0.498330
1.586805
0.550932
1.150721
1.534189
2.089509
0.932418
1.713035
1.363484
1.331358
1.490858
1.688663
1.409941
1.949240
0.529476
0.687269
0.843545
0.969752
1.263692
1.365511
1.715517
0.305531
3.101693
0.513499
0.738559
1.431491
1.195990
0.594914
0.432466
0.524611
0.881353
2.531952
1.872165
0.560305
1.201901
0.944917
0.461744
0.957483
0.507958
1.521211
0.602759
4.119225
4.496201
0.691151
1.396582
0.989746
0.992986
0.995379
0.628913
0.602127
0.705308
0.640746
0.866155
1.007374
0.671393
1.078666
1.094607
0.858894
1.075019
1.001143
2.303701
0.679636
3.513209
1.008431
0.331512
1.367562
1.873714
2.775091
0.495400
0.759472
0.552988
1.124033
0.976586
0.814744
0.492384
1.061700
0.456254
1.602115
0.397293
0.729873
0.676052
0.580048
0.230979
1.583289
0.967038
0.555574
1.113556
1.188826
0.854360
0.586596
0.989061
1.053395
0.843176
0.494535
1.639451
0.950673
0.334765
1.080152
1.665219
1.099172
0.811982
1.023607
1.033131
1.125929
0.939059
1.521143
1.102898
1.415337
0.607599
0.929238
0.354716
0.365636
0.974694
0.604198
2.372377
0.601282
0.598011
0.592411
0.758747
1.239773
0.952330
0.856146
0.431507
0.974947
0.826773
2.930517
0.896370
2.175615
0.474021
1.462792
0.888961
2.362177
0.953957
1.102175
0.587317
0.986488
1.041818
0.650363
1.017976
0.805352
1.780208
0.644527
1.759684
1.009809
1.351014
1.361539
1.178052
1.899646
2.105869
1.673946
0.816691
1.178828
0.567994
1.032547
1.043603
0.775122
0.656013
0.666209
0.892959
0.591788
1.274534
1.549281
0.441920
1.364532
0.956754
1.340929
0.737414
0.786850
0.807477
0.718399
0.987544
2.079562
0.492920
0.608093
0.452216
0.778711
1.106222
0.783928
0.623793
1.031337
0.606707
1.022631
0.565550
0.509995
0.962437
1.088862
0.587837
2.243789
1.363013
1.938578
0.436812
0.649423
0.853733
0.792088
1.151151
1.008528
0.729132
1.361580
0.993572
2.211823
1.214778
0.847138
1.160268
0.522921
4.148262
0.270819
1.185256
0.942453
0.494970
0.497826
2.185740
0.721992
0.854182
0.439617
0.738502
1.495768
1.317155
0.721249
0.775233
1.182583
1.008897
2.464707
0.709814
0.740571
1.252990
1.086024
0.602238
3.001166
1.802467
0.888658
0.761359
0.549514
1.155917
0.767092
1.106068
2.376726
0.621376
1.672438
1.239206
1.167531
1.216626
0.461639
0.980009
2.472141
0.768817
1.282406
1.318700
0.545072
0.747391
1.476874
0.519833
1.518048
1.376521
1.052480
0.468150
0.639064
0.621853
0.434611
2.137027
2.219613
0.745548
0.820223
0.686974
0.475723
1.114061
1.167482
3.031658
0.716744
0.904602
1.246127
0.668681
1.310103
0.728734
0.744095
1.395174
0.568025
0.854583
0.587116
0.573064
1.331088
1.076103
1.741848
1.375382
2.108696
0.511451
1.196068
0.516028
3.485774
0.940151
0.788926
0.864862
1.174028
1.747982
0.843182
1.248042
0.707062
1.112619
0.992618
0.500093
0.751417
1.716709
2.139395
0.745174
1.513701
0.648156
2.392038
1.012347
5.009504
0.643163
0.578369
1.244554
0.647075
0.730874
1.284779
0.732361
1.510393
0.823841
1.333381
0.882481
0.660995
0.884220
1.364026
0.866933
1.411471
1.258576
0.362511
1.481371
1.383330
3.175404
1.115027
1.209028
1.204386
0.491439
0.686857
0.722981
1.378016
0.658785
0.698356
1.657100
0.750895
0.792177
0.651658
0.708496
0.501282
1.305376
0.960460
0.792016
1.025265
0.496084
2.128371
0.450887
1.109424
1.509312
2.282404
1.386451
1.359171
1.496042
0.775846
1.167699
2.083695
1.662467
2.081601
1.311439
0.766790
0.942254
1.226530
1.241555
1.173216
1.666231
0.563869
2.935247
0.681799
1.179584
1.066011
1.125511
0.613174
0.501149
0.727066
1.118640
2.362710
1.488648
0.591399
1.236546
0.869689
0.881748
2.004439
0.779670
1.485037
0.569551
4.350201
4.277969
0.947569
1.419091
1.697176
0.768850
1.028064
0.870109
0.743249
0.983140
0.719425
1.164270
0.935000
0.814585
1.001462
1.212927
1.419981
1.676837
1.037189
2.437853
0.768758
2.865075
1.702877
0.749272
1.018388
2.005325
2.639197
0.854411
0.925345
0.621634
1.188056
1.023907
0.814283
0.682778
1.548484
0.451296
1.195243
0.533045
0.918660
0.991722
0.932010
0.603821
1.852261
0.863604
0.910002
1.015943
1.228819
0.791624
1.027147
1.271220
1.204982
0.971195
0.694829
1.814834
0.897295
0.358444
1.259544
1.603335
1.448362
1.217533
1.279663
1.205094
1.471753
1.083372
1.494569
1.091335
1.227871
0.649711
1.318611
0.727695
0.353506
1.064220
1.142539
2.579182
0.585482
0.904255
0.703402
0.769815
1.863870
0.891669
1.074590
0.795903
0.870032
1.222489
2.938632
0.887365
2.144921
0.590419
1.444506
1.117552
1.661710
0.696229
0.870161
0.599335
1.451229
0.999560
0.703279
0.959978
0.757021
2.016515
1.017869
1.592193
1.291751
1.353756
1.973615
1.082374
1.583299
2.017037
1.643665
0.854101
1.376141
0.653328
0.902980
0.958347
1.023534
0.894698
0.906274
1.321424
0.753856
1.437527
1.864829
0.606001
1.288416
1.158397
1.465725
0.827897
0.546294
0.941665
0.709382
1.250833
1.971690
0.815482
1.016131
0.291106
0.566222
1.703190
0.684494
0.771075
1.037249
0.674908
1.396147
0.698390
0.435749
1.078273
1.355287
1.037532
1.783832
1.472699
1.767775
0.673860
0.756627
0.797036
1.086257
1.128873
1.140884
1.232016
1.499543
1.486432
2.161520
1.561417
1.055799
1.317566
0.688377
3.967800
0.344772
1.439988
1.179137
0.725338
0.819573
3.374107
1.166083
1.385406
0.517083
1.466864
2.742293
1.500995
0.905546
0.865184
1.587708
1.453666
3.153649
1.054103
1.024436
1.973810
1.670157
1.015673
4.293311
1.721706
1.425245
1.464219
1.022342
1.456198
1.174269
1.508565
3.819507
0.741543
2.444521
1.925906
1.518777
1.817896
0.880423
1.602082
6.166430
0.815243
2.011471
1.592657
0.743156
1.223244
1.821766
0.696148
2.648945
1.803488
1.758672
0.793782
0.821504
1.072891
0.473859
2.534051
3.566600
1.140250
1.289231
1.204197
0.575739
1.452138
1.465329
3.392803
1.125331
0.911257
1.744067
0.873207
1.756338
1.131309
0.884739
1.574337
1.148170
1.271143
0.687021
0.851983
1.397576
1.427602
2.168675
1.740583
2.584713
0.619184
2.017938
0.747408
5.545705
1.329529
1.627750
1.041685
1.676209
2.836209
0.925724
1.407509
0.917619
1.234349
1.540557
0.611233
0.797797
2.252603
5.476286
1.037776
2.130045
0.780739
4.395483
1.256330
7.564364
0.618985
0.645014
1.510659
1.234254
1.058762
1.943460
1.188662
1.761927
0.962425
1.542171
1.323827
1.088426
1.027254
1.430812
1.125200
1.369089
2.020214
0.552948
2.089211
1.877170
6.444699
2.056319
1.572210
2.248526
0.585898
0.623782
0.697297
1.183743
1.562168
0.887944
2.323447
1.053266
1.141442
0.831614
0.998443
1.028656
2.236771
1.133653
1.107632
1.512248
0.343625
2.306776
0.824684
1.903298
2.506616
3.690554
1.533812
2.901829
2.516416
1.157272
1.753967
4.529458
2.073808
2.429004
1.016629
0.746984
1.052328
1.206229
1.524516
1.495406
1.721771
0.731681
3.287041
0.754227
1.324213
1.354639
2.301759
0.841483
0.543324
0.688035
1.070073
3.105408
2.241687
0.631960
1.172286
1.229943
1.042331
2.884794
1.528948
1.794190
0.584566
5.175730
7.683683
0.698902
1.418268
2.013093
1.290678
0.876995
0.843439
0.904510
0.852975
0.696025
1.024829
1.293379
0.580385
1.344720
0.705966
1.692771
1.558039
1.468498
2.566050
1.203905
4.211977
1.562001
0.798232
1.251515
1.936914
3.039650
0.531953
0.886524
0.514194
1.426656
0.990945
1.237365
0.632605
1.967712
0.603041
1.938744
0.487161
0.896464
0.895619
1.540362
0.394290
2.025975
1.264481
0.788007
1.295915
1.412739
1.134369
0.628891
1.563810
1.066746
1.160480
0.612305
1.831049
1.194245
0.522649
1.132129
1.953394
1.741710
1.188630
1.657508
0.982565
1.292325
1.218368
1.652470
1.319205
2.316585
0.777815
1.542151
0.875732
0.247940
1.142231
1.858092
3.244209
0.711861
1.488721
0.687441
0.884892
1.404101
0.763096
1.242333
0.568634
1.098482
1.048450
3.702264
1.330870
2.316151
0.660558
1.164701
1.200351
2.157053
0.886037
1.208356
0.377445
1.283804
1.426584
0.562287
1.011393
0.801949
1.941136
0.658173
1.572334
1.385136
1.486994
1.519234
1.089934
2.370918
3.153305
1.530065
0.906658
1.627749
0.646139
1.032348
1.132274
0.722879
0.892935
0.989222
0.989531
0.882116
1.717919
2.060659
0.653708
1.049853
0.833350
1.117404
1.000238
0.650378
0.686566
0.789506
1.196358
1.843876
0.727667
0.848028
0.484470
0.682188
1.367472
0.717638
0.746077
0.637290
0.365012
0.745232
0.709708
0.539230
0.816231
1.253266
0.695486
2.390485
1.050400
1.987071
0.397743
0.819833
0.757871
1.226471
0.939311
0.870238
0.864454
1.253514
1.218411
2.076153
1.269410
0.651226
1.187292
0.644899
4.100100
0.375966
1.257898
1.089428
0.687525
0.562563
2.635715
0.754409
0.964072
0.491236
0.866796
2.274514
1.199715
0.467719
0.649542
1.463194
1.246051
2.198549
1.062285
0.747062
1.045155
1.570756
0.812250
2.948193
1.745154
0.975989
0.961119
0.735813
1.518228
0.852682
1.060724
2.314323
0.776206
1.999413
1.220306
1.448538
1.684899
0.572457
1.716493
3.476917
0.994580
1.574632
1.220035
0.824445
1.090567
1.571661
0.561526
1.606747
1.464933
1.197186
0.710699
0.439223
0.669575
0.361040
2.943627
2.634825
0.717619
0.997727
1.220416
0.861379
1.370144
1.374048
3.499130
1.367867
1.036200
1.402462
0.643282
1.427309
0.530521
0.756185
1.268799
0.986963
1.178039
0.647560
0.753282
1.312013
1.560999
2.346670
1.328175
2.416083
0.566659
2.304677
0.804403
3.831710
1.005576
0.616871
0.981856
1.333907
2.460045
0.562237
1.488815
0.782864
1.004592
1.240111
0.689804
1.043369
2.446422
3.165555
0.764954
1.946488
0.839619
2.778844
1.269122
5.549484
0.830267
0.392480
1.263087
0.888063
0.760288
1.828305
0.980759
1.453825
0.954598
1.434642
1.103966
0.759912
0.688578
1.587964
1.026566
1.440935
1.710150
0.545456
1.948442
1.984989
4.539185
1.628791
1.643555
1.565961
0.807330
0.520775
0.817577
1.762559
0.892645
0.670611
1.721389
1.472182
1.132893
0.765333
0.818943
0.617500
1.307180
1.292512
0.773119
1.487185
0.499933
1.780487
0.727767
1.679550
1.468744
2.474099
1.062413
2.318320
1.358069
1.631479
1.051072
2.298350
2.027560
2.130423
0.985776
1.070802
0.985072
1.076046
1.247727
1.178115
2.110387
0.645742
2.913736
0.481975
1.115749
1.571506
1.604578
1.063076
0.594564
0.598457
1.258632
2.457485
1.857006
0.582932
1.219616
1.086197
0.573438
1.753196
0.778899
2.030861
0.839134
4.472943
4.294837
0.823824
1.463487
1.701067
1.029696
1.286617
0.573352
0.613092
0.993087
0.462013
0.778793
1.383231
0.828933
1.185394
0.953251
1.228825
1.361010
1.069290
2.986128
0.707880
3.581816
0.856225
0.598238
1.372337
2.067583
2.493392
0.591690
0.757029
0.680040
1.158520
1.145493
0.827487
0.475557
1.390338
0.535170
1.785277
0.526113
0.689683
0.898270
0.758004
0.397407
2.329916
1.293573
1.022297
1.043717
1.168248
1.031405
0.699169
1.434644
1.050326
0.670510
0.569835
1.598683
1.058473
0.263515
0.968977
1.625571
1.178156
0.906329
0.990288
1.108723
1.145412
1.333898
1.573024
1.327992
1.454201
0.900474
1.185352
0.528536
0.634460
0.954998
0.773534
2.475050
0.613778
0.741129
0.686843
0.896098
1.495925
1.166699
1.310541
0.700627
1.264717
1.027488
2.552163
0.810712
2.450274
0.596480
1.383271
0.797414
2.383012
0.931035
1.123923
0.476175
0.940960
1.351136
0.743137
1.132761
0.903396
2.434010
0.731840
1.690506
1.194659
1.312006
1.148714
1.090804
1.363724
2.116928
1.522803
0.918144
1.518248
0.711031
0.931354
1.420909
1.225108
0.806073
0.760619
0.876729
0.763658
1.217272
2.088123
0.547232
1.611164
0.666263
1.123888
0.819557
0.628935
0.885967
0.507277
0.934014
1.877748
0.520421
0.936419
0.599581
0.681340
1.084270
0.596580
0.659664
0.738378
0.591818
0.751802
0.637600
0.444953
1.191486
1.154721
0.862155
2.480265
1.771700
1.968125
0.418265
0.702660
1.063401
0.712999
0.940119
0.946488
0.937132
1.006056
0.784846
2.401292
1.316143
0.931498
0.900312
0.536665
4.208766
0.409070
0.880149
1.061657
0.382717
0.933568
2.437983
0.931606
0.928736
0.407053
0.774667
1.430318
1.213661
0.448348
0.857280
1.023645
0.836649
1.988901
0.705838
0.754993
1.271023
1.195526
0.652481
3.240627
1.694720
0.839105
1.027403
0.464384
1.190592
0.592031
1.060538
2.741143
0.709094
1.864998
1.145594
1.428053
1.560095
0.431277
1.214930
3.023390
1.069368
1.329891
1.150639
0.536309
0.819879
1.868688
0.403803
1.759829
1.349323
1.040538
0.386728
0.499499
0.578275
0.458091
1.993790
2.192929
0.809808
1.131838
0.621299
0.579358
1.132544
1.286227
3.352102
0.955989
1.416682
1.412488
0.656001
1.555219
0.665599
0.777322
1.640423
1.067740
1.132540
0.836786
0.733648
1.605194
1.417033
1.294469
1.216680
1.886149
0.560908
1.330066
0.768488
3.274673
0.962336
1.253276
0.942589
1.061966
1.584867
0.787723
1.324041
0.690324
0.935578
0.870864
0.611265
0.938573
1.949003
3.256626
0.961922
2.039109
0.779546
2.710843
1.918162
5.506695
0.707052
0.411221
0.973291
1.179361
0.703655
1.293454
1.212093
1.979003
0.863508
1.354483
1.306910
0.935705
0.647765
1.809436
0.875337
1.890366
1.717432
0.390856
2.000497
1.315920
4.101650
1.276566
1.023531
1.224274
0.784740
0.761538
0.745553
1.080391
0.902878
0.854550
1.525098
0.825500
1.211965
0.564699
0.686382
0.729405
1.358147
0.936434
0.785551
1.471234
0.370808
1.495019
0.614384
1.366140
1.501231
2.394375
1.514109
1.750941
1.776756
1.216861
1.272828
1.926622
1.127073
2.241901
0.831692
1.148254
0.951472
1.070363
1.372743
1.363210
1.983066
0.452834
2.699468
0.687499
1.075668
1.113325
1.243394
0.490502
0.400273
0.584295
1.012723
2.667867
1.617527
0.464014
1.311289
0.826263
0.860717
1.626407
0.742477
1.642665
0.545894
3.140373
4.098939
0.638217
1.680501
1.297959
1.102101
0.920645
0.791357
0.953999
0.710412
0.704272
0.919113
1.394338
0.653632
1.243633
0.912077
1.207445
1.181992
1.143268
2.488720
1.306360
3.022670
1.477287
0.419326
1.349409
2.386598
2.341701
0.541006
0.748823
0.567262
1.352778
1.075816
0.581728
0.562825
1.753222
0.447062
1.523598
0.496125
0.730800
0.856667
0.812916
0.467336
1.888220
0.988884
0.908393
0.868013
1.209008
0.968257
0.675450
1.172445
0.760846
0.823989
0.419094
1.377823
1.289070
0.451691
1.424530
1.308889
0.981487
0.930702
1.105427
0.800392
1.253562
0.957142
1.851859
0.996945
1.156305
0.477647
0.909950
0.506819
0.407966
1.085307
0.787239
2.234524
0.648023
0.571041
0.632736
0.804244
0.998950
0.799407
1.171776
0.618062
0.733840
1.127419
2.975124
0.793274
2.544367
0.372633
1.093784
1.107135
1.934781
0.886085
1.029823
0.411775
0.801467
1.158230
0.549820
1.054795
0.598922
1.822252
0.708381
1.149677
1.128999
1.172812
1.192430
1.098269
1.632997
2.188465
1.513139
0.799072
1.353200
0.776583
0.932580
1.100317
0.830778
0.434819
0.686370
0.898250
0.627380
1.505645
1.457620
0.495538
1.104307
0.971660
0.668787
0.944649
0.711816
0.917038
0.513222
0.681904
2.394191
0.572802
0.836962
0.336947
0.654393
1.198637
0.762360
0.940092
1.148375
0.777174
0.885962
0.454500
0.760355
0.822999
1.347365
0.543354
1.662347
1.026495
1.193441
0.344911
0.596257
0.663778
1.031040
0.801999
1.209211
0.822550
0.922673
1.158263
2.159702
1.191596
0.885913
1.044420
0.354905
4.132282
0.207752
0.904656
0.747103
0.432317
0.656561
1.514043
0.623377
1.020044
0.466381
0.780453
1.618553
1.411493
0.455031
0.760686
1.250286
1.130654
2.525177
0.553103
0.689633
0.843010
1.233914
0.675407
3.121293
1.610025
0.935299
0.857167
0.523367
1.030261
0.894430
1.129429
2.869961
0.558390
1.599365
0.650289
1.208234
1.050151
0.351844
1.109405
3.093506
1.114777
1.396571
1.062705
0.552580
0.802642
1.346715
0.568406
2.138046
1.066146
1.301707
0.445001
0.592720
0.519438
0.406067
2.709139
1.910353
0.721182
1.004071
0.774864
0.406641
1.118029
1.306694
2.691447
0.903045
1.183352
1.074203
0.420968
1.545886
0.753688
0.580748
1.268395
0.680186
0.612972
0.385855
0.508370
0.883813
1.005381
2.703421
1.544718
2.238298
0.344340
1.497893
0.422058
3.666075
0.741573
0.890412
0.798023
1.059620
1.702978
0.505860
1.128199
0.786719
1.269565
1.003474
0.478802
0.756409
2.320293
2.730119
0.901075
1.696077
0.606097
2.831423
1.039990
5.595883
0.578859
0.351480
1.064130
0.730916
0.573867
1.086731
0.854622
1.743598
0.733726
1.265499
0.860941
0.678594
0.831689
1.510121
0.658831
1.221600
0.969691
0.466687
1.982073
1.392727
4.148325
1.376256
1.918911
1.340215
0.906698
0.593949
0.701913
1.134474
0.610962
0.687737
1.837096
0.683658
1.026377
0.657564
0.996931
0.552332
1.383846
0.754907
1.221180
1.149614
0.507287
1.322489
0.727265
1.407344
1.442809
2.081353
1.499610
1.380983
1.575884
0.951901
1.549753
2.089531
1.541777
1.768670
0.871737
0.779767
1.012927
0.946994
1.287672
0.993021
1.805127
0.402492
3.477706
0.716571
1.201633
1.045845
1.581464
0.678977
0.559405
0.503366
0.950760
2.487126
1.643716
0.821004
1.222881
0.790239
0.720033
1.752079
0.886099
1.435109
0.478336
4.149399
4.677023
0.621962
1.717430
1.247145
0.899743
0.935336
0.801473
0.552534
0.793199
0.697795
1.061839
1.008439
0.692789
1.018372
0.966545
1.031266
1.107452
1.329387
2.268019
0.963721
2.928968
1.651772
0.557176
1.036659
1.458263
2.520915
0.769116
0.778454
0.740784
1.021625
0.752228
0.758080
0.610210
1.673259
0.440352
1.655614
0.550434
0.691257
0.769324
0.928903
0.370320
1.633769
0.989478
0.835103
1.032244
1.633943
1.136702
0.766563
0.984481
0.876028
1.273714
0.629164
1.626255
1.050599
0.419707
0.740497
1.458687
1.488344
0.878124
1.111526
0.816022
1.300300
1.477356
1.537704
1.192485
0.967575
0.836822
1.031963
0.533696
0.373889
1.038892
0.768934
2.624829
0.630980
0.847360
0.619733
0.802650
1.424161
0.774188
0.911405
0.600847
0.761886
0.902740
2.902803
0.754371
1.953278
0.496060
0.899852
1.105630
1.423141
0.755084
1.173825
0.495767
0.950187
0.843935
0.799603
0.849742
0.755813
2.716962
0.475956
2.460432
1.014947
1.165139
1.417433
1.088928
1.539130
2.328160
1.822989
0.885093
1.445967
0.700919
1.385135
0.892575
0.762450
0.543420
0.830766
0.970853
0.592734
1.197167
2.376663
0.636030
1.485762
0.807769
1.478934
1.041964
0.707320
0.971652
0.912746
1.034146
2.008572
0.548313
0.915559
0.352182
0.527554
1.417708
0.803169
0.700625
0.938389
0.641655
0.840388
0.417093
0.435585
0.890350
0.973015
0.533858
2.024902
1.371963
1.655145
0.426117
0.769675
0.737820
0.845966
0.902793
0.853511
0.937646
1.237340
1.130059
2.082126
1.321874
0.757828
1.016680
0.374314
3.585695
0.272418
1.119412
0.850050
0.788329
0.552307
2.365572
0.717306
0.891187
0.541083
0.817959
1.686737
1.219351
0.612611
0.790621
1.464764
1.520208
2.224425
0.818711
0.737999
1.097503
1.508525
0.885687
3.125762
1.379260
0.837138
0.981276
0.770948
1.359312
0.864217
0.828268
3.283507
0.638181
2.086955
1.625730
1.401946
1.577153
0.571071
1.163041
3.419278
0.883646
1.763556
1.082515
0.626293
0.886933
1.663267
0.606639
1.657440
1.305127
1.408743
0.735741
0.604269
0.682328
0.345980
2.867525
2.815582
0.923081
0.999232
0.802880
0.695727
1.142681
1.656954
3.891682
0.752101
0.867458
1.246041
0.633646
1.280186
0.758953
0.736619
1.301740
0.807725
0.891130
0.547340
0.707791
1.337549
1.179017
1.979128
1.409019
2.056581
0.625060
1.479284
0.332156
4.081698
0.863999
0.833607
0.768932
1.584558
1.838311
0.523843
1.121195
0.567215
1.001072
1.103575
0.466475
0.869371
1.765228
2.450680
0.772747
1.526798
0.874325
2.546406
0.976303
5.655059
0.518093
0.322034
1.080726
0.935167
0.934281
1.348472
1.205390
1.351483
0.861525
1.720970
0.824602
0.632731
0.922886
1.166665
0.972832
1.519542
1.272618
0.462436
1.740541
1.596528
4.296749
1.491134
1.118138
1.122029
0.423714
0.649029
0.881565
1.078663
0.788018
0.753688
1.967018
0.723811
0.929391
0.685133
0.781619
0.610393
1.250446
0.896855
0.834136
1.221167
0.358337
1.643294
0.622930
1.345886
1.292780
2.071345
1.021416
1.699647
1.439676
1.780877
1.951249
1.974241
1.343083
2.310443
0.922157
0.864427
0.794467
1.188815
1.131141
0.967508
1.402671
0.329314
2.645377
0.632232
1.111172
1.281431
1.314958
0.669884
0.463211
0.669241
0.984155
2.695031
1.540974
0.417255
1.041407
1.102291
1.134662
1.784575
0.967415
1.461740
0.710869
4.528791
4.927592
0.662793
1.523498
1.662520
1.082893
1.116219
0.965008
0.546953
0.932685
0.512872
0.832777
1.017357
0.890228
0.899520
1.085447
1.041158
1.321044
1.333946
2.384245
0.550629
3.499149
0.944032
0.732687
1.137361
1.670884
2.582540
0.552708
0.869686
0.641829
0.952407
0.756056
0.974516
0.379791
1.333513
0.415584
1.437478
0.517542
0.765038
0.777521
0.929705
0.322212
1.822498
0.983387
0.643541
1.202040
0.826898
0.953969
0.875408
1.483285
0.691590
1.024024
0.491884
1.533544
0.938480
0.430218
1.238906
1.814808
1.436436
1.227750
0.860209
0.742413
1.292526
1.088795
1.557998
1.300012
1.246454
0.633493
0.949054
0.553845
0.336632
1.309899
0.771784
2.191205
0.644030
0.826551
0.483349
0.742463
1.347194
0.741056
0.810253
0.452414
0.966081
0.963323
2.239475
0.947744
1.965611
0.509373
1.471059
0.961843
1.770707
0.581438
1.123098
0.486632
1.329640
0.849690
0.470659
1.019413
0.492305
1.600810
0.530364
1.503362
0.870189
1.494698
1.334061
1.050160
1.011002
1.914103
1.336334
0.759682
1.080471
0.569430
1.130233
0.749544
0.612440
0.637357
0.783032
1.250539
0.605828
1.220471
1.471062
0.385362
1.205832
0.771951
1.108287
1.131343
0.685879
0.780528
0.561953
1.082031
1.596466
0.699023
0.781456
0.390372
0.620451
1.166538
0.781226
0.463149
0.928704
0.384975
0.896803
0.726747
0.448030
0.828949
1.093657
1.172111
1.899842
0.964993
1.387892
0.295858
0.573149
0.745308
0.749677
0.815655
0.840551
0.962527
0.988154
0.872070
2.162648
1.267554
0.873901
1.001428
0.707953
3.740868
0.261884
0.960493
1.084103
0.892494
0.823062
2.526954
0.715216
0.904758
0.518239
0.909373
1.417439
1.569763
0.557872
0.685436
1.081778
0.983735
2.420459
1.051973
0.693075
1.613622
1.495082
0.593384
4.052774
1.420779
1.158269
0.756611
0.533779
1.340239
0.663280
1.350547
2.634590
0.534818
2.183702
0.956021
1.355449
1.359140
0.879649
1.350902
3.611829
0.839362
1.706792
1.102531
0.698400
0.812770
1.294001
0.433467
2.312155
1.546359
1.326662
0.547031
0.669014
0.704245
0.441297
2.711474
2.129412
0.698729
0.945212
0.904694
0.564965
1.119403
1.318373
3.002656
0.789442
0.711534
1.487226
0.584429
1.498161
0.615149
0.822707
1.540112
0.538547
0.840039
0.550286
0.812607
1.194346
1.107298
1.505721
1.514052
1.840286
0.508507
1.595770
0.618381
3.055419
0.757998
1.310996
0.895509
1.220195
1.947339
0.699069
1.138644
0.773274
0.809732
0.985095
0.518179
0.899570
1.879293
3.006267
0.622268
1.567184
0.635554
2.387714
0.959435
5.747118
0.749052
0.488008
0.966752
1.005386
0.958852
1.203817
0.919775
1.428620
0.684496
1.336972
0.868241
0.428650
0.744409
1.536630
0.799201
1.288079
1.481697
0.655281
1.673316
1.446533
4.135899
1.437464
1.373754
1.421496
0.530720
0.741009
0.821106
1.225682
0.673052
1.006384
1.672618
1.034685
0.790653
0.725312
0.805732
0.515774
1.366966
1.063675
0.787426
1.166322
0.353186
2.030425
0.751320
1.326982
2.001879
2.756904
1.298626
2.177707
1.310722
0.841883
1.638352
2.174294
1.785586
1.884967
0.892379
0.676523
0.773076
1.075990
1.559113
1.089641
1.848763
0.366014
2.921389
0.551130
0.967398
1.144760
1.316389
0.502376
0.506885
0.552403
1.119351
2.699977
1.442664
0.466855
1.228066
0.692526
0.733701
1.734557
0.890894
1.617726
0.716473
4.074322
4.845731
0.701907
1.179358
1.372930
0.866629
0.907955
0.663641
0.735831
0.758546
0.534032
1.090817
0.870750
0.650797
0.872581
0.884390
1.190119
1.006092
0.798844
2.471497
0.836961
3.201882
0.930538
0.656586
1.108597
1.898663
2.251181
0.485297
0.828095
0.393986
1.119089
1.014177
0.729005
0.440569
1.904124
0.451047
1.547609
0.572459
0.749807
0.676640
0.861618
0.308649
1.674367
0.888638
0.822721
1.137077
1.033167
0.875745
0.724235
0.878760
1.049255
0.655702
0.536116
1.450269
1.089487
0.227083
1.476122
1.129157
1.167031
0.961271
0.995280
0.878474
0.933815
1.086434
1.426046
1.073932
1.161897
0.459878
0.916195
0.360752
0.398706
1.161081
1.016310
2.293266
0.630928
0.919103
0.603840
0.613459
1.475753
0.727661
0.931284
0.686049
0.677151
0.974834
2.989070
0.703545
2.715755
0.468864
1.039627
1.201043
1.667213
0.673340
0.828292
0.490752
0.937721
1.183606
0.655949
1.151325
0.846128
2.017358
0.455473
1.779983
1.305258
1.086304
1.618349
0.912938
1.412780
1.999108
1.371679
0.858585
1.236379
0.655278
0.983530
0.865991
0.831504
0.578179
0.662769
1.125899
0.671193
1.172719
1.895758
0.441183
1.444183
0.822415
1.052720
0.863930
0.892577
1.465647
0.714202
1.265085
1.669176
0.502938
0.706601
0.373469
0.614235
1.125238
0.708534
0.843340
0.683298
0.585804
0.928252
0.552477
0.625304
0.937938
1.223111
0.600260
2.358196
1.452320
1.457777
0.808717
0.695619
0.831859
1.406432
0.813271
0.737909
0.892994
0.865353
1.493187
2.143661
1.482893
0.691277
1.326154
0.374798
3.747282
0.204496
1.211035
0.905653
0.553707
0.565301
2.401174
0.804783
0.954430
0.484209
1.076515
1.920567
1.342997
0.641583
0.591956
1.386474
0.896631
2.304472
0.730538
0.967299
1.223296
1.435123
0.566769
3.172045
1.694099
1.171671
1.228810
0.534968
1.110818
0.755032
1.124653
2.521636
0.789158
1.885599
1.442887
1.469517
1.598909
0.485948
1.038781
4.245540
1.035101
1.575128
1.153407
0.771414
0.937331
1.519654
0.567307
2.421242
1.680209
1.008275
0.694391
0.431349
0.726033
0.422336
2.103914
1.974324
0.618278
1.333106
1.491606
0.487416
1.134427
1.366605
2.652160
0.997964
0.880487
1.232195
0.541610
1.389077
0.862483
0.764477
1.246673
1.145278
1.042731
0.623467
0.576684
1.278237
1.253929
1.594230
1.436227
2.103162
0.307557
1.907463
0.631291
3.478205
1.384769
1.039976
0.809124
0.954215
2.130106
0.551839
0.963365
0.648879
1.314871
0.913570
0.879479
0.888402
2.130091
3.684248
1.003942
1.580242
0.816095
3.108786
1.022542
6.341807
0.608588
0.439494
1.293355
0.640827
0.565116
1.662887
0.749559
1.814234
0.844727
1.627188
0.999785
0.616253
0.820193
1.427977
0.628775
1.191899
1.983224
0.432398
1.890558
1.411981
4.591530
1.297629
1.098923
1.903850
0.723028
0.563312
0.623534
1.305967
0.729681
0.693463
1.296583
0.695920
0.945495
0.500046
0.732303
0.572558
1.248935
0.946078
0.828929
1.577469
0.519459
2.172962
0.443554
1.657086
2.025818
2.209700
1.066765
2.180583
1.818885
0.934058
1.085926
2.774244
1.533731
1.890328
1.192127
0.727268
0.920412
1.301120
1.695760
1.431116
2.038187
0.392711
2.658651
0.438251
1.368619
1.150872
1.845027
0.692514
0.330184
0.664020
0.778767
2.720527
1.563233
0.555991
0.881054
0.947638
0.637264
2.043639
1.113424
1.717869
0.492818
4.366161
4.712768
0.505976
1.324137
1.922530
0.975745
1.161976
0.595981
0.843619
0.744103
0.685875
1.061253
1.156006
0.620864
1.119549
0.700992
1.497482
1.781662
1.269044
2.510261
0.886680
3.278621
1.339248
0.612878
1.381665
1.573299
2.708876
0.697746
0.634114
0.568398
1.244734
1.211299
0.929019
0.640051
1.886167
0.624479
1.331686
0.419260
1.152984
0.797900
0.896640
0.369983
1.717405
1.111650
0.917103
0.984367
1.376508
1.223383
0.937314
1.149242
0.757512
1.188709
0.476554
1.803913
1.164546
0.386034
1.215567
1.886568
1.140712
1.175295
1.392925
0.717967
1.544146
1.396313
1.652102
1.298255
1.510125
0.600496
1.195168
0.527692
0.267882
1.340858
1.011418
3.055888
0.498443
0.932141
0.957895
0.968819
1.239066
1.045649
0.988244
0.687545
1.349143
0.961354
3.371018
0.983359
2.331149
0.498972
1.614024
0.869807
2.265048
1.000506
1.162120
0.390491
1.082215
1.036879
0.734363
1.360321
1.020976
2.064471
0.727251
1.387063
1.236817
1.464361
1.310066
1.246522
1.998376
2.968523
1.449602
0.997654
1.470133
0.671625
1.050048
1.452335
0.969559
0.695446
0.955234
0.865185
0.492308
1.495395
2.215014
0.522765
1.535311
0.967668
1.047483
0.804133
0.784929
0.911888
0.601904
0.948230
1.937703
0.694324
0.663409
0.360341
0.812178
1.037008
0.773276
0.792650
0.663977
0.579092
1.545652
0.371995
0.389945
0.838385
1.162676
0.662438
2.274696
1.072205
2.097962
0.444510
0.603582
0.544182
1.026688
1.154033
0.841301
0.721697
1.590942
1.092217
2.499061
1.464104
0.796894
1.036412
0.578440
4.600377
0.171780
1.007907
1.053949
0.557298
0.856119
2.296933
0.770610
0.711135
0.583977
1.352727
1.881580
1.164836
0.611152
0.659378
1.077632
0.969268
2.392857
0.758729
0.884231
1.319930
1.403708
0.922836
3.565689
1.600457
1.272431
0.807795
0.567051
1.217047
0.796915
1.359381
2.349451
0.910612
1.752926
1.578188
1.478833
1.267390
0.464020
1.416386
4.231750
1.000102
1.411941
1.255393
0.501616
1.087587
1.806323
0.455527
1.961089
1.434667
1.419126
0.630618
0.515320
0.711859
0.422362
2.327098
3.182531
1.044852
1.069064
0.726599
0.510577
1.209132
1.626896
3.683274
1.113779
0.766581
1.700476
0.694389
1.247445
0.840362
0.755473
1.392333
0.901902
0.857291
0.535883
0.629404
1.192515
1.310833
1.556527
1.337060
2.171749
0.536599
2.036996
0.674505
4.085278
1.185724
1.037237
0.846628
1.323293
2.030615
0.863453
1.415811
0.726803
1.161720
1.030626
0.596872
1.034902
2.369110
3.794515
0.805070
1.977170
1.153764
3.496030
1.487468
5.730217
0.705926
0.416175
1.342075
0.688246
0.499913
1.329924
0.749032
1.538459
0.952894
1.424125
1.177333
0.697435
0.981455
1.525291
0.908504
1.274312
1.185806
0.345412
1.454545
1.415015
4.440439
1.563327
1.316130
1.402679
0.580141
0.420459
0.539074
1.213405
1.070558
0.674237
1.890894
1.433720
1.304669
0.832692
0.858620
0.789314
1.487131
1.111011
0.723743
1.407847
0.384041
1.594540
0.522144
1.280053
2.034874
2.698160
1.293285
2.178248
1.550720
0.699954
1.614773
3.167214
1.475248
1.963010
0.782324
0.950194
0.737866
1.188738
1.494107
1.134220
1.874792
0.374605
2.842850
0.740680
1.194891
1.088813
2.009773
0.603092
0.810391
0.564071
1.059690
2.744373
1.937731
0.541919
1.194205
1.198563
0.747841
2.578473
0.737144
2.006530
0.585088
5.022829
5.412069
0.733356
1.554144
1.298980
1.570051
1.005222
0.906511
0.871132
1.027423
0.537327
0.807510
1.374991
0.887937
1.065765
1.149574
1.375202
1.439759
1.065023
2.909284
0.729117
3.387095
1.758914
0.597537
1.201473
1.620754
2.830093
0.734959
1.031748
0.771685
1.351943
0.845723
0.960490
0.530820
1.460644
0.536462
1.693079
0.747618
0.771763
1.111989
0.894479
1.182987
2.061258
1.006802
0.643779
1.191151
1.471009
0.947614
0.798946
1.443337
1.010195
0.882044
0.695532
1.861740
1.325015
0.352229
1.407435
1.782839
1.375574
1.131547
1.242131
0.992305
1.088517
1.288273
2.057131
0.946389
1.367090
0.807459
1.759635
0.516501
0.434240
1.149170
1.353889
3.011437
0.517295
0.792199
0.456713
0.708450
1.432212
0.785649
0.922810
0.553554
1.219070
1.327133
2.872746
0.748545
2.058215
0.572194
1.052149
1.199961
1.913950
0.768365
1.092182
0.924675
1.073213
0.967112
0.537597
1.183081
1.034038
2.432645
1.411880
1.918801
1.257947
0.923342
1.460549
1.076437
2.059053
2.117626
1.372460
0.932484
1.078937
0.645789
0.966968
0.997754
0.675507
0.712366
0.803812
1.171976
0.632647
1.340331
1.865424
0.578543
1.603418
0.688761
1.056469
1.204253
0.495520
0.928223
0.644071
0.904769
1.687110
0.768770
1.080595
0.438130
0.450790
1.324052
0.735812
0.721652
0.728560
0.543656
0.927521
0.519328
0.392412
1.109890
0.889547
0.696562
1.635880
1.294988
1.487699
0.347598
0.442108
0.689100
0.918059
0.905864
0.820924
0.686734
1.056365
1.010288
1.961053
1.006853
0.872883
1.135484
0.531209
4.000281
0.362953
1.050890
1.334164
0.413197
0.521315
2.219850
0.938766
1.035860
0.382009
0.781187
1.924252
1.275173
0.539188
0.794593
1.216879
1.188958
2.488818
0.815252
0.710128
1.075558
1.277146
0.613414
3.202075
1.798207
0.851250
1.127440
0.615134
1.082431
0.840851
0.971849
2.554422
0.601633
1.775381
0.902407
1.007929
1.429401
0.455294
1.308193
3.586570
0.935658
1.178355
1.143240
0.689505
0.996969
1.334368
0.457598
1.792875
1.406683
1.337922
0.444777
0.595772
0.716985
0.390545
2.388241
2.310247
0.765910
1.019146
0.741549
0.597670
1.220421
1.448885
2.968387
0.893005
1.007349
1.186337
0.625516
1.528743
0.525081
0.710262
1.267409
1.155360
1.070058
0.510930
0.705167
1.120071
1.033507
1.785833
1.484763
2.302486
0.510368
1.582614
0.659927
3.863328
1.021055
1.202676
0.741629
1.064164
1.653754
0.493601
1.474178
0.796498
1.119923
1.020027
0.507932
0.841197
2.055184
3.396779
0.926572
1.885588
0.821338
2.864905
1.159753
5.705857
0.711304
0.317031
0.761527
0.774018
0.868858
1.135404
0.990380
1.497618
0.837745
1.155352
1.136910
0.929884
0.927311
1.319471
0.854753
1.301359
1.341397
0.481227
1.922495
1.470259
3.859230
1.626908
1.307302
1.295967
0.458765
0.524933
0.740539
1.379144
0.649722
0.690186
2.068806
0.839223
0.990340
0.842419
0.831945
0.741748
1.738079
0.902471
0.677761
1.077204
0.520675
1.805623
0.471827
1.397896
1.281777
2.038295
1.397895
1.924318
1.465618
1.008292
1.151765
2.554637
1.618272
2.142946
0.825233
0.825549
0.868173
1.392926
1.057377
1.295558
1.683393
0.466505
2.506773
0.485328
1.271766
1.055763
1.756566
0.497647
0.440979
0.740956
0.880583
2.829414
2.295033
0.520430
1.545290
0.770180
0.839476
1.908699
0.676445
1.578965
0.942991
3.961009
4.868190
0.763794
1.501257
1.472527
1.327866
1.156898
0.892169
0.597662
0.847635
0.561514
0.872848
1.017584
0.684723
0.965482
1.048726
1.288494
1.340455
1.122506
2.195562
1.164715
3.194473
1.447686
0.545769
1.353386
2.200192
3.134318
0.755798
0.755618
0.582140
1.444064
0.710269
0.734566
0.605559
1.311494
0.431507
1.417994
0.448892
0.826393
0.691222
0.869949
0.496220
1.923181
1.067814
0.977973
1.128585
1.429646
0.819892
0.681698
1.365125
0.847850
0.897057
0.615048
1.888152
1.010226
0.570319
1.146918
1.532732
1.447575
1.001961
1.162080
0.760472
0.941415
0.793273
1.411326
1.185565
1.465810
0.741414
1.072949
0.773878
0.487309
0.952111
0.976280
2.710906
0.610518
0.872433
0.588947
0.728738
1.297940
0.763792
0.833969
0.482025
0.875180
0.822962
2.953756
0.758977
2.271656
0.559091
1.129067
1.009375
1.949408
0.856051
1.225469
0.498395
0.989993
0.984067
0.737397
1.214064
0.616335
1.864085
0.658587
1.600654
1.224698
1.443660
1.368913
1.207530
1.700815
2.069315
1.652049
0.825907
1.225968
0.745201
0.869862
1.492608
0.664922
0.602920
0.726550
1.008980
1.149196
1.369528
2.182349
0.492944
1.227930
1.124761
1.441397
1.146390
0.904151
0.808828
0.621193
1.530522
2.542851
0.583643
0.934503
0.616183
0.611897
1.040438
0.703110
0.587928
1.099343
0.526836
0.988224
0.573754
0.601689
0.625678
1.390251
0.699857
1.843918
1.281766
1.729698
0.334070
0.696729
1.196167
0.858147
1.005247
0.825391
0.826090
0.737937
1.130549
1.952393
1.614905
0.776401
1.264398
0.752683
4.231358
0.166954
1.126694
0.911748
0.497367
0.604444
1.998015
0.686058
0.974735
0.748626
0.813626
1.425632
1.610874
0.602008
0.886371
1.058630
1.135041
2.260491
0.518185
0.911505
1.229527
1.473824
0.547957
3.677266
1.519266
0.801634
1.137211
0.602516
0.974087
0.816896
0.938480
2.759026
0.601502
1.945571
1.428022
1.145899
1.380582
0.594951
1.332130
3.336029
0.947704
1.495727
1.147071
0.555705
0.909247
1.372348
0.676544
2.080791
1.301745
1.297000
0.626057
0.514605
0.621089
0.271305
2.386606
1.869969
0.808794
1.159024
0.905624
0.650556
0.810461
1.452935
3.406977
1.101550
0.977620
1.039743
0.833297
1.112540
0.500316
0.751127
1.216991
1.003553
0.996125
0.537323
0.564767
1.550375
1.226371
2.333740
1.409796
1.808088
0.577253
1.544889
0.566940
4.645942
0.789912
0.835120
1.030520
1.216521
2.054600
0.516810
1.228649
0.839120
0.930863
0.976188
0.472801
0.813885
1.746951
2.825534
0.793091
1.949002
0.816088
2.852926
1.441773
6.043910
0.515077
0.415543
1.146115
0.865833
0.784923
1.565656
0.883186
1.336781
0.612758
1.356127
0.851248
0.561717
0.635640
1.428237
1.094207
1.352137
1.229436
0.514979
2.029293
1.386862
4.001488
1.733057
1.382302
1.251021
0.526813
0.480959
0.941705
1.114306
0.724004
0.793752
1.815654
0.955652
0.836065
0.659942
0.682011
0.784454
1.236768
1.053130
0.901381
1.043735
0.415028
1.624939
0.771223
1.383558
1.720402
2.440362
1.188620
1.818638
1.459769
1.135509
1.379881
2.267291
1.792476
2.261264
1.194212
0.707402
0.790431
1.123961
1.274271
1.312723
2.006925
0.447761
3.543824
0.893174
0.898225
1.264391
1.399140
1.018695
0.410745
0.475247
1.022234
2.380928
1.796857
0.635066
1.128894
1.960917
0.985709
1.831418
1.336719
1.727184
0.928002
4.310169
5.240000
0.589965
1.508887
1.654495
0.811192
0.806571
0.863592
0.775620
0.818822
0.668812
0.944771
1.177574
0.870083
1.476100
0.974820
1.143495
1.480707
1.256608
2.965240
1.546036
3.298397
1.212617
0.641930
0.856654
2.210167
2.419838
0.686917
0.956778
0.563044
1.255810
1.216022
0.928059
0.422978
1.549796
0.634439
1.717464
0.430596
0.858817
0.927731
1.087892
0.316164
1.700815
0.967573
0.869047
1.278251
1.124817
1.067237
0.693564
1.034793
1.052505
0.993291
0.614542
1.316821
1.197261
0.380033
1.111748
1.366781
1.249237
1.043786
1.146394
1.205210
1.436005
1.150486
1.996560
1.154428
1.544283
0.531095
1.096076
0.661393
0.350437
1.248230
0.946221
2.606051
0.901240
0.905250
0.975820
0.575440
1.224074
0.878445
1.109730
0.545862
0.722227
0.916137
2.699969
0.896400
2.096375
0.532701
1.182325
1.254861
1.661667
0.665450
0.972216
0.326921
0.714823
1.140268
0.478070
0.914626
0.721762
1.992113
0.609731
1.421985
1.179046
1.395416
1.335645
1.242419
1.475269
2.217814
2.134870
0.843459
1.144845
0.777306
1.442990
0.921766
0.953889
0.663386
0.878848
1.036953
0.830598
1.386275
1.604559
0.713764
1.667508
0.995201
0.994581
0.826739
1.050280
0.866175
1.086851
1.009839
2.122500
0.615411
0.843096
0.355291
0.772724
1.333851
1.143912
0.866221
0.832816
0.527286
0.889231
0.974209
0.544089
0.838764
1.010954
0.597347
2.100338
1.058311
1.562088
0.316825
0.615564
0.572558
0.972356
0.897240
1.002578
0.939758
1.154875
1.168140
2.050549
1.333730
0.714816
0.916984
0.517590
4.077806
0.443946
1.109415
1.002996
0.791812
0.548506
3.768237
0.612343
0.999945
0.496901
0.690659
2.046028
1.278892
0.484096
0.692598
1.745661
1.103561
2.754648
0.814682
0.735654
1.025111
1.369401
0.897941
3.574051
1.728787
1.229999
0.960657
0.530432
1.518242
1.004940
0.960872
3.205313
0.843860
2.267885
1.371937
1.923997
1.481261
0.644606
1.032273
3.667178
0.941060
1.982063
1.278239
0.615785
0.882397
1.742803
0.525039
1.848660
1.770830
1.548342
0.566335
0.535754
0.725280
0.599290
2.744051
2.424191
1.070868
1.070445
1.209804
0.822967
1.200909
1.436082
3.140367
0.841378
0.883410
1.277554
0.505594
1.671928
0.942281
0.747840
1.551367
1.002243
1.133776
0.714798
0.755452
1.802891
1.408849
1.745422
1.393537
1.837818
0.396647
1.430076
0.472315
3.610104
0.934893
1.265440
0.757661
1.337748
2.101211
0.968806
1.025940
0.543095
0.963684
1.058360
0.478484
0.866151
1.741898
3.461833
0.923363
1.560373
0.725428
2.826662
0.851162
5.574528
0.664425
0.435298
1.417491
0.719697
0.748995
1.182604
0.633984
1.386608
0.944420
1.262038
0.949705
0.735911
0.702071
1.486925
0.737603
1.415732
1.891492
0.581543
2.179044
1.737614
4.252751
1.025036
1.359615
1.351701
0.587034
0.761247
0.559311
1.200712
0.782989
0.969565
1.805980
0.712120
0.996159
0.651562
1.021260
0.523929
1.572104
0.949923
0.755252
1.064561
0.369336
1.694742
0.669303
1.633901
1.725793
2.492292
1.421634
1.909296
1.461324
1.007054
1.053972
2.221349
1.339622
1.784289
0.813749
0.725999
0.870172
1.018274
1.362997
1.159517
1.825434
0.410604
3.171830
0.493615
1.290254
1.116186
1.504865
0.522560
0.446322
0.768392
1.080290
2.517955
1.543780
0.488945
1.036173
0.929626
0.753386
1.731799
0.821942
1.522565
0.528161
4.614305
4.750925
0.668169
1.189596
1.410646
0.869416
0.954979
0.858140
0.895350
0.811968
0.707070
1.155629
1.765901
0.984923
1.120221
1.157005
1.497198
1.124200
1.243695
2.318204
1.053806
2.972280
0.975772
0.705064
1.130758
1.865310
2.417301
0.670775
0.695556
0.744512
1.063619
1.192853
0.812171
0.594935
1.764612
0.549600
1.638555
0.747096
0.548759
0.749303
0.869770
0.542361
1.836607
1.040697
0.658396
1.256925
1.026095
0.923135
0.753085
1.150085
0.754966
1.027877
0.483002
1.595704
1.346457
0.241756
0.983784
1.292138
1.191950
1.052617
0.994099
0.603186
0.988894
1.441720
1.452552
1.165927
1.098202
0.953748
0.940929
0.531645
0.331118
1.252831
0.753762
2.128732
0.765968
0.634199
0.389918
0.641879
1.004718
0.731724
0.824846
0.518362
1.028159
0.891395
3.142029
0.737767
2.356428
0.667046
1.219587
0.814906
2.073270
0.768389
1.196791
0.383718
0.818808
0.833206
0.489710
0.845659
0.601337
2.074270
0.647828
1.787772
1.176477
1.295044
1.551132
1.012015
1.502675
2.719598
1.313408
0.819092
1.458745
0.626971
0.949918
0.959335
0.740347
0.621801
0.859573
1.112617
0.815699
1.151192
1.821173
0.598614
1.026489
0.600716
1.064741
0.824687
0.627368
1.073440
0.537999
0.939320
1.394468
0.567543
0.827428
0.357258
0.444084
1.073156
0.756033
0.643638
0.893720
0.741093
0.843814
0.426133
0.628086
0.714645
1.202491
0.653989
2.223136
1.402532
1.278463
0.302339
0.606793
0.771363
1.029496
0.812495
1.007667
1.295679
1.148677
0.909416
2.131559
1.164161
0.464245
0.916248
0.706769
3.759253
0.342711
1.205601
1.183310
0.621485
0.512362
2.224606
0.745181
1.153735
0.455760
0.890823
1.592665
1.558305
0.509241
0.714261
1.224285
1.059422
2.336204
0.906066
0.933149
1.203616
1.185482
0.758774
3.514895
1.455949
0.762901
0.722189
0.558219
1.211215
0.680477
1.097271
2.733380
0.603888
1.652669
1.101925
1.257414
1.454727
0.464560
1.097393
3.280253
0.744415
1.401520
1.042186
0.465767
0.814120
1.451874
0.846023
1.957246
1.511024
0.980453
0.515654
0.536613
0.636519
0.382319
2.765604
2.355055
0.565948
0.934954
1.156539
0.481758
1.198132
1.438944
3.618890
0.992536
0.939361
1.420691
0.596955
1.849900
0.796197
0.657073
1.096925
1.033329
0.993999
0.543302
0.646586
1.334928
1.186694
2.126370
1.811074
1.990984
0.627685
1.535970
0.656104
3.401090
0.852479
0.943171
1.078770
1.135823
1.931166
0.682331
0.991117
0.546294
0.993324
0.991919
0.547859
1.202765
2.332868
2.691367
0.585595
1.400298
0.716095
2.617174
1.158676
5.346950
0.627802
0.368938
1.062599
1.070958
0.690192
1.610921
0.912774
1.470889
0.949494
1.159939
0.674179
0.721070
0.857851
0.979964
0.699609
0.983613
1.272211
0.304711
2.293633
1.343714
4.866260
0.958392
1.346793
1.576766
0.465418
0.440794
0.604425
1.154518
0.684899
0.769783
1.468568
0.726568
0.919089
0.559109
0.661818
0.550939
1.176371
1.000801
1.115610
1.270360
0.634453
1.714050
0.543898
0.950141
1.730199
2.370728
1.158368
1.601928
1.856691
0.733170
1.371504
2.275354
1.232099
1.984198
0.673575
0.687426
0.700026
1.057475
1.644946
0.910304
1.574618
1.064448
2.362011
0.612592
0.903890
1.220403
1.622275
0.765620
0.681275
0.520521
0.956235
3.442783
1.451929
0.653931
1.115948
0.740672
0.721480
1.662366
0.701591
1.553756
0.446987
3.808405
4.477553
0.658086
1.524371
1.295738
0.997865
1.057779
0.757267
0.630541
0.962144
0.674744
0.713398
1.258728
0.717233
0.799368
0.845411
0.997291
1.042556
1.187452
2.115530
0.931223
3.434414
1.178976
0.526826
1.029148
1.709613
2.670557
0.575186
0.795319
0.614975
1.147525
0.928801
1.033937
0.584602
1.325734
0.585382
1.524926
0.476696
0.879830
1.014521
0.846636
0.385140
2.139975
0.938033
0.927070
0.914173
1.058860
0.900613
0.729397
1.180766
1.103566
0.588408
0.489673
1.808521
1.466730
0.500000
1.073022
1.597982
1.019974
0.958308
1.200834
0.724160
1.612104
1.073247
1.461983
1.105378
1.238968
0.653317
1.016825
0.516158
0.400513
0.973694
0.968267
2.013298
0.470705
0.683629
0.551995
0.939963
0.982977
1.222715
0.891378
0.633491
1.119787
0.891008
2.462213
0.779819
1.992557
0.401142
1.460465
0.945030
1.561508
0.675625
0.624171
0.465219
0.899038
1.426352
0.519871
1.340814
1.159907
2.045041
0.494064
1.359127
1.109957
1.196944
1.346392
0.665689
1.442239
1.750486
1.518704
1.198046
1.108657
0.493473
1.189033
0.829180
1.179059
0.663732
0.708008
1.177328
0.613735
1.354215
2.158138
0.519404
1.415323
0.961983
1.148675
1.418146
0.935956
0.811495
0.942507
0.801631
1.594044
0.800767
0.741178
0.451523
0.513388
1.259740
0.695246
0.721154
0.627776
0.719826
0.922506
0.460587
0.496572
1.046524
1.377479
0.810223
2.294231
1.421245
1.478226
0.359145
0.632449
0.451235
1.105959
0.796257
0.772581
0.950457
1.165902
1.010502
1.863451
1.048701
0.923157
1.181218
0.440996
4.210122
0.221578
1.167314
1.137847
0.547351
0.683118
2.265199
0.731450
0.735652
0.399593
1.101190
1.479917
1.266462
0.608678
1.038188
1.307276
1.099396
2.375474
0.773892
0.777607
1.243191
1.213710
0.823398
3.358872
1.664694
0.839934
0.950958
0.757861
1.200823
0.626780
1.076912
2.669418
0.717234
1.717185
1.064860
1.123812
1.410791
0.661923
1.300350
3.699191
1.119948
1.243211
1.068507
0.878405
0.757860
1.723702
0.489865
2.023811
1.297228
1.073210
0.634559
0.492137
0.650431
0.340019
2.078735
2.369304
0.652327
0.774143
0.894593
0.482244
1.179859
1.342633
2.810977
0.816114
0.941773
1.396385
0.577058
1.264993
0.986653
0.774777
1.262463
0.924082
0.880093
0.668351
0.827661
0.790268
1.254699
1.804101
1.181225
1.997848
0.740258
1.929398
0.413505
3.893909
1.129215
0.874483
0.771996
1.074418
2.194230
0.499762
1.142956
0.652583
1.143824
0.763631
0.528546
0.726476
2.128723
3.130764
0.717392
2.124855
0.618960
2.763289
0.931128
5.899025
0.511781
0.368213
1.472446
0.867537
0.565604
1.160262
0.921963
1.433329
0.718289
1.503315
1.052761
0.521147
0.884192
1.787335
0.636475
1.364964
1.797571
0.595985
1.599627
1.468422
4.513467
1.661385
1.243135
1.555201
0.669587
0.552864
0.713850
1.115672
0.871624
0.706860
2.016489
0.778878
1.171842
0.802834
0.751561
0.533093
1.325093
1.047608
0.667962
1.599875
0.322384
1.749793
0.381252
1.505397
1.579961
2.234117
1.227975
1.929608
1.689072
0.878674
1.380288
2.233413
1.337551
2.140204
0.908680
1.116511
1.136173
1.340543
1.392067
1.547742
2.115580
0.380742
3.248661
0.529826
1.292247
1.124203
1.426791
0.665521
0.486063
0.585107
1.180942
2.743115
1.815960
0.532421
1.052792
0.870333
0.954347
2.545446
1.328250
1.737628
0.627242
4.295189
4.717549
0.719953
1.471903
1.333668
0.861638
0.949312
0.826432
0.673627
0.818909
0.516740
0.697105
1.169417
0.911197
1.079501
0.708118
1.348216
1.324169
1.329018
3.323418
0.774666
3.040457
1.547321
0.572993
1.242676
1.916253
2.412716
0.559859
0.765517
0.577310
1.241273
0.848205
0.775442
0.466341
1.780215
0.568453
1.518239
0.549353
1.002991
0.727900
0.979352
0.404915
1.859587
1.101431
0.867374
0.945370
1.358989
1.054718
0.836996
1.724402
1.070730
1.007342
0.583878
1.220117
1.002356
0.830624
1.171434
2.393204
1.709744
1.304783
0.901044
0.717123
1.039351
1.164158
2.116791
1.067940
1.811505
0.710692
1.345431
0.385880
0.323149
0.938856
0.915057
3.214814
0.558071
0.750965
0.545183
0.685070
1.520792
0.889104
0.849534
0.508845
1.181283
1.045351
3.457896
1.162915
2.688532
0.490524
1.343061
0.905553
2.110253
1.119967
0.956522
0.569699
0.798723
1.000637
0.781813
1.162085
0.639112
2.005341
0.697518
1.468921
1.190342
1.691158
1.516972
1.232771
1.579241
2.068822
1.390599
0.783911
1.058092
0.833700
0.917387
1.082060
0.839799
0.568445
0.956379
1.076594
0.628522
1.242277
1.615244
0.567465
1.550799
0.748644
1.079468
1.332208
0.756312
0.994906
0.818649
0.785602
1.912944
0.663681
0.673882
0.310883
0.607040
1.027576
0.712022
0.669312
0.645639
0.464042
1.075825
0.531138
0.427444
1.033398
1.147553
0.671289
2.067900
0.878982
1.890929
0.596186
0.609007
0.725983
0.776126
1.114272
0.746657
0.850682
0.945524
1.055043
2.577744
1.436424
0.567961
1.107402
0.431282
4.028826
0.263487
0.923879
1.001274
0.500597
0.472434
2.127671
0.882743
0.914427
0.456431
0.691118
1.872966
1.428124
0.565400
0.684396
1.267790
1.154146
2.921852
1.033024
0.826402
1.075916
1.472894
0.855815
3.606905
1.452632
0.948799
0.978842
0.517024
1.119293
0.833126
0.970914
2.730724
0.478990
2.165641
1.034840
1.340976
1.430471
0.549631
1.084744
3.590988
0.876784
1.286951
1.127285
0.694598
1.107034
1.723517
0.385097
1.986403
1.204368
1.612429
0.576472
0.608132
0.788307
0.271866
2.761636
2.057012
0.742546
1.182957
0.582459
0.499999
0.953378
1.268992
3.360535
1.022990
0.831189
1.304390
0.481110
1.467163
0.664436
0.817776
1.736360
0.587851
0.795659
0.523616
0.680703
1.239522
1.373981
1.621302
1.294013
2.299043
0.457559
1.791187
0.641836
3.651091
1.032178
1.089828
0.761517
1.227693
1.982284
0.462397
1.201932
0.664780
1.051444
0.933699
0.427454
0.769419
2.206327
3.562744
0.934732
1.699939
0.660729
2.789071
1.128171
5.562656
0.607665
0.385420
1.172232
0.950408
0.759522
1.330222
1.012671
1.720383
0.741884
1.310926
0.912605
0.484100
0.850166
1.492219
1.298388
1.243686
1.251128
0.496062
1.607392
1.654779
3.970587
1.564503
1.374458
1.341635
0.507939
0.478198
0.704380
1.543074
0.782797
0.852032
2.271203
1.047581
0.853736
0.761621
0.846169
0.530422
1.869878
0.892465
1.128183
1.623665
0.751557
2.225678
0.627142
1.221981
2.162733
2.365789
1.149850
2.050428
1.494386
1.280120
1.290593
2.388519
1.582922
1.976841
0.755131
0.837546
0.952751
1.103686
1.681919
1.211811
1.676541
0.464505
2.554300
0.638238
0.972289
1.271891
1.693256
0.550994
0.396225
0.604721
1.335744
2.432716
1.857003
0.549398
0.856590
0.944054
0.827606
2.255539
0.965486
1.693052
0.697970
3.925744
4.873269
