23.473106
22.867603
23.253887
21.957302
23.104788
22.342606
22.363461
25.290352
24.767794
26.535675
23.365501
22.811039
22.163906
21.430103
21.834812
22.811527
22.850693
22.303104
22.062363
20.756409
22.015812
22.256163
23.065113
23.252443
23.204370
21.535795
22.130913
22.643528
21.488514
21.667217
20.972109
21.408680
21.781403
22.163395
21.946602
20.322660
21.347233
22.129124
21.838200
22.433350
21.105774
20.551491
21.636456
19.966667
20.123787
20.626717
20.982594
21.108093
20.616276
21.652534
21.365902
20.971962
21.362656
21.246706
21.739330
23.165634
20.589727
21.138968
21.811563
22.236938
22.101719
22.143141
22.245775
22.011251
22.046900
21.103878
21.739405
20.952591
20.014763
19.701664
20.789106
22.712856
22.416733
23.175364
21.888445
22.225935
21.802475
21.725132
21.295952
20.622105
20.518147
20.774471
22.970852
21.591763
20.703690
20.984734
20.961143
22.154814
22.245548
22.239130
22.872837
19.468884
18.539101
19.822948
21.259867
20.476131
19.144114
19.853561
19.777094
21.675819
17.961166
19.858650
19.459534
20.790112
19.948551
20.199249
21.129717
18.576628
19.420595
20.012730
20.199530
21.142136
21.156734
20.116356
20.496452
18.685741
19.742949
18.990240
19.599049
19.853184
18.010324
15.865477
21.064434
22.503580
19.575871
23.030693
19.088097
22.992245
17.512533
19.639492
23.554787
13.424539
22.754330
18.402149
19.185225
22.636539
22.128023
19.532499
17.517712
21.971344
19.914879
18.840691
19.073980
20.198051
20.058254
20.020851
19.116413
20.633209
21.496498
17.631664
17.197849
13.214310
16.892803
21.231848
21.013428
19.799381
21.773228
20.836723
16.810984
20.615803
19.258066
19.038208
17.967976
19.115391
20.644672
17.723763
19.009129
19.672680
20.033003
22.712425
19.208801
21.742649
20.436102
18.037596
18.842676
15.685760
21.789402
14.036774
21.066425
19.770180
17.551949
17.886684
16.216633
16.642775
17.759457
19.229908
16.940769
15.582322
21.350777
18.128084
17.661407
17.749458
18.190094
18.800140
18.065697
18.184517
17.977148
17.455048
19.380039
14.416456
14.658043
17.939306
16.879221
17.743534
20.157249
19.792482
19.309137
16.479416
18.768200
17.864796
18.185165
16.344891
18.380020
15.691458
17.955799
19.338694
16.195978
18.017517
19.269859
16.657131
20.386997
18.810465
16.699646
16.297575
18.802969
18.088722
17.190090
15.869960
19.286583
18.904755
19.044624
16.518322
16.895739
14.950539
16.182171
17.425159
14.420887
19.075857
15.510870
17.531723
16.786865
17.148159
16.861139
18.542007
18.405827
17.202208
17.207916
13.990679
16.682518
17.498896
16.882378
15.618510
17.984612
18.628962
16.591064
18.133156
16.347279
16.089048
19.520611
16.614635
17.942356
17.159798
15.019562
15.742836
15.672095
17.383989
16.972330
14.986835
17.673929
16.825220
18.634571
16.811108
15.374147
16.086260
15.425383
18.932652
18.169476
14.542732
15.912077
16.080940
20.060722
16.954063
16.773577
16.879620
17.770126
16.968431
15.806864
16.952145
14.069189
17.705214
15.550625
14.180625
15.761957
16.330620
16.799273
16.216763
16.363518
16.086254
16.570490
15.415276
15.763917
14.588181
15.324780
15.488155
15.979137
14.012222
15.004262
17.096218
15.932146
13.373703
15.970395
14.332017
12.349982
15.888710
13.763923
14.964314
14.925248
14.401808
13.545149
12.527163
11.764870
13.635234
10.722509
13.538158
14.552601
13.538078
14.736746
12.088873
11.574927
13.606276
13.362184
17.227871
13.471502
12.154902
11.884530
11.834214
12.666897
11.962650
17.275707
11.697821
12.401611
12.321194
12.134567
14.969780
12.242235
15.838909
11.851294
11.700328
16.421692
15.864130
16.222420
15.067591
16.045799
15.372509
15.353438
17.883575
17.392105
18.992670
16.238890
15.678331
15.170172
14.569601
14.875265
15.740664
15.730808
15.282747
15.077265
13.982752
15.038216
15.226492
15.899320
16.077682
16.046520
14.656961
15.135351
15.569309
14.587496
14.760435
14.153284
14.553620
14.796091
15.134884
14.977497
13.595280
14.431065
15.092958
14.871793
15.369796
14.261507
13.811323
14.693127
13.329351
13.482454
13.884393
14.185455
14.255062
13.889618
14.745246
14.493837
14.175382
14.502638
14.414995
14.834438
16.024220
13.874199
14.303144
14.886662
15.246099
15.132328
15.163221
15.249702
15.060286
15.114264
14.322132
14.836670
14.176097
13.419176
13.168352
14.059000
15.682335
15.441677
16.072153
14.981849
15.252079
14.876018
14.856736
14.481728
13.951188
13.821450
14.030951
15.887683
14.757254
14.033752
14.239904
14.283160
15.252287
15.319324
15.371758
15.852212
13.004297
12.253317
13.325661
14.496525
13.893664
12.751990
13.418034
13.286132
14.906319
11.822659
13.366325
13.035040
14.156075
13.474680
13.670580
14.480656
12.330807
13.016722
13.533648
13.696725
14.487038
14.495806
13.636202
13.971275
12.500423
13.363529
12.693515
13.207556
13.461552
11.897421
10.129346
14.412597
15.740424
13.191824
16.144268
12.768509
16.109526
11.502034
13.320968
16.593424
8.281711
15.955532
12.221531
12.902943
15.831854
15.407394
13.215004
11.656159
15.335918
13.524366
12.772196
12.984535
13.778392
13.640162
13.662398
12.895115
14.170232
14.994520
11.698118
11.389750
8.192213
11.062258
14.703126
14.523251
13.472269
15.199764
14.417032
11.025091
14.233175
13.137445
12.917724
12.003489
12.966053
14.293715
11.783705
12.954016
13.450754
13.769764
16.062828
13.093937
15.213798
14.110432
12.082363
12.814226
10.128428
15.284086
8.841608
14.703141
13.611510
11.716627
11.999331
10.610889
11.000940
11.865616
13.210306
11.227875
10.130854
14.997773
12.326122
11.841257
11.965115
12.281248
12.811566
12.179268
12.321645
12.113155
11.749624
13.385792
9.227719
9.394220
12.105903
11.260939
12.072456
14.031025
13.732708
13.309872
10.967646
12.819668
12.080737
12.386448
10.894863
12.538249
10.342321
12.184473
13.366760
10.725221
12.277431
13.339363
11.119489
14.258646
12.980092
11.159290
10.856489
12.929659
12.323898
11.639982
10.491323
13.363138
13.020706
13.180960
11.082998
11.360019
9.736266
10.808464
11.843426
9.359312
13.228422
10.340546
11.894518
11.386388
11.569777
11.417372
12.778061
12.665709
11.659109
11.677057
8.995810
11.265123
11.887535
11.417011
10.350273
12.380571
12.944129
11.234452
12.454685
11.009218
10.800735
13.640173
11.185331
12.334497
11.698963
9.917059
10.613980
10.560812
11.876965
11.532170
9.902371
12.128830
11.433432
12.946043
11.443791
10.339046
10.861664
10.309687
13.225998
12.602482
9.566751
10.700812
10.886201
14.235955
11.561159
11.474451
11.591365
12.259948
11.575874
10.726967
11.565140
9.212804
12.240744
10.459578
9.321547
10.596395
11.099427
11.513211
10.961226
11.265973
10.885568
11.262428
10.332733
10.672959
9.661444
10.347342
10.424673
10.819345
9.220994
10.029373
11.735488
10.812963
8.770465
10.854187
9.504237
7.900980
10.779976
9.011424
10.030824
9.989418
9.569256
8.981031
8.028452
7.568365
9.035527
6.726932
8.991893
9.708933
8.943672
9.882694
7.820281
7.424437
8.973425
8.765749
11.998650
8.941339
7.824833
7.630517
7.594908
8.201193
7.690659
12.062758
7.490776
8.020808
8.013964
7.771720
10.201901
7.990973
10.928109
7.660641
7.586286
11.415833
10.916366
11.266945
10.248295
11.095884
10.511353
10.470369
12.674777
12.220720
13.689209
11.297354
10.740761
10.357712
9.876709
10.105299
10.883078
10.837632
10.478798
10.307898
9.395544
10.284069
10.433319
10.996040
11.171314
11.155760
10.003592
10.388331
10.759624
9.924596
10.094748
9.564991
9.936148
10.074730
10.378381
10.271816
9.094334
9.774998
10.339096
10.177128
10.594812
9.670478
9.308570
10.023303
8.915015
9.067973
9.384629
9.640388
9.665852
9.401758
10.110609
9.888807
9.635015
9.908523
9.845746
10.203362
11.196541
9.403625
9.733919
10.243656
10.545725
10.451571
10.472363
10.606079
12.723272
12.868607
12.078524
12.542570
11.866745
11.140902
10.876712
11.722325
13.476434
13.268787
13.849174
12.786438
13.072186
12.601199
12.705633
12.188255
11.709705
11.548761
11.817712
13.714832
12.673801
11.966152
12.046762
12.153524
13.162923
13.195221
13.363634
13.706028
10.880726
10.079657
11.240591
12.402702
11.711541
10.528593
11.270842
11.202005
12.816673
9.683014
11.210068
10.933853
12.139020
11.404022
11.553249
12.560265
10.342368
10.870472
11.395853
11.683798
12.506552
12.503113
11.627985
12.021666
10.507059
11.406605
10.601187
11.227384
11.550974
9.886318
8.081111
12.461761
13.888271
11.299379
14.330442
10.805920
14.282496
9.509872
11.316244
14.737618
6.048857
14.160069
10.262573
10.965269
14.045287
13.593027
11.255773
9.589687
13.578060
11.685391
10.888821
10.994733
11.989614
11.776643
11.815228
11.109540
12.409884
13.377584
9.786924
9.438742
6.027971
9.189672
12.906451
12.832613
11.680445
13.507130
12.775873
9.130281
12.584696
11.415870
11.194338
10.223579
11.338161
12.726542
10.076916
11.297439
11.817974
12.201998
14.533496
11.343966
13.613584
12.519594
10.351278
11.142978
8.254970
13.762889
6.969841
13.045247
12.069298
9.975544
10.338747
8.908293
9.291395
10.166401
11.558634
9.534058
8.278028
13.543556
10.665888
10.164316
10.308750
10.701224
11.216790
10.547759
10.804359
10.538675
10.161129
11.845483
7.486952
7.735806
10.510652
9.733636
10.584316
12.742385
12.425736
11.771479
9.438909
11.343622
10.567186
10.987087
9.303806
11.138792
8.829328
10.777472
11.988002
9.082352
10.825469
12.009543
9.585501
12.948066
11.689975
9.580440
9.425156
11.515597
10.904583
10.239130
9.036470
12.086699
11.658554
11.940300
9.641285
9.936377
8.149710
9.334675
10.544648
7.835572
11.910488
8.884969
10.527332
9.991536
10.251504
10.067209
11.552776
11.484849
10.375040
10.323122
7.513344
9.974514
10.552861
10.153654
9.057638
11.259287
11.706377
9.955978
11.154568
9.641665
9.504727
12.469633
9.853034
11.246153
10.516568
8.573315
9.338703
9.209283
10.634529
10.384861
8.635128
11.027552
10.223042
11.799618
10.372850
8.866055
9.728861
9.042501
12.180061
11.577885
8.290123
9.427724
9.702161
13.309192
10.412805
10.363114
10.447403
11.220112
10.531749
9.480995
10.397513
7.872039
11.276862
9.232813
8.180002
9.452196
9.916778
10.449037
9.817066
10.155829
9.833017
10.224943
9.213942
9.637927
8.527213
9.221552
9.428709
9.690565
8.046089
8.953749
10.688344
9.762775
7.348051
9.801426
8.323510
6.514181
9.798943
7.798956
8.898177
8.908554
8.414515
7.768679
6.638870
6.199484
7.845772
5.192188
7.670012
8.696741
7.756283
8.750285
6.450603
5.954336
7.843555
7.602670
11.184270
7.736672
6.535944
6.445370
6.157722
6.996611
6.425074
11.310957
6.180942
6.748193
6.759770
6.602260
9.271698
6.742472
10.032019
6.466833
6.180797
10.519201
9.982737
10.397286
9.301492
10.175847
9.644279
9.540588
12.036041
11.408188
13.089586
10.520539
9.804390
9.432468
8.933062
9.232676
10.055410
10.044984
9.645531
9.479424
8.523397
9.478900
9.592495
10.188551
10.314108
10.489011
9.235897
9.581591
9.963696
9.172096
9.398366
8.764785
9.226328
9.246283
9.647744
9.585453
8.292123
8.986423
9.552963
9.388868
9.904348
8.920432
8.550554
9.269215
8.121625
8.178392
8.613766
8.929095
8.903825
8.809452
9.428089
9.229504
8.915672
9.273777
9.180544
9.620746
10.689118
8.705406
9.033230
9.575917
10.009585
9.862799
9.943094
10.002233
9.806798
9.979372
9.261229
9.652741
9.033306
8.401131
8.162703
8.900219
10.533709
10.358661
10.863153
9.901309
10.155424
9.685471
9.843359
9.320329
8.921865
8.739648
8.996149
10.731614
9.830519
9.205650
9.220576
9.371718
10.275789
10.286793
10.506300
10.741392
8.195514
7.471118
8.542694
9.567985
8.946815
7.848410
8.582829
8.496527
9.968397
7.138591
8.482788
8.249573
9.364326
8.696676
8.806156
9.790584
7.759735
8.174690
8.661735
8.960337
9.710468
9.699398
8.910224
9.290453
7.936836
8.743208
7.951015
8.548977
8.883819
7.338814
5.715389
9.648251
11.034991
8.628680
11.417196
8.150126
11.363829
7.001508
8.646474
11.766232
3.931355
11.278396
7.663390
8.316060
11.155293
10.738438
8.578082
7.123339
10.770769
8.986267
8.344455
8.417815
9.278280
9.050121
9.120182
8.494199
9.672668
10.644176
7.290407
6.997622
3.951452
6.747393
10.115620
10.078691
8.990322
10.705369
10.060658
6.695290
9.882923
8.834568
8.610698
7.708677
8.752317
10.044653
7.581526
8.749068
9.184993
9.556799
11.691788
8.739723
10.817764
9.829024
7.827260
8.589087
5.909896
10.981789
4.810513
10.310433
9.459178
7.498405
7.846177
6.554021
6.915143
7.657934
8.990316
7.117517
5.969954
10.827337
8.202520
7.686659
7.851310
8.189280
8.658454
8.035097
8.321127
8.043399
7.745159
9.283237
5.314692
5.535686
8.018429
7.364285
8.191595
10.139605
9.853071
9.191129
7.116251
8.796282
8.098953
8.527509
6.996378
8.652460
6.584323
8.323408
9.429904
6.746545
8.375017
9.475260
7.225940
10.307493
9.209122
7.206798
7.125776
8.986578
8.430668
7.880768
6.759360
9.544517
9.122105
9.431596
7.328573
7.570910
5.929363
7.044568
8.168161
5.701508
9.384906
6.699481
8.103220
7.688393
7.862690
7.744024
9.074589
9.024221
8.002914
7.945237
5.402690
7.663541
8.129041
7.817225
6.821327
8.865552
9.249899
7.668726
8.688580
7.347722
7.246407
9.907927
7.509626
8.839989
8.174333
6.399731
7.159077
7.026413
8.251301
8.049786
6.473840
8.638540
7.899725
9.322589
8.079144
6.694114
7.500285
6.852288
9.698137
9.173046
6.169478
7.177826
7.472073
10.770237
8.076240
8.081055
8.164938
8.829299
8.202688
7.292830
8.050786
5.789530
8.912355
7.034482
6.118552
7.221068
7.642782
8.159469
7.531579
7.959796
7.586561
7.919972
7.019900
7.448883
6.413235
7.079241
7.254920
7.444410
5.994614
6.812984
8.337597
7.542740
5.360878
7.579378
6.241697
4.612247
7.585541
5.749817
6.758218
6.772510
6.324207
5.817430
4.699193
4.427980
5.876124
3.507452
5.707281
6.608214
5.781464
6.637552
4.629943
4.184434
5.849181
5.622808
8.897053
5.785373
4.683406
4.646793
4.334076
5.075567
4.602399
9.029659
4.386100
4.860123
4.913689
4.734579
7.207543
4.924252
7.889771
4.686687
4.415485
8.319572
7.809359
8.225993
7.194989
7.998408
7.521251
7.396145
9.744099
9.114254
10.746258
8.355855
7.620991
7.318659
6.882204
7.145856
7.923495
7.895827
7.539796
7.392019
6.531086
7.399682
7.485649
8.022497
8.138860
8.343445
7.209746
7.496870
7.843420
7.137793
7.367479
6.763678
7.217866
7.164195
7.555754
7.525539
6.332300
6.939542
7.449888
7.317538
7.797305
6.908752
6.585868
7.209470
6.199717
6.244008
6.643559
6.938504
6.881166
6.861736
7.385361
7.205292
6.919734
7.255602
7.171330
7.584667
8.548944
6.744119
7.014593
7.517848
7.932271
7.789319
7.869171
7.918212
7.738411
7.928305
7.274439
7.606094
7.038318
6.487013
6.272515
6.918200
8.434573
8.285972
8.727416
7.852819
8.077826
7.616338
7.811819
7.294967
6.963168
6.764573
7.005404
8.594965
7.810441
7.257365
7.223909
7.409258
8.217268
8.212082
8.467709
8.618680
6.317178
5.663974
6.649967
7.555314
7.002268
5.981243
6.702963
6.596302
7.942820
5.383836
6.568273
6.368580
7.397449
6.792584
6.869556
7.824928
8.705400
8.556938
9.025055
9.217121
9.911570
9.914375
9.181726
9.507223
8.267075
9.005744
8.349698
8.837027
9.117170
7.718830
6.208150
9.874409
11.689801
9.253397
11.886513
8.864647
11.858280
7.805409
9.417490
12.293492
5.122385
11.783747
8.430972
9.051748
11.667639
11.296460
9.344083
8.067560
11.302946
9.639160
9.093100
9.271345
9.893196
9.742819
9.810678
9.149488
10.274282
11.106991
8.121775
7.889156
5.160451
7.568421
10.773699
10.644702
9.680544
11.272661
10.603674
7.569347
10.448032
9.508245
9.290852
8.467283
9.346769
10.561125
8.286705
9.396942
9.794966
10.104662
12.162979
9.489156
11.381683
10.412476
8.591251
9.292637
6.862546
11.500179
5.808742
10.984595
10.050116
8.316895
8.587349
7.368342
7.736587
8.448596
9.728026
7.929749
6.962205
11.360334
8.987381
8.489994
8.643103
8.901811
9.382259
8.807341
8.992331
8.772940
8.506147
9.978616
6.271080
6.412125
8.792448
8.096323
8.886868
10.615969
10.356770
9.921413
7.879180
9.481397
8.836029
9.161253
7.838955
9.292395
7.369203
8.984426
10.055629
7.656704
9.093699
10.072423
8.042899
10.883993
9.790096
8.078284
7.870257
9.694254
9.154114
8.603661
7.546138
10.140757
9.804783
10.007603
8.117216
8.342129
6.871160
7.878486
8.834874
6.603974
10.066313
7.542046
8.848268
8.473179
8.573879
8.494284
9.701900
9.616222
8.701674
8.713110
6.311468
8.385717
8.889725
8.521508
7.562664
9.444194
9.937652
8.407205
9.442835
8.176739
8.015352
10.552925
8.317131
9.425375
8.853184
7.236886
7.937337
7.878483
9.001801
8.719044
7.261477
9.273399
8.640146
10.006124
8.701855
7.689869
8.188969
7.667792
10.313869
9.774860
7.006243
8.014769
8.232544
11.301959
8.813047
8.788673
8.906417
9.481945
8.863283
8.138224
8.831779
6.726760
9.519292
7.879028
6.887857
8.000338
8.461659
8.876823
8.324701
8.724113
8.305068
8.631145
7.804108
8.162254
7.216209
7.879708
7.945046
8.259920
6.846287
7.584373
9.097935
8.303450
6.443343
8.350496
7.122262
5.668404
8.304570
6.667331
7.614470
7.586527
7.204131
6.742321
5.782817
5.484606
6.799127
4.709213
6.745449
7.386915
6.708642
7.530753
5.711318
5.352317
6.740252
6.545001
9.543579
6.747869
5.713889
5.584356
5.497584
6.047565
5.621279
9.646939
5.446667
5.900592
5.936514
5.688530
7.976201
5.947803
8.643774
5.664563
5.578615
9.090828
8.613455
8.977729
8.009954
8.802070
8.275987
8.211705
10.328686
9.854221
11.311872
9.056571
8.466454
8.149226
7.724112
7.934813
8.683577
8.631911
8.308807
8.158142
7.324967
8.152081
8.276668
8.797463
8.961996
9.002106
7.940773
8.274329
8.621340
7.868289
8.053056
7.537112
7.918935
7.982584
8.295857
8.226145
7.118527
7.732754
8.254532
8.122822
8.528687
7.678185
7.356580
7.997859
6.999696
7.131566
7.440658
7.692053
7.687525
7.513438
8.136856
7.936191
7.699490
7.971891
7.915466
8.267985
9.194073
7.517302
7.805537
8.293104
8.604590
8.509172
8.543289
8.611127
8.469732
8.570723
7.950454
8.320008
7.799166
7.254508
7.072305
7.735338
9.060929
8.893269
9.371662
8.509273
8.711691
8.366833
8.445757
8.097095
7.740193
7.576058
7.750739
9.245066
8.413001
7.876287
7.969838
8.104008
8.837986
8.871687
9.019392
9.298391
7.066563
6.499533
7.363682
8.242435
7.815838
6.872323
7.513332
7.335387
8.651511
6.243141
7.397987
7.155104
8.070457
7.550224
7.675942
8.405695
6.676353
7.151481
7.589769
7.759617
8.394293
8.394480
7.726909
8.029078
6.914207
7.577990
6.963071
7.404349
7.676628
6.386959
5.014425
8.339983
9.574501
7.422873
9.858097
7.052053
9.826135
6.109793
7.596932
10.222094
3.754633
9.775291
6.658936
7.238191
9.650854
9.309786
7.509474
6.407885
9.346520
7.774776
7.353221
7.516479
8.013436
7.858423
7.948850
7.343228
8.370571
9.191984
6.419344
6.233328
3.808189
5.903374
8.830400
8.719522
7.814421
9.310107
8.703094
5.910267
8.558154
7.718534
7.499250
6.734077
7.543921
8.677895
6.560925
7.625143
7.955168
8.249110
10.151479
7.681854
9.411944
8.523151
6.843558
7.516071
5.265839
9.533622
4.354913
9.065886
8.217098
6.604478
6.855450
5.746869
6.098452
6.707063
7.935718
6.258194
5.388296
9.435574
7.275796
6.768564
6.935296
7.144805
7.590463
7.053752
7.251217
7.027246
6.822603
8.177752
4.788173
4.900331
7.049524
6.442073
7.210951
8.760801
8.526142
8.104312
6.259674
7.683956
7.102479
7.424543
6.235307
7.534554
5.806545
7.251584
8.240058
6.034014
7.366611
8.270437
6.392036
8.998116
8.025425
6.419396
6.256228
7.901781
7.404225
6.940957
5.950061
8.326051
8.001150
8.215347
6.491588
6.674199
5.327520
6.271943
7.147760
5.120811
8.265530
6.013459
7.128853
6.848688
6.877241
6.850314
7.928813
7.852968
7.014170
7.026305
4.839774
6.744925
7.165319
6.858577
5.978588
7.725878
8.179747
6.782116
7.681814
6.552677
6.412994
8.707888
6.651588
7.693184
7.176851
5.701766
6.392225
6.336222
7.297390
7.044353
5.728730
7.553428
6.978315
8.221387
7.052105
6.162494
6.593185
6.110870
8.516893
8.035281
5.502536
6.411340
6.637688
9.451582
7.133433
7.147998
7.267477
7.752306
7.181075
6.577981
7.144145
5.253589
7.803325
6.308501
5.416135
6.398388
6.829201
7.224004
6.680216
7.145644
6.683753
6.963645
6.226931
6.582965
5.700914
6.341839
6.374031
6.642070
5.380508
6.043215
7.393605
6.699271
5.042099
6.744390
5.631838
4.329150
6.699531
5.203120
6.075098
6.046480
5.703667
5.351920
4.412440
4.241503
5.392684
3.542598
5.351648
5.876466
5.296286
6.008821
4.428147
4.114193
5.307943
5.125603
7.866138
5.352346
4.399077
4.304075
4.213542
4.673933
4.326556
7.968150
4.175371
4.555275
4.621787
4.351665
6.473566
4.653086
7.078541
4.395076
4.333083
7.480700
7.025442
7.387135
6.473456
7.209239
6.721419
6.644199
8.630241
8.164429
9.571183
7.463288
6.868048
6.603276
6.227295
6.405902
7.117149
7.049922
6.762269
6.625115
5.867195
6.623447
6.728648
7.201807
7.361885
7.413512
6.449430
6.740003
7.058997
6.369016
6.552984
6.065536
6.436373
6.449914
6.749795
6.701982
5.677431
6.223803
6.702057
6.594601
6.967305
6.193102
5.907712
6.475540
5.585104
5.712444
5.987195
6.219419
6.192821
6.066757
6.622535
6.433957
6.221945
6.472442
6.424433
6.751467
7.593389
6.063986
6.308049
6.763319
7.052804
6.962892
6.993315
7.053931
6.926704
7.035212
6.466841
6.791453
6.313474
5.832027
5.670276
6.261876
7.483549
7.334949
7.765787
6.971992
7.149772
6.818199
6.918994
6.584943
6.278284
6.102929
6.260857
7.634605
6.890601
6.410702
6.473516
6.630956
7.284724
7.307594
7.476748
7.696914
5.660537
5.154042
5.943377
6.725946
6.359855
5.481186
6.107024
5.908472
7.123893
4.936641
5.963786
5.744287
6.585101
6.118900
6.222497
6.911444
5.322326
5.736346
6.146248
6.308296
6.887576
6.883614
6.278302
6.563749
5.567347
6.160854
5.571022
5.978860
6.250630
5.056734
3.816271
6.814899
8.009686
5.990956
8.246272
5.638252
8.211669
4.802448
6.177337
8.573356
2.748269
8.182225
5.282503
5.823945
8.050334
7.737048
6.076858
5.135143
7.799932
6.312825
6.004339
6.156366
6.536579
6.378973
6.489357
5.932430
6.871501
7.679698
5.104574
4.961306
2.813797
4.621299
7.296315
7.199471
6.349595
7.756398
7.204031
4.633715
7.068799
6.320756
6.099761
5.388236
6.132217
7.192619
5.220078
6.241843
6.510178
6.788565
8.549928
6.268371
7.849317
7.032562
5.483095
6.128382
4.043863
7.972040
3.261131
7.550006
6.775791
5.275525
5.507288
4.498687
4.835383
5.350858
6.532888
4.964595
4.185539
7.909643
5.945385
5.429591
5.608078
5.771818
6.186484
5.684749
5.891055
5.664068
5.515427
6.764258
3.663953
3.748475
5.688941
5.159631
5.908232
7.293235
7.080912
6.675750
5.008115
6.271686
5.748200
6.065116
4.998940
6.156070
4.605268
5.895550
6.809230
4.781255
6.016442
6.850670
5.111688
7.502665
6.638175
5.132537
5.006639
6.491860
6.032516
5.646963
4.716761
6.893332
6.579951
6.801941
5.231295
5.375597
4.143362
5.029163
5.829389
3.989372
6.845586
4.839889
5.782611
5.587925
5.550342
5.571126
6.531561
6.463619
5.694554
5.708579
3.717005
5.467070
5.813380
5.560261
4.751349
6.375195
6.795755
5.517704
6.296093
5.290727
5.169059
7.244380
5.351665
6.329008
5.864354
4.518555
5.198729
5.146637
5.960645
5.732349
4.545875
6.199967
5.678815
6.810720
5.760714
4.987905
5.351068
4.905908
7.093144
6.662415
4.345127
5.164639
5.396957
7.977648
5.816148
5.864787
5.986352
6.388149
5.859337
5.368858
5.819684
4.123860
6.449727
5.089568
4.283881
5.149749
5.553931
5.928343
5.393402
5.917106
5.415837
5.654140
4.999505
5.352081
4.528899
5.149446
5.149646
5.378160
4.253164
4.846712
6.050819
5.445907
3.976478
5.489214
4.482148
3.318002
5.443833
4.077172
4.880569
4.850359
4.544110
4.291543
3.372981
3.315183
4.317497
2.687287
4.289753
4.704962
4.215311
4.829019
3.465484
3.193382
4.207835
4.037512
6.541651
4.286120
3.406246
3.340162
3.250569
3.626896
3.350897
6.640881
3.221200
3.534346
3.627739
3.336323
5.306144
3.676530
5.854548
3.439918
3.402833
6.216491
5.781479
6.139701
5.275517
5.960522
5.505848
5.418102
7.282351
6.827156
8.184843
6.211328
5.614169
5.395910
5.063975
5.212698
5.889669
5.807914
5.552478
5.427227
4.737057
5.428951
5.517406
5.947468
6.104381
6.162984
5.287174
5.540044
5.833838
5.199265
5.381515
4.921114
5.280590
5.251415
5.537667
5.508550
4.559866
5.045497
5.484871
5.399006
5.740476
5.035146
4.787246
5.284362
4.490439
4.615273
4.857479
5.071523
5.026009
4.939858
5.436832
5.258569
5.069466
5.299000
5.258936
5.561853
6.327565
4.932411
5.137117
5.563066
5.830738
5.746527
5.772638
5.827056
5.713065
5.826483
5.305077
5.590063
5.151200
4.726336
4.583393
5.111209
6.236097
6.104077
6.492908
5.760627
5.915785
5.598180
5.716223
5.398298
5.136042
4.951140
5.092688
6.356534
5.690365
5.261524
5.299070
5.476272
6.056666
6.070440
6.256652
6.426398
4.566237
4.115442
4.835363
5.531169
5.221497
4.402218
5.012840
4.794371
5.918901
3.932373
4.844462
4.644979
5.416780
5.000414
5.084921
5.733141
4.271946
4.633872
5.017951
5.170488
5.699103
5.691621
5.142789
5.411984
4.523331
5.052680
4.488087
4.863555
5.133492
4.027922
2.907291
5.609080
6.766111
4.868011
6.959535
4.532953
6.922784
3.793662
5.067567
7.254091
2.015331
6.911980
4.210642
4.717568
6.773162
6.485433
4.954252
4.158621
6.570773
5.161448
4.955660
5.099532
5.370760
5.212199
5.340236
4.825996
5.685055
6.478662
4.086901
3.982820
2.089239
3.632234
6.078891
5.992697
5.194393
6.519345
6.015174
3.649814
5.888785
5.224491
5.001959
4.339728
5.021644
6.014688
4.174629
5.157250
5.369632
5.632815
7.266596
5.158225
6.602280
5.850138
4.420224
5.039914
3.108038
6.724442
2.440474
6.345928
5.636658
4.240940
4.453968
3.535959
3.859361
4.290898
5.430140
3.960746
3.266114
6.692666
4.907739
4.384512
4.573162
4.694393
5.081445
4.611752
4.823956
4.595230
4.497105
5.649560
2.812568
2.870765
4.622628
4.162269
4.891939
6.125399
5.933427
5.547250
4.038318
5.156660
4.685857
4.996137
4.043718
5.069924
3.680105
4.829624
5.675661
3.812010
4.956460
5.726103
4.115695
6.309802
5.542021
4.131362
4.036339
5.377399
4.952393
4.636200
3.761319
5.755949
5.454341
5.681230
4.251272
4.360876
3.233970
4.065280
4.794720
3.126061
5.720116
3.937567
4.723975
4.606339
4.508148
4.572198
5.424688
5.363061
4.658180
4.675032
2.860262
4.468117
4.748745
4.542451
3.797668
5.308033
5.700660
4.530372
5.200414
4.306995
4.200249
6.076795
4.333227
5.248975
4.832115
3.604702
4.274509
4.227118
4.907539
4.699831
3.630879
5.129484
4.658387
5.689699
4.745203
4.083458
4.380593
3.970844
5.958630
5.573059
3.452631
4.192140
4.428317
6.796147
4.778358
4.856858
4.980772
5.306581
4.815754
4.429219
4.775575
3.256672
5.376228
4.140680
3.411116
4.172895
4.553830
4.908087
4.382277
4.957524
4.420093
4.620932
4.040936
4.389061
3.620037
4.222180
4.191689
4.386925
3.384686
3.914803
4.987678
4.462700
3.166859
4.504345
3.593512
2.556347
4.457253
3.210095
3.950924
3.918442
3.645965
3.482858
2.585679
2.628594
3.495195
2.066577
3.481135
3.793585
3.387456
3.911987
2.746017
2.512777
3.361786
3.202656
5.490244
3.471319
2.658230
2.616320
2.531377
2.829008
2.617624
5.585715
2.507674
2.760584
2.877636
2.565850
4.396194
2.941782
4.893472
2.723327
2.711643
5.219362
4.802954
5.157055
4.338176
4.977431
4.551467
4.455234
6.206333
5.763206
7.073849
5.222898
4.626411
4.449437
4.157036
4.277976
4.923655
4.828365
4.602240
4.487488
3.858371
4.491811
4.565826
4.956924
5.111684
5.173644
4.378054
4.597817
4.868936
4.283083
4.462924
4.028127
4.376125
4.310555
4.583162
4.570032
3.690649
4.121884
4.526515
4.459900
4.772035
4.128972
3.904765
4.348511
3.641150
3.765079
3.976506
4.173439
4.111771
4.058683
4.504524
4.335078
4.167210
4.376810
4.344224
4.624412
5.321095
4.048270
4.217917
4.617215
4.863529
4.785111
4.806502
4.855556
4.753991
4.870215
4.391363
4.641359
4.238237
3.864118
3.738425
4.209291
5.244170
5.126585
5.478278
4.801217
4.935641
4.632392
4.763862
4.463082
4.240094
4.047113
4.172788
5.336458
4.739161
4.356252
4.373154
4.567118
5.080443
5.086597
5.286217
5.412787
3.711624
3.312077
3.967678
4.585175
4.328062
3.563209
4.158750
3.921157
4.963614
3.159402
3.967763
3.785414
4.493392
4.122986
4.191028
4.799068
3.454633
3.772183
4.132783
4.274590
4.756882
4.746419
4.248867
4.502391
3.711789
4.182577
3.643059
3.987388
4.254494
3.230360
2.218526
4.650688
5.771977
3.983448
5.925807
3.665478
5.887360
3.013769
4.196727
6.191756
1.488287
5.892877
3.373220
3.848652
5.747673
5.483462
4.071036
3.408914
5.588129
4.250283
4.137821
4.276083
4.445738
4.287540
4.431214
3.954444
4.740976
5.519076
3.297374
3.229261
1.567961
2.867818
5.107455
5.029130
4.278930
5.528516
5.066957
2.890312
4.948638
4.360953
4.137062
3.520118
4.143680
5.075100
3.356584
4.303136
4.464746
4.713201
6.231517
4.282564
5.601004
4.906872
3.586789
4.182484
2.391179
5.721410
1.827181
5.384219
4.731561
3.433041
3.627921
2.792066
3.103596
3.459446
4.559443
3.179646
2.563416
5.716110
4.095677
3.566005
3.763455
3.845262
4.207700
3.767372
3.983099
3.753679
3.701167
4.766232
2.169004
2.202255
3.783594
3.384140
4.096179
5.190370
5.016963
4.651379
3.284903
4.271924
3.849013
4.151579
3.304263
4.209918
2.966424
3.987869
4.772712
3.060640
4.120687
4.830468
3.338596
5.352529
4.671269
3.350230
3.280687
4.492043
4.097932
3.843706
3.019279
4.847923
4.558140
4.787604
3.486906
3.565082
2.535106
3.315810
3.979118
2.467539
4.823287
3.242980
3.887811
3.839694
3.685982
3.789296
4.543096
4.486462
3.840660
3.861056
2.206723
3.684204
3.906554
3.741184
3.054320
4.460410
4.829680
3.756587
4.329785
3.537699
3.443260
5.139781
3.532244
4.389226
4.016557
2.897574
3.557066
3.514968
4.074078
3.883417
2.921497
4.278365
3.853672
4.793916
3.942858
3.386367
3.619447
3.243307
5.049262
4.703821
2.763308
3.431077
3.669427
5.842950
3.956993
4.061682
4.188153
4.444415
3.987647
3.697019
3.948710
2.590629
4.520143
3.399834
2.737197
3.405811
3.766455
4.100983
3.584451
4.205334
3.634712
3.801790
3.289694
3.632656
2.913452
3.498987
3.439211
3.606492
2.714701
3.186674
4.141713
3.688262
2.552837
3.728420
2.905406
1.984634
3.678733
2.541633
3.225362
3.190107
2.948820
2.866478
1.990828
2.123473
2.866331
1.622550
2.866139
3.082443
2.753356
3.197366
2.211236
2.014047
2.710493
2.561790
4.651016
2.848876
2.096591
2.074836
1.997428
2.221533
2.068688
4.742099
1.976903
2.175438
2.313346
1.982182
3.684606
2.391020
4.135684
2.187985
2.201790
4.429274
4.029960
4.379485
3.602096
4.200077
3.799038
3.696036
5.342141
4.912096
6.177855
4.438732
3.844938
3.704669
3.447798
3.542958
4.160067
4.052206
3.852770
3.747316
3.173274
3.753578
3.815138
4.171000
4.324481
4.386900
3.664222
3.854919
4.105631
3.562685
3.739620
3.329037
3.665552
3.569031
3.828160
3.828687
3.012647
3.395133
3.768700
3.719271
4.003926
3.417176
3.218770
3.610240
2.980590
3.104949
3.287327
3.468211
3.392764
3.366945
3.768311
3.606409
3.458237
3.648932
3.623373
3.882225
4.516353
3.355049
3.493436
3.868533
4.094098
4.021512
4.037903
4.082351
3.992414
4.109782
3.669507
3.888600
3.518147
3.189548
3.079741
3.499707
4.450972
4.345984
4.664834
4.037436
4.152828
3.864084
4.005817
3.722797
3.534591
3.334797
3.445186
4.517526
3.981243
3.639711
3.639863
3.848045
4.300042
4.299858
4.509860
4.599482
3.041909
2.689516
3.285560
3.832343
3.624141
2.909163
3.489935
3.234079
4.202386
2.563850
3.278648
3.110973
3.759972
3.431946
3.485802
4.054578
2.816740
3.096538
3.435787
3.566038
4.005981
3.993035
3.542073
3.780559
3.079228
3.496555
2.981711
3.296254
3.559777
2.610704
1.697708
3.884865
4.972423
3.283473
5.089971
2.981982
5.050213
2.409800
3.510839
5.330779
1.116121
5.070089
2.716853
3.163538
4.919039
4.676477
3.373340
2.833268
4.797811
3.525651
3.498047
3.632780
3.707904
3.551114
3.708678
3.264829
3.985572
4.747658
2.683553
2.648440
1.199659
2.276084
4.327951
4.255234
3.549845
4.730082
4.306221
2.303303
4.195304
3.677717
3.452628
2.877305
3.446143
4.321173
2.714152
3.627501
3.743036
3.977318
5.391068
3.588837
4.792032
4.150042
2.930855
3.504108
1.842218
4.909837
1.371453
4.611759
4.008494
2.800236
2.977671
2.216360
2.517295
2.804857
3.868874
2.570306
2.026820
4.927554
3.457992
2.922745
3.127834
3.173118
3.513606
3.100203
3.317547
3.088275
3.077005
4.062777
1.683958
1.693636
3.120723
2.775139
3.470784
4.437025
4.280567
3.936615
2.698117
3.566339
3.186994
3.481097
2.730841
3.525551
2.415120
3.320008
4.049459
2.477160
3.458794
4.113149
2.730523
4.579560
3.975796
2.739110
2.690516
3.785086
3.418793
3.220027
2.441636
4.118781
3.840760
4.070940
2.888990
2.938694
1.997902
2.731672
3.333292
1.965713
4.104760
2.707856
3.224396
3.239056
3.034488
3.173463
3.837037
3.784310
3.192880
3.217356
1.708702
3.066659
3.237263
3.107706
2.473197
3.783489
4.133283
3.147942
3.634506
2.934206
2.849894
4.383273
2.899848
3.700995
3.369167
2.349501
2.998858
2.962467
3.411366
3.234787
2.370378
3.598019
3.216315
4.074081
3.305857
2.848819
3.020158
2.675835
4.315963
4.006242
2.230178
2.833574
3.072753
5.068860
3.303854
3.431556
3.560718
3.753353
3.327159
3.124983
3.290856
2.079029
3.833568
2.819774
2.216032
2.801192
3.144124
3.459508
2.952265
3.613605
3.012527
3.149173
2.698904
3.036186
2.362813
2.933365
2.845749
2.989614
2.197282
2.615964
3.465127
3.075763
2.088486
3.114586
2.371747
1.557669
3.061673
2.025893
2.657525
2.619149
2.406663
2.397293
1.543028
1.755720
2.385736
1.311421
2.399407
2.525912
2.267858
2.639139
1.816769
1.653030
2.208835
2.069834
3.977386
2.373861
1.676968
1.671987
1.604308
1.759824
1.660055
4.063696
1.585001
1.734422
1.890752
1.541214
3.126355
1.980375
3.535664
1.790437
1.829521
3.800320
3.416715
3.761387
3.021989
3.582728
3.203339
3.095009
4.643782
4.227480
5.450595
3.813514
3.224010
3.116412
2.891508
2.962774
3.553804
3.434287
3.259174
3.161959
2.637606
3.169688
3.220531
3.544462
3.697380
3.757952
3.101611
3.266815
3.499160
2.993999
3.167662
2.779903
3.105128
2.982297
3.228237
3.240440
2.482307
2.821083
3.166863
3.132823
3.391783
2.855985
2.680733
3.025424
2.465621
2.591445
2.746511
2.912341
2.825179
2.821764
3.184430
3.029010
2.899072
3.071927
3.052974
3.291815
3.869263
2.809667
2.920162
3.273255
3.478804
3.412004
3.423266
3.463759
3.384700
3.501879
3.096614
3.288405
2.947836
2.660117
2.564920
2.939360
3.813053
3.719071
4.008849
3.426121
3.524095
3.249811
3.399208
3.134234
2.976877
2.771347
2.867109
3.856174
3.374006
3.069772
3.056455
3.276690
3.672623
3.667190
3.885078
3.943101
2.515286
2.206280
2.747232
3.230127
3.067399
2.398133
2.964564
2.691340
3.592621
2.104717
2.735056
2.579960
3.174501
2.885544
2.927181
3.457884
2.317398
2.565107
2.884950
3.003138
3.404377
3.389350
2.980741
3.204898
2.584875
2.953411
2.462631
2.748808
3.008216
2.128313
1.305146
3.269583
4.325418
2.726993
4.409715
2.441332
4.368988
1.941421
2.968596
4.628463
0.860254
4.401551
2.200748
2.621212
4.245172
4.022534
2.819968
2.391486
4.158274
2.946472
2.996075
3.128962
3.116222
2.961654
3.131567
2.716683
3.377745
4.123606
2.205430
2.200601
0.946279
1.817431
3.698912
3.629951
2.966274
4.082723
3.692254
1.849222
3.588140
3.134704
2.908569
2.371498
2.889113
3.712554
2.207815
3.090622
3.164326
3.385048
4.704074
3.036835
4.134311
3.539236
2.412726
2.965032
1.422258
4.248908
1.035510
3.987771
3.427633
2.303133
2.463887
1.770258
2.061728
2.287645
3.318678
2.093801
1.617758
4.286750
2.955572
2.415511
2.627234
2.638719
2.959624
2.570911
2.788356
2.559912
2.585939
3.499761
1.319966
1.307443
2.594913
2.297022
2.977455
3.826175
3.685201
3.363459
2.240034
3.000728
2.661043
2.946191
2.285528
2.978166
1.988794
2.787583
3.466880
2.023409
2.932280
3.535356
2.253388
3.951510
3.417221
2.259761
2.228298
3.217642
2.876454
2.727328
1.990957
3.529838
3.263388
3.492827
2.419955
2.443856
1.585114
2.275394
2.819564
1.583997
3.525911
2.295423
2.695654
2.767050
2.515907
2.687303
3.268379
3.218667
2.677266
2.706208
1.329886
2.578299
2.702913
2.604724
2.017577
3.239889
3.573515
2.667446
3.076451
2.459343
2.383319
3.768794
2.398636
3.146915
2.852820
1.924132
2.563635
2.533211
2.881950
2.716956
1.941414
3.051213
2.709313
3.492336
2.797630
2.434315
2.546468
2.232188
3.721063
3.443163
1.817444
2.363050
2.601977
4.436088
2.782034
2.929976
3.061909
3.196328
2.797610
2.676986
2.765030
1.686273
3.279764
2.364362
1.812513
2.322859
2.650322
2.947251
2.449210
3.146450
2.517445
2.626645
2.232680
2.563972
1.932751
2.489771
2.375805
2.500110
1.797424
2.167256
2.921225
2.589330
1.738814
2.626983
1.957358
1.241086
2.570402
1.627878
2.211973
2.170240
1.984339
2.040953
1.207728
1.491892
2.018986
1.100052
2.046369
2.089149
1.896570
2.202106
1.528919
1.396178
1.822419
1.692446
3.433598
2.012064
1.365646
1.374579
1.318248
1.409883
1.358263
3.514937
1.298629
1.403670
1.576275
1.209393
2.687011
1.676499
3.058550
1.497692
1.561598
3.297289
2.928128
3.267777
2.563184
3.090312
2.729738
2.617284
4.075933
3.673717
4.856463
3.312567
2.728522
2.650046
2.453931
2.503070
3.070307
2.939992
2.787053
2.697163
2.217740
2.705937
2.747552
3.042595
3.195505
3.252514
2.656504
2.799257
3.015049
2.543292
2.713460
2.347168
2.661334
2.516209
2.749366
2.771551
2.066375
2.365919
2.686824
2.666560
2.901522
2.411939
2.257421
2.560265
2.063280
2.191373
2.320842
2.472632
2.375467
2.390364
2.719341
2.569468
2.456437
2.612492
2.599758
2.819895
3.345917
2.379107
2.464703
2.797815
2.984162
2.923057
2.929146
2.966258
2.897361
3.013329
2.639853
2.807477
2.494249
2.243305
2.161545
2.495244
3.297038
3.212680
3.476720
2.934218
3.016239
2.756222
2.911146
2.664236
2.534271
2.323930
2.405754
3.318878
2.884764
2.614185
2.590148
2.820600
3.165273
3.155516
3.379238
3.410260
2.099790
1.830695
2.320738
2.745869
2.625375
1.998018
2.550614
2.260949
3.101604
1.750723
2.304788
2.160463
2.704754
2.451802
2.482925
2.976943
1.925390
2.145858
2.448053
2.553927
2.919786
2.903040
2.532969
2.743510
2.197577
2.521567
2.054104
2.313374
2.568295
1.752114
1.010635
2.772536
3.798590
2.282524
3.852441
2.011992
3.811042
1.577804
2.538346
4.051850
0.691477
3.854861
1.793691
2.190231
3.693645
3.489353
2.379290
2.052854
3.637558
2.481205
2.601085
2.733487
2.639170
2.487452
2.668360
2.278992
2.885879
3.615548
1.832402
1.855377
0.779000
1.461604
3.188406
3.121711
2.496807
3.554606
3.193756
1.497828
3.095906
2.701192
2.474145
1.972224
2.441989
3.218240
1.807328
2.662041
2.697758
2.905569
4.138729
2.595668
3.596190
3.043365
2.001971
2.534761
1.101595
3.707166
0.790621
3.480837
2.958396
1.911545
2.056417
1.424273
1.707297
1.877526
2.878338
1.720362
1.306786
3.762702
2.558435
2.014217
2.231721
2.211957
2.515376
2.149313
2.365674
2.138583
2.198380
3.046872
1.048498
1.015121
2.176155
1.920544
2.586869
3.327671
3.200855
2.901517
1.881655
2.544963
2.241396
2.517319
1.939322
2.538089
1.658904
2.361073
2.994936
1.670167
2.511590
3.067271
1.878002
3.438013
2.966072
1.882869
1.865337
2.759814
2.441273
2.336654
1.638658
3.051318
2.796157
3.023720
2.051034
2.051547
1.268268
1.918297
2.409029
1.294482
3.057012
1.977599
2.272340
2.395048
2.101266
2.302130
2.807787
2.760353
2.264985
2.298641
1.042596
2.190610
2.274321
2.203638
1.659363
2.800900
3.121150
2.286754
2.626263
2.084607
2.015334
3.266652
1.999893
2.698280
2.439019
1.593675
2.223648
2.199344
2.457026
2.301519
1.607000
2.609315
2.304244
3.019512
2.390125
2.114918
2.170597
1.884611
3.235496
2.985980
1.497739
1.991407
2.229260
3.915419
2.363145
2.528910
2.663654
2.744809
2.370815
2.325355
2.342782
1.385145
2.830459
2.005908
1.499820
1.943045
2.257003
2.536243
2.047223
2.776367
2.121754
2.206187
1.863528
2.188647
1.596196
2.140997
2.002167
2.110183
1.488358
1.813441
2.481742
2.201432
1.477103
2.238064
1.635319
1.008705
2.177531
1.320820
1.861534
1.816302
1.654936
1.771259
0.958551
1.306608
1.739807
0.963327
1.780632
1.745452
1.613204
1.859288
1.322049
1.218009
1.524935
1.403364
2.992112
1.737331
1.136930
1.157364
1.113538
1.145758
1.137850
3.068429
1.092424
1.157342
1.344361
0.961136
2.340193
1.454006
2.677570
1.284654
1.372731
2.893088
2.537207
2.871766
2.199064
2.695825
2.351629
2.236055
3.611287
3.223322
4.367951
2.909121
2.331456
2.278958
2.108796
2.137483
2.682984
2.542692
2.409985
2.326605
1.887801
2.336118
2.369801
2.638673
2.792030
2.844121
2.303063
2.426091
2.626971
2.184689
2.351232
2.005086
2.308559
2.144537
2.365364
2.396113
1.739347
2.003659
2.302291
2.294375
2.507020
2.059276
1.923394
2.188752
1.748334
1.879321
1.984806
2.123500
2.017855
2.047631
2.347274
2.202174
2.104793
2.245070
2.238169
2.440831
2.920211
2.038068
2.101437
2.416381
2.584409
2.528857
2.529801
2.564029
2.504622
2.618571
2.273983
2.420238
2.132007
1.914167
1.844779
2.141978
2.877189
2.801269
3.042482
2.536254
2.603669
2.357613
2.516314
2.287279
2.181664
1.967305
2.035919
2.879765
2.488362
2.248181
2.215718
2.454822
2.752637
2.739335
2.967216
2.975171
1.770890
1.538499
1.981533
2.354419
2.273119
1.684181
2.223509
1.918322
2.704122
1.477922
1.963059
1.827971
2.325914
2.106146
2.128224
2.587089
1.616788
1.814167
2.100314
2.193822
2.527345
2.509191
2.174184
2.371852
1.893458
2.176777
1.731771
1.965609
2.215809
1.458309
0.791148
2.368797
3.366962
1.925846
3.392942
1.669736
3.351124
1.295341
2.195733
3.575404
0.587658
3.404954
1.471695
1.846411
3.239347
3.051952
2.026967
1.793871
3.210966
2.105569
2.289427
2.422428
2.252459
2.104044
2.294752
1.927891
2.485590
3.199282
1.541006
1.589499
0.675971
1.185429
2.771754
2.706118
2.117229
3.121119
2.786569
1.225956
2.694489
2.353534
2.125700
1.656072
2.081210
2.814294
1.489445
2.318340
2.319551
2.515116
3.670408
2.241557
3.153162
2.638418
1.675196
2.189830
0.857498
3.260263
0.614919
3.066661
2.577191
1.602267
1.732083
1.155828
1.431304
1.551210
2.524326
1.427112
1.071370
3.331408
2.243544
1.695747
1.918282
1.869650
2.157452
1.812162
2.026520
1.801182
1.891576
2.680737
0.847783
0.794862
1.841335
1.623235
2.276507
2.918230
2.804362
2.527326
1.600748
2.175812
1.905148
2.171752
1.669993
2.182449
1.403598
2.017759
2.610442
1.395012
2.173964
2.685868
1.581964
3.015563
2.599627
1.585904
1.579618
2.388498
2.090421
2.025737
1.362793
2.660212
2.416000
2.640811
1.760130
1.739435
1.025551
1.638351
2.079448
1.075841
2.675077
1.732889
1.931899
2.101057
1.768233
1.995922
2.432607
2.386851
1.933827
1.972345
0.825665
1.881675
1.928977
1.882428
1.377002
2.444381
2.753626
1.984074
2.261267
1.788078
1.724266
2.853838
1.681494
2.332910
2.105808
1.336820
1.957648
1.939504
2.114379
1.966594
1.345966
2.250225
1.979219
2.633039
2.061732
1.869188
1.871198
1.611804
2.836772
2.612603
1.250081
1.697050
1.933188
3.484210
2.025301
2.206782
2.344340
2.376758
2.025027
2.048815
2.002141
1.154793
2.463821
1.723105
1.257419
1.640382
1.942532
2.204901
1.724664
2.482192
1.804103
1.866175
1.570278
1.889168
1.332371
1.866133
1.703897
1.798404
1.249575
1.533655
2.124817
1.890852
1.282900
1.926609
1.384962
0.840545
1.861954
1.084187
1.585304
1.536516
1.397780
1.568166
0.775329
1.180561
1.528082
0.882215
1.581998
1.474313
1.397638
1.589929
1.176617
1.099144
1.296237
1.182472
2.631643
1.529650
0.971224
1.001124
0.970565
0.947586
0.979384
2.702973
0.947057
0.975684
1.175477
0.776904
2.065619
1.293515
2.372089
1.132197
1.243668
2.566788
2.223115
2.552599
1.909122
2.378449
2.048508
1.930655
3.228761
2.854949
3.963721
2.582600
2.011929
1.982642
1.835894
1.845681
2.371360
2.221842
2.107602
2.030027
1.627980
2.040017
2.066875
2.312040
2.466205
2.512362
2.021316
2.127012
2.314462
1.898264
2.061113
1.733839
2.027030
1.847019
2.056043
2.094092
1.481634
1.714285
1.992948
1.996119
2.187995
1.778226
1.659081
1.890864
1.501390
1.635736
1.718828
1.845310
1.732480
1.774259
2.048338
1.907315
1.824442
1.949950
1.948497
2.134902
2.571948
1.767086
1.810558
2.109008
2.259610
2.209460
2.205351
2.237115
2.186553
2.297889
1.979559
2.106891
1.841538
1.653523
1.595522
1.860004
2.533606
2.465087
2.686058
2.212552
2.266601
2.034081
2.195154
1.983636
1.899694
1.681993
1.738119
2.518764
2.165366
1.952663
1.913689
2.160107
2.415082
2.398903
2.629568
2.617839
1.509719
1.311086
1.710730
2.036333
1.991376
1.437658
1.964325
1.644531
2.380663
1.267968
1.690775
1.563607
2.018836
1.829633
1.843933
2.269264
1.373215
1.551046
1.822601
1.903855
2.207826
2.188521
1.885447
2.070973
1.654161
1.900348
1.476864
1.686725
1.932078
1.228601
0.629087
2.039061
3.011157
1.638282
3.011630
1.395868
2.969596
1.075903
1.921967
3.179245
0.532009
3.032363
1.216287
1.571089
2.862801
2.690947
1.744195
1.596478
2.859348
1.800755
2.042893
2.177343
1.937272
1.792500
1.991971
1.644964
2.157985
2.856062
1.313181
1.385100
0.620623
0.971099
2.429778
2.364256
1.808786
2.763148
2.451970
1.015793
2.365214
2.073474
1.844964
1.405016
1.788592
2.482182
1.236278
2.041451
2.011305
2.195298
3.279942
1.956105
2.786178
2.305784
1.414340
1.912108
0.672517
2.889260
0.491736
2.726367
2.265766
1.357430
1.473007
0.947576
1.216305
1.290704
2.238455
1.196450
0.894207
2.974236
1.993119
1.442233
1.669171
1.593886
1.867719
1.541497
1.753155
1.529870
1.648000
2.383256
0.701178
0.629980
1.572594
1.387821
2.029016
2.579788
2.477764
2.222698
1.380203
1.875273
1.634608
1.891918
1.460439
1.893566
1.206104
1.740086
2.295429
1.180679
1.901820
2.373313
1.347980
2.665886
2.300300
1.351477
1.354197
2.085802
1.806224
1.777410
1.146486
2.338678
2.105010
2.326420
1.530225
1.490291
0.840207
1.418607
1.813639
0.911735
2.362286
1.544796
1.656895
1.868119
1.499545
1.751660
2.125281
2.080711
1.666625
1.710079
0.662884
1.634581
1.649441
1.624106
1.153887
2.153208
2.453438
1.742599
1.963859
1.552834
1.493415
2.512455
1.426336
2.033642
1.836219
1.137182
1.749272
1.737257
1.836795
1.695261
1.142043
1.956832
1.717304
2.315365
1.795776
1.680630
1.631814
1.397353
2.507406
2.305895
1.058361
1.463300
1.697244
3.124816
1.751541
1.946896
2.087244
2.075071
1.743404
1.830978
1.726092
0.979210
2.162914
1.499533
1.069550
1.398362
1.690190
1.936530
1.464796
2.247590
1.547991
1.589866
1.336608
1.649292
1.125273
1.649072
1.464859
1.548202
1.065310
1.311831
1.833479
1.641192
1.140525
1.676200
1.190380
0.721315
1.607343
0.902185
1.367161
1.314807
1.196946
1.416317
0.642625
1.099048
1.368387
0.842256
1.434956
1.259926
1.234431
1.378013
1.077705
1.024811
1.120832
1.014317
2.335654
1.373662
0.853529
0.891184
0.874347
0.800142
0.868028
2.402112
0.847777
0.843556
1.054683
0.641736
1.847651
1.180219
2.126136
1.025729
1.159692
2.302177
1.969733
2.294208
1.677513
2.122027
1.804504
1.685048
2.911903
2.552053
3.627139
2.317011
1.753758
1.745217
1.619612
1.611945
2.119518
1.961490
1.864124
1.791727
1.422964
1.802002
1.822991
2.046674
2.201920
2.241438
1.796022
1.886399
2.061750
1.668612
1.827772
1.518165
1.801506
1.607987
1.805751
1.850057
1.278128
1.482306
1.743048
1.756199
1.928779
1.553474
1.449390
1.651053
1.307528
1.445545
1.507767
1.622903
1.503976
1.555348
1.807164
1.669664
1.600187
1.711866
1.715511
1.886792
2.285395
1.551095
1.576778
1.860225
1.994337
1.949384
1.940355
1.970029
1.927711
2.035983
1.741552
1.852093
1.607702
1.446564
1.399043
1.634171
2.250817
2.188799
2.391803
1.947829
1.989660
1.770201
1.932500
1.738025
1.673394
1.452918
1.497271
2.220245
1.900702
1.712854
1.668955
1.921565
2.137368
2.118867
2.351210
2.322699
1.301705
1.134117
1.493724
1.776516
1.765230
1.243809
1.758444
1.424930
2.116076
1.106743
1.473156
1.352783
1.768663
1.607601
1.615221
2.008692
1.180515
1.341818
1.600100
1.669338
1.946291
1.926059
1.652074
1.826177
1.465542
1.677818
1.274868
1.462186
1.702655
1.048910
0.510980
1.768312
2.716082
1.405360
2.693215
1.175919
2.651143
0.905520
1.702483
2.847830
0.511800
2.721905
1.013176
1.349808
2.548765
2.391220
1.516393
1.446783
2.567781
1.552179
1.847430
1.983984
1.679012
1.538095
1.745402
1.415945
1.888370
2.571302
1.135002
1.228424
0.600376
0.804901
2.147563
2.081395
1.556909
2.465768
2.175391
0.853623
2.093556
1.846873
1.617786
1.205103
1.550024
2.207485
1.033992
1.817370
1.758722
1.931814
2.952324
1.725023
2.480349
2.030969
1.205424
1.687547
0.533230
2.579362
0.408316
2.445235
2.009929
1.163183
1.265353
0.786160
1.048858
1.082079
2.006595
1.014784
0.762003
2.676638
1.793410
1.239874
1.470652
1.370776
1.632116
1.323387
1.531828
1.310813
1.454110
2.140367
0.595935
0.507671
1.356081
1.200943
1.830982
2.298284
2.207104
1.973478
1.206836
1.629354
1.416037
1.664192
1.297480
1.657709
1.053520
1.514430
2.035904
1.013821
1.681510
2.115721
1.162695
2.374707
2.054430
1.166139
1.175993
1.837784
1.574951
1.578382
0.976728
2.072803
1.849250
2.066792
1.348160
1.290771
0.699335
1.245965
1.598299
0.789620
2.104735
1.400613
1.433780
1.683127
1.281827
1.556182
1.872137
1.828358
1.450077
1.498458
0.541796
1.436240
1.422171
1.415489
0.977209
1.914073
2.206977
1.549320
1.720343
1.365789
1.309861
2.228503
1.221153
1.787124
1.617067
0.982121
1.585898
1.579924
1.610900
1.474384
0.982676
1.715804
1.505365
2.052805
1.579308
1.536510
1.439700
1.228587
2.233740
2.052504
0.910151
1.277246
1.508645
2.823419
1.528691
1.736308
1.879385
1.826423
1.512860
1.659159
1.501388
0.846047
1.914548
1.322472
0.924079
1.204188
1.486992
1.718161
1.254597
2.059921
1.340608
1.364227
1.149864
1.456438
0.962552
1.477338
1.272538
1.346705
0.923430
1.135540
1.594498
1.439723
1.037926
1.474093
1.039314
0.639313
1.401036
0.762646
1.194625
1.138746
1.040129
1.303910
0.548550
1.050875
1.248847
0.832491
1.327586
1.090069
1.111687
1.211149
1.013919
0.983743
0.986781
0.886998
2.091259
1.257545
0.772361
0.816337
0.813417
0.691719
0.792419
2.153006
0.783303
0.749338
0.970537
0.544142
1.674172
1.102780
1.927322
0.954091
1.109583
2.086619
1.764495
2.084085
1.491942
1.914008
1.607330
1.486833
2.647879
2.301660
3.345181
2.099912
1.544327
1.554356
1.447866
1.424094
1.915146
1.749281
1.667298
1.599538
1.260943
1.609937
1.625899
1.830090
1.986609
2.019017
1.615146
1.692072
1.856480
1.483828
1.639324
1.346206
1.620170
1.415263
1.602332
1.651991
1.117151
1.295702
1.540377
1.562488
1.717152
1.373154
1.282647
1.457250
1.155210
1.297107
1.339890
1.444491
1.320420
1.379374
1.611768
1.477288
1.420190
1.518984
1.527416
1.684630
2.048322
1.378451
1.388207
1.658009
1.776553
1.736588
1.722800
1.750698
1.716047
1.820959
1.548263
1.643927
1.418718
1.281841
1.243952
1.452732
2.016752
1.960447
2.147484
1.730212
1.760849
1.553922
1.716547
1.538524
1.491120
1.268357
1.301648
1.971992
1.682635
1.517286
1.469775
1.727603
1.907595
1.887246
2.120369
2.077558
1.135553
0.996502
1.319208
1.563212
1.583099
1.091284
1.594528
1.248170
1.898534
0.983368
1.298730
1.184179
1.563820
1.428674
1.430551
1.793863
1.027725
1.175086
1.421289
1.478835
1.731094
1.710124
1.462649
1.626034
1.316643
1.497957
1.114527
1.280701
1.516310
0.908322
0.426498
1.544822
2.469929
1.215836
2.425708
0.998646
2.383732
0.773403
1.525965
2.568932
0.517376
2.461668
0.851282
1.171333
2.285309
2.140925
1.332199
1.334060
2.324596
1.348474
1.692136
1.831290
1.466280
1.329352
1.543668
1.229745
1.665260
2.333599
0.995686
1.108845
0.605676
0.676240
1.913397
1.846006
1.350230
2.217295
1.945450
0.728847
1.868151
1.662734
1.433154
1.045516
1.354526
1.978939
0.871858
1.635225
1.550658
1.713502
2.675781
1.537198
2.223990
1.802637
1.037597
1.505209
0.429290
2.318956
0.354921
2.211728
1.798609
1.008803
1.098375
0.661257
0.918562
0.914505
1.817737
0.871580
0.664503
2.427197
1.633739
1.077920
1.312066
1.189516
1.439672
1.146988
1.351845
1.133249
1.299387
1.941088
0.522266
0.418099
1.181022
1.052262
1.671999
2.062702
1.981444
1.768603
1.070450
1.427122
1.238748
1.477966
1.170917
1.464171
0.935885
1.330188
1.820922
0.884120
1.502414
1.902251
1.015743
2.130832
1.851358
1.019448
1.034881
1.633561
1.385889
1.418333
0.843428
1.851724
1.637814
1.851163
1.203742
1.130508
0.592966
1.110276
1.423063
0.699842
1.891558
1.290547
1.251989
1.535909
1.104646
1.399270
1.662484
1.619171
1.273811
1.327057
0.452820
1.276473
1.236591
1.246326
0.837036
1.716591
2.003584
1.394132
1.520000
1.216770
1.163590
1.990997
1.055616
1.582922
1.438096
0.861873
1.457774
1.457692
1.426256
1.293724
0.858160
1.516754
1.333168
1.834640
1.402254
1.426980
1.284975
1.095682
2.005062
1.841992
0.795858
1.128846
1.357451
2.569162
1.346471
1.564929
1.710671
1.620385
1.323168
1.523519
1.317688
0.745789
1.708406
1.182048
0.811631
1.047911
1.322821
1.539665
1.083927
1.909354
1.171977
1.179091
1.000211
1.300829
0.834636
1.341272
1.117221
1.183889
0.814535
0.995128
1.397521
1.276533
0.965807
1.310367
0.922238
0.585553
1.233162
0.656150
1.058006
0.998669
0.917788
1.221862
0.483986
1.027493
1.160311
0.844594
1.250703
0.955263
1.020239
1.079720
0.976525
0.967342
0.884859
0.791327
1.888369
1.172200
0.718913
0.768002
0.778997
0.613318
0.743861
1.945600
0.745006
0.684092
0.914251
0.475305
1.535789
1.052505
1.765979
0.908740
1.084752
1.910255
1.597621
1.912480
1.342821
1.744593
1.447365
1.326299
2.426614
2.093595
3.107591
1.921603
1.373789
1.400455
1.311249
1.272631
1.748619
1.575511
1.507592
1.443974
1.132721
1.454389
1.466027
1.652537
1.810493
1.835470
1.469509
1.534542
1.689091
1.334590
1.486501
1.208779
1.473845
1.259353
1.436298
1.490537
0.989631
1.145107
1.375329
1.405535
1.543608
1.228034
1.149762
1.300071
1.035488
1.181395
1.206091
1.300925
1.172512
1.237379
1.452827
1.320941
1.275304
1.362083
1.374966
1.519128
1.851097
1.240081
1.235564
1.492955
1.596840
1.561633
1.543280
1.569672
1.542154
1.643502
1.390601
1.473044
1.265402
1.150429
1.121418
1.306512
1.821942
1.770674
1.943510
1.550372
1.570781
1.375829
1.538042
1.375838
1.343810
1.119180
1.142085
1.764391
1.501981
1.357009
1.306960
1.569197
1.716443
1.694636
1.927829
1.872842
1.002486
0.889672
1.178368
1.387215
1.435942
0.971278
1.463765
1.105394
1.718785
0.889424
1.158546
1.048994
1.395277
1.283981
1.280931
1.615766
0.906356
1.041968
1.277189
1.323435
1.553116
1.531569
1.308259
1.461610
1.198996
1.352024
0.987078
1.133456
1.364291
0.798399
0.367688
1.359395
2.263410
1.060928
2.199653
0.855287
2.157887
0.671198
1.383577
2.332905
0.541408
2.242268
0.721976
1.026898
2.063006
1.930737
1.182764
1.250012
2.120604
1.180739
1.568546
1.710654
1.290147
1.157264
1.377869
1.077694
1.479652
2.134001
0.886861
1.018138
0.629289
0.576911
1.718088
1.649030
1.179826
2.008518
1.753199
0.633247
1.680093
1.512460
1.282463
0.917832
1.193518
1.787697
0.741521
1.486519
1.378375
1.531609
2.440981
1.383923
2.007898
1.611881
0.902375
1.356554
0.352687
2.098881
0.324086
2.016772
1.623130
0.885924
0.963675
0.564880
0.817353
0.779525
1.663270
0.758655
0.593776
2.216926
1.505781
0.948004
1.185097
1.041652
1.281785
1.003824
1.204856
0.988757
1.175642
1.776819
0.472642
0.353671
1.038986
0.933734
1.543964
1.864383
1.792217
1.599396
0.963110
1.260004
1.094391
1.324948
1.072842
1.304579
0.845498
1.179065
1.641891
0.783540
1.356224
1.724382
0.899050
1.925428
1.682729
0.903271
0.922989
1.464587
1.230654
1.289219
0.738773
1.666868
1.462138
1.671085
1.089029
1.001402
0.513389
1.003646
1.279833
0.634955
1.714203
1.207009
1.103258
1.418542
0.959857
1.272950
1.487927
1.444827
1.129723
1.187735
0.388562
1.147361
1.084413
1.108616
0.725647
1.552629
1.834889
1.269163
1.354406
1.097846
1.046790
1.791267
0.921646
1.412848
1.291278
0.768859
1.357321
1.362952
1.274671
1.145270
0.760963
1.351506
1.192703
1.652408
1.256737
1.344393
1.159935
0.990999
1.812923
1.666141
0.708039
1.010268
1.235926
2.353442
1.196816
1.424882
1.573198
1.448762
1.166312
1.416405
1.166876
0.671052
1.536384
1.070573
0.724954
0.921760
1.189751
1.393116
0.944837
1.788222
1.034298
1.026478
0.879983
1.174830
0.734090
1.233350
0.991327
1.051903
0.731366
0.883089
1.234398
1.143875
0.917008
1.177256
0.831782
0.553135
1.095996
0.575403
0.949743
0.887058
0.822514
1.163155
0.441898
1.022389
1.095718
0.872248
1.197215
0.848125
0.952997
0.976226
0.958841
0.969048
0.807946
0.720203
1.719046
1.110572
0.686412
0.739610
0.764345
0.557963
0.715664
1.771968
0.726271
0.640932
0.879072
0.428424
1.425181
1.022718
1.634564
0.883133
1.078628
1.765333
1.461442
1.771736
1.222697
1.606061
1.317113
1.195840
2.240119
1.919827
2.906271
1.774469
1.234406
1.275998
1.202435
1.150132
1.612350
1.432579
1.377514
1.317617
1.031180
1.327943
1.335882
1.506341
1.665843
1.683250
1.351849
1.406395
1.552027
1.213645
1.362090
1.098703
1.355351
1.132821
1.300210
1.358367
0.888519
1.023200
1.240435
1.277925
1.400633
1.110908
1.043658
1.172129
0.941400
1.091370
1.099265
1.185055
1.052981
1.122387
1.323034
1.193394
1.158334
1.233929
1.250963
1.383032
1.686167
1.128908
1.111583
1.357692
1.447801
1.417144
1.394415
1.419538
1.398640
1.496300
1.261433
1.332134
1.140567
1.045397
1.024551
1.188354
1.658934
1.612108
1.772306
1.401010
1.412055
1.228495
1.389745
1.242656
1.224374
0.998221
1.011412
1.589861
1.351523
1.225021
1.173319
1.439264
1.556554
1.533628
1.766335
1.700994
0.895670
0.806952
1.064327
1.241293
1.316681
0.876908
1.359272
0.989687
1.569529
0.818392
1.045607
0.940342
1.255932
1.166583
1.159295
1.467329
0.809791
0.935532
1.160744
1.196138
1.405188
1.383193
1.181917
1.325896
1.105978
1.233166
0.885681
1.013560
1.239736
0.712561
0.328442
1.204771
2.089190
0.933760
2.007558
0.738972
1.966093
0.592409
1.268406
2.132074
0.578353
2.056276
0.618524
0.909630
1.874400
1.753273
1.061118
1.188206
1.948554
1.041976
1.470042
1.615359
1.143584
1.014745
1.240988
0.953004
1.324435
1.965441
0.802014
0.949919
0.665727
0.500521
1.554369
1.483315
1.038692
1.832156
1.591585
0.560439
1.522350
1.389324
1.158971
0.815467
1.060260
1.626780
0.636459
1.364591
1.234997
1.379237
2.240527
1.258375
1.824763
1.451663
0.793133
1.234886
0.297234
1.911866
0.310082
1.853170
1.476647
0.788014
0.854704
0.490810
0.738956
0.670523
1.536419
0.669619
0.543693
2.038697
1.403027
0.843568
1.083248
0.920552
1.151703
0.887252
1.084303
0.870751
1.076483
1.640782
0.441277
0.308545
0.923365
0.839080
1.440546
1.696485
1.632639
1.459004
0.878652
1.121252
0.976413
1.198626
0.997100
1.172346
0.776378
1.054553
1.492029
0.705838
1.236419
1.575395
0.806316
1.751488
1.541957
0.811251
0.834184
1.324113
1.102638
1.184750
0.656662
1.511480
1.315446
1.519883
0.997821
0.897123
0.454608
0.919930
1.162275
0.589202
1.565920
1.144124
0.981082
1.324844
0.841046
1.170986
1.341845
1.298746
1.011455
1.074095
0.343303
1.042681
0.959112
0.996077
0.637026
1.415777
1.694297
1.168247
1.216921
1.002806
0.953366
1.622419
0.812903
1.270448
1.170302
0.697179
1.278632
1.289768
1.149714
1.022727
0.685229
1.213632
1.077687
1.499427
1.136575
1.282794
1.058546
0.908583
1.650635
1.518467
0.640909
0.915385
1.138005
2.169425
1.073382
1.309970
1.460759
1.305077
1.035981
1.331830
1.042558
0.616117
1.392075
0.982026
0.658398
0.819642
1.081577
1.272282
0.831085
1.690529
0.921444
0.900106
0.783173
1.072465
0.655109
1.147697
0.888925
0.944590
0.668266
0.793548
1.098698
1.035656
0.885986
1.068664
0.762189
0.536747
0.983470
0.514724
0.863938
0.798019
0.748525
1.122369
0.416852
1.030588
1.049585
0.910682
1.161633
0.762894
0.904464
0.894799
0.955744
0.983846
0.750475
0.668094
1.577006
1.067216
0.669656
0.726118
0.764310
0.520274
0.702707
1.625851
0.722031
0.614539
0.859794
0.398254
1.336613
1.008288
1.527136
0.872251
1.086182
1.645791
1.349914
1.655827
1.125697
1.492388
1.210666
1.089474
2.082104
1.774006
2.734763
1.652489
1.120090
1.175091
1.115691
1.050778
1.500439
1.314525
1.271220
1.214642
0.950733
1.224815
1.229572
1.385466
1.546565
1.556397
1.256504
1.301785
1.439359
1.115325
1.260437
1.010373
1.259081
1.029812
1.188218
1.249708
0.808305
0.924228
1.129788
1.173843
1.282325
1.016111
0.958837
1.067642
0.867532
1.021556
1.013871
1.091279
0.956137
1.028930
1.216642
1.088925
1.063638
1.128851
1.149740
1.270606
1.547516
1.039384
1.010571
1.246409
1.323618
1.297259
1.270371
1.294424
1.279672
1.373606
1.155159
1.215415
1.038582
0.961316
0.947974
1.092615
1.521838
1.478926
1.627863
1.276347
1.278827
1.106063
1.265922
1.133226
1.127246
0.899859
0.903975
1.442373
1.225568
1.115818
1.063169
1.332231
1.422137
1.398359
1.630138
1.556004
0.809727
0.743160
0.971689
1.119729
1.219759
0.802805
1.275654
0.895625
1.445022
0.765206
0.954423
0.852830
1.140184
1.071028
1.060113
1.342964
0.732868
0.850323
1.066432
1.091450
1.281630
1.259305
1.078127
1.213359
1.032422
1.136008
0.804970
0.915598
1.137264
0.645688
0.304048
1.075214
1.941436
0.828920
1.843455
0.644315
1.802354
0.531972
1.175012
1.960318
0.624022
1.897769
0.535637
0.814135
1.713545
1.602666
0.961784
1.143638
1.802676
0.926660
1.391460
1.540139
1.021035
0.896192
1.127498
0.850341
1.193985
1.822315
0.736049
0.899213
0.710836
0.442123
1.416458
1.343167
0.921281
1.682397
1.455012
0.505449
1.389352
1.288017
1.057366
0.733263
0.949438
1.490649
0.551554
1.264212
1.115089
1.250929
2.068498
1.155150
1.668754
1.316411
0.704657
1.134920
0.258102
1.752112
0.308534
1.715229
1.353755
0.709946
0.766305
0.434212
0.678479
0.582301
1.431846
0.599482
0.509490
1.886835
1.320368
0.759465
1.001418
0.821000
1.044083
0.792028
0.985032
0.774027
0.996894
1.527635
0.423699
0.278189
0.828951
0.763388
1.356776
1.553566
1.497339
1.342016
0.812257
1.005521
0.879645
1.093871
0.938891
1.062265
0.723871
0.951517
1.365960
0.646115
1.137863
1.449964
0.732606
1.603440
1.423850
0.738392
0.763667
1.206806
0.996631
1.099978
0.592350
1.380198
1.192383
1.392280
0.925270
0.812693
0.411974
0.854316
1.065382
0.558126
1.441351
1.097309
0.880335
1.249957
0.743177
1.088477
1.218983
1.175730
0.913988
0.981093
0.312616
0.957556
0.855535
0.903769
0.566455
1.300970
1.576587
1.086552
1.102274
0.926790
0.878540
1.478973
0.724405
1.150607
1.070189
0.642235
1.217105
1.233514
1.046286
0.921129
0.626379
1.098030
0.983163
1.370382
1.036888
1.237558
0.976075
0.843772
1.512862
1.393823
0.589970
0.839381
1.058926
2.011649
0.971164
1.215308
1.368472
1.184193
0.927181
1.265115
0.939681
0.576532
1.270400
0.911687
0.607619
0.736764
0.993389
1.172234
0.737743
1.611557
0.828588
0.795004
0.705061
0.989034
0.593166
1.079710
0.805343
0.857091
0.620836
0.721902
0.985316
0.947087
0.868460
0.979785
0.708981
0.532306
0.890806
0.469695
0.795958
0.726935
0.691298
1.095309
0.404652
1.048297
1.017667
0.956284
1.139707
0.695052
0.870371
0.830854
0.963309
1.007922
0.708137
0.630723
1.457269
1.037898
0.664633
0.723661
0.774921
0.496093
0.701045
1.502266
0.728401
0.600812
0.852411
0.380749
1.265597
1.005273
1.439009
0.872239
1.103574
1.546760
1.258251
1.560007
1.047196
1.398783
1.123386
1.002504
1.947540
1.651084
2.587908
1.550918
1.026025
1.093056
1.046493
0.969982
1.408158
1.216602
1.184033
1.130454
0.886994
1.140418
1.142463
1.285119
1.447847
1.450154
1.179034
1.216126
1.346406
1.035150
1.177038
0.939376
1.180616
0.945716
1.095685
1.160039
0.744659
0.843651
1.038694
1.088685
1.184024
0.939192
0.890925
0.982032
0.809628
0.967657
0.945528
1.015193
0.877477
0.952709
1.129127
1.003075
0.986796
1.042359
1.066851
1.177343
1.430401
0.967169
0.928032
1.154510
1.219643
1.197359
1.166528
1.189680
1.180626
1.270836
1.067366
1.118320
0.954970
0.893917
0.887482
1.014866
1.405952
1.366498
1.505401
1.171804
1.166445
1.003893
1.162030
1.042997
1.048027
0.819654
0.815305
1.317129
1.119596
1.025048
0.972032
1.243710
1.308566
1.284160
1.514682
1.433083
0.740447
0.694231
0.896215
1.017994
1.140774
0.744743
1.208687
0.818926
1.340677
0.725914
0.880659
0.782223
1.043609
0.993022
0.978995
1.238247
0.671538
0.782065
0.989878
1.005020
1.177952
1.155382
0.992546
1.119628
0.974292
1.056307
0.740730
0.835279
1.052615
0.593762
0.290864
0.966149
1.815500
0.742128
1.702561
0.567059
1.661879
0.485933
1.099108
1.812714
0.675259
1.762017
0.469161
0.736146
1.575676
1.474220
0.880436
1.112412
1.678371
0.830409
1.328729
1.480870
0.918080
0.797149
1.033010
0.765470
1.083824
1.700140
0.684981
0.862156
0.761493
0.397808
1.299744
1.224064
0.823175
1.554613
1.339015
0.464391
1.276659
1.204347
0.973446
0.667161
0.856850
1.374905
0.482779
1.181231
1.014335
1.142340
1.920141
1.069986
1.535212
1.201668
0.632845
1.052488
0.231555
1.614978
0.316069
1.598380
1.250153
0.647693
0.694421
0.391307
0.632093
0.510740
1.345317
0.544320
0.487461
1.756803
1.253777
0.691639
0.935588
0.738852
0.954699
0.714015
0.902966
0.694479
0.932935
1.433108
0.416463
0.259099
0.751631
0.702799
1.288744
1.431282
1.382037
1.244114
0.760150
0.908567
0.800003
1.006614
0.894457
0.970215
0.684355
0.865893
1.259395
0.600543
1.056486
1.343851
0.674027
1.476813
1.324269
0.680773
0.707669
1.108415
0.908498
1.031016
0.542089
1.268734
1.088664
1.284050
0.867560
0.744182
0.381845
0.803021
0.985200
0.538270
1.336220
1.063001
0.796947
1.190073
0.662249
1.021566
1.115150
1.071620
0.833352
0.904749
0.293081
0.888140
0.769591
0.827785
0.510236
1.204184
1.477566
1.020256
1.006272
0.865952
0.818548
1.356536
0.652194
1.049253
0.986998
0.600430
1.169127
1.190573
0.960342
0.836532
0.580832
1.000643
0.905208
1.261022
0.953820
1.205057
0.908794
0.792908
1.395335
1.288104
0.551698
0.778459
0.994940
1.875712
0.886171
1.137030
1.292458
1.082017
0.835943
1.212573
0.854228
0.548829
1.167312
0.855850
0.569158
0.669343
0.921308
1.089060
0.660899
1.547590
0.751901
0.707220
0.641926
0.920837
0.544701
1.025768
0.736905
0.785560
0.585638
0.664526
0.890177
0.874369
0.861093
0.906820
0.668636
0.536651
0.814211
0.436858
0.742153
0.670174
0.647288
1.078719
0.402058
1.072632
0.996670
1.006335
1.128133
0.641051
0.847394
0.780771
0.978528
1.038364
0.677560
0.604739
1.355855
1.019327
0.668265
0.729270
0.793140
0.482176
0.707652
1.397232
0.742405
0.596566
0.853841
0.372779
1.208595
1.010632
1.366477
0.880145
1.127858
1.464417
1.182683
1.480477
0.983551
1.321435
1.051577
0.931186
1.832374
1.546982
2.461569
1.465999
0.948371
1.026231
0.991318
0.904107
1.331795
1.135064
1.112309
1.061424
0.836550
1.071139
1.070853
1.201485
1.365841
1.360778
1.115919
1.145755
1.269450
0.969561
1.108396
0.882232
1.116461
0.876891
1.018942
1.085749
0.694189
0.777892
0.963461
1.018824
1.102002
0.876638
0.836512
0.911675
0.764362
0.926309
0.890800
0.953297
0.813446
0.890352
1.056870
0.932251
0.924291
0.970914
0.998749
1.099650
1.330990
0.908790
0.860387
1.078345
1.132205
1.113761
1.079201
1.101603
1.097828
1.184362
0.994539
1.037207
0.886213
0.839848
0.839748
0.951584
1.307528
1.271136
1.401082
1.083725
1.071199
0.918272
1.074455
0.968335
0.983242
0.754088
0.741858
1.210273
1.030009
0.949259
0.896334
1.170202
1.212146
1.187304
1.416322
1.328393
0.684509
0.656986
0.834539
0.932477
1.076253
0.699405
1.155016
0.756214
1.252850
0.697432
0.820886
0.725156
0.962668
0.929158
0.912463
1.149640
0.622620
0.727362
0.927624
0.933397
1.090556
1.067820
0.921721
1.041224
0.928406
0.990714
0.689629
0.769222
0.982409
0.553636
0.286072
0.873925
1.707644
0.669984
1.581024
0.503833
1.540793
0.451197
1.037283
1.685292
0.729694
1.645202
0.415811
0.672284
1.456956
1.364163
0.813631
1.091481
1.571942
0.749726
1.278646
1.434272
0.831196
0.714070
0.954023
0.695026
0.990362
1.595342
0.645674
0.835697
0.815350
0.364549
1.200530
1.122365
0.740866
1.445064
1.240026
0.434213
1.180717
1.134985
0.903879
0.613948
0.779143
1.276012
0.426951
1.112380
0.929282
1.049994
1.791614
0.999486
1.420372
1.103871
0.574431
0.984273
0.214669
1.496709
0.330114
1.498952
1.162405
0.598069
0.635822
0.359133
0.596794
0.452591
1.273461
0.501048
0.474729
1.644930
1.200073
0.636873
0.882583
0.670836
0.880173
0.649918
0.834857
0.628842
0.881482
1.353815
0.416907
0.248557
0.688130
0.654268
1.233362
1.326137
1.283290
1.161838
0.719362
0.826992
0.734245
0.933615
0.860852
0.892899
0.654988
0.794451
1.168908
0.566114
0.989058
1.253660
0.627514
1.368008
1.239910
0.635298
0.663230
1.025537
0.834940
0.974767
0.502955
1.173659
1.000867
1.191814
0.821680
0.688480
0.361394
0.763073
0.918596
0.526954
1.247108
1.038417
0.727679
1.142167
0.595082
0.967193
1.027005
0.983102
0.766392
0.841888
0.282021
0.831385
0.698019
0.765026
0.465460
1.122202
1.393921
0.966350
0.925556
0.817261
0.770422
1.251557
0.593139
0.963125
0.917594
0.568942
1.131863
1.158100
0.888663
0.765798
0.545777
0.918232
0.840692
1.167935
0.884299
1.182443
0.853746
0.753104
1.294621
1.198013
0.523336
0.729618
0.943076
1.758061
0.815234
1.072069
1.229643
0.995256
0.759099
1.171297
0.782983
0.530295
1.079565
0.811576
0.540351
0.614381
0.862255
1.019645
0.597447
1.495685
0.688346
0.633601
0.590824
0.864922
0.506907
0.983011
0.680693
0.726945
0.559986
0.618562
0.810027
0.814486
0.861324
0.846734
0.638393
0.547377
0.750674
0.413512
0.699644
0.624853
0.613707
1.070069
0.406559
1.101393
0.984013
1.058801
1.124358
0.598081
0.832947
0.741696
0.999095
1.072965
0.656110
0.587536
1.269567
1.008948
0.678166
0.740677
0.816651
0.476019
0.720194
1.307553
0.761760
0.599353
0.861696
0.371916
1.162809
1.022039
1.306587
0.893704
1.156800
1.395695
1.120185
1.414253
0.931863
1.257316
0.992320
0.872553
1.733364
1.458454
2.352378
1.394669
0.884084
0.971686
0.947335
0.850291
1.268405
1.066882
1.053127
1.004653
0.796680
1.014108
1.011825
1.131517
1.297503
1.285262
1.064368
1.087787
1.205514
0.915777
1.051696
0.836208
1.063867
0.820402
0.955067
1.023959
0.654215
0.724104
0.901133
0.961348
1.033303
0.825664
0.792908
0.853683
0.729106
0.894859
0.846973
0.902855
0.761205
0.839173
0.997028
0.873648
0.873351
0.911694
0.942621
1.034664
1.246248
0.861553
0.804806
1.015007
1.058362
1.043519
1.005453
1.027222
1.028336
1.111275
0.933907
0.969182
0.829502
0.796425
0.802171
0.899979
1.223555
1.189877
1.311816
1.009194
0.990111
0.846234
1.000303
0.906363
0.930127
0.700369
0.680805
1.118699
0.953924
0.885709
0.833233
1.108928
1.129918
1.104782
1.332126
1.238839
0.639282
0.628926
0.784015
0.860282
1.023437
0.664170
1.112000
0.704802
1.178610
0.677349
0.772392
0.678980
0.894552
0.876738
0.857748
1.074317
0.583602
0.683539
0.876916
0.873835
1.016567
0.993728
0.862910
0.975366
0.892255
0.936550
0.649036
0.714728
0.923962
0.522828
0.287512
0.795607
1.614855
0.609792
1.475715
0.451966
1.435961
0.425327
0.986835
1.574821
0.785569
1.544236
0.372989
0.619861
1.354277
1.269445
0.758621
1.078466
1.480405
0.681823
1.238673
1.397769
0.757552
0.644097
0.887742
0.636362
0.910722
1.505026
0.615657
0.817470
0.870659
0.339950
1.115838
1.035135
0.671536
1.350743
1.155162
0.412544
1.098664
1.077284
0.846002
0.571084
0.713644
1.191123
0.381549
1.055025
0.857179
0.971105
1.679786
0.940935
1.321187
1.020139
0.526840
0.927632
0.205159
1.394265
0.348687
1.414003
1.087754
0.558551
0.587954
0.335364
0.570219
0.405268
1.213589
0.467225
0.469043
1.548260
1.156724
0.592616
0.839881
0.614326
0.817806
0.597125
0.778130
0.574516
0.840065
1.287036
0.422970
0.244453
0.635846
0.615388
1.188176
1.235320
1.198328
1.092437
0.687555
0.758080
0.679777
0.872299
0.835756
0.827684
0.633546
0.734599
1.091732
0.540448
0.932994
1.176655
0.590642
1.274102
1.168121
0.599510
0.628005
0.955448
0.773318
0.928796
0.472634
1.092198
0.926238
1.112860
0.785249
0.643114
0.348388
0.732125
0.863052
0.522089
1.171248
1.021374
0.669947
1.103867
0.539141
0.922928
0.951842
0.907496
0.710586
0.789984
0.277365
0.784861
0.638206
0.713017
0.429817
1.052442
1.322969
0.922432
0.857435
0.778308
0.731809
1.161165
0.544742
0.889607
0.859459
0.545548
1.103078
1.133845
0.828663
0.706422
0.519004
0.848187
0.787133
1.088361
0.825867
1.167494
0.808583
0.722090
1.207948
1.120904
0.502719
0.690473
0.900979
1.655813
0.755809
1.017959
1.177575
0.921272
0.694099
1.138992
0.723382
0.518813
1.004542
0.776537
0.519097
0.569486
0.813765
0.961502
0.544900
1.453501
0.635490
0.571619
0.549411
0.818960
0.477584
0.949189
0.634381
0.678803
0.541768
0.581737
0.742242
0.765038
0.867142
0.797121
0.616080
0.562617
0.697779
0.397528
0.666154
0.588696
0.588350
1.067390
0.416215
1.132926
0.977697
1.112174
1.126384
0.563934
0.825008
0.711379
1.023256
1.110060
0.641722
0.577077
1.195834
1.004763
0.692522
0.756130
0.843669
0.475671
0.736894
1.230648
0.784727
0.607264
0.874151
0.376294
1.126024
1.037698
1.256993
0.911185
1.188702
1.338140
1.068351
1.358890
0.889838
1.204007
0.943265
0.824237
1.647869
1.382862
2.257620
1.334542
0.830710
0.927084
0.912312
0.806227
1.215621
1.009688
1.004139
0.957854
0.765242
0.967017
0.963035
1.072778
1.240365
1.221185
1.022176
1.039905
1.152230
0.871537
1.004699
0.799099
1.020631
0.773954
0.901715
0.972390
0.622612
0.680015
0.849331
0.913944
0.975544
0.784049
0.757959
0.805760
0.701792
0.871210
0.811881
0.861663
0.718529
0.797032
0.947308
0.824994
0.831763
0.862431
0.896246
0.980101
1.173692
0.823282
0.759025
0.962157
0.995723
0.984271
0.942900
0.964148
0.969785
1.049241
0.883225
0.911906
0.782604
0.761575
0.772684
0.857837
1.151601
1.120326
1.235107
0.945856
0.920778
0.785394
0.937240
0.854762
0.886488
0.656257
0.629880
1.039889
0.889016
0.832192
0.780445
1.057664
1.059483
1.034182
1.259731
1.161913
0.602679
0.608085
0.742513
0.799088
0.980106
0.636964
1.077535
0.662554
1.115605
0.663770
0.733005
0.641580
0.836989
0.833602
0.812652
1.009998
0.552500
0.648447
0.835552
0.824129
0.953669
0.930774
0.813908
0.919823
0.863855
0.891689
0.616857
0.669638
0.875129
0.499386
0.293504
0.728824
1.534685
0.559376
1.384096
0.409310
1.344831
0.406409
0.945607
1.478676
0.841583
1.456606
0.338626
0.576725
1.265104
1.187589
0.713226
1.071509
1.401347
0.624446
1.206804
1.369313
0.694877
0.584943
0.831920
0.587317
0.842563
1.426840
0.592978
0.805608
0.926133
0.322129
1.043243
0.960003
0.612912
1.269187
1.082094
0.397483
1.028190
1.029112
0.797685
0.536550
0.658197
1.117937
0.344566
1.007078
0.795787
0.903409
1.582102
0.892160
1.235174
0.948149
0.488003
0.880455
0.201256
1.305167
0.370292
1.341125
1.023964
0.527131
0.548782
0.318175
0.550508
0.366704
1.163530
0.440925
0.468656
1.464380
1.121726
0.556845
0.805482
0.567221
0.765435
0.553526
0.730716
0.529420
0.806724
1.230581
0.433083
0.245152
0.592695
0.584252
1.151234
1.156532
1.124910
1.033671
0.662877
0.699634
0.634525
0.820584
0.817341
0.772457
0.618280
0.684268
1.025638
0.521678
0.886230
1.110633
0.561481
1.192734
1.106764
0.571459
0.600137
0.895942
0.721509
0.891141
0.449299
1.022107
0.862541
1.044981
0.756383
0.606112
0.341095
0.708326
0.816572
0.522053
1.106408
1.010160
0.621665
1.073263
0.492395
0.886843
0.887483
0.842647
0.663917
0.747017
0.277504
0.746644
0.588051
0.669785
0.401484
0.992822
1.262537
0.886586
0.799726
0.747187
0.700838
1.083024
0.505005
0.826586
0.810589
0.528507
1.081010
1.116059
0.778265
0.656386
0.498767
0.788406
0.742527
1.020072
0.776559
1.158452
0.771445
0.698063
1.133049
1.054622
0.488145
0.659124
0.866768
1.566587
0.705846
0.972742
1.134277
0.857919
0.638901
1.113835
0.673355
0.512722
0.940126
0.748891
0.503742
0.532754
0.773872
0.912619
0.501266
1.419174
0.591386
0.519238
0.515827
0.781076
0.454982
0.922503
0.596125
0.639188
0.529327
0.552255
0.684697
0.724093
0.877009
0.756051
0.599984
0.580930
0.653602
0.387245
0.639870
0.559893
0.569474
1.069159
0.429522
1.165975
0.976158
1.165337
1.132664
0.536843
0.822002
0.688022
1.049675
1.148391
0.632778
0.571758
1.132568
1.005218
0.709926
0.774311
0.872847
0.479612
0.756379
1.164424
0.809987
0.618844
0.889797
0.384453
1.096471
1.056237
1.215801
0.931259
1.222261
1.289784
1.025240
1.312455
0.855629
1.159545
0.902548
0.784312
1.573736
1.318062
2.175054
1.283666
0.786258
0.890550
0.884485
0.770088
1.171458
0.961520
0.963483
0.919173
0.740530
0.928035
0.922594
1.023292
1.192427
1.166585
0.987563
1.000237
1.107671
0.835067
0.965639
0.769189
0.984999
0.735670
0.857000
0.929205
0.597704
0.643802
0.806160
0.874752
0.926801
0.750018
0.729967
0.766047
0.680780
0.853725
0.783813
0.827961
0.683592
0.762243
0.905869
0.784470
0.797751
0.821324
0.857805
0.934114
1.111296
0.792263
0.721224
0.917917
0.942383
0.934107
0.889643
0.910452
0.920269
0.996364
0.840713
0.863501
0.743699
0.733608
0.749635
0.823351
1.089689
1.060544
1.168927
0.891819
0.861248
0.733814
0.883397
0.811671
0.850546
0.619972
0.587271
0.971800
0.833409
0.786947
0.736139
1.014625
0.998900
0.973538
1.197215
1.095574
0.573033
0.592910
0.708344
0.747014
0.944497
0.616131
1.049948
0.627752
1.061928
0.655215
0.700990
0.611272
0.788153
0.798027
0.775406
0.954836
0.527737
0.620396
0.801780
0.782506
0.899980
0.877073
0.772950
0.872803
0.841641
0.854418
0.591416
0.632237
0.834177
0.481758
0.302734
0.671657
1.465139
0.516996
1.304074
0.374156
1.265308
0.392933
0.911869
1.394676
0.896788
1.380254
0.311072
0.541166
1.187365
1.116570
0.675673
1.069145
1.332787
0.575785
1.181437
1.347280
0.641322
0.534755
0.784729
0.546179
0.784004
1.358881
0.576093
0.798647
0.980828
0.309606
0.980785
0.895029
0.563161
1.198405
1.018925
0.387573
0.967414
0.988760
0.757217
0.508724
0.611075
1.054579
0.314401
0.966853
0.743313
0.845080
1.496459
0.851412
1.160299
0.886009
0.456270
0.841032
0.201561
1.227380
0.393777
1.278367
0.969242
0.502219
0.516671
0.306119
0.536183
0.335250
1.121550
0.420606
0.472196
1.391315
1.093465
0.527923
0.777774
0.527834
0.721301
0.517447
0.690947
0.491879
0.779892
1.182676
0.446006
0.249382
0.557003
0.559333
1.120978
1.087906
1.061193
0.983730
0.643865
0.649877
0.596831
0.776803
0.804165
0.725499
0.607824
0.641788
0.968807
0.508310
0.847098
1.053798
0.538503
1.121954
1.054105
0.549595
0.578157
0.845233
0.677800
0.860244
0.431507
0.961560
0.807970
0.986384
0.733568
0.575898
0.338148
0.690195
0.777542
0.525583
1.050780
1.003435
0.581160
1.048850
0.453201
0.857382
0.832156
0.786794
0.624762
0.711353
0.281171
0.715179
0.545862
0.633734
0.379005
0.941665
1.210871
0.857298
0.750669
0.722362
0.676012
1.015213
0.472325
0.772336
0.769352
0.516437
1.064251
1.103337
0.735792
0.614064
0.483682
0.737178
0.705269
0.961241
0.734779
1.153940
0.740826
0.679589
1.068067
0.997420
0.478272
0.634060
0.838951
1.488452
0.663709
0.934831
1.098175
0.803460
0.591842
1.094373
0.631235
0.510718
0.884595
0.727170
0.492993
0.502657
0.740989
0.871374
0.464939
1.391211
0.554475
0.474807
0.488570
0.749782
0.437713
0.901532
0.564433
0.606525
0.521354
0.528677
0.635672
0.690103
0.889717
0.721964
0.588747
0.601233
0.616591
0.381344
0.619344
0.537000
0.555713
1.074187
0.445331
1.199615
0.978177
1.217495
1.142005
0.515412
0.822692
0.670203
1.077340
1.187025
0.628009
0.570331
1.078070
1.009104
0.729299
0.794194
0.903165
0.486667
0.777614
1.107172
0.836531
0.632949
0.907552
0.395286
1.072749
1.076609
1.181501
0.952928
1.256528
1.249002
0.989295
1.273382
0.827766
1.122376
0.868660
0.751272
1.509252
1.262321
2.102851
1.240441
0.749164
0.860593
0.862440
0.740399
1.134464
0.920830
0.929662
0.887122
0.721204
0.895686
0.888994
0.981460
1.152102
1.119884
0.959124
0.967312
1.070303
0.804940
0.933056
0.745082
0.955550
0.704063
0.819403
0.892906
0.578142
0.614014
0.770089
0.842283
0.885526
0.722143
0.707573
0.733073
0.664769
0.841073
0.761392
0.800345
0.654972
0.733444
0.871231
0.750630
0.769897
0.786914
0.825863
0.895204
1.057465
0.767096
0.689956
0.880776
0.896790
0.891482
0.844115
0.864568
0.878249
0.951123
0.804929
0.822445
0.711337
0.711167
0.731737
0.795121
1.036209
1.008962
1.111607
0.845525
0.809938
0.689937
0.837233
0.775584
0.820893
0.590069
0.551507
0.912742
0.785582
0.748541
0.698829
0.978355
0.946592
0.921240
1.143011
1.038151
0.549003
0.582174
0.680151
0.702531
0.915183
0.600363
1.027901
0.599023
1.016022
0.650516
0.674958
0.586704
0.746567
0.768627
0.744562
0.907350
0.508057
0.598012
0.774181
0.747547
0.853985
0.831098
0.738610
0.832846
0.824353
0.823375
0.571395
0.601126
0.799715
0.468723
0.314230
0.622535
1.404588
0.481251
1.233935
0.345132
1.195661
0.383700
0.884231
1.321038
0.950514
1.313489
0.289015
0.511786
1.119346
1.054732
0.644551
1.070236
1.273105
0.534359
1.161295
1.330364
0.595384
0.492021
0.744703
0.511560
0.733507
1.299578
0.563776
0.795437
1.034073
0.301215
0.926849
0.838625
0.520785
1.136731
0.964104
0.381619
0.914797
0.954854
0.723211
0.486329
0.570872
0.999517
0.289765
0.932995
0.698281
0.794628
1.421117
0.817269
1.094884
0.832160
0.430316
0.807988
0.204988
1.159226
0.418277
1.224134
0.922110
0.482529
0.490307
0.298062
0.526084
0.309576
1.086236
0.405052
0.478605
1.327436
1.070664
0.504552
0.755473
0.494805
0.683995
0.487519
0.657482
0.460545
0.758314
1.141883
0.460816
0.256149
0.527418
0.539421
1.096159
1.027904
1.005695
0.941141
0.629352
0.607363
0.565335
0.739597
0.795083
0.685430
0.601091
0.605807
0.919757
0.499184
0.814255
1.004679
0.520474
1.060157
1.008737
0.532677
0.560884
0.801866
0.640801
0.834850
0.418100
0.909063
0.761046
0.935606
0.715612
0.551198
0.338478
0.676560
0.744647
0.531696
1.002882
1.000139
0.547081
1.029424
0.420237
0.833312
0.784409
0.738504
0.591793
0.681690
0.287403
0.689228
0.510261
0.603583
0.361223
0.897583
1.166538
0.833332
0.708817
0.702600
0.656149
0.956168
0.445408
0.725460
0.734440
0.508244
1.051700
1.094582
0.699884
0.578134
0.472655
0.693108
0.674058
0.910370
0.699259
1.152878
0.715534
0.665528
1.011493
0.947866
0.472042
0.614058
0.816308
1.419792
0.628040
0.902943
1.067992
0.756473
0.551569
1.079452
0.595655
0.511788
0.836542
0.710192
0.485812
0.477964
0.713850
0.836466
0.434621
1.368424
0.523487
0.436986
0.466454
0.723868
0.424677
0.885121
0.538112
0.579550
0.516824
0.509854
0.593761
0.661823
0.904346
0.693608
0.581301
0.622698
0.585492
0.378795
0.603426
0.518856
0.545965
1.081553
0.462753
1.233145
0.982807
1.268076
1.153476
0.498513
0.826114
0.656783
1.105490
1.225268
0.626411
0.571823
1.030950
1.015477
0.749838
0.815028
0.933849
0.495923
0.799805
1.057490
0.863614
0.648707
0.926588
0.407926
1.053727
1.098015
1.152856
0.975426
1.290770
1.214516
0.959242
1.240414
0.805061
1.091186
0.840387
0.723868
1.452902
1.214195
2.039494
1.203602
0.718135
0.836006
0.845047
0.715972
1.103373
0.886323
0.901446
0.860504
0.706169
0.868772
0.861015
0.945988
1.118073
1.079784
0.935722
0.939907
1.038871
0.779997
0.905804
0.725667
0.931167
0.677916
0.787688
0.862300
0.562871
0.589471
0.739863
0.815318
0.850456
0.699293
0.689693
0.705613
0.652719
0.832223
0.743526
0.777696
0.631489
0.709534
0.842193
0.722276
0.747074
0.758026
0.799260
0.862172
1.010825
0.746676
0.664031
0.849500
0.857662
0.855132
0.805061
0.825214
0.842469
0.912265
0.774705
0.787505
0.684366
0.693212
0.717937
0.771985
0.989846
0.964282
1.061787
0.805723
0.765544
0.652485
0.797512
0.745282
0.796379
0.565387
0.521396
0.861342
0.744293
0.715818
0.667310
0.947705
0.901255
0.875980
1.095839
0.988271
0.529538
0.574909
0.656839
0.664395
0.891023
0.588622
1.010321
0.575263
0.976626
0.648751
0.653793
0.566789
0.711028
0.744273
0.718981
0.866293
0.492455
0.580203
0.751619
0.718089
0.814429
0.791590
0.709730
0.798769
0.811000
0.797441
0.555719
0.575184
0.770634
0.459305
0.327214
0.580176
1.351669
0.450998
1.172248
0.321119
1.134460
0.377771
0.861567
1.256281
1.002289
1.254904
0.271391
0.487470
1.059635
1.000692
0.618704
1.073881
1.220974
0.498973
1.145352
1.317531
0.555836
0.455513
0.710640
0.482328
0.689791
1.247656
0.555052
0.795062
1.085400
0.296016
0.880112
0.789489
0.484578
1.082825
0.916351
0.378733
0.869076
0.926270
0.694553
0.468318
0.536440
0.951489
0.269627
0.904405
0.659497
0.750821
1.354630
0.788591
1.037548
0.785331
0.409071
0.780218
0.210682
1.099321
0.443148
1.177098
0.881371
0.467040
0.468639
0.293103
0.519283
0.288607
1.056443
0.393294
0.487047
1.271409
1.052277
0.485684
0.737552
0.467022
0.652354
0.462651
0.629229
0.434324
0.740978
1.107022
0.476788
0.264701
0.502842
0.523542
1.075772
0.975260
0.957177
0.904706
0.618406
0.570913
0.538960
0.707858
0.789191
0.651106
0.597222
0.575229
0.877265
0.493351
0.786606
0.962077
0.506412
1.006028
0.969502
0.519709
0.547385
0.764651
0.609385
0.813942
0.408167
0.863376
0.720567
0.891441
0.701556
0.530999
0.341249
0.666487
0.716840
0.539632
0.961494
0.999445
0.518319
1.014005
0.392426
0.813625
0.743062
0.696605
0.563962
0.656960
0.295442
0.667781
0.480129
0.578305
0.347207
0.859458
1.128370
0.813704
0.672998
0.686935
0.640288
0.904575
0.423214
0.684795
0.704775
0.503061
1.042478
1.088909
0.669432
0.547536
0.464821
0.655074
0.647842
0.866240
0.668938
1.154403
0.694587
0.654975
0.962074
0.904782
0.468618
0.598147
0.797880
1.359264
0.597763
0.876041
1.042685
0.715788
0.516989
1.068149
0.565513
0.515130
0.794807
0.697014
0.481407
0.457685
0.691412
0.806827
0.409258
1.349841
0.497393
0.404687
0.448504
0.702368
0.414991
0.872380
0.516201
0.557241
0.514926
0.494866
0.557816
0.638238
0.920177
0.669968
0.576796
0.644678
0.559262
0.378788
0.591194
0.504536
0.539361
1.090540
0.481111
1.266068
0.989305
1.316686
1.166354
0.485256
0.831523
0.646862
1.133560
1.262623
0.627197
0.575459
0.990071
1.023605
0.770911
0.836230
0.964338
0.506670
0.822361
1.014230
0.890663
0.665460
0.946281
0.421707
1.038505
1.119855
1.128880
0.998183
1.324469
1.185265
0.934058
1.212490
0.786557
1.064983
0.816729
0.701096
1.403514
1.172507
1.983720
1.172081
0.692109
0.815805
0.831379
0.695852
1.077150
0.856975
0.877859
0.838359
0.694577
0.846325
0.837669
0.915811
1.089277
1.045239
0.916419
0.917053
1.012362
0.759282
0.882937
0.710051
0.910940
0.656265
0.760858
0.836415
0.551021
0.569223
0.714478
0.792900
0.820557
0.680543
0.675449
0.682713
0.643809
0.826349
0.729333
0.759095
0.612219
0.689632
0.817783
0.698458
0.728340
0.733699
0.777052
0.834044
0.970287
0.730118
0.642501
0.823086
0.823977
0.824037
0.771433
0.791351
0.811892
0.878768
0.749102
0.757666
0.661830
0.678863
0.707408
0.753001
0.949506
0.925441
1.018336
0.771390
0.727004
0.620411
0.763200
0.719773
0.776087
0.544985
0.495970
0.816456
0.708507
0.687833
0.640605
0.921707
0.861824
0.836675
1.054643
0.944799
0.513777
0.570335
0.637529
0.631590
0.871081
0.580061
0.996347
0.555576
0.942705
0.649192
0.636585
0.550656
0.680543
0.724066
0.697735
0.830690
0.480133
0.566095
0.733164
0.693191
0.780299
0.757523
0.685380
0.769608
0.800779
0.775718
0.543530
0.553503
0.745992
0.452726
0.341088
0.543527
1.305278
0.425308
1.117836
0.301221
1.080522
0.374394
0.842975
1.199157
1.051797
1.203341
0.257350
0.467315
1.007056
0.953323
0.597198
1.079384
1.175288
0.468649
1.132790
1.307950
0.521670
0.424215
0.681560
0.457564
0.651821
1.202023
0.549147
0.796816
1.134494
0.293289
0.839480
0.746540
0.453532
1.035553
0.874615
0.378160
0.829215
0.902105
0.670326
0.453866
0.506847
0.909451
0.253158
0.880173
0.625978
0.712658
1.295780
0.764436
0.987134
0.744475
0.391678
0.756807
0.217993
1.046502
0.467897
1.136179
0.846030
0.454932
0.450810
0.290531
0.515052
0.271484
1.031235
0.384544
0.496886
1.222109
1.037479
0.470474
0.723184
0.443590
0.625441
0.441945
0.605310
0.412327
0.727090
1.077145
0.493380
0.274441
0.482403
0.510917
1.059001
0.928918
0.914618
0.873432
0.610295
0.539560
0.516809
0.680704
0.785768
0.621611
0.595553
0.549149
0.840337
0.490079
0.763274
0.924999
0.495543
0.958470
0.935446
0.509906
0.536904
0.732614
0.582627
0.796711
0.400981
0.823486
0.685511
0.852903
0.690621
0.514470
0.345793
0.659235
0.693258
0.548811
0.925614
1.000704
0.493979
1.001821
0.368900
0.797519
0.707132
0.660122
0.540383
0.636297
0.304698
0.650034
0.454556
0.557047
0.336222
0.826381
1.095402
0.797617
0.642255
0.674572
0.627650
0.859359
0.404885
0.649411
0.679498
0.500210
1.035868
1.085635
0.643531
0.521383
0.459481
0.622125
0.625765
0.827821
0.642965
1.157844
0.677214
0.647207
0.918759
0.867202
0.467344
0.585546
0.782881
1.305750
0.571977
0.853273
1.021414
0.680441
0.487186
1.059729
0.539909
0.520114
0.758436
0.686881
0.479119
0.441020
0.672835
0.781576
0.387992
1.334691
0.475363
0.377013
0.433954
0.684487
0.407956
0.862566
0.497917
0.538770
0.515021
0.482973
0.526892
0.618525
0.936674
0.650220
0.574558
0.666720
0.537100
0.380676
0.581903
0.493295
0.535209
1.100598
0.499881
1.298025
0.997096
1.363068
1.180092
0.474930
0.838325
0.639704
1.161142
1.298750
0.629759
0.580647
0.954480
1.032916
0.792066
0.857364
0.994211
0.518372
0.844836
0.976436
0.917274
0.682692
0.966162
0.436127
1.026354
1.141687
1.108763
1.020774
1.357242
1.160384
0.912915
1.188789
0.771483
1.042897
0.796899
0.682141
1.360103
1.136279
1.934479
1.145046
0.670238
0.799193
0.820723
0.679263
1.054984
0.831941
0.858088
0.819901
0.685725
0.827578
0.818144
0.890070
1.064855
1.015377
0.900479
0.897957
0.989946
0.742079
0.863719
0.697513
0.894109
0.638299
0.738097
0.814467
0.541909
0.552499
0.693103
0.774219
0.794987
0.665138
0.664142
0.663565
0.637382
0.822787
0.718105
0.743807
0.596378
0.673034
0.797218
0.678413
0.712962
0.713164
0.758469
0.810010
0.934925
0.716702
0.624594
0.800725
0.794882
0.797344
0.742386
0.762104
0.785696
0.849799
0.727332
0.732107
0.642961
0.667432
0.699485
0.737418
0.914293
0.891563
0.980321
0.741656
0.693434
0.592855
0.733472
0.698243
0.759261
0.528110
0.474446
0.777131
0.677385
0.663821
0.617918
0.899593
0.827414
0.802428
1.018539
0.906790
0.501012
0.567846
0.621499
0.603278
0.854610
0.574017
0.985286
0.539236
0.913397
0.651290
0.622608
0.537605
0.654313
0.707282
0.680043
0.799687
0.470454
0.554970
0.718078
0.672091
0.750746
0.728048
0.664784
0.744567
0.793063
0.757488
0.534141
0.535338
0.725050
0.448376
0.355442
0.511713
1.264482
0.403420
1.069688
0.284713
1.032848
0.372978
0.827713
1.148635
1.098852
1.157826
0.246209
0.450585
0.960621
0.911673
0.579283
1.086185
1.135118
0.442570
1.122952
1.300952
0.492061
0.397315
0.656654
0.436529
0.618737
1.161803
0.545443
0.800137
1.181163
0.292449
0.804045
0.708879
0.426828
0.993971
0.838024
0.379330
0.794350
0.881616
0.649789
0.442287
0.481328
0.872536
0.239679
0.859598
0.596911
0.679286
1.243554
0.744047
0.942680
0.708714
0.377423
0.737024
0.226391
0.999798
0.492174
1.100470
0.815268
0.445540
0.436127
0.289781
0.512800
0.257500
1.009851
0.378182
0.507617
1.178586
1.025592
0.458236
0.711689
0.423777
0.602480
0.424680
0.584987
0.393824
0.715979
1.051451
0.510173
0.284921
0.465360
0.500916
1.045184
0.887993
0.877154
0.846514
0.604426
0.512498
0.498173
0.657385
0.784248
0.596174
0.595541
0.526837
0.808136
0.488774
0.743519
0.892623
0.487219
0.916557
0.905791
0.502615
0.528844
0.704944
0.559763
0.782496
0.395954
0.788548
0.655069
0.819166
0.682198
0.500939
0.351601
0.654195
0.673193
0.558767
0.894407
1.003402
0.473323
0.992247
0.348931
0.784336
0.675806
0.628245
0.520357
0.618994
0.314732
0.635312
0.432785
0.539124
0.327667
0.797563
1.066819
0.784429
0.615777
0.664865
0.617624
0.819610
0.389743
0.618510
0.657882
0.499145
1.031317
1.084203
0.621433
0.498961
0.456093
0.593493
0.607119
0.794281
0.620638
1.162673
0.662774
0.641640
0.880687
0.834312
0.467689
0.575609
0.770681
1.258317
0.549952
0.833956
1.003488
0.649640
0.461418
1.053591
0.518096
0.526252
0.726644
0.679187
0.478467
0.427311
0.657446
0.759992
0.370127
1.322335
0.456711
0.353227
0.422162
0.669599
0.403012
0.855101
0.482624
0.523456
0.516603
0.473573
0.500205
0.602010
0.953420
0.633690
0.574055
0.688458
0.518311
0.383957
0.574966
0.484536
0.532961
1.111299
0.518687
1.328759
1.005737
1.407079
1.194260
0.466938
0.846070
0.634736
1.187925
1.333392
0.633607
0.586909
0.923402
1.042974
0.812954
0.878126
1.023173
0.530610
0.866911
0.943316
0.943147
0.700028
0.985879
0.450804
1.016688
1.163168
1.091844
1.042904
1.388819
1.139153
0.895106
1.168604
0.759203
1.024253
0.780229
0.666342
1.321821
1.104720
1.890887
1.121757
0.651819
0.785533
0.812482
0.665573
1.036184
0.810515
0.841487
0.804481
0.679064
0.811881
0.801785
0.868049
1.044082
0.989468
0.887312
0.881968
0.970934
0.727746
0.847499
0.687468
0.880088
0.623377
0.718728
0.795783
0.534996
0.538671
0.675065
0.758627
0.773057
0.652487
0.655206
0.647528
0.632905
0.821014
0.709256
0.731223
0.583365
0.659149
0.779848
0.661480
0.700329
0.695772
0.742879
0.789404
0.903992
0.705837
0.609672
0.781736
0.769662
0.774365
0.717219
0.736781
0.763170
0.824659
0.708772
0.710144
0.627119
0.658357
0.693636
0.724646
0.883457
0.861924
0.946959
0.715839
0.664091
0.569114
0.707618
0.680022
0.745289
0.514131
0.456164
0.742589
0.650236
0.643146
0.598572
0.880722
0.797293
0.772495
0.986803
0.873463
0.490696
0.566956
0.608177
0.578760
0.840984
0.569957
0.976578
0.525648
0.888000
0.654580
0.611264
0.527049
0.631670
0.693296
0.665301
0.772624
0.462883
0.546252
0.705746
0.654154
0.725085
0.702473
0.647323
0.723002
0.787338
0.742127
0.527002
0.520087
0.707209
0.445758
0.369895
0.484014
1.228501
0.384720
1.026996
0.270986
0.990589
0.373048
0.815194
1.103831
1.143351
1.117530
0.237404
0.436676
0.919504
0.874949
0.564327
1.093869
1.099704
0.420084
1.115302
1.295999
0.466310
0.374107
0.635263
0.418610
0.589823
1.126254
0.543445
0.804577
1.225305
0.293030
0.773053
0.675763
0.403798
0.957289
0.805848
0.381808
0.763760
0.864199
0.632331
0.433053
0.459245
0.840034
0.228650
0.842049
0.571621
0.650027
1.197094
0.726787
0.903371
0.677308
0.365750
0.720265
0.235490
0.958392
0.515727
1.069215
0.788410
0.438338
0.424029
0.290406
0.512078
0.246089
0.991661
0.373712
0.518854
1.140086
1.016072
0.448418
0.702538
0.406976
0.582839
0.410259
0.567677
0.378232
0.707131
1.029289
0.526867
0.295783
0.451138
0.493037
1.033805
0.851762
0.844104
0.823264
0.600317
0.489074
0.482451
0.637299
0.784179
0.574170
0.596780
0.507691
0.779974
0.488967
0.726751
0.864269
0.480936
0.879513
0.879882
0.497331
0.522716
0.680971
0.540173
0.770754
0.392633
0.757854
0.628559
0.789530
0.675778
0.489871
0.358269
0.650896
0.656076
0.569158
0.867186
1.007127
0.455741
0.984772
0.331948
0.773551
0.648416
0.600311
0.503296
0.604480
0.325180
0.623096
0.414208
0.523970
0.321056
0.772387
1.041973
0.773609
0.592908
0.657306
0.609712
0.784578
0.377217
0.591442
0.639343
0.499435
1.028381
1.084167
0.602535
0.479670
0.454215
0.568524
0.591341
0.764919
0.601396
1.168476
0.650756
0.637806
0.847123
0.805442
0.469252
0.567832
0.760756
1.216162
0.531087
0.817515
0.988349
0.622703
0.439072
1.049259
0.499474
0.533175
0.698763
0.673439
0.479026
0.416041
0.644678
0.741507
0.355084
1.312267
0.440874
0.332721
0.412628
0.657165
0.399710
0.849506
0.469805
0.510747
0.519276
0.466192
0.477109
0.588159
0.970094
0.619822
0.574856
0.709649
0.502331
0.388233
0.569905
0.477765
0.532175
1.122323
0.537229
1.358117
1.014885
1.448627
1.208553
0.460834
0.854402
0.631486
1.213708
1.366409
0.638357
0.593892
0.896174
1.053433
0.833333
0.898298
1.051008
0.543055
0.888343
0.914203
0.968070
0.717179
1.005170
0.465451
1.009025
1.184062
1.077585
1.064336
1.419033
1.120990
0.880095
1.151383
0.749215
1.008456
0.766195
0.653154
1.287996
1.077115
1.852198
1.101656
0.636273
0.774299
0.806177
0.654266
1.020233
0.792132
0.827509
0.791574
0.674149
0.798708
0.788043
0.849154
1.026367
0.966934
0.876411
0.868547
0.954785
0.715794
0.833788
0.679451
0.868385
0.610970
0.702202
0.779839
0.529833
0.527235
0.659807
0.745589
0.754197
0.642082
0.648179
0.634069
0.629965
0.820614
0.702347
0.720878
0.572672
0.647508
0.765131
0.647149
0.689954
0.681007
0.729783
0.771678
0.876851
0.697063
0.597219
0.765581
0.747728
0.754520
0.695342
0.714774
0.743749
0.802778
0.692892
0.691215
0.613792
0.651196
0.689428
0.714156
0.856385
0.835914
0.917598
0.693344
0.638375
0.548592
0.685079
0.664582
0.733675
0.502539
0.440605
0.712152
0.626476
0.625283
0.582048
0.864569
0.770845
0.746261
0.958822
0.844155
0.482368
0.567276
0.597078
0.557465
0.829711
0.567454
0.969764
0.514340
0.865922
0.658722
0.602088
0.518540
0.612061
0.681641
0.652987
0.748890
0.457022
0.539478
0.695682
0.638868
0.702721
0.680207
0.632478
0.704360
0.783193
0.729181
0.521657
0.507252
0.691969
0.444475
0.384222
0.459817
1.196684
0.368699
0.989018
0.259566
0.953041
0.374242
0.804917
1.064006
1.185254
1.081783
0.230500
0.425100
0.882997
0.842477
0.551834
1.102096
1.068396
0.400622
1.109414
1.292665
0.443851
0.354046
0.616840
0.403300
0.564473
1.094739
0.542763
0.809805
1.266884
0.294674
0.745873
0.646548
0.383873
0.924855
0.777457
0.385205
0.736842
0.849334
0.617447
0.425711
0.440079
0.811314
0.219624
0.827054
0.549559
0.624288
1.155669
0.712150
0.868527
0.649659
0.356190
0.706023
0.244972
0.921592
0.538385
1.041788
0.764886
0.432889
0.414058
0.292052
0.512509
0.236788
0.976153
0.370732
0.530321
1.105929
1.008470
0.440559
0.695272
0.392694
0.565972
0.398188
0.552889
0.365063
0.700112
1.010114
0.543222
0.306783
0.439253
0.486865
1.024415
0.819599
0.814842
0.803132
0.597601
0.468739
0.469156
0.619936
0.785201
0.555073
0.598934
0.491213
0.755270
0.490291
0.712493
0.839358
0.476285
0.846699
0.857180
0.493634
0.518138
0.660149
0.523347
0.761050
0.390619
0.730816
0.605387
0.763437
0.670971
0.480820
0.365490
0.648968
0.641425
0.579713
0.843372
1.011578
0.440751
0.978993
0.317459
0.764728
0.624388
0.575768
0.488728
0.592292
0.335794
0.612943
0.398316
0.511145
0.316018
0.750327
1.020311
0.764736
0.573104
0.651479
0.603504
0.753619
0.366858
0.567654
0.623396
0.500737
1.026701
1.085189
0.586319
0.463026
0.453502
0.546688
0.577951
0.739137
0.584745
1.174930
0.640729
0.635338
0.817464
0.780025
0.471695
0.561790
0.752705
1.178604
0.514885
0.803488
0.975538
0.599090
0.419634
1.046359
0.483517
0.540570
0.674241
0.669247
0.480493
0.406756
0.634086
0.725616
0.342396
1.304072
0.427389
0.314990
0.404931
0.646777
0.397704
0.845399
0.459035
0.500197
0.522728
0.460434
0.457057
0.576508
0.986480
0.608172
0.576629
0.730100
0.488718
0.393200
0.566312
0.472595
0.532504
1.133419
0.555305
1.385983
1.024273
1.487714
1.222718
0.456235
0.863053
0.629581
1.238356
1.397696
0.643717
0.601307
0.872259
1.064052
0.853006
0.917706
1.077583
0.555477
0.908976
0.888537
0.991906
0.733928
1.023857
0.479855
1.003009
1.204208
1.065535
1.084924
1.447758
