0.021355
0.021761
0.021659
0.021447
0.021784
0.021367
0.021623
0.021275
0.021224
0.021329
0.021993
0.021455
0.021452
0.021393
0.021958
0.021218
0.021247
0.021290
0.021299
0.021520
0.021463
0.021537
0.021384
0.021598
0.021803
0.021494
0.021163
0.021206
0.021295
0.021696
0.020895
0.021348
0.021083
0.021174
0.021515
0.021679
0.021064
0.021300
0.020941
0.021202
0.021540
0.021326
0.021091
0.021134
0.021593
0.021722
0.021666
0.021174
0.021287
0.021420
0.021522
0.020951
0.021192
0.021192
0.020991
0.021089
0.020981
0.021067
0.020883
0.021130
0.021437
0.020917
0.021345
0.021722
0.021152
0.021027
0.020783
0.021372
0.021371
0.021357
0.021400
0.021624
0.020967
0.021254
0.021183
0.020836
0.021164
0.021184
0.021131
0.020950
0.020806
0.020799
0.020509
0.021049
0.021379
0.020792
0.020918
0.021097
0.020743
0.021285
0.020964
0.021605
0.020810
0.020695
0.021099
0.020677
0.021060
0.020676
0.021014
0.021032
0.020745
0.020773
0.020394
0.020570
0.020811
0.020869
0.020852
0.020745
0.021248
0.020855
0.020925
0.020360
0.020938
0.021061
0.020781
0.020971
0.021061
0.020713
0.020462
0.020942
0.020678
0.020380
0.020768
0.020145
0.020540
0.021028
0.020569
0.020496
0.020738
0.020462
0.020518
0.020524
0.021193
0.020535
0.020614
0.020464
0.020527
0.020391
0.020392
0.020833
0.020571
0.020542
0.020506
0.020499
0.020142
0.020740
0.020908
0.020469
0.020652
0.020346
0.020269
0.020479
0.020451
0.020721
0.020337
0.020870
0.020593
0.020234
0.019823
0.020316
0.020428
0.020036
0.020307
0.020316
0.020709
0.020285
0.020073
0.020064
0.020076
0.020432
0.020023
0.020291
0.020589
0.019878
0.020232
0.019990
0.020153
0.020429
0.020518
0.020221
0.020087
0.020652
0.019938
0.020518
0.020745
0.020250
0.020299
0.019936
0.020139
0.020123
0.020169
0.019982
0.020263
0.020430
0.019661
0.020219
0.019901
0.020249
0.020120
0.020122
0.019942
0.019777
0.019736
0.020111
0.020017
0.020263
0.019906
0.020236
0.019777
0.019828
0.020222
0.019749
0.020293
0.019821
0.020030
0.019826
0.019882
0.020078
0.020032
0.019856
0.019910
0.019783
0.019468
0.020292
0.019738
0.020069
0.019981
0.019980
0.019873
0.019745
0.020036
0.019729
0.019672
0.020264
0.019627
0.019980
0.019905
0.019527
0.019723
0.020086
0.019858
0.019670
0.019782
0.019490
0.019898
0.019754
0.019540
0.019743
0.020244
0.019341
0.019683
0.019370
0.019610
0.019412
0.019693
0.019188
0.019939
0.019610
0.019133
0.019360
0.020051
0.019345
0.019590
0.019341
0.019635
0.019565
0.019326
0.019407
0.019499
0.019098
0.019562
0.019558
0.019259
0.019454
0.019502
0.019714
0.019697
0.019289
0.019118
0.019180
0.019274
0.019405
0.019923
0.019100
0.018973
0.019094
0.019436
0.019726
0.019299
0.019200
0.019047
0.019360
0.019398
0.019170
0.019563
0.019071
0.019199
0.019531
0.019903
0.019167
0.019978
0.019412
0.019289
0.019464
0.019276
0.019111
0.019374
0.019006
0.019152
0.019290
0.019120
0.019323
0.018934
0.019306
0.019011
0.019279
0.019410
0.019351
0.018974
0.019051
0.019185
0.018994
0.019533
0.019179
0.019268
0.018801
0.019249
0.019047
0.019012
0.019044
0.018914
0.019120
0.019055
0.019341
0.019442
0.018613
0.019097
0.018916
0.018704
0.018781
0.018800
0.019209
0.018661
0.019082
0.019439
0.018765
0.019007
0.018530
0.018623
0.018949
0.018831
0.018656
0.018963
0.018625
0.018834
0.018540
0.018486
0.018589
0.019174
0.018742
0.018708
0.018694
0.019166
0.018518
0.018504
0.018558
0.018601
0.018783
0.018719
0.018800
0.018649
0.018840
0.019015
0.018745
0.018445
0.018479
0.018545
0.018941
0.018218
0.018625
0.018377
0.018461
0.018761
0.018959
0.018366
0.018603
0.018262
0.018468
0.018768
0.018608
0.018383
0.018421
0.018863
0.018965
0.018926
0.018448
0.018565
0.018680
0.018754
0.018270
0.018478
0.018542
0.018307
0.018392
0.018288
0.018367
0.018207
0.018442
0.018759
0.018243
0.018660
0.018963
0.018445
0.018355
0.018105
0.018679
0.018651
0.018622
0.018704
0.018845
0.018273
0.018563
0.018476
0.018176
0.018513
0.018480
0.018501
0.018295
0.018149
0.018167
0.017880
0.018388
0.018644
0.018122
0.018268
0.018398
0.018095
0.018602
0.018302
0.018908
0.018186
0.018061
0.018431
0.018036
0.018397
0.018081
0.018322
0.018355
0.018095
0.018133
0.017784
0.017970
0.018142
0.018202
0.018225
0.018095
0.018599
0.018155
0.018266
0.017747
0.018267
0.018389
0.018138
0.018330
0.018412
0.018088
0.017844
0.018283
0.018050
0.017779
0.018161
0.017588
0.017949
0.018347
0.017957
0.017855
0.018130
0.017849
0.017938
0.017925
0.018560
0.017919
0.018019
0.017876
0.017916
0.017823
0.017814
0.018198
0.017978
0.017930
0.017936
0.017895
0.017604
0.018132
0.018246
0.017859
0.018046
0.017765
0.017705
0.017918
0.017869
0.018151
0.017779
0.018268
0.018004
0.017661
0.017289
0.017727
0.017838
0.017504
0.017719
0.017776
0.018090
0.017710
0.017534
0.017506
0.017532
0.017863
0.017495
0.017745
0.018011
0.017377
0.017700
0.017475
0.017598
0.017883
0.017902
0.017683
0.017599
0.018067
0.017417
0.017954
0.018161
0.017696
0.017750
0.017407
0.017603
0.017604
0.017656
0.017453
0.017692
0.017864
0.017173
0.017684
0.017391
0.017718
0.017600
0.017612
0.017447
0.017285
0.017264
0.017602
0.017516
0.017750
0.017404
0.017707
0.017282
0.017318
0.017711
0.017267
0.017755
0.017339
0.017526
0.017329
0.017371
0.017566
0.017506
0.017353
0.017422
0.017289
0.017033
0.017738
0.017248
0.017551
0.017473
0.017486
0.017384
0.017272
0.017536
0.017235
0.017207
0.017727
0.017154
0.017510
0.017424
0.017084
0.017241
0.017602
0.017366
0.017199
0.017314
0.017026
0.017428
0.017265
0.017112
0.017270
0.017726
0.016911
0.017236
0.016917
0.017181
0.017023
0.017212
0.016790
0.017478
0.017171
0.016727
0.016939
0.017550
0.016928
0.017121
0.016935
0.017200
0.017125
0.016914
0.016995
0.017048
0.016693
0.017111
0.017130
0.016855
0.017032
0.017054
0.017257
0.017250
0.016878
0.016706
0.016770
0.016869
0.016964
0.017471
0.016697
0.016588
0.016702
0.017034
0.017306
0.016891
0.016782
0.016663
0.016949
0.016999
0.016791
0.017146
0.016677
0.016816
0.017125
0.017477
0.016792
0.017557
0.017012
0.016884
0.017054
0.016912
0.016763
0.016984
0.016625
0.016785
0.016904
0.016757
0.016928
0.016562
0.016907
0.016626
0.016911
0.017016
0.016954
0.016623
0.016707
0.016797
0.016667
0.017117
0.016787
0.016886
0.016458
0.016877
0.016700
0.016665
0.016689
0.016563
0.016746
0.016705
0.016986
0.017060
0.016290
0.016758
0.016578
0.016355
0.016454
0.016481
0.016859
0.016351
0.016733
0.017075
0.016439
0.016668
0.016208
0.016319
0.016605
0.016483
0.016329
0.016626
0.016314
0.016503
0.016241
0.016181
0.016277
0.016817
0.016445
0.016386
0.016394
0.016814
0.016226
0.016191
0.016247
0.016303
0.016474
0.016403
0.016493
0.016352
0.016518
0.016670
0.016427
0.016144
0.016177
0.016230
0.016622
0.015952
0.016332
0.016091
0.016176
0.016456
0.016668
0.016075
0.016313
0.015996
0.016172
0.016452
0.016328
0.016102
0.016143
0.016578
0.016673
0.016623
0.016157
0.016283
0.016378
0.016442
0.016014
0.016198
0.016296
0.016037
0.016116
0.016025
0.016100
0.015950
0.016173
0.016486
0.015984
0.016394
0.016668
0.016179
0.016092
0.015856
0.016406
0.016373
0.016330
0.016441
0.016541
0.016015
0.016296
0.016197
0.015932
0.016278
0.016222
0.016267
0.016052
0.015913
0.015940
0.015653
0.016139
0.016362
0.015876
0.016031
0.016146
0.015867
0.016351
0.016074
0.016635
0.015963
0.015839
0.016189
0.015810
0.016151
0.015872
0.016079
0.016117
0.015876
0.015912
0.015578
0.015761
0.015911
0.015969
0.016008
0.015872
0.016371
0.015914
0.016032
0.015538
0.016032
0.016143
0.015925
0.016122
0.016194
0.015864
0.015640
0.016053
0.015838
0.015581
0.015956
0.015413
0.015758
0.016120
0.015753
0.015645
0.015925
0.015654
0.015747
0.015723
0.016352
0.015714
0.015829
0.015688
0.015717
0.015647
0.015621
0.015991
0.015788
0.015738
0.015764
0.015700
0.015443
0.015940
0.016037
0.015675
0.015852
0.015581
0.015531
0.015730
0.015687
0.015976
0.015612
0.016088
0.015826
0.015488
0.015137
0.015548
0.015658
0.015346
0.015539
0.015614
0.015908
0.015542
0.015381
0.015345
0.015379
0.015697
0.015352
0.015589
0.015839
0.015238
0.015553
0.015332
0.015447
0.015725
0.015714
0.015523
0.015467
0.015890
0.015273
0.015795
0.015994
0.015535
0.015598
0.015265
0.015459
0.015471
0.015520
0.015312
0.015535
0.015706
0.015045
0.015541
0.015256
0.015571
0.015464
0.015483
0.015322
0.015167
0.015155
0.015471
0.015389
0.015621
0.015283
0.015573
0.015161
0.015192
0.015583
0.015153
0.015619
0.015224
0.015399
0.015209
0.015246
0.015434
0.015380
0.015233
0.015309
0.015178
0.014942
0.015588
0.015138
0.015421
0.015355
0.015374
0.015275
0.015170
0.015425
0.015124
0.015109
0.015582
0.015056
0.015407
0.015314
0.014995
0.015134
0.015486
0.015246
0.015103
0.015219
0.014935
0.015325
0.015166
0.015035
0.015175
0.015606
0.014838
0.015149
0.014833
0.015107
0.014964
0.015113
0.014732
0.015384
0.015089
0.014662
0.014870
0.015442
0.014857
0.015032
0.014872
0.015125
0.015051
0.014851
0.014932
0.014971
0.014635
0.015039
0.015061
0.014800
0.014966
0.014968
0.015177
0.015177
0.014821
0.014646
0.014720
0.014811
0.014891
0.015399
0.014641
0.014545
0.014656
0.014982
0.015242
0.014838
0.014727
0.014620
0.014898
0.014947
0.014754
0.015090
0.014634
0.014774
0.015076
0.015413
0.014755
0.015496
0.014962
0.014841
0.015011
0.014882
0.014740
0.014947
0.014589
0.014759
0.014871
0.014737
0.014887
0.014536
0.014866
0.014596
0.014893
0.014980
0.014913
0.014602
0.014695
0.014761
0.014659
0.015071
0.014750
0.014860
0.014442
0.014848
0.014691
0.014652
0.014674
0.014550
0.014727
0.014698
0.014978
0.015032
0.014292
0.014747
0.014575
0.014345
0.014455
0.014487
0.014844
0.014361
0.014719
0.015062
0.014440
0.014665
0.014212
0.014334
0.014596
0.014485
0.014333
0.014629
0.014325
0.014506
0.014262
0.014196
0.014292
0.014811
0.014467
0.014394
0.014413
0.014809
0.014248
0.014209
0.014265
0.014327
0.014495
0.014418
0.014517
0.014378
0.014530
0.014671
0.014447
0.014171
0.014203
0.014252
0.014640
0.013996
0.014361
0.014127
0.014215
0.014479
0.014702
0.014107
0.014347
0.014039
0.014207
0.014479
0.014369
0.014144
0.014188
0.014616
0.014711
0.014656
0.014196
0.014324
0.014408
0.014469
0.014069
0.014240
0.014359
0.014087
0.014163
0.014080
0.014154
0.014008
0.014223
0.014532
0.014042
0.014447
0.014713
0.014232
0.014147
0.013920
0.014454
0.014421
0.014373
0.014503
0.014580
0.014077
0.014349
0.014249
0.013999
0.014350
0.014285
0.014339
0.014121
0.013988
0.014017
0.013733
0.014208
0.014414
0.013947
0.014105
0.014216
0.013947
0.014421
0.014157
0.014683
0.014046
0.013924
0.014263
0.013897
0.014226
0.013964
0.014158
0.014198
0.013968
0.013999
0.013672
0.013854
0.013999
0.014054
0.014098
0.013961
0.014460
0.013999
0.014115
0.013636
0.014119
0.014221
0.014023
0.014221
0.014288
0.013957
0.013742
0.014141
0.013939
0.013689
0.014058
0.013529
0.013868
0.014214
0.013857
0.013750
0.014029
0.013765
0.013856
0.013829
0.014452
0.013819
0.013942
0.013802
0.013827
0.013767
0.013730
0.014101
0.013903
0.013853
0.013890
0.013814
0.013575
0.014057
0.014149
0.013798
0.013966
0.013700
0.013659
0.013840
0.013810
0.014101
0.013743
0.014216
0.013951
0.013616
0.013277
0.013677
0.013784
0.013483
0.013666
0.013747
0.014039
0.013676
0.013521
0.013483
0.013524
0.013835
0.013502
0.013730
0.013973
0.013387
0.013702
0.013480
0.013593
0.013866
0.013840
0.013663
0.013622
0.014024
0.013423
0.013937
0.014134
0.013678
0.013744
0.013417
0.013616
0.013630
0.013675
0.013468
0.013684
0.013855
0.013207
0.013694
0.013414
0.013724
0.013624
0.013647
0.013487
0.013338
0.013327
0.013636
0.013553
0.013785
0.013455
0.013737
0.013331
0.013363
0.013748
0.013327
0.013785
0.013399
0.013563
0.013382
0.013416
0.013598
0.013552
0.013407
0.013483
0.013360
0.013132
0.013748
0.013319
0.013589
0.013532
0.013554
0.013457
0.013356
0.013607
0.013305
0.013296
0.013744
0.013246
0.013591
0.013496
0.013190
0.013318
0.013666
0.013421
0.013295
0.013413
0.013132
0.013512
0.013361
0.013238
0.013370
0.013786
0.013043
0.013349
0.013034
0.013314
0.013178
0.013308
0.012948
0.013578
0.013292
0.012872
0.013080
0.013633
0.013065
0.013235
0.013086
0.013335
0.013262
0.013066
0.013147
0.013181
0.012854
0.013252
0.013277
0.013022
0.013181
0.013172
0.013388
0.013391
0.013045
0.012865
0.012945
0.013034
0.013104
0.013617
0.012864
0.012777
0.012884
0.013209
0.013464
0.013066
0.012953
0.012854
0.013130
0.013172
0.012991
0.013317
0.012869
0.013009
0.013307
0.013631
0.012992
0.013720
0.013193
0.013078
0.013249
0.013123
0.012987
0.013187
0.012830
0.013006
0.013114
0.012990
0.013126
0.012786
0.013104
0.012844
0.013148
0.013224
0.013154
0.012854
0.012952
0.013005
0.012918
0.013310
0.012996
0.013112
0.012697
0.013097
0.012951
0.012910
0.012932
0.012808
0.012984
0.012963
0.013242
0.013282
0.012561
0.013006
0.012841
0.012608
0.012724
0.012759
0.013103
0.012634
0.012978
0.013324
0.012711
0.012933
0.012484
0.012612
0.012860
0.012759
0.012608
0.012903
0.012603
0.012779
0.012547
0.012476
0.012573
0.013082
0.012751
0.012670
0.012695
0.013078
0.012533
0.012494
0.012550
0.012616
0.012782
0.012703
0.012806
0.012667
0.012811
0.012948
0.012736
0.012464
0.012495
0.012543
0.012927
0.012297
0.012654
0.012425
0.012516
0.012770
0.013000
0.012405
0.012644
0.012341
0.012507
0.012774
0.012672
0.012449
0.012494
0.012918
0.013015
0.012958
0.012501
0.012629
0.012707
0.012766
0.012381
0.012545
0.012679
0.012398
0.012474
0.012394
0.012468
0.012326
0.012535
0.012841
0.012358
0.012761
0.013025
0.012548
0.012463
0.012242
0.012766
0.012734
0.012686
0.012825
0.012889
0.012402
0.012666
0.012566
0.012323
0.012680
0.012609
0.012669
0.012449
0.012319
0.012350
0.012067
0.012536
0.012734
0.012277
0.012437
0.012546
0.012282
0.012753
0.012494
0.012994
0.012383
0.012265
0.012597
0.012239
0.012561
0.012309
0.012497
0.012537
0.012314
0.012342
0.012019
0.012201
0.012344
0.012396
0.012443
0.012306
0.012806
0.012346
0.012456
0.011987
0.012465
0.012562
0.012375
0.012575
0.012637
0.012307
0.012098
0.012489
0.012294
0.012049
0.012414
0.011893
0.012230
0.012565
0.012214
0.012109
0.012388
0.012127
0.012216
0.012189
0.012809
0.012179
0.012306
0.012169
0.012192
0.012137
0.012093
0.012466
0.012270
0.012219
0.012264
0.012182
0.011952
0.012429
0.012518
0.012174
0.012335
0.012070
0.012036
0.012203
0.012186
0.012474
0.012122
0.012594
0.012327
0.011993
0.011662
0.012057
0.012162
0.011868
0.012046
0.012129
0.012422
0.012061
0.011909
0.011870
0.011915
0.012224
0.011895
0.012119
0.012358
0.011780
0.012096
0.011874
0.011986
0.012257
0.012220
0.012053
0.012020
0.012411
0.011820
0.012329
0.012526
0.012070
0.012138
0.011816
0.012020
0.012033
0.012076
0.011870
0.012083
0.012254
0.011612
0.012094
0.011818
0.012126
0.012030
0.012056
0.011896
0.011750
0.011739
0.012045
0.011962
0.012194
0.011870
0.012148
0.011745
0.011778
0.012158
0.011743
0.012198
0.011817
0.011971
0.011798
0.011831
0.012010
0.011968
0.011826
0.011901
0.011784
0.011560
0.012158
0.011743
0.012004
0.011952
0.011978
0.011882
0.011785
0.012033
0.011730
0.011725
0.012157
0.011676
0.012016
0.011922
0.011624
0.011746
0.012090
0.011841
0.011729
0.011847
0.011568
0.011942
0.011797
0.011679
0.011807
0.012213
0.011484
0.011788
0.011474
0.011757
0.011625
0.011745
0.011398
0.012013
0.011735
0.011319
0.011527
0.012070
0.011511
0.011678
0.011535
0.011784
0.011711
0.011517
0.011598
0.011631
0.011309
0.011703
0.011730
0.011477
0.011634
0.011617
0.011838
0.011844
0.011504
0.011320
0.011405
0.011493
0.011557
0.012074
0.011324
0.011242
0.011347
0.011671
0.011924
0.011530
0.011416
0.011322
0.011596
0.011633
0.011462
0.011780
0.011338
0.011479
0.011773
0.012088
0.011463
0.012183
0.011660
0.011550
0.011721
0.011597
0.011464
0.011660
0.011305
0.011484
0.011591
0.011473
0.011601
0.011267
0.011577
0.011324
0.011634
0.011703
0.011629
0.011337
0.011439
0.011484
0.011404
0.011788
0.011476
0.011596
0.011184
0.011579
0.011440
0.011399
0.011421
0.011297
0.011474
0.011458
0.011735
0.011765
0.011058
0.011495
0.011338
0.011102
0.011221
0.011260
0.011594
0.011134
0.011469
0.011818
0.011211
0.011431
0.010984
