12.938529
13.008739
12.698736
12.737538
13.052000
12.665934
12.938485
12.592229
13.250736
12.669632
12.524920
13.249867
13.017758
12.796932
12.652617
12.592194
12.724957
12.565898
12.567806
12.276311
12.440531
12.691006
12.838160
13.053452
12.382617
12.236526
12.627991
12.665045
12.085689
11.928134
12.213163
11.972795
12.604217
12.251229
12.065751
12.023149
12.306717
12.595804
12.558269
12.327745
12.134872
11.920009
12.273662
11.852508
12.275095
12.000243
11.922338
12.139453
11.265156
11.974476
11.895817
11.923993
11.654540
11.847353
11.667189
11.809235
11.613329
11.973002
11.840474
11.624236
11.697563
11.482697
11.537085
11.686653
11.369586
11.096031
11.403501
11.466483
11.152061
11.217404
11.686421
11.142612
11.107978
11.434464
11.219228
11.018705
11.446651
10.857020
11.415001
11.174268
11.229663
11.044419
11.116523
10.495747
10.378900
11.045755
10.696036
10.669187
10.727307
10.253170
10.887983
10.394958
10.482925
10.280741
10.498631
10.782109
10.811183
10.386482
10.250757
10.547221
10.196721
10.553433
10.186910
10.101839
10.250250
10.545467
9.673031
9.532592
10.443028
10.415074
9.961037
9.954672
10.106961
9.851864
9.791517
9.640265
9.620413
10.096104
9.744772
9.494386
9.562742
9.391002
9.898485
9.633435
9.375211
9.692358
9.548079
9.623942
9.381173
9.775067
9.893645
9.424615
9.315722
9.388848
9.401376
9.440541
9.384646
9.504673
9.565128
9.134249
9.155954
9.101367
9.421661
9.001751
9.358983
9.205233
8.851856
9.023331
8.651294
9.001631
8.905789
8.946032
8.734723
9.307266
8.808771
8.955254
8.882083
8.454847
8.949695
8.528717
8.457645
8.401471
8.527855
8.249446
8.242440
8.216552
8.247700
8.301548
8.175401
8.434085
8.632308
8.499136
8.284810
8.339414
8.283782
8.368954
8.252333
8.025591
8.525553
7.915815
8.243507
8.050722
7.859744
7.954718
8.115888
8.244291
7.978517
8.213675
8.011410
7.995762
8.057817
7.996179
7.776610
7.929850
7.905745
7.549782
7.769719
7.662056
7.915737
7.536913
7.308863
7.762711
7.253489
7.231420
7.136357
7.123025
7.869448
7.179090
7.576578
7.463271
7.205603
7.281911
7.131983
6.911223
7.131163
7.341827
7.458325
7.154755
7.108368
7.185115
7.274534
6.942740
7.418642
6.748933
7.287672
7.140245
6.874521
6.856603
6.920122
7.244004
6.681748
6.832331
6.888592
7.001797
6.861930
6.539756
6.650174
7.039863
6.518237
6.923837
6.678704
6.627499
6.571983
6.665280
6.487994
6.483497
6.687030
6.427043
6.456630
6.816636
6.427136
6.285737
6.187078
6.678239
6.284472
6.765099
6.536369
6.232007
6.701510
6.465255
6.225532
6.194318
6.157394
6.022658
6.271786
6.414734
5.932236
5.890406
6.062952
6.168826
6.447555
5.735639
6.457714
5.794270
6.061622
6.217043
5.844010
5.803126
6.124925
5.845676
6.021639
6.107659
5.866333
5.951523
5.859277
5.673216
5.997905
6.077701
5.857912
5.669860
5.896889
5.403506
5.707436
5.903470
5.822345
5.896081
5.578158
5.563157
5.588355
5.640021
5.377623
5.340739
5.429677
5.230337
5.763086
5.305001
5.343154
5.729839
5.578301
5.768198
5.446190
5.462281
5.587687
5.265110
5.344555
5.427723
5.372552
5.293579
5.224616
5.478374
5.054876
5.173923
5.256232
5.453804
5.038052
5.164896
5.373383
5.134250
5.284108
5.069484
5.027418
5.117588
5.081236
4.928227
4.713325
5.279369
4.989939
4.917627
4.904557
4.863360
5.147754
4.954387
4.828415
4.758387
4.795189
4.940038
4.597266
5.069563
5.022688
5.045022
4.846668
4.848024
5.037316
4.794301
4.940625
4.716879
5.115547
4.719848
4.648108
5.075445
4.940283
4.789342
4.682946
4.635718
4.716908
4.605161
4.598303
4.427808
4.527897
4.649656
4.720609
4.861082
4.462161
4.376389
4.590978
4.615165
4.253338
4.187089
4.307140
4.204045
4.531961
4.314879
4.226875
4.192233
4.345422
4.507856
4.488534
4.359425
4.253978
4.111550
4.307882
4.074214
4.331125
4.152932
4.111486
4.237101
3.733664
4.177884
4.115561
4.126633
3.957667
4.105287
3.991042
4.066976
3.973968
4.163841
4.098300
4.003603
4.023180
3.925758
3.941598
4.023369
3.886795
3.727785
3.883926
3.943881
3.768330
3.834443
4.132784
3.793493
3.787873
3.984855
3.883240
3.736060
4.004576
3.670759
4.014999
3.870134
3.895595
3.806631
3.865108
3.517500
3.458121
3.848866
3.646662
3.644498
3.683953
3.428286
3.784324
3.516688
3.579116
3.477378
3.609439
3.785548
3.788491
3.546382
3.494162
3.643665
3.494049
3.691444
3.495674
3.434723
3.562591
3.755207
3.248855
3.171337
3.678696
3.671786
3.406937
3.411305
3.508382
3.367684
3.355694
3.281373
3.277564
3.532565
3.345814
3.242278
3.270706
3.192102
3.458151
3.326773
3.169658
3.381526
3.289085
3.339820
3.211420
3.451698
3.517306
3.246162
3.203221
3.236848
3.255439
3.297535
3.249014
3.341116
3.387525
3.152092
3.166053
3.166057
3.335324
3.089107
3.291645
3.236917
3.049666
3.142935
2.965430
3.126619
3.090999
3.131058
3.001221
3.358803
3.060039
3.149490
3.119412
2.878623
3.211172
2.926977
2.892395
2.876915
2.955510
2.813251
2.805685
2.778997
2.849588
2.844752
2.813000
2.946239
3.080873
2.987880
2.874291
2.930395
2.895220
2.930948
2.882142
2.774434
3.044001
2.703860
2.918181
2.803019
2.695318
2.743790
2.844252
2.937808
2.785153
2.927310
2.855691
2.815981
2.845321
2.840885
2.700125
2.797561
2.786309
2.614611
2.717799
2.681092
2.817585
2.621956
2.493362
2.728811
2.466408
2.434098
2.415191
2.415255
2.855572
2.442707
2.660460
2.629116
2.490033
2.529181
2.452931
2.334068
2.458806
2.611344
2.641683
2.479755
2.461547
2.507727
2.560117
2.427528
2.648943
2.281709
2.592303
2.497861
2.369840
2.379294
2.408727
2.605512
2.276919
2.377035
2.397883
2.479825
2.409336
2.235056
2.323729
2.522266
2.257035
2.480390
2.350934
2.302127
2.278145
2.335181
2.264837
2.243776
2.352612
2.253709
2.255633
2.437844
2.253650
2.160952
2.118881
2.405550
2.177055
2.443793
2.335822
2.164643
2.431883
2.300811
2.174693
2.166635
2.122039
2.066566
2.236108
2.297190
2.042599
2.010953
2.116359
2.182769
2.348251
1.936255
2.341194
1.996742
2.161332
2.258757
2.026662
2.009851
2.194115
2.026647
2.156137
2.191018
2.077161
2.121049
2.063414
1.969683
2.166313
2.196118
2.071716
1.984413
2.117507
1.866545
2.005376
2.121091
2.099420
2.142193
1.960054
1.964775
1.939632
2.004357
1.867093
1.838977
1.903564
1.785068
2.089753
1.845146
1.858880
2.087544
2.009595
2.130697
1.925708
1.958206
2.038857
1.840284
1.885046
1.941379
1.918894
1.876181
1.867343
2.001424
1.778561
1.840644
1.897690
1.991971
1.754856
1.826833
1.970561
1.826203
1.935947
1.784603
1.764714
1.847476
1.828709
1.722507
1.606771
1.933119
1.792841
1.745291
1.731783
1.702638
1.892543
1.778785
1.713379
1.684696
1.684679
1.793417
1.597370
1.866503
1.849645
1.858824
1.752107
1.745937
1.869864
1.736578
1.816389
1.687451
1.933052
1.671631
1.660904
1.911637
1.852342
1.759302
1.689863
1.663567
1.724652
1.654899
1.654453
1.571042
1.642446
1.695276
1.729972
1.835168
1.614402
1.575672
1.691598
1.717556
1.497618
1.495431
1.523533
1.511554
1.663972
1.536279
1.513968
1.490779
1.572290
1.665284
1.662716
1.599383
1.550777
1.455721
1.563062
1.443783
1.606219
1.487791
1.470130
1.544037
1.259445
1.549475
1.497406
1.498799
1.388351
1.509151
1.432433
1.468701
1.433959
1.523373
1.494585
1.467948
1.453643
1.421300
1.411582
1.450718
1.414952
1.318344
1.383005
1.436827
1.337240
1.399403
1.594701
1.368900
1.375353
1.492841
1.451971
1.330696
1.502331
1.311078
1.527057
1.432433
1.435567
1.397016
1.442521
1.247240
1.215794
1.441954
1.319611
1.326508
1.350029
1.215080
1.405325
1.262372
1.304912
1.255868
1.333311
1.442401
1.425133
1.283030
1.273727
1.333468
1.294402
1.394867
1.292173
1.240006
1.350950
1.479385
1.178780
1.132442
1.402637
1.402793
1.241846
1.247389
1.307668
1.227864
1.238726
1.203748
1.204228
1.327219
1.230311
1.206413
1.206958
1.177089
1.299260
1.239989
1.136241
1.282662
1.215243
1.246721
1.179370
1.326434
1.356783
1.194807
1.185097
1.191268
1.208640
1.247727
1.198767
1.270133
1.303803
1.176240
1.181107
1.207924
1.285658
1.134843
1.243763
1.241474
1.145304
1.189026
1.118976
1.166779
1.161342
1.196817
1.109414
1.338811
1.150580
1.202786
1.193103
1.055240
1.289992
1.080160
1.062219
1.065829
1.112586
1.044379
1.032191
1.000750
1.089769
1.046902
1.065230
1.122033
1.215843
1.141768
1.081970
1.134746
1.107185
1.110296
1.096372
1.053040
1.185902
0.996822
1.141800
1.067201
1.003395
1.021054
1.082538
1.152007
1.060440
1.145071
1.144660
1.087121
1.093664
1.118202
1.018850
1.080248
1.072483
1.002931
1.035032
1.035277
1.100468
1.006422
0.931220
1.037144
0.912982
0.870970
0.892101
0.896090
1.156463
0.899545
1.010109
1.022206
0.947646
0.961685
0.924154
0.860227
0.926519
1.041940
1.019040
0.934988
0.929367
0.954332
0.981807
0.960269
1.031641
0.834915
1.010644
0.943146
0.890831
0.912516
0.918815
1.038944
0.841337
0.908925
0.905921
0.966400
0.932390
0.839790
0.912517
0.997630
0.876546
0.991623
0.925350
0.874554
0.865358
0.898168
0.886029
0.852095
0.903114
0.893610
0.876300
0.952906
0.883597
0.815651
0.802888
0.968615
0.831999
0.972412
0.930722
0.832985
0.980619
0.906889
0.842970
0.845079
0.792914
0.779911
0.900512
0.911342
0.784801
0.755907
0.819581
0.860183
0.957414
0.714953
0.934318
0.770404
0.872815
0.933846
0.779826
0.773851
0.875967
0.769835
0.869594
0.872079
0.828614
0.845775
0.805114
0.761585
0.881591
0.879711
0.807295
0.775076
0.851215
0.736898
0.777838
0.844466
0.854159
0.876262
0.769430
0.782682
0.725752
0.795179
0.727134
0.701279
0.749062
0.674315
0.844995
0.720488
0.717422
0.852407
0.814077
0.892872
0.752514
0.791747
0.843949
0.714053
0.736179
0.774393
0.768057
0.743566
0.766688
0.829256
0.719232
0.745910
0.785802
0.818044
0.681144
0.718958
0.822837
0.730452
0.814550
0.697071
0.687399
0.763353
0.752184
0.670398
0.609218
0.795112
0.738177
0.702386
0.686152
0.661469
0.794528
0.724125
0.691125
0.683792
0.660154
0.745685
0.631660
0.781458
0.779475
0.778683
0.722315
0.709434
0.793365
0.720867
0.760039
0.683315
0.838484
0.652002
0.674057
0.820834
0.802885
0.740860
0.690395
0.673841
0.721077
0.673215
0.674190
0.638616
0.691273
0.702183
0.713769
0.796434
0.675967
0.662091
0.719023
0.743790
0.603312
0.635797
0.608801
0.647083
0.696328
0.617912
0.631247
0.612501
0.650617
0.701511
0.706456
0.678851
0.660840
0.590935
0.644959
0.589414
0.695389
0.609272
0.603214
0.645302
0.484591
0.683825
0.635609
0.629385
0.550576
0.653909
0.596763
0.608183
0.604962
0.634557
0.624916
0.635454
0.599662
0.602797
0.576389
0.589024
0.609312
0.546661
0.556725
0.605075
0.547265
0.605223
0.739298
0.576889
0.588386
0.658208
0.650413
0.542140
0.656134
0.545039
0.685329
0.617751
0.606172
0.594769
0.630959
0.521496
0.504281
0.633890
0.555675
0.565967
0.578497
0.511212
0.604233
0.531237
0.560533
0.540023
0.584251
0.652997
0.622325
0.536009
0.549626
0.555968
0.578773
0.621712
0.570842
0.521997
0.621477
0.711250
0.527339
0.497226
0.629228
0.631752
0.528901
0.533441
0.570855
0.524415
0.546754
0.532748
0.534037
0.579394
0.532539
0.552827
0.535683
0.532224
0.569957
0.550563
0.475903
0.583047
0.528410
0.547201
0.513377
0.605203
0.613670
0.512934
0.520767
0.509570
0.524664
0.560448
0.509678
0.567557
0.592342
0.525314
0.523403
0.564118
0.587641
0.490204
0.543726
0.570101
0.524831
0.538533
0.528825
0.509869
0.520312
0.551658
0.487194
0.641336
0.515245
0.544555
0.545140
0.465048
0.642064
0.473578
0.463768
0.476920
0.503915
0.476896
0.460620
0.425015
0.523223
0.457056
0.502793
0.514202
0.583113
0.518530
0.488298
0.537773
0.513208
0.496170
0.500942
0.493282
0.546114
0.442607
0.546319
0.493699
0.453812
0.452399
0.490113
0.544386
0.486643
0.536835
0.576081
0.506965
0.499076
0.538978
0.462143
0.501502
0.494447
0.482383
0.472285
0.492505
0.515385
0.478520
0.432769
0.462883
0.417013
0.368158
0.411070
0.416063
0.571629
0.403210
0.450848
0.486708
0.448045
0.446401
0.429931
0.396396
0.427834
0.520679
0.465931
0.425489
0.425908
0.437465
0.449405
0.490584
0.474419
0.374636
0.471570
0.418401
0.408488
0.436038
0.427859
0.502707
0.379328
0.427040
0.409157
0.456141
0.441973
0.395246
0.457659
0.476363
0.437107
0.488745
0.457713
0.404652
0.402846
0.420605
0.440857
0.398405
0.415056
0.455903
0.426425
0.441170
0.436887
0.382104
0.385127
0.480176
0.395360
0.462011
0.457397
0.400858
0.478602
0.436814
0.407641
0.414551
0.356982
0.367378
0.458774
0.439646
0.385762
0.357425
0.396056
0.420786
0.477718
0.331801
0.443356
0.382334
0.447953
0.487029
0.376947
0.376213
0.430057
0.358232
0.439892
0.422750
0.418815
0.419612
0.387742
0.372135
0.447074
0.425992
0.382531
0.381056
0.423459
0.386823
0.370477
0.407906
0.434703
0.443978
0.379544
0.396763
0.320607
0.391810
0.362673
0.337193
0.374384
0.323895
0.416541
0.360241
0.346597
0.426762
0.410327
0.463872
0.359812
0.402024
0.436961
0.345702
0.353912
0.380815
0.382890
0.368008
0.408648
0.429185
0.383231
0.388665
0.417823
0.413500
0.333411
0.350708
0.430798
0.367472
0.435965
0.337131
0.332496
0.403686
0.396054
0.327484
0.296869
0.401106
0.391302
0.361455
0.342831
0.319897
0.419424
0.373162
0.357995
0.362145
0.324103
0.395474
0.327850
0.408174
0.413954
0.406633
0.378451
0.360915
0.421040
0.382745
0.397750
0.350295
0.452645
0.308513
0.348660
0.434845
0.439924
0.394985
0.354677
0.342967
0.381479
0.345462
0.346504
0.337698
0.378829
0.364872
0.362416
0.431373
0.367889
0.367581
0.389828
0.413174
0.317701
0.369417
0.309986
0.376471
0.365621
0.314849
0.347981
0.331084
0.343509
0.369469
0.378035
0.370286
0.369178
0.313049
0.335694
0.316134
0.388925
0.320711
0.320643
0.343732
0.253630
0.399931
0.353251
0.341969
0.280690
0.373299
0.326747
0.323199
0.337449
0.331954
0.332674
0.363943
0.315126
0.338020
0.301352
0.298090
0.349984
0.306228
0.284229
0.328783
0.294374
0.349275
0.447475
0.320917
0.334680
0.376445
0.387042
0.285632
0.365828
0.300240
0.396352
0.343717
0.323052
0.326657
0.356871
0.296185
0.286551
0.359988
0.306564
0.318202
0.323806
0.294860
0.331333
0.298001
0.319082
0.314398
0.338920
0.383859
0.344888
0.290090
0.316312
0.291346
0.349178
0.358433
0.336810
0.289302
0.381614
0.448563
0.331242
0.309901
0.361809
0.365136
0.295157
0.298554
0.322251
0.294457
0.322847
0.320359
0.321560
0.321689
0.303094
0.348265
0.320398
0.331597
0.320193
0.323209
0.264754
0.348757
0.300941
0.311902
0.296846
0.356354
0.351699
0.285679
0.303084
0.281369
0.294632
0.327998
0.275668
0.325267
0.344429
0.311725
0.305403
0.353607
0.345425
0.278201
0.299339
0.341706
0.325230
0.321154
0.345672
0.287805
0.306891
0.335371
0.283609
0.393963
0.303141
0.318784
0.324796
0.277466
0.420774
0.275601
0.269992
0.288157
0.303306
0.299511
0.280412
0.241938
0.344963
0.264920
0.325963
0.310786
0.364904
0.305318
0.291641
0.338755
0.315459
0.286366
0.301441
0.313858
0.320181
0.265469
0.344985
0.304560
0.277994
0.265162
0.288753
0.333836
0.295117
0.325053
0.386684
0.310466
0.293833
0.342144
0.277838
0.304080
0.297003
0.317594
0.282784
0.314075
0.312179
0.307796
0.278578
0.264642
0.263408
0.210195
0.265226
0.270384
0.365218
0.247321
0.258333
0.307455
0.289042
0.277963
0.273208
0.256756
0.267736
0.347189
0.273708
0.257965
0.261463
0.264904
0.267508
0.344386
0.277452
0.233068
0.284264
0.238950
0.253048
0.283589
0.266691
0.315095
0.234050
0.269944
0.243117
0.281952
0.278827
0.258118
0.314222
0.294335
0.301793
0.316549
0.305427
0.250692
0.252775
0.261501
0.300026
0.252306
0.248813
0.318276
0.281431
0.260214
0.292997
0.245427
0.257179
0.311195
0.255838
0.279681
0.296051
0.262869
0.300041
0.276283
0.266755
0.276085
0.215061
0.238577
0.312822
0.276107
0.263695
0.235338
0.259215
0.274472
0.307876
0.217185
0.266360
0.264215
0.308331
0.334436
0.249312
0.251257
0.276994
0.224587
0.295502
0.266736
0.285227
0.276283
0.249151
0.249288
0.297970
0.265521
0.238401
0.254300
0.276970
0.284725
0.235096
0.255409
0.291734
0.293314
0.252967
0.272160
0.184632
0.256549
0.249497
0.223926
0.254715
0.217882
0.265322
0.247967
0.227935
0.276252
0.272120
0.310836
0.227366
0.270994
0.295702
0.226382
0.226290
0.246388
0.253013
0.243373
0.293799
0.289862
0.280491
0.273409
0.296108
0.270454
0.222776
0.227980
0.294098
0.247217
0.306443
0.218059
0.216044
0.284214
0.278345
0.217100
0.203798
0.260766
0.277817
0.251114
0.230845
0.208644
0.288604
0.255962
0.250791
0.261280
0.214684
0.277640
0.236455
0.276531
0.286515
0.275174
0.262950
0.242474
0.288641
0.269768
0.270607
0.239737
0.311430
0.191419
0.241723
0.292781
0.310861
0.275497
0.240784
0.231611
0.264851
0.235401
0.236231
0.242586
0.276835
0.248315
0.237534
0.298358
0.267424
0.274679
0.276726
0.299011
0.229197
0.291736
0.213403
0.295876
0.250209
0.215106
0.259393
0.243322
0.240728
0.252108
0.262520
0.265965
0.274354
0.225926
0.230278
0.231197
0.284659
0.226521
0.229669
0.241600
0.191908
0.307520
0.261502
0.247081
0.195669
0.281883
0.241205
0.228822
0.252905
0.226997
0.233457
0.276441
0.219911
0.253960
0.211170
0.198540
0.268413
0.235311
0.194648
0.236806
0.215649
0.268578
0.345924
0.239785
0.254645
0.280049
0.301028
0.203357
0.263896
0.224291
0.294774
0.250531
0.224435
0.236472
0.263045
0.230226
0.224751
0.265661
0.226301
0.238518
0.239932
0.232856
0.236585
0.225881
0.242039
0.246266
0.259251
0.290295
0.246353
0.209501
0.242780
0.199607
0.277404
0.267081
0.262104
0.215173
0.303169
0.356798
0.277608
0.261127
0.266755
0.270356
0.219106
0.221665
0.237281
0.220036
0.251722
0.255682
0.256650
0.230569
0.228056
0.287361
0.253144
0.272600
0.232743
0.248475
0.199167
0.269675
0.225607
0.231885
0.227456
0.268190
0.255807
0.209592
0.232335
0.204393
0.216432
0.248233
0.194834
0.239500
0.255256
0.242133
0.233102
0.285447
0.258852
0.208849
0.211181
0.262587
0.262516
0.248045
0.292096
0.211666
0.235565
0.262230
0.217622
0.302606
0.231922
0.239541
0.248513
0.219876
0.343627
0.211710
0.208359
0.229254
0.237427
0.246841
0.225959
0.185680
0.291323
0.203138
0.272833
0.242200
0.287653
0.230792
0.226488
0.272089
0.249372
0.213191
0.234047
0.257864
0.237274
0.210493
0.275934
0.242381
0.223331
0.203781
0.219098
0.258746
0.230827
0.248961
0.323329
0.242879
0.221071
0.274076
0.216835
0.235387
0.228156
0.267400
0.218225
0.255746
0.239451
0.253625
0.233777
0.194351
0.218667
0.162808
0.224674
0.229788
0.289538
0.200578
0.190374
0.246996
0.240098
0.223457
0.225307
0.218554
0.217626
0.289236
0.204847
0.203183
0.208322
0.206958
0.204060
0.301353
0.205070
0.192439
0.217184
0.176263
0.204047
0.236180
0.214138
0.247198
0.190388
0.219351
0.187251
0.221273
0.224376
0.218518
0.270863
0.228641
0.262863
0.256273
0.256483
0.200663
0.204857
0.208265
0.257187
0.206313
0.191106
0.276914
0.235712
0.193681
0.247671
0.204138
0.220793
0.251079
0.212554
0.211646
0.239974
0.220119
0.233824
0.220329
0.221989
0.232598
0.169469
0.200422
0.264683
0.217733
0.229077
0.200594
0.215870
0.225560
0.245312
0.186289
0.199457
0.231085
0.262708
0.281248
0.210371
0.213751
0.223204
0.181860
0.246482
0.210926
0.242209
0.227555
0.203041
0.212132
0.245599
0.206499
0.188682
0.214471
0.225682
0.258879
0.189989
0.200347
0.242055
0.239101
0.212514
0.232743
0.138566
0.210790
0.216348
0.190621
0.217628
0.188552
0.209873
0.214831
0.191025
0.220913
0.223762
0.253844
0.182125
0.226472
0.245192
0.188403
0.183435
0.199522
0.208668
0.201945
0.257914
0.239793
0.251381
0.237002
0.255885
0.217864
0.188743
0.186894
0.244879
0.207364
0.261168
0.178703
0.178104
0.244444
0.239494
0.182374
0.178946
0.208620
0.241033
0.216053
0.194743
0.172877
0.241485
0.216593
0.217084
0.231137
0.179526
0.237550
0.211493
0.228318
0.240637
0.226893
0.223768
0.201512
0.239559
0.231780
0.224379
0.202968
0.256936
0.150720
0.206787
0.237543
0.263018
0.233083
0.201507
0.193707
0.223833
0.198081
0.198708
0.213698
0.243910
0.206931
0.191272
0.247335
0.235052
0.246580
0.236921
0.258516
0.203388
0.272078
0.182784
0.274381
0.208595
0.182431
0.233063
0.217390
0.206074
0.208982
0.220382
0.230193
0.243970
0.199893
0.193644
0.206272
0.248535
0.196120
0.201047
0.206478
0.179964
0.277840
0.232129
0.215830
0.170020
0.252480
0.215112
0.197569
0.227237
0.189509
0.199200
0.248853
0.187812
0.228210
0.181821
0.163731
0.243877
0.216835
0.165363
0.206072
0.192470
0.244197
0.309471
0.215009
0.230434
0.246356
0.273237
0.177649
0.226809
0.202087
0.257754
0.218273
0.188981
0.205803
0.230212
0.213366
0.210218
0.232342
0.201012
0.213492
0.212432
0.217871
0.202692
0.204945
0.218204
0.227498
0.233777
0.256758
0.209892
0.183303
0.220580
0.166865
0.256088
0.234434
0.238968
0.192311
0.277763
0.323658
0.266352
0.252609
0.231540
0.235236
0.194707
0.196717
0.207625
0.196387
0.229910
0.237518
0.238290
0.197068
0.203748
0.271135
0.233202
0.257346
0.201056
0.224047
0.179942
0.242627
0.200661
0.204182
0.205810
0.235681
0.218796
0.183920
0.209674
0.178095
0.189371
0.220220
0.166145
0.207916
0.221653
0.219746
0.209102
0.263772
0.226524
0.186378
0.177833
0.234382
0.243694
0.223191
0.278421
0.184958
0.211572
0.237139
0.196592
0.266924
0.207773
0.210723
0.221346
0.203415
0.315856
0.191522
0.189417
0.211826
0.215931
0.232897
0.210938
0.169566
0.276663
0.183740
0.258366
0.218787
0.259201
0.203855
0.204897
0.249580
0.227144
0.186834
0.210965
0.241293
0.205165
0.194409
0.251702
0.222053
0.207280
0.183816
0.194320
0.230792
0.209042
0.220335
0.301985
0.219053
0.194219
0.249880
0.196657
0.210733
0.203367
0.253293
0.195810
0.236865
0.212241
0.237047
0.222545
0.168405
0.207379
0.149951
0.215703
0.220749
0.260263
0.187910
0.165450
0.226344
0.226029
0.206141
0.211751
0.210529
0.202706
0.269761
0.179047
0.185443
0.191481
0.187312
0.181202
0.290199
0.176985
0.182578
0.192062
0.153622
0.189246
0.222256
0.197209
0.221395
0.178491
0.203426
0.168246
0.199457
0.206100
0.208747
0.258894
0.203777
0.253358
0.234438
0.241129
0.184646
0.190018
0.190322
0.245185
0.192457
0.170472
0.265646
0.221894
0.167844
0.234003
0.192751
0.212188
0.228778
0.199901
0.184710
0.219885
0.207658
0.207821
0.200196
0.208256
0.219560
0.155185
0.190375
0.248852
0.195978
0.220950
0.192362
0.202647
0.209099
0.220956
0.180125
0.172530
0.223559
0.247963
0.262104
0.199394
0.203564
0.203606
0.168596
0.229561
0.190055
0.228671
0.210694
0.187648
0.201856
0.226531
0.183573
0.171071
0.202519
0.207098
0.254901
0.174898
0.179490
0.224260
0.218666
0.199961
0.220753
0.122715
0.195079
0.207859
0.182017
0.206806
0.182164
0.188421
0.206190
0.180176
0.199427
0.206259
0.231340
0.166352
0.211079
0.226322
0.176711
0.168905
0.182651
0.193215
0.188144
0.247265
0.220947
0.244566
0.225957
0.242612
0.197444
0.178969
0.173030
0.226305
0.194152
0.244803
0.165714
0.165898
0.231155
0.226704
0.171929
0.174155
0.188087
0.229312
0.205292
0.183357
0.161650
0.223699
0.203236
0.206959
0.223025
0.168504
0.223663
0.206281
0.209701
0.223330
0.208173
0.210254
0.186949
0.220295
0.218869
0.206702
0.190704
0.234442
0.136136
0.195490
0.214531
0.244236
0.217405
0.187603
0.180565
0.208870
0.185220
0.185700
0.205637
0.233496
0.191621
0.173133
0.226429
0.224849
0.238810
0.222388
0.243559
0.196852
0.269060
0.173433
0.270257
0.192864
0.171818
0.226073
0.210604
0.194243
0.192254
0.204195
0.217643
0.234494
0.192895
0.180521
0.199861
0.235654
0.186512
0.192431
0.194102
0.180901
0.268547
0.222982
0.205581
0.162972
0.243245
0.207755
0.187220
0.220079
0.175524
0.187050
0.240515
0.176855
0.220890
0.172406
0.151146
0.237182
0.213604
0.155880
0.195733
0.186461
0.237467
0.295773
0.208014
0.223735
0.234175
0.264434
0.170023
0.212608
0.196429
0.243548
0.206786
0.175632
0.195187
0.218327
0.210651
0.208818
0.220109
0.193376
0.205990
0.203482
0.216105
0.190025
0.199710
0.211278
0.223465
0.225866
0.244186
0.195615
0.174909
0.214467
0.154663
0.250441
0.222247
0.232235
0.185713
0.269681
0.311106
0.266374
0.254181
0.217730
0.221460
0.187076
0.188751
0.196929
0.189132
0.223691
0.233379
0.234020
0.184059
0.196013
0.268024
0.227937
0.254763
0.188993
0.216141
0.175015
0.233176
0.192398
0.194318
0.199411
0.223012
0.203514
0.175144
0.202615
0.168923
0.179738
0.210016
0.155539
0.195625
0.208181
0.212710
0.201116
0.257108
0.213712
0.179221
0.164397
0.223890
0.238587
0.214588
0.276246
0.175258
0.203411
0.228331
0.190104
0.251985
0.199458
0.199695
0.211254
0.199467
0.305377
0.185386
0.183983
0.207250
0.209000
0.230294
0.207694
0.165677
0.273592
0.177928
0.255377
0.210631
0.248127
0.193638
0.197741
0.241876
0.219584
0.176880
0.202881
0.236940
0.191850
0.190301
0.242892
0.215473
0.203146
0.177410
0.185132
0.219758
0.201544
0.208884
0.294709
0.210331
0.183738
0.240913
0.189988
0.201474
0.194012
0.250077
0.187790
0.230867
0.201432
0.232337
0.220899
0.158275
0.205669
0.147325
0.215298
0.220288
0.248139
0.185329
0.155804
0.219141
0.222600
0.200829
0.208585
0.210537
0.198729
0.263145
0.168781
0.179802
0.186339
0.180543
0.172575
0.288293
0.165316
0.181388
0.182070
0.145049
0.185168
0.218664
0.191874
0.210941
0.176023
0.198623
0.161664
0.191241
0.199911
0.207438
0.256300
0.193756
0.252157
0.226133
0.236538
0.179660
0.185697
0.184202
0.242470
0.188662
0.162758
0.263309
0.218081
0.157103
0.230248
0.190295
0.211323
0.220016
0.196682
0.173260
0.212357
0.204510
0.196865
0.192603
0.204337
0.216026
0.150920
0.188543
0.243678
0.187378
0.220186
0.191520
0.198922
0.203498
0.210799
0.180423
0.160869
0.223050
0.243283
0.254881
0.196862
0.201475
0.196092
0.164711
0.223558
0.181773
0.224596
0.204694
0.182485
0.199624
0.219226
0.174034
0.164579
0.199275
0.200026
0.256223
0.169810
0.171080
0.217596
0.210467
0.196289
0.217395
0.117122
0.189562
0.206487
0.180556
0.204071
0.181959
0.179543
0.204669
0.177374
0.190492
0.199605
0.221802
0.160670
0.205607
0.218838
0.173347
0.163896
0.176281
0.187657
0.183519
0.244449
0.213408
0.243941
0.222890
0.238248
0.188955
0.176596
0.168297
0.218847
0.189765
0.238595
0.161441
0.162064
0.226688
0.222510
0.169077
0.174541
0.179409
0.225695
0.202217
0.179911
0.158292
0.216554
0.198629
0.204199
0.221420
0.165210
0.218709
0.206310
0.202002
0.216379
0.200402
0.205473
0.181553
0.212178
0.214402
0.199479
0.186593
0.224434
0.130671
0.191905
0.204198
0.236334
0.211264
0.182482
0.175873
0.203126
0.180670
0.181063
0.203835
0.230331
0.185623
0.165500
0.217195
0.221770
0.237120
0.216798
0.237714
0.195854
0.270068
0.170787
0.270606
0.186529
0.168425
0.224753
0.209392
0.190121
0.185305
0.197549
0.213081
0.231694
0.191513
0.175605
0.198802
0.230860
0.183589
0.190079
0.189572
0.184024
0.265776
0.220291
0.202242
0.161467
0.240478
0.206057
0.183795
0.218482
0.169988
0.182563
0.238215
0.173039
0.219151
0.169456
0.146369
0.235784
0.214195
0.152871
0.192222
0.185430
0.236016
0.290299
0.206393
0.222279
0.229553
0.261749
0.168007
0.206804
0.195533
0.237723
0.202517
0.170287
0.191405
0.213805
0.211401
0.210324
0.215368
0.191272
0.203958
0.200607
0.217358
0.184991
0.198952
0.209540
0.223383
0.223547
0.239174
0.189617
0.172294
0.213155
0.149840
0.249382
0.217418
0.230540
0.184086
0.267191
0.306040
0.268535
0.257233
0.211917
0.215662
0.184810
0.186286
0.192885
0.187058
0.222209
0.233085
0.233648
0.178651
0.193637
0.268296
0.226965
0.255325
0.184096
0.213637
0.174214
0.229763
0.189663
0.190657
0.197732
0.217721
0.196714
0.172086
0.200534
0.165621
0.176164
0.206109
0.151392
0.190502
0.202373
0.210598
0.198455
0.255204
0.208262
0.177013
0.158571
0.219752
0.237547
0.211528
0.276868
0.171549
0.200587
0.225130
0.188226
0.245243
0.196513
0.195194
0.207286
0.199024
0.301179
0.183676
0.182670
0.206423
0.206808
0.230584
0.207619
0.165222
0.273611
0.176360
0.255421
0.207699
0.243506
0.189506
0.195361
0.239182
0.216970
0.172884
0.199953
0.236152
0.185905
0.189649
0.239521
0.213378
0.202457
0.175409
0.181526
0.215085
0.198897
0.203959
0.292179
0.206966
0.179356
0.237391
0.187785
0.197779
0.190254
0.249845
0.184793
0.229029
0.196821
0.231236
0.221550
0.154039
0.206272
0.147392
0.216648
0.221598
0.242731
0.185410
0.151809
0.216547
0.222170
0.199312
0.208301
0.212073
0.197971
0.260864
0.164386
0.178064
0.184888
0.178148
0.169104
0.288680
0.160088
0.182191
0.177801
0.141586
0.184288
0.218064
0.190263
0.206377
0.176057
0.197310
0.159314
0.187950
0.197781
0.208110
0.256230
0.189402
0.252883
0.222762
0.235304
0.178193
0.184604
0.182070
0.242294
0.187860
0.159699
0.263339
0.217252
0.152286
0.229451
0.190241
0.212175
0.216325
0.196175
0.168009
0.209360
0.204026
0.191891
0.189553
0.203405
0.215311
0.149776
0.188793
0.242001
0.183730
0.221041
0.192323
0.198062
0.201554
0.206237
0.181867
0.155428
0.224022
0.241856
0.251983
0.196657
0.201521
0.193012
0.163717
0.221344
0.178240
0.223476
0.202466
0.180734
0.199561
0.216239
0.169754
0.162052
0.198611
0.197158
0.258175
0.168074
0.167418
0.214945
0.206929
0.195355
0.216636
0.115074
0.187554
0.206857
0.180873
0.203646
0.182996
0.175574
0.204937
0.176903
0.186485
0.196909
0.217431
0.158528
0.203583
0.215653
0.172527
0.162131
0.173728
0.185561
0.181963
0.243925
0.210162
0.244666
0.222199
0.236817
0.185150
0.176308
0.166643
0.215628
0.188309
0.236084
0.160037
0.160916
0.225169
0.221153
0.168478
0.175806
0.175457
0.224650
0.201481
0.178957
0.157385
0.213462
0.197001
0.203630
0.221508
0.164326
0.216866
0.207333
0.198576
0.213375
0.196926
0.203710
0.179434
0.208496
0.212816
0.196301
0.185199
0.219646
0.128494
0.190809
0.199224
0.232737
0.208696
0.180488
0.174129
0.200762
0.179002
0.179333
0.203732
0.229451
0.183106
0.162035
0.212807
0.220921
0.237074
0.214493
0.235269
0.196191
0.271560
0.170173
0.271718
0.183794
0.167368
0.224889
0.209591
0.188636
0.182189
0.194604
0.211338
0.230961
0.191595
0.173652
0.199057
0.228970
0.182773
0.189586
0.187824
0.186685
0.265035
0.219592
0.201168
0.161449
0.239730
0.205926
0.182665
0.218401
0.167639
0.180808
0.237722
0.171670
0.218974
0.168582
0.144437
0.235797
0.215351
0.151949
0.190998
0.185639
0.235983
0.287950
0.206257
0.222233
0.227696
0.260987
0.167632
0.204248
0.195799
0.235149
0.200837
0.167985
0.189999
0.211975
0.212595
0.211948
0.213404
0.190822
0.203540
0.199709
0.218833
0.182850
0.199266
0.209288
0.224080
0.222956
0.237039
0.186904
0.171520
0.213130
0.147793
0.249503
0.215363
0.230284
0.183867
0.266466
0.303840
0.270494
0.259701
0.209281
0.213033
0.184208
0.185575
0.191256
0.186563
0.222046
0.233609
0.234112
0.176230
0.192944
0.269149
0.227086
0.256330
0.181957
0.212862
0.174422
0.228471
0.188759
0.189214
0.197427
0.215337
0.193461
0.170984
0.199998
0.164368
0.174761
0.204514
0.149652
0.188199
0.199674
0.210024
0.197567
0.254739
0.205757
0.176377
0.155854
0.217995
0.237567
0.210390
0.277852
0.170037
0.199582
0.223903
0.187760
0.241972
0.195433
0.193219
0.205593
0.199370
0.299359
0.183295
0.182510
0.206552
0.206146
0.231353
0.208167
0.165547
0.274207
0.176041
0.256038
0.206592
0.241436
0.187717
0.194569
0.238202
0.216037
0.171156
0.198835
0.236261
0.183046
0.189843
0.238145
0.212739
0.202620
0.174819
0.180008
0.212950
0.197925
0.201669
0.291278
0.205568
0.177383
0.235906
0.187063
0.196188
0.188631
0.250243
0.183602
0.228495
0.194694
0.231123
0.222449
0.152124
0.207143
0.147958
0.217944
0.222863
0.240132
0.185975
0.150030
0.215568
0.222442
0.198944
0.208645
0.213463
0.198037
0.260055
0.162362
0.177571
0.184552
0.177273
0.167606
0.289407
0.157574
0.183134
0.175837
0.140084
0.184273
0.218199
0.189824
0.204240
0.176555
0.197034
0.158441
0.186532
0.197028
0.208973
0.256664
0.187372
0.253765
0.221290
0.235057
0.177807
0.184434
0.181302
0.242651
0.187857
0.158394
0.263809
0.217235
0.149965
0.229439
0.190656
0.213117
0.214643
0.196329
0.165424
0.208082
0.204195
0.189468
0.188239
0.203295
0.215324
0.149558
0.189369
0.241467
0.182054
0.221955
0.193212
0.197997
0.200860
0.204032
0.183124
0.152716
0.225003
0.241444
0.250734
0.196958
0.201959
0.191652
0.163559
0.220484
0.176615
0.223245
0.201585
0.180131
0.199928
0.214918
0.167697
0.160998
0.198638
0.195904
0.259704
0.167469
0.165709
0.213809
0.205285
0.195206
0.216581
0.114283
0.186779
0.207455
0.181447
0.203778
0.183975
0.173678
0.205464
0.177006
0.184560
0.195733
0.215295
0.157669
0.202784
0.214190
0.172427
0.161473
0.172621
0.184720
0.181431
0.243989
0.208653
0.245438
0.222167
0.236357
0.183315
0.176503
0.166044
0.214126
0.187824
0.234994
0.159589
0.160599
0.224639
0.220711
0.168486
0.176883
0.173523
0.224392
0.201398
0.178757
0.157203
0.212014
0.196399
0.203638
0.221891
0.164153
0.216138
0.208255
0.196935
0.211986
0.195252
0.203023
0.178545
0.206705
0.212229
0.194796
0.184722
0.217211
0.127561
0.190502
0.196679
0.230990
0.207533
0.179657
0.173438
0.199713
0.178346
0.178651
0.203990
0.229248
0.181975
0.160355
0.210594
0.220739
0.237348
0.213475
0.234163
0.196685
0.272725
0.170123
0.272652
0.182508
0.167058
0.225268
0.209999
0.188082
0.180697
0.193204
0.210630
0.230829
0.191931
0.172816
0.199494
0.228167
0.182598
0.189589
0.187103
0.188494
0.264888
0.219477
0.200837
0.161719
0.239578
0.206127
0.182289
0.218628
0.166559
0.180078
0.237712
0.171153
0.219138
0.168348
0.143589
0.236077
0.216285
0.151679
0.190577
0.186028
0.236226
0.286864
0.206440
0.222465
0.226874
0.260820
0.167682
0.203037
0.196209
0.233923
0.200127
0.166920
0.189448
0.211175
0.213545
0.213141
0.212527
0.190821
0.203560
0.199440
0.219927
0.181862
0.199690
0.209381
0.224728
0.222856
0.236042
0.185588
0.171315
0.213358
0.146861
0.249811
0.214415
0.230380
0.183983
0.266309
0.302815
0.271852
0.261349
0.208000
0.211748
0.184099
0.185391
0.190555
0.186508
0.222193
0.234139
0.234624
0.175057
0.192781
0.269850
0.227383
0.257144
0.180950
0.212646
0.174770
0.227948
0.188457
0.188608
0.197480
0.214191
0.191801
0.170567
0.199902
0.163867
0.174177
0.203803
0.148862
0.187087
0.198332
0.209909
0.197258
0.254684
0.204530
0.176219
0.154494
0.217202
0.237785
0.209939
0.278623
0.169372
0.199207
0.223398
0.187702
0.240297
0.195023
0.192278
0.204839
0.199785
0.298534
0.183280
0.182625
0.206810
0.205959
0.231997
0.208679
0.165941
0.274738
0.176049
0.256578
0.206155
0.240437
0.186876
0.194315
0.237834
0.215685
0.170342
0.198378
0.236521
0.181592
0.190127
0.237547
0.212550
0.202905
0.174662
0.179312
0.211898
0.197550
0.200543
0.290944
0.204946
0.176426
0.235249
0.186822
0.195453
0.187883
0.250658
0.183092
0.228374
0.193650
0.231235
0.223149
0.151202
0.207819
0.148455
0.218862
0.223773
0.238817
0.186464
0.149175
0.215174
0.222761
0.198920
0.209014
0.214433
0.198247
0.259750
0.161367
0.177448
0.184517
0.176927
0.166902
0.289978
0.156289
0.183849
0.174862
0.139381
0.184418
0.218437
0.189730
0.203158
0.177004
0.197030
0.158099
0.185871
0.196754
0.209631
0.257066
0.186347
0.254428
0.220596
0.235066
0.177748
0.184495
0.181015
0.243011
0.188006
0.157797
0.264243
0.217369
0.148783
0.229588
0.191047
0.213806
0.213822
0.196553
0.164092
0.207484
0.204432
0.188214
0.187628
0.203388
0.215492
0.149571
0.189847
0.241306
0.181237
0.222628
0.193878
0.198105
0.200601
0.202897
0.183990
0.151298
0.225706
0.241361
0.250159
0.197260
0.202356
0.191004
0.163608
0.220120
0.175819
0.223247
0.201215
0.179913
0.200267
0.214289
0.166652
0.160526
0.198761
0.195316
0.260717
0.167258
0.164858
0.213287
0.204471
0.195249
0.216681
0.113954
0.186459
0.207931
0.181900
0.203987
0.184660
0.172705
0.205901
0.177189
0.183568
0.195180
0.214203
0.157294
0.202444
0.213472
0.172484
0.161228
0.172120
0.184365
0.181249
0.244143
0.207912
0.246021
0.222279
0.236203
0.182378
0.176723
0.165829
0.213376
0.187667
0.234488
0.159437
0.160539
0.224462
0.220582
0.168611
0.177614
0.172523
0.224362
0.201460
0.178753
0.157207
0.211305
0.196159
0.203757
0.222222
0.164159
0.215825
0.208890
0.196103
0.211289
0.194405
0.202741
0.178141
0.205780
0.211994
0.194039
0.184558
0.215923
0.127132
0.190424
0.195310
0.230098
0.206957
0.179282
0.173146
0.199224
0.178084
0.178364
0.204236
0.229234
0.181416
0.159490
0.209413
0.220737
0.237606
0.212990
0.233622
0.197069
0.273489
0.170190
0.273288
0.181870
0.166983
0.225574
0.210330
0.187861
0.179928
0.192497
0.210315
0.230845
0.192216
0.172428
0.199838
0.227804
0.182576
0.189680
0.186786
0.189627
0.264895
0.219501
0.200729
0.161962
0.239580
0.206333
0.182155
0.218847
0.166035
0.179746
0.237795
0.170946
0.219340
0.168300
0.143198
0.236313
0.216895
0.151620
0.190409
0.186341
0.236451
0.286319
0.206628
0.222698
0.226494
0.260802
0.167781
0.202422
0.196532
0.233309
0.199798
0.166380
0.189213
0.210800
0.214164
0.213898
0.212106
0.190897
0.203644
0.199374
0.220644
0.181378
0.200015
0.209531
0.225179
0.222877
0.235561
0.184899
0.171281
0.213567
0.146395
0.250063
0.213957
0.230516
0.184132
0.266281
0.302298
0.272711
0.262382
0.207335
0.211093
0.184111
0.185360
0.190221
0.186551
0.222336
0.234520
0.234982
0.174459
0.192751
0.270331
0.227627
0.257655
0.180439
0.212593
0.175045
0.227718
0.188357
0.188322
0.197570
0.213595
0.190923
0.170403
0.199915
0.163650
0.173903
0.203472
0.148483
0.186511
0.197629
0.209913
0.197152
0.254721
0.203883
0.176198
0.153786
0.216804
0.237978
0.209751
0.279134
0.169058
0.199061
0.223175
0.187734
0.239397
0.194838
0.191798
0.204467
0.200059
0.298096
0.183325
0.182743
0.207038
0.205920
0.232415
0.209027
0.166225
0.275120
0.176120
0.256966
0.205961
0.239921
0.186444
0.194216
0.237681
0.215564
0.169954
0.198186
0.236724
0.180817
0.190361
0.237249
0.212518
0.203129
0.174636
0.178979
0.211363
0.197393
0.199950
0.290806
0.204661
0.175932
0.234913
0.186743
0.195085
0.187499
0.250955
0.182864
0.228367
0.193100
0.231367
0.223607
0.150721
0.208269
0.148799
0.219441
0.224349
0.238109
0.186810
0.148739
0.215002
0.223007
0.198945
0.209277
0.215038
0.198417
0.259634
0.160843
0.177431
0.184562
0.176782
0.166565
0.290371
0.155608
0.184305
0.174357
0.139025
0.184556
0.218627
0.189731
0.202601
0.177308
0.197081
0.157956
0.185550
0.196646
0.210043
0.257361
0.185822
0.254860
0.220247
0.235130
0.177750
0.184581
0.180903
0.243262
0.188152
0.157496
0.264532
0.217500
0.148145
0.229715
0.191329
0.214253
0.213400
0.196741
0.163370
0.207191
0.204619
0.187546
0.187327
0.203467
0.215621
0.149616
0.190164
0.241260
0.180815
0.223064
0.194292
0.198207
0.200502
0.202294
0.184523
0.150517
0.226157
0.241335
0.249864
0.197490
0.202623
0.190671
0.163667
0.219966
0.175405
0.223284
0.201040
0.179829
0.200504
0.213979
0.166082
0.160289
0.198877
0.195014
0.261329
0.167172
0.164414
0.213022
0.204045
0.195318
0.216786
0.113810
0.186315
0.208239
0.182208
0.204156
0.185101
0.172186
0.206196
0.177341
0.183049
0.194915
0.213600
0.157127
0.202304
0.213094
0.172560
0.161116
0.171847
0.184199
0.181175
0.244266
0.207515
0.246380
0.222358
0.236151
0.181883
0.176896
0.165730
0.212990
0.187602
0.234224
0.159395
0.160536
0.224386
0.220537
0.168707
0.178072
0.172000
0.224366
0.201540
0.178780
0.157246
0.210939
0.196067
0.203861
0.222460
0.164204
0.215691
0.209299
0.195653
0.210921
0.193942
0.202606
0.177943
0.205289
0.211903
0.193640
0.184494
0.215204
0.126922
0.190414
0.194557
0.229607
0.206687
0.179108
0.173003
0.198974
0.177960
0.178233
0.204405
0.229256
0.181136
0.159012
0.208768
0.220770
0.237805
0.212745
0.233347
0.197321
0.273959
0.170263
0.273701
0.181542
0.166961
0.225793
0.210559
0.187762
0.179508
0.192122
0.210166
0.230896
0.192425
0.172239
0.200074
0.227628
0.182599
0.189768
0.186627
0.190308
0.264935
0.219538
0.200704
0.162133
0.239609
0.206477
0.182122
0.219003
0.165748
0.179582
0.237871
0.170861
0.219476
0.168308
0.143001
0.236492
0.217295
0.151614
0.190350
0.186544
0.236620
0.286049
0.206770
0.222835
0.226303
0.260824
0.167886
0.202096
0.196736
0.232979
0.199652
0.166109
0.189103
0.210613
0.214560
0.214389
0.211887
0.190966
0.203718
0.199363
0.221083
0.181125
0.200240
0.209628
0.225468
0.222915
0.235299
0.184539
0.171285
0.213712
0.146157
0.250245
0.213709
0.230610
0.184237
0.266284
0.302019
0.273241
0.262996
0.206978
0.210735
0.184138
0.185376
0.190062
0.186611
0.222461
0.234765
0.235219
0.174150
0.192770
0.270651
0.227798
0.257997
0.180177
0.212586
0.175221
0.227618
0.188327
0.188196
0.197657
0.213283
0.190453
0.170320
0.199948
0.163550
0.173760
0.203301
0.148285
0.186205
0.197252
0.209927
0.197117
0.254764
0.203546
0.176208
0.153396
0.216605
0.238107
0.209675
0.279464
0.168897
0.199006
0.223065
0.187770
0.238901
0.194754
0.191553
0.204267
0.200256
0.297886
0.183384
0.182844
0.207187
0.205917
0.232691
0.209264
0.166408
0.275347
0.176184
0.257188
0.205874
0.239646
0.186221
0.194194
0.237619
0.215487
0.169740
0.198088
0.236875
0.180393
0.190521
0.237110
0.212510
0.203259
0.174633
0.178798
0.211067
0.197321
0.199642
0.290742
0.204508
0.175671
0.234750
0.186722
0.194904
0.187302
0.251143
0.182740
0.228378
0.192805
0.231457
0.223894
0.150480
0.208539
0.149016
0.219811
0.224704
0.237723
0.187029
0.148510
0.214922
0.223165
0.198998
0.209452
0.215422
0.198544
0.259600
0.160562
0.177440
0.184600
0.176723
0.166373
0.290609
0.155232
0.184579
0.174082
0.138849
0.184664
0.218767
0.189739
0.202289
0.177503
0.197124
0.157884
0.185372
0.196603
0.210317
0.257534
0.185541
0.255126
0.220051
0.235194
0.177775
0.184642
0.180853
0.243439
0.188237
0.157347
0.264715
0.217593
0.147809
0.229808
0.191490
0.214531
0.213189
0.196869
0.162970
0.207044
0.204749
0.187182
0.187168
0.203560
0.215719
0.149675
0.190370
0.241241
0.180582
0.223328
0.194543
0.198284
0.200468
0.201971
0.184858
0.150094
0.226433
0.241360
0.249713
0.197630
0.202797
0.190501
0.163724
0.219868
0.175173
0.223328
0.200961
0.179811
0.200670
0.213813
0.165771
0.160173
0.198976
0.194860
0.261710
0.167133
0.164163
0.212902
0.203799
0.195373
0.216857
0.113737
0.186254
0.208445
0.182399
0.204258
0.185363
0.171908
0.206381
0.177438
0.182761
0.194762
0.213271
0.157038
0.202221
0.212888
0.172625
0.161073
0.171724
0.184095
0.181151
0.244361
0.207299
0.246609
0.222457
0.236153
0.181600
0.177020
0.165694
0.212777
0.187596
0.234091
0.159378
0.160544
0.224356
0.220527
0.168781
0.178355
0.171695
0.224397
0.201594
0.178806
0.157280
0.210728
0.196018
0.203929
0.222602
0.164237
0.215621
0.209544
0.195422
0.210739
0.193701
0.202559
0.177836
0.205012
0.211852
0.193422
0.184472
0.214828
0.126808
0.190423
0.194155
0.229329
0.206536
0.179014
0.172951
0.198841
0.177893
0.178158
0.204538
0.229272
0.180996
0.158770
0.208422
0.220796
0.237918
0.212613
0.233203
0.197476
0.274240
0.170314
0.273937
0.181361
0.166970
0.225930
0.210695
0.187708
0.179289
0.191927
0.210089
0.230921
0.192539
0.172138
0.200220
0.227540
0.182621
0.189823
0.186545
0.190716
0.264963
0.219563
0.200696
0.162245
0.239639
0.206569
0.182108
0.219106
0.165609
0.179502
0.237923
0.170815
0.219560
0.168313
0.142902
0.236610
0.217525
0.151609
0.190322
0.186667
0.236715
0.285892
0.206861
0.222955
0.226199
0.260864
0.167951
0.201925
0.196877
0.232789
0.199567
0.165953
0.189057
0.210505
0.214788
0.214651
0.211775
0.191030
0.203781
0.199359
0.221346
0.180989
0.200367
0.209706
0.225639
0.222950
0.235157
0.184338
0.171302
0.213814
0.146023
0.250349
0.213590
0.230688
0.184307
0.266311
0.301862
0.273535
0.263363
0.206797
0.210547
0.184159
0.185386
0.189966
0.186635
0.222527
0.234913
0.235369
0.173971
0.192787
0.270825
0.227905
0.258207
0.180037
0.212587
0.175324
0.227562
0.188307
0.188122
0.197715
0.213111
0.190170
0.170285
0.199981
0.163503
0.173708
0.203203
0.148187
0.186041
0.197045
0.209958
0.197110
0.254812
0.203359
0.176215
0.153177
0.216508
0.238207
0.209626
0.279630
0.168809
0.198978
0.223014
0.187804
0.238618
0.194727
0.191416
0.204158
0.200384
0.297762
0.183413
0.182913
0.207267
0.205929
0.232848
0.209402
0.166524
0.275480
0.176228
0.257329
0.205832
0.239487
0.186116
0.194196
0.237567
0.215484
0.169628
0.198048
0.236973
0.180151
0.190608
0.237038
0.212505
0.203351
0.174633
0.178697
0.210916
0.197293
0.199444
0.290703
0.204438
0.175517
0.234660
0.186727
0.194802
0.187196
0.251270
0.182679
0.228391
0.192646
0.231509
0.224052
0.150334
0.208700
0.149143
0.220003
0.224914
0.237506
0.187155
0.148379
0.214887
0.223259
0.199013
0.209554
0.215632
0.198603
0.259566
0.160404
0.177449
0.184637
0.176688
0.166275
0.290748
0.155004
0.184758
0.173930
0.138743
0.184716
0.218848
0.189757
0.202134
0.177614
0.197157
0.157860
0.185280
0.196587
0.210471
0.257636
0.185363
0.255280
0.219964
0.235203
0.177801
0.184687
0.180827
0.243530
0.188293
0.157259
0.264827
0.217653
0.147612
0.229862
0.191597
0.214685
0.213067
0.196947
0.162745
0.206955
0.204816
0.186960
0.187077
0.203599
0.215782
0.149700
0.190481
0.241248
0.180459
0.223484
0.194705
0.198332
0.200443
0.201786
0.185040
0.149858
0.226599
0.241370
0.249632
0.197721
0.202898
0.190407
0.163771
0.219847
0.175056
0.223358
0.200938
0.179796
0.200755
0.213717
0.165594
0.160113
0.199045
0.194766
0.261910
0.167127
0.164024
0.212823
0.203688
0.195407
0.216906
0.113709
0.186215
0.208551
0.182505
0.204322
0.185519
0.171749
0.206476
0.177496
0.182593
0.194674
0.213084
0.156987
0.202176
0.212769
0.172656
0.161047
0.171639
0.184058
0.181135
0.244415
0.207191
0.246732
0.222482
0.236146
0.181453
0.177071
0.165663
0.212656
0.187582
0.234023
0.159376
0.160561
0.224347
0.220531
0.168825
0.178515
0.171533
0.224410
0.201633
0.178837
0.157309
0.210611
0.195991
0.203983
0.222691
0.164260
0.215591
0.209684
0.195289
0.210609
0.193561
0.202506
0.177784
0.204866
0.211834
0.193304
0.184456
0.214598
0.126754
0.190426
0.193911
0.229206
0.206447
0.178960
0.172908
0.198761
0.177864
0.178129
0.204596
0.229307
0.180900
0.158616
0.208218
0.220818
0.237976
0.212540
0.233135
0.197568
0.274415
0.170345
0.274068
0.181258
0.166963
0.225996
0.210773
0.187689
0.179165
0.191806
0.210040
0.230963
0.192617
0.172076
0.200297
0.227478
0.182641
0.189859
0.186506
0.190948
0.264980
0.219607
0.200710
0.162310
0.239672
0.206634
0.182107
0.219171
0.165527
0.179471
0.237952
0.170783
0.219610
0.168328
0.142847
0.236662
0.217653
0.151629
0.190293
0.186757
0.236784
0.285807
0.206920
0.223011
0.226144
0.260877
0.167981
0.201822
0.196958
0.232704
0.199524
0.165871
0.189028
0.210463
0.214931
0.214820
0.211715
0.191044
0.203817
0.199359
0.221480
0.180913
0.200455
0.209753
0.225749
0.222983
0.235088
0.184225
0.171304
0.213872
0.145973
0.250416
0.213511
0.230710
0.184340
0.266312
0.301816
0.273720
0.263559
0.206681
0.210437
0.184185
0.185417
0.189927
0.186663
0.222584
0.235009
0.235453
0.173873
0.192797
0.270934
0.227966
0.258320
0.179957
0.212603
0.175394
0.227533
0.188309
0.188082
0.197747
0.213011
0.190029
0.170265
0.199998
0.163464
0.173659
0.203168
0.148127
0.185960
0.196919
0.209977
0.197101
0.254824
0.203240
0.176240
0.153050
0.216434
0.238265
0.209604
0.279742
0.168764
0.198965
0.222988
0.187822
0.238473
0.194708
0.191333
0.204121
0.200472
0.297671
0.183440
0.182955
0.207332
0.205930
0.232950
0.209483
0.166590
0.275589
0.176251
0.257412
0.205813
0.239404
0.186047
0.194177
0.237576
0.215461
0.169568
0.198014
0.237026
0.180026
0.190663
0.236988
0.212496
0.203411
0.174653
0.178662
0.210812
0.197271
0.199355
0.290688
0.204381
0.175438
0.234599
0.186702
0.194723
0.187134
0.251328
0.182643
0.228399
0.192568
0.231559
0.224150
0.150249
0.208802
0.149223
0.220111
0.225025
0.237390
0.187220
0.148297
0.214871
0.223327
0.199031
0.209626
0.215754
0.198653
0.259546
0.160332
0.177458
0.184651
0.176672
0.166210
0.290844
0.154899
0.184860
0.173848
0.138688
0.184757
0.218878
0.189766
0.202025
0.177699
0.197200
0.157842
0.185230
0.196575
0.210564
0.257704
0.185284
0.255390
0.219910
0.235230
0.177814
0.184716
0.180809
0.243581
0.188337
0.157225
0.264882
0.217687
0.147501
0.229904
0.191663
0.214792
0.212984
0.196993
0.162619
0.206927
0.204860
0.186856
0.187036
0.203631
0.215819
0.149723
0.190559
0.241239
0.180389
0.223581
0.194796
0.198363
0.200430
0.201662
0.185155
0.149711
0.226690
0.241375
0.249584
0.197761
0.202953
0.190347
0.163781
0.219804
0.174966
0.223367
0.200895
0.179779
0.200809
0.213671
0.165486
0.160076
0.199064
0.194716
0.262030
0.167126
0.163959
0.212784
0.203603
0.195411
0.216921
0.113686
0.186201
0.208617
0.182574
0.204358
0.185618
0.171662
0.206550
0.177537
0.182513
0.194617
0.212988
0.156965
0.202169
0.212722
0.172673
0.161041
0.171608
0.184032
0.181137
0.244459
0.207121
0.246811
0.222500
0.236140
0.181358
0.177106
0.165666
0.212579
0.187577
0.233960
0.159368
0.160574
0.224345
0.220521
0.168867
0.178606
0.171441
0.224427
0.201655
0.178850
0.157327
0.210540
0.195988
0.203989
0.222722
0.164283
0.215558
0.209766
0.195198
0.210558
0.193478
0.202502
0.177756
0.204767
0.211812
0.193229
0.184454
0.214466
0.126714
0.190438
0.193776
0.229116
0.206385
0.178933
0.172901
0.198714
0.177845
0.178107
0.204638
0.229316
0.180850
0.158543
0.208088
0.220837
0.238003
0.212495
0.233081
0.197632
0.274497
0.170368
0.274169
0.181194
0.166978
0.226050
0.210818
0.187674
0.179095
0.191726
0.210019
0.230961
0.192664
0.172056
0.200358
0.227456
0.182654
0.189893
0.186485
0.191100
0.264995
0.219633
0.200706
0.162344
0.239682
0.206668
0.182096
0.219200
0.165486
0.179446
0.237973
0.170783
0.219640
0.168336
0.142818
0.236700
0.217731
0.151632
0.190310
0.186802
0.236820
0.285764
0.206939
0.223039
0.226125
0.260862
0.168008
0.201758
0.197010
0.232624
0.199488
0.165828
0.189009
0.210439
0.214998
0.214915
0.211656
0.191065
0.203826
0.199354
0.221577
0.180878
0.200496
0.209780
0.225817
0.222989
0.235049
0.184167
0.171313
0.213889
0.145924
0.250436
0.213470
0.230750
0.184381
0.266322
0.301728
0.273832
0.263697
0.206622
0.210365
0.184196
0.185411
0.189906
0.186676
0.222611
0.235045
0.235506
0.173817
0.192802
0.270991
0.227991
0.258384
0.179897
0.212605
0.175432
0.227520
0.188315
0.188066
0.197768
0.212963
0.189932
0.170252
0.200002
0.163462
0.173648
0.203131
0.148094
0.185903
0.196862
0.209987
0.197090
0.254837
0.203189
0.176258
0.152985
0.216407
0.238275
0.209581
0.279829
0.168747
0.198944
0.222977
0.187834
0.238384
0.194697
0.191297
0.204072
0.200501
0.297645
0.183452
0.182970
0.207365
0.205924
0.232995
0.209518
0.166615
0.275624
0.176262
0.257478
0.205786
0.239372
0.186009
0.194176
0.237562
0.215454
0.169520
0.198013
0.237044
0.179932
0.190693
0.236976
0.212509
0.203445
0.174654
0.178627
0.210762
0.197259
0.199296
0.290694
0.204349
0.175394
0.234572
0.186705
0.194715
0.187103
0.251357
0.182631
0.228384
0.192503
0.231569
0.224214
0.150203
0.208862
0.149265
0.220200
0.225091
0.237324
0.187273
0.148258
0.214848
0.223338
0.199023
0.209646
0.215840
0.198670
0.259540
0.160268
0.177476
0.184668
0.176661
0.166190
0.290876
0.154831
0.184913
0.173805
0.138653
0.184774
0.218906
0.189764
0.201965
0.177725
0.197183
0.157826
0.185198
0.196567
0.210617
0.257744
0.185226
0.255419
0.219878
0.235246
0.177813
0.184731
0.180804
0.243629
0.188350
0.157197
0.264909
0.217700
0.147431
0.229916
0.191698
0.214833
0.212961
0.197021
0.162561
0.206892
0.204881
0.186776
0.187006
0.203659
0.215838
0.149727
0.190593
0.241230
0.180350
0.223631
0.194847
0.198380
0.200427
0.201617
0.185229
0.149632
0.226738
0.241376
0.249555
0.197803
0.202985
0.190324
0.163807
0.219787
0.174943
0.223379
0.200898
0.179780
0.200846
0.213647
0.165434
0.160062
0.199085
0.194698
0.262115
0.167117
0.163908
0.212759
0.203569
0.195423
0.216937
0.113668
0.186193
0.208658
0.182603
0.204384
0.185661
0.171613
0.206573
0.177555
0.182452
0.194597
0.212912
0.156946
0.202158
0.212660
0.172695
0.161035
0.171577
0.184027
0.181130
0.244461
0.207093
0.246851
0.222517
0.236147
0.181310
0.177129
0.165659
0.212557
0.187571
0.233953
0.159364
0.160574
0.224335
0.220536
0.168882
0.178657
0.171386
0.224428
0.201657
0.178852
0.157335
0.210509
0.195991
0.204019
0.222755
0.164288
0.215551
0.209809
0.195159
0.210510
0.193442
0.202485
0.177741
0.204708
0.211808
0.193177
0.184441
0.214379
0.126696
0.190438
0.193685
0.229059
0.206361
0.178918
0.172885
0.198698
0.177842
0.178094
0.204653
0.229326
0.180826
0.158501
0.208039
0.220843
0.238039
0.212480
0.233053
0.197651
0.274564
0.170390
0.274212
0.181161
0.166976
0.226074
0.210854
0.187673
0.179061
0.191706
0.210015
0.230986
0.192679
0.172037
0.200370
0.227450
0.182660
0.189893
0.186468
0.191171
0.265001
0.219615
0.200699
0.162375
0.239686
0.206685
0.182094
0.219233
0.165456
0.179429
0.237993
0.170774
0.219670
0.168332
0.142796
0.236717
0.217796
0.151632
0.190289
0.186821
0.236845
0.285745
0.206970
0.223061
0.226094
0.260873
0.168015
0.201734
0.197024
0.232603
0.199488
0.165789
0.188999
0.210420
0.215047
0.214966
0.211647
0.191090
0.203840
0.199366
0.221629
0.180851
0.200520
0.209781
0.225842
0.222990
0.235006
0.184128
0.171317
0.213919
0.145903
0.250481
0.213442
0.230757
0.184398
0.266334
0.301712
0.273896
0.263757
0.206583
0.210323
0.184199
0.185408
0.189875
0.186671
0.222621
0.235067
0.235514
0.173775
0.192819
0.271022
0.228023
0.258428
0.179877
0.212594
0.175460
0.227507
0.188304
0.188043
0.197784
0.212924
0.189881
0.170251
0.200005
0.163446
0.173628
0.203106
0.148072
0.185865
0.196817
0.209982
0.197084
0.254837
0.203148
0.176241
0.152940
0.216373
0.238291
0.209578
0.279855
0.168726
0.198947
0.222956
0.187826
0.238323
0.194686
0.191263
0.204058
0.200524
0.297613
0.183451
0.182971
0.207371
0.205935
0.233037
0.209560
0.166649
0.275657
0.176274
0.257501
0.205788
0.239350
0.185987
0.194167
0.237558
0.215445
0.169500
0.197987
0.237055
0.179880
0.190719
0.236948
0.212510
0.203452
0.174645
0.178607
0.210742
0.197248
0.199250
0.290678
0.204339
0.175364
0.234555
0.186710
0.194694
0.187076
0.251375
0.182614
0.228392
0.192479
0.231580
0.224236
0.150177
0.208890
0.149299
0.220231
0.225144
0.237280
0.187290
0.148235
0.214840
0.223368
0.199035
0.209675
0.215868
0.198688
0.259526
0.160251
0.177472
0.184664
0.176663
0.166171
0.290905
0.154790
0.184937
0.173769
0.138631
0.184782
0.218931
0.189771
0.201935
0.177764
0.197184
0.157822
0.185179
0.196563
0.210632
0.257749
0.185184
0.255447
0.219854
0.235250
0.177827
0.184736
0.180807
0.243654
0.188362
0.157179
0.264925
0.217701
0.147398
0.229919
0.191713
0.214863
0.212918
0.197018
0.162497
0.206873
0.204895
0.186731
0.186994
0.203647
0.215839
0.149733
0.190618
0.241230
0.180322
0.223654
0.194870
0.198377
0.200416
0.201570
0.185248
0.149594
0.226766
0.241371
0.249537
0.197822
0.203011
0.190300
0.163806
0.219785
0.174912
0.223394
0.200885
0.179770
0.200858
0.213638
0.165423
0.160045
0.199087
0.194687
0.262151
0.167102
0.163888
0.212741
0.203531
0.195430
0.216953
0.113661
0.186191
0.208678
0.182621
0.204388
0.185688
0.171580
0.206600
0.177567
0.182428
0.194597
0.212892
0.156943
0.202135
0.212665
0.172696
0.161020
0.171567
0.184021
0.181131
0.244471
0.207064
0.246891
0.222525
0.236120
0.181277
0.177154
0.165656
0.212509
0.187574
0.233938
0.159373
0.160561
0.224329
0.220518
0.168868
0.178710
0.171336
0.224411
0.201667
0.178854
0.157342
0.210499
0.195966
0.204016
0.222776
0.164295
0.215540
0.209845
0.195130
0.210499
0.193403
0.202480
0.177718
0.204685
0.211803
0.193159
0.184440
0.214332
0.126686
0.190448
0.193644
0.229013
0.206355
0.178904
0.172879
0.198684
0.177835
0.178089
0.204667
0.229322
0.180803
0.158463
0.207994
0.220844
0.238057
0.212462
0.233039
0.197670
0.274578
0.170391
0.274235
0.181141
0.166975
0.226088
0.210872
0.187663
0.179036
0.191673
0.210006
0.230975
0.192693
0.172010
0.200401
0.227426
0.182655
0.189900
0.186455
0.191205
0.265017
0.219623
0.200700
0.162382
0.239677
0.206692
0.182094
0.219223
0.165441
0.179412
0.237991
0.170783
0.219674
0.168333
0.142781
0.236728
0.217814
0.151638
0.190291
0.186835
0.236849
0.285704
0.206976
0.223067
0.226088
0.260862
0.168034
0.201729
0.197040
0.232597
0.199476
0.165785
0.188996
0.210413
0.215069
0.214981
0.211641
0.191101
0.203853
0.199358
0.221665
0.180829
0.200528
0.209786
0.225868
0.222990
0.234999
0.184105
0.171322
0.213927
0.145881
0.250491
0.213435
0.230759
0.184414
0.266330
0.301681
0.273902
0.263790
0.206546
0.210296
0.184205
0.185407
0.189875
0.186688
0.222635
0.235106
0.235523
0.173761
0.192816
0.271050
0.228032
0.258449
0.179860
0.212598
0.175469
0.227505
0.188296
0.188026
0.197787
0.212906
0.189851
0.170248
0.200012
0.163437
0.173629
0.203114
0.148062
0.185856
0.196784
0.209982
0.197095
0.254842
0.203120
0.176240
0.152925
0.216371
0.238316
0.209582
0.279868
0.168721
0.198934
0.222952
0.187831
0.238296
0.194684
0.191248
0.204047
0.200535
0.297606
0.183467
0.183006
0.207403
0.205937
0.233034
0.209581
0.166665
0.275687
0.176285
0.257510
0.205790
0.239307
0.185971
0.194179
0.237554
0.215435
0.169485
0.197993
0.237056
0.179862
0.190721
0.236937
0.212504
0.203473
0.174655
0.178601
0.210717
0.197263
0.199252
0.290682
0.204340
0.175357
0.234547
0.186702
0.194673
0.187068
0.251377
0.182619
0.228412
0.192455
0.231577
0.224261
0.150168
0.208911
0.149304
0.220276
0.225159
0.237258
0.187305
0.148235
0.214840
0.223369
0.199047
0.209690
0.215908
0.198687
0.259526
0.160240
0.177461
0.184662
0.176651
0.166159
0.290915
0.154756
0.184983
0.173758
0.138619
0.184794
0.218946
0.189777
0.201920
0.177776
0.197215
0.157826
0.185173
0.196562
0.210653
0.257758
0.185173
0.255474
0.219855
0.235250
0.177831
0.184742
0.180811
0.243653
0.188382
0.157186
0.264945
0.217721
0.147382
0.229937
0.191715
0.214875
0.212905
0.197027
0.162493
0.206862
0.204904
0.186711
0.186981
0.203647
0.215850
0.149738
0.190627
0.241235
0.180308
0.223656
0.194896
0.198382
0.200413
0.201539
0.185268
0.149575
0.226785
0.241372
0.249527
0.197819
0.203004
0.190298
0.163806
0.219781
0.174913
0.223379
0.200869
0.179763
0.200868
0.213596
0.165390
0.160042
0.199083
0.194672
0.262192
0.167105
0.163864
0.212731
0.203531
0.195438
0.216949
0.113658
0.186189
0.208682
0.182638
0.204388
0.185713
0.171569
0.206595
0.177567
0.182403
0.194581
0.212864
0.156933
0.202135
0.212644
0.172700
0.161023
0.171558
0.184016
0.181119
0.244478
0.207040
0.246886
0.222530
0.236128
0.181261
0.177154
0.165653
0.212518
0.187578
0.233936
0.159366
0.160573
0.224330
0.220524
0.168877
0.178711
0.171333
0.224431
0.201675
0.178849
0.157348
0.210485
0.195969
0.204024
0.222778
0.164300
0.215556
0.209848
0.195124
0.210501
0.193386
0.202480
0.177720
0.204670
0.211807
0.193147
0.184444
0.214319
0.126676
0.190447
0.193615
0.229010
0.206338
0.178902
0.172862
0.198681
0.177837
0.178093
0.204695
0.229344
0.180788
0.158448
0.207960
0.220838
0.238059
0.212446
0.233017
0.197676
0.274608
0.170395
0.274243
0.181136
0.166981
0.226098
0.210873
0.187664
0.179012
0.191659
0.210003
0.230975
0.192708
0.172012
0.200401
0.227414
0.182660
0.189909
0.186444
0.191232
0.265008
0.219629
0.200699
0.162389
0.239688
0.206706
0.182099
0.219231
0.165419
0.179399
0.238002
0.170771
0.219669
0.168337
0.142777
0.236731
0.217812
0.151635
0.190297
0.186837
0.236860
0.285712
0.206973
0.223063
0.226081
0.260872
0.168030
0.201714
0.197050
0.232580
0.199461
0.165772
0.188999
0.210392
0.215080
0.215007
0.211637
0.191105
0.203855
0.199365
0.221677
0.180825
0.200534
0.209807
0.225880
0.222992
0.234991
0.184087
0.171326
0.213930
0.145872
0.250475
0.213424
0.230767
0.184399
0.266343
0.301659
0.273932
0.263812
0.206549
0.210287
0.184202
0.185410
0.189872
0.186704
0.222638
0.235100
0.235528
0.173746
0.192800
0.271063
0.228028
0.258456
0.179854
0.212601
0.175467
0.227508
0.188298
0.188031
0.197774
0.212880
0.189833
0.170247
0.200017
0.163435
0.173626
0.203098
0.148042
0.185848
0.196773
0.209985
0.197097
0.254838
0.203106
0.176236
0.152907
0.216355
0.238322
0.209569
0.279880
0.168716
0.198936
0.222946
0.187841
0.238277
0.194677
0.191242
0.204040
0.200541
0.297568
0.183473
0.183004
0.207398
0.205933
0.233054
0.209582
0.166662
0.275675
0.176303
0.257524
0.205776
0.239311
0.185962
0.194168
0.237543
0.215423
0.169478
0.197983
0.237060
0.179848
0.190732
0.236935
0.212501
0.203482
0.174663
0.178592
0.210713
0.197245
0.199239
0.290664
0.204318
0.175354
0.234552
0.186703
0.194663
0.187057
0.251395
0.182603
0.228402
0.192441
0.231568
0.224260
0.150160
0.208909
0.149314
0.220269
0.225153
0.237246
0.187306
0.148226
0.214828
0.223376
0.199052
0.209690
0.215903
0.198689
0.259530
0.160232
0.177474
0.184674
0.176656
0.166151
0.290934
0.154751
0.184989
0.173745
0.138626
0.184792
0.218955
0.189777
0.201916
0.177769
0.197221
0.157828
0.185163
0.196555
0.210662
0.257780
0.185164
0.255469
0.219848
0.235250
0.177820
0.184745
0.180808
0.243650
0.188375
0.157171
0.264961
0.217725
0.147369
0.229935
0.191717
0.214870
0.212907
0.197039
0.162472
0.206851
0.204913
0.186713
0.186971
0.203644
0.215846
0.149745
0.190634
0.241231
0.180299
0.223679
0.194902
0.198391
0.200411
0.201542
0.185276
0.149560
0.226788
0.241364
0.249513
0.197823
0.203012
0.190277
0.163800
0.219775
0.174909
0.223367
0.200870
0.179776
0.200868
0.213593
0.165380
0.160044
0.199098
0.194667
0.262200
0.167110
0.163853
0.212723
0.203510
0.195440
0.216964
0.113664
0.186180
0.208688
0.182646
0.204384
0.185715
0.171557
0.206605
0.177571
0.182401
0.194582
0.212854
0.156931
0.202139
0.212628
0.172706
0.161023
0.171554
0.184009
0.181103
0.244485
0.207034
0.246897
0.222537
0.236122
0.181242
0.177158
0.165652
0.212504
0.187576
0.233925
0.159368
0.160578
0.224330
0.220523
0.168880
0.178720
0.171322
0.224438
0.201668
0.178850
0.157340
0.210470
0.195959
0.204035
0.222780
0.164294
0.215550
0.209860
0.195114
0.210489
0.193381
0.202484
0.177717
0.204667
0.211797
0.193145
0.184438
0.214312
0.126679
0.190456
0.193601
0.228985
0.206320
0.178901
0.172861
0.198682
0.177841
0.178082
0.204679
0.229332
0.180790
0.158435
0.207954
0.220828
0.238062
0.212441
0.233008
0.197693
0.274622
0.170386
0.274247
0.181131
0.166973
0.226097
0.210879
0.187671
0.179008
0.191647
0.209995
0.230975
0.192712
0.172010
0.200407
0.227413
0.182674
0.189906
0.186447
0.191244
0.265010
0.219638
0.200699
0.162395
0.239681
0.206697
0.182094
0.219229
0.165414
0.179392
0.237989
0.170775
0.219678
0.168341
0.142769
0.236733
0.217819
0.151630
0.190292
0.186831
0.236862
0.285709
0.206980
0.223071
0.226079
0.260868
0.168035
0.201695
0.197047
0.232560
0.199456
0.165773
0.188992
0.210387
0.215096
0.215022
0.211627
0.191104
0.203849
0.199364
0.221682
0.180810
0.200533
0.209809
0.225875
0.222997
0.234990
0.184091
0.171322
0.213936
0.145876
0.250485
0.213422
0.230779
0.184401
0.266341
0.301659
0.273948
0.263811
0.206533
0.210295
0.184207
0.185406
0.189867
0.186712
0.222626
0.235091
0.235548
0.173742
0.192805
0.271060
0.228034
0.258462
0.179853
0.212598
0.175476
0.227504
0.188295
0.188026
0.197780
0.212869
0.189825
0.170249
0.200015
0.163432
0.173620
0.203093
0.148045
0.185841
0.196763
0.209987
0.197097
0.254842
0.203105
0.176247
0.152897
0.216359
0.238335
0.209571
0.279896
0.168714
0.198933
0.222939
0.187841
0.238265
0.194677
0.191241
0.204039
0.200542
0.297589
0.183476
0.183000
0.207397
0.205919
0.233063
0.209579
0.166668
0.275677
0.176293
0.257524
0.205771
0.239311
0.185958
0.194167
0.237542
0.215431
0.169468
0.197979
0.237063
0.179833
0.190739
0.236929
0.212508
0.203483
0.174652
0.178591
0.210706
0.197244
0.199223
0.290656
0.204314
0.175352
0.234547
0.186701
0.194665
0.187051
0.251399
0.182605
0.228402
0.192434
0.231583
0.224262
0.150156
0.208918
0.149326
0.220276
0.225164
0.237235
0.187318
0.148219
0.214831
0.223386
0.199048
0.209691
0.215917
0.198695
0.259529
0.160220
0.177471
0.184673
0.176647
0.166156
0.290922
0.154747
0.184993
0.173735
0.138620
0.184798
0.218945
0.189777
0.201911
0.177780
0.197218
0.157822
0.185156
0.196554
0.210667
0.257783
0.185165
0.255487
0.219838
0.235273
0.177822
0.184751
0.180812
0.243658
0.188383
0.157162
0.264966
0.217721
0.147363
0.229944
0.191721
0.214883
0.212894
0.197036
0.162460
0.206846
0.204917
0.186694
0.186966
0.203655
0.215848
0.149753
0.190648
0.241232
0.180290
0.223682
0.194903
0.198398
0.200412
0.201541
0.185286
0.149550
0.226797
0.241365
0.249507
0.197819
0.203026
0.190281
0.163816
0.219780
0.174905
0.223382
0.200866
0.179779
0.200869
0.213593
0.165370
0.160030
0.199107
0.194668
0.262202
0.167115
0.163839
0.212732
0.203515
0.195442
0.216965
0.113661
0.186186
0.208695
0.182647
0.204391
0.185726
0.171543
0.206611
0.177569
0.182394
0.194585
0.212847
0.156922
0.202128
0.212619
0.172704
0.161025
0.171548
0.184008
0.181113
0.244484
0.207026
0.246907
0.222547
0.236130
0.181245
0.177164
0.165641
0.212497
0.187566
0.233908
0.159368
0.160587
0.224320
0.220513
0.168874
0.178720
0.171322
0.224443
0.201682
0.178849
0.157342
0.210464
0.195963
0.204040
0.222790
0.164299
0.215546
0.209859
0.195102
0.210488
0.193372
0.202483
0.177714
0.204647
0.211792
0.193136
0.184448
0.214305
0.126673
0.190447
0.193599
0.228979
0.206318
0.178897
0.172858
0.198665
0.177829
0.178089
0.204683
0.229334
0.180792
0.158426
0.207946
0.220827
0.238058
0.212435
0.233013
0.197695
0.274622
0.170385
0.274241
0.181121
0.166982
0.226096
0.210878
0.187668
0.179015
0.191641
0.209997
0.230974
0.192716
0.172008
0.200425
0.227397
0.182678
0.189910
0.186444
0.191258
0.264999
0.219638
0.200702
0.162403
0.239679
0.206702
0.182083
0.219227
0.165410
0.179404
0.237979
0.170773
0.219684
0.168338
0.142768
0.236730
0.217832
0.151634
0.190290
0.186834
0.236860
0.285712
0.206985
0.223081
0.226076
0.260876
0.168035
0.201684
0.197049
0.232569
0.199461
0.165774
0.188990
0.210390
0.215105
0.215035
0.211624
0.191104
0.203847
0.199357
0.221690
0.180808
0.200543
0.209812
0.225881
0.222991
0.234980
0.184077
0.171318
0.213938
0.145865
0.250490
0.213425
0.230775
0.184402
0.266336
0.301664
0.273961
0.263828
0.206527
0.210289
0.184196
0.185406
0.189857
0.186714
0.222625
0.235097
0.235539
0.173741
0.192811
0.271064
0.228032
0.258464
0.179858
0.212603
0.175479
0.227507
0.188308
0.188032
0.197791
0.212867
0.189827
0.170241
0.200015
0.163439
0.173618
0.203092
0.148039
0.185830
0.196760
0.209992
0.197102
0.254847
0.203095
0.176248
0.152899
0.216356
0.238344
0.209567
0.279899
0.168713
0.198927
0.222959
0.187842
0.238250
0.194673
0.191243
0.204030
0.200552
0.297585
0.183466
0.183004
0.207399
0.205927
0.233065
0.209585
0.166670
0.275683
0.176286
0.257523
0.205770
0.239309
0.185952
0.194162
0.237550
0.215432
0.169477
0.197980
0.237069
0.179833
0.190731
0.236927
0.212510
0.203488
0.174652
0.178580
0.210698
0.197231
0.199206
0.290655
0.204319
0.175346
0.234537
0.186704
0.194656
0.187052
0.251398
0.182604
0.228404
0.192425
0.231584
0.224272
0.150160
0.208916
0.149329
0.220293
0.225175
0.237231
0.187319
0.148212
0.214832
0.223385
0.199051
0.209693
0.215911
0.198700
0.259531
0.160216
0.177468
0.184669
0.176649
0.166147
0.290929
0.154739
0.184989
0.173734
0.138621
0.184804
0.218948
0.189773
0.201903
0.177787
0.197215
0.157815
0.185149
0.196552
0.210670
0.257782
0.185169
0.255493
0.219837
0.235261
0.177832
0.184760
0.180807
0.243664
0.188388
0.157161
0.264966
0.217721
0.147355
0.229928
0.191722
0.214881
0.212893
0.197042
0.162454
0.206845
0.204918
0.186696
0.186961
0.203653
0.215864
0.149744
0.190655
0.241244
0.180282
0.223696
0.194912
0.198402
0.200404
0.201544
0.185288
0.149547
0.226795
0.241373
0.249512
0.197821
0.203025
0.190280
0.163815
0.219777
0.174889
0.223383
0.200858
0.179778
0.200870
0.213588
0.165364
0.160033
0.199108
0.194661
0.262218
0.167111
0.163841
0.212727
0.203508
0.195447
0.216970
0.113660
0.186183
0.208696
0.182641
0.204402
0.185727
0.171539
0.206616
0.177573
0.182398
0.194586
0.212841
0.156924
0.202130
0.212615
0.172710
0.161029
0.171547
0.184002
0.181117
0.244488
0.207025
0.246923
0.222547
0.236132
0.181248
0.177166
0.165645
0.212501
0.187571
0.233906
0.159374
0.160592
0.224334
0.220517
0.168877
0.178719
0.171320
0.224447
0.201682
0.178860
0.157345
0.210457
0.195963
0.204030
0.222790
0.164301
0.215543
0.209867
0.195095
0.210480
0.193369
0.202482
0.177705
0.204644
0.211793
0.193143
0.184451
0.214298
0.126671
0.190446
0.193583
0.228976
0.206314
0.178886
0.172855
0.198656
0.177827
0.178088
0.204687
0.229338
0.180784
0.158416
0.207939
0.220822
0.238078
0.212434
0.233013
0.197694
0.274626
0.170382
0.274242
0.181124
0.166987
0.226095
0.210881
0.187666
0.179004
0.191646
0.210000
0.230973
0.192719
0.172005
0.200419
0.227395
0.182668
0.189906
0.186446
0.191262
0.264996
0.219635
0.200701
0.162403
0.239680
0.206702
0.182081
0.219232
0.165408
0.179400
0.237985
0.170771
0.219687
0.168337
0.142761
0.236733
0.217841
0.151638
0.190288
0.186841
0.236858
0.285704
0.206984
0.223078
0.226070
0.260872
0.168032
0.201684
0.197050
0.232564
0.199451
0.165776
0.188989
0.210386
0.215114
0.215044
0.211619
0.191104
0.203850
0.199365
0.221693
0.180810
0.200555
0.209816
0.225882
0.222992
0.234978
0.184073
0.171325
0.213934
0.145868
0.250489
0.213425
0.230770
0.184403
0.266328
0.301662
0.273971
0.263838
0.206521
0.210287
0.184190
0.185406
0.189853
0.186707
0.222623
0.235109
0.235548
0.173733
0.192811
0.271073
0.228026
0.258468
0.179854
0.212604
0.175485
0.227513
0.188300
0.188020
0.197794
0.212875
0.189820
0.170235
0.200019
0.163437
0.173606
0.203094
0.148039
0.185825
0.196755
0.209989
0.197104
0.254833
0.203099
0.176250
0.152900
0.216354
0.238341
0.209558
0.279905
0.168710
0.198924
0.222953
0.187844
0.238243
0.194671
0.191245
0.204020
0.200552
0.297588
0.183467
0.183001
0.207403
0.205937
0.233063
0.209588
0.166671
0.275679
0.176284
0.257530
0.205766
0.239310
0.185957
0.194161
0.237541
0.215426
0.169472
0.197986
0.237073
0.179827
0.190737
0.236927
0.212519
0.203493
0.174661
0.178572
0.210689
0.197233
0.199203
0.290654
0.204318
0.175337
0.234536
0.186697
0.194654
0.187049
0.251405
0.182606
0.228406
0.192425
0.231582
0.224274
0.150150
0.208917
0.149328
0.220294
0.225175
0.237228
0.187321
0.148205
0.214833
0.223391
0.199047
0.209689
0.215919
0.198701
0.259533
0.160214
0.177469
0.184664
0.176646
0.166135
0.290938
0.154741
0.184983
0.173728
0.138619
0.184805
0.218937
0.189768
0.201902
0.177790
0.197212
0.157810
0.185155
0.196556
0.210676
0.257782
0.185163
0.255495
0.219829
0.235265
0.177830
0.184758
0.180795
0.243664
0.188390
0.157160
0.264970
0.217717
0.147360
0.229926
0.191734
0.214889
0.212894
0.197040
0.162455
0.206837
0.204917
0.186690
0.186958
0.203660
0.215860
0.149741
0.190653
0.241252
0.180284
0.223695
0.194912
0.198408
0.200403
0.201536
0.185287
0.149542
0.226797
0.241373
0.249518
0.197820
0.203034
0.190275
0.163812
0.219784
0.174880
0.223385
0.200855
0.179773
0.200874
0.213587
0.165355
0.160025
0.199109
0.194660
0.262218
0.167109
0.163839
0.212717
0.203502
0.195441
0.216970
0.113658
0.186185
0.208699
0.182643
0.204398
0.185727
0.171537
0.206620
0.177578
0.182395
0.194586
0.212838
0.156925
0.202130
0.212618
0.172715
0.161031
0.171547
0.184000
0.181117
0.244499
0.207027
0.246919
0.222540
0.236132
0.181245
0.177167
0.165646
0.212503
0.187569
0.233896
0.159374
0.160585
0.224333
0.220522
0.168879
0.178717
0.171316
0.224450
0.201677
0.178857
0.157350
0.210460
0.195969
0.204028
0.222792
0.164299
0.215539
0.209870
0.195087
0.210480
0.193369
0.202474
0.177710
0.204630
0.211787
0.193145
0.184450
0.214291
0.126668
0.190447
0.193578
0.228978
0.206303
0.178881
0.172860
0.198654
0.177820
0.178090
0.204685
0.229335
0.180780
0.158412
0.207936
0.220823
0.238083
0.212428
0.233013
0.197694
0.274625
0.170381
0.274238
0.181121
0.166989
0.226090
0.210881
0.187663
0.179001
0.191642
0.210000
0.230974
0.192716
0.172002
0.200422
0.227402
0.182670
0.189908
0.186440
0.191263
0.265001
0.219639
0.200704
0.162394
0.239678
0.206707
0.182079
0.219237
0.165407
0.179398
0.237986
0.170769
0.219688
0.168340
0.142761
0.236730
0.217843
0.151645
0.190290
0.186837
0.236855
0.285705
0.206978
0.223084
0.226067
0.260869
0.168034
0.201682
0.197051
0.232561
0.199452
0.165773
0.188987
0.210381
0.215111
0.215041
0.211615
0.191103
0.203850
0.199363
0.221689
0.180812
0.200558
0.209812
0.225884
0.222991
0.234981
0.184067
0.171323
0.213927
0.145867
0.250490
0.213422
0.230772
0.184402
0.266331
0.301663
0.273972
0.263846
0.206520
0.210285
0.184193
0.185410
0.189854
0.186704
0.222623
0.235111
0.235542
0.173731
0.192808
0.271076
0.228026
0.258465
0.179846
0.212606
0.175485
0.227514
0.188301
0.188024
0.197796
0.212868
0.189817
0.170236
0.200015
0.163434
0.173602
0.203094
0.148045
0.185823
0.196755
0.209986
0.197101
0.254835
0.203099
0.176250
0.152895
0.216352
0.238340
0.209552
0.279905
0.168707
0.198924
0.222955
0.187844
0.238243
0.194673
0.191242
0.204020
0.200550
0.297581
0.183465
0.182998
0.207404
0.205937
0.233068
0.209583
0.166667
0.275676
0.176285
0.257527
0.205769
0.239314
0.185954
0.194161
0.237544
0.215427
0.169473
0.197989
0.237071
0.179818
0.190739
0.236926
0.212518
0.203491
0.174661
0.178580
0.210690
0.197236
0.199203
0.290656
0.204320
0.175334
0.234537
0.186703
0.194651
0.187051
0.251404
0.182607
0.228400
0.192424
0.231580
0.224274
0.150145
0.208918
0.149322
0.220298
0.225176
0.237226
0.187322
0.148207
0.214830
0.223393
0.199053
0.209695
0.215927
0.198704
0.259526
0.160213
0.177471
0.184667
0.176646
0.166138
0.290938
0.154740
0.184981
0.173725
0.138618
0.184802
0.218939
0.189770
0.201895
0.177790
0.197216
0.157811
0.185155
0.196553
0.210677
0.257787
0.185162
0.255494
0.219827
0.235259
0.177829
0.184760
0.180796
0.243661
0.188386
0.157157
0.264970
0.217714
0.147360
0.229926
0.191734
0.214885
0.212895
0.197030
0.162453
0.206836
0.204907
0.186682
0.186956
0.203664
0.215856
0.149738
0.190647
0.241249
0.180282
0.223700
0.194916
0.198401
0.200405
0.201532
0.185286
0.149538
0.226805
0.241371
0.249524
0.197821
0.203031
0.190275
0.163811
0.219786
0.174877
0.223384
0.200852
0.179769
0.200876
0.213591
0.165359
0.160026
0.199108
0.194661
0.262219
0.167108
0.163835
0.212713
0.203498
0.195444
0.216974
0.113655
0.186177
0.208697
0.182651
0.204395
0.185732
0.171536
0.206620
0.177580
0.182393
0.194583
0.212837
0.156926
0.202136
0.212622
0.172710
0.161030
0.171544
0.183998
0.181119
0.244499
0.207020
0.246919
0.222545
0.236134
0.181242
0.177164
0.165647
0.212504
0.187566
0.233889
0.159373
0.160586
0.224334
0.220522
0.168876
0.178717
0.171317
0.224449
0.201676
0.178856
0.157349
0.210458
0.195970
0.204032
0.222802
0.164295
0.215531
0.209873
0.195087
0.210477
0.193362
0.202470
0.177708
0.204634
0.211785
0.193143
0.184450
0.214294
0.126665
0.190449
0.193575
0.228981
0.206299
0.178881
0.172856
0.198651
0.177818
0.178091
0.204685
0.229333
0.180779
0.158412
0.207932
0.220824
0.238084
0.212429
0.233009
0.197696
0.274622
0.170377
0.274241
0.181122
0.166989
0.226089
0.210878
0.187663
0.179000
0.191636
0.209994
0.230976
0.192719
0.172000
0.200422
0.227402
0.182669
0.189902
0.186440
0.191262
0.264999
0.219634
0.200706
0.162396
0.239678
0.206710
0.182076
0.219239
0.165410
0.179395
0.237983
0.170769
0.219690
0.168341
0.142761
0.236725
0.217845
0.151641
0.190291
0.186839
0.236858
0.285703
0.206978
0.223085
0.226073
0.260872
0.168032
0.201682
0.197053
0.232564
0.199453
0.165768
0.188984
0.210372
0.215111
0.215040
0.211616
0.191107
0.203850
0.199367
0.221686
0.180811
0.200556
0.209808
0.225884
0.222990
0.234981
0.184067
0.171328
0.213931
0.145868
0.250492
0.213421
0.230771
0.184395
0.266334
0.301662
0.273973
0.263842
0.206518
0.210285
0.184193
0.185411
0.189850
0.186704
0.222623
0.235116
0.235543
0.173727
0.192811
0.271074
0.228028
0.258468
0.179840
0.212605
0.175486
0.227514
0.188304
0.188024
0.197799
0.212869
0.189816
0.170237
0.200011
0.163433
0.173594
0.203097
0.148046
0.185821
0.196753
0.209992
0.197095
0.254836
0.203099
0.176246
0.152891
0.216352
0.238338
0.209553
0.279902
0.168707
0.198922
0.222955
0.187838
0.238244
0.194674
0.191241
0.204020
0.200549
0.297583
0.183466
0.182990
0.207405
0.205933
0.233072
0.209585
0.166668
0.275676
0.176285
0.257531
0.205768
0.239314
0.185948
0.194156
0.237544
0.215425
0.169472
0.197987
0.237074
0.179813
0.190739
0.236927
0.212515
0.203487
0.174659
0.178580
0.210690
0.197233
0.199203
0.290652
0.204315
0.175338
0.234538
0.186704
0.194651
0.187046
0.251406
0.182607
0.228401
0.192425
0.231588
0.224274
0.150145
0.208918
0.149322
0.220301
0.225178
0.237226
0.187321
0.148204
0.214828
0.223395
0.199049
0.209695
0.215927
0.198700
0.259523
0.160211
0.177471
0.184667
0.176644
0.166138
0.290939
0.154737
0.184983
0.173725
0.138615
0.184801
0.218938
0.189770
0.201893
0.177789
0.197217
0.157811
0.185155
0.196552
0.210678
0.257786
0.185161
0.255495
0.219823
0.235258
0.177832
0.184758
0.180791
0.243658
0.188378
0.157155
0.264970
0.217715
0.147359
0.229930
0.191732
0.214884
0.212892
0.197027
0.162445
0.206835
0.204913
0.186678
0.186953
0.203664
0.215855
0.149740
0.190647
0.241246
0.180281
0.223703
0.194916
0.198400
0.200405
0.201529
0.185288
0.149538
0.226803
0.241369
0.249524
0.197820
0.203032
0.190273
0.163810
0.219785
0.174877
0.223384
0.200850
0.179773
0.200876
0.213590
0.165362
0.160026
0.199106
0.194661
0.262224
0.167109
0.163835
0.212709
0.203495
0.195446
0.216970
0.113655
0.186169
0.208697
0.182651
0.204394
0.185732
0.171534
0.206616
0.177578
0.182392
0.194583
0.212837
0.156926
0.202135
0.212625
0.172717
0.161028
0.171543
0.183997
0.181120
0.244498
0.207019
0.246919
0.222547
0.236135
0.181241
0.177166
0.165647
0.212503
0.187562
0.233889
0.159369
0.160587
0.224337
0.220521
0.168875
0.178719
0.171318
0.224449
0.201676
0.178856
0.157347
0.210457
0.195970
0.204032
0.222806
0.164296
0.215532
0.209871
0.195089
0.210476
0.193362
0.202469
0.177709
0.204628
0.211788
0.193141
0.184451
0.214293
0.126665
0.190449
0.193574
0.228980
0.206296
0.178876
0.172853
0.198651
0.177818
0.178093
0.204687
0.229336
0.180781
0.158411
0.207931
0.220824
0.238083
0.212425
0.233010
0.197698
0.274619
0.170377
0.274241
0.181122
0.166988
0.226092
0.210880
0.187665
0.179000
0.191634
0.209994
0.230970
0.192723
0.172002
0.200418
0.227403
0.182669
0.189904
0.186438
0.191271
0.265002
0.219632
0.200707
0.162396
0.239676
0.206711
0.182074
0.219239
0.165408
0.179394
0.237979
0.170768
0.219693
0.168341
0.142759
0.236725
0.217841
0.151640
0.190289
0.186836
0.236858
0.285699
0.206978
0.223088
0.226076
0.260871
0.168033
0.201679
0.197055
0.232563
0.199453
0.165767
0.188984
0.210369
0.215110
0.215041
0.211616
0.191107
0.203851
0.199364
0.221685
0.180810
0.200556
0.209811
0.225885
0.222990
0.234985
0.184067
0.171328
0.213934
0.145867
0.250492
0.213421
0.230771
0.184395
0.266335
0.301661
0.273969
0.263840
0.206519
0.210283
0.184193
0.185412
0.189849
0.186702
0.222627
0.235118
0.235543
0.173726
0.192811
0.271070
0.228022
0.258468
0.179841
0.212608
0.175486
0.227510
0.188303
0.188023
0.197801
0.212869
0.189816
0.170234
0.200013
0.163432
0.173593
0.203101
0.148046
0.185821
0.196752
0.209990
0.197096
0.254840
0.203097
0.176246
0.152887
0.216352
0.238341
0.209553
0.279901
0.168707
0.198921
0.222953
0.187837
0.238241
0.194673
0.191240
0.204021
0.200551
0.297581
0.183473
0.182987
0.207406
0.205934
0.233071
0.209584
0.166671
0.275676
0.176288
0.257536
0.205765
0.239314
0.185944
0.194152
0.237545
0.215425
0.169472
0.197985
0.237076
0.179809
0.190741
0.236922
0.212513
0.203484
0.174659
0.178580
0.210688
0.197232
0.199202
0.290652
0.204313
0.175331
0.234534
0.186704
0.194650
0.187046
0.251406
0.182607
0.228399
0.192425
0.231583
0.224274
0.150146
0.208919
0.149322
0.220301
0.225177
0.237226
0.187322
0.148207
0.214828
0.223396
0.199052
0.209693
0.215925
0.198698
0.259523
0.160211
0.177468
0.184664
0.176646
0.166139
0.290939
0.154735
0.184982
0.173721
0.138615
0.184799
0.218939
0.189770
0.201890
0.177785
0.197215
0.157811
0.185150
0.196550
0.210677
0.257784
0.185161
0.255494
0.219822
0.235256
0.177829
0.184757
0.180792
0.243651
0.188378
0.157155
0.264969
0.217713
0.147359
0.229926
0.191733
0.214884
0.212890
0.197025
0.162444
0.206834
0.204913
0.186680
0.186952
0.203666
0.215855
0.149743
0.190647
0.241239
0.180279
0.223705
0.194912
0.198392
0.200408
0.201533
0.185292
0.149538
0.226803
0.241369
0.249523
0.197820
0.203036
0.190275
0.163809
0.219784
0.174875
0.223380
0.200848
0.179772
0.200879
0.213584
0.165357
0.160026
0.199106
0.194661
0.262226
0.167109
0.163835
0.212707
0.203495
0.195446
0.216963
0.113654
0.186170
0.208692
0.182650
0.204394
0.185731
0.171533
0.206616
0.177577
0.182391
0.194579
0.212837
0.156925
0.202136
0.212617
0.172718
0.161029
0.171545
0.183998
0.181116
0.244504
0.207016
0.246923
0.222544
0.236137
0.181240
0.177165
0.165647
0.212506
0.187562
0.233888
0.159368
0.160587
0.224340
0.220518
0.168875
0.178718
0.171319
0.224453
0.201675
0.178857
0.157347
0.210460
0.195971
0.204034
0.222807
0.164298
0.215534
0.209872
0.195088
0.210475
0.193361
0.202465
0.177708
0.204628
0.211788
0.193141
0.184450
0.214290
0.126668
0.190449
0.193569
0.228980
0.206295
0.178876
0.172853
0.198645
0.177819
0.178093
0.204684
0.229336
0.180781
0.158410
0.207931
0.220825
0.238084
0.212424
0.233009
0.197697
0.274621
0.170380
0.274241
0.181121
0.166988
0.226092
0.210877
0.187662
0.179000
0.191635
0.209995
0.230969
0.192722
0.172002
0.200420
0.227399
0.182668
0.189904
0.186436
0.191276
0.265003
0.219631
0.200706
0.162395
0.239675
0.206711
0.182073
0.219238
0.165408
0.179392
0.237979
0.170768
0.219695
0.168341
0.142757
0.236726
0.217841
0.151640
0.190287
0.186837
0.236854
0.285699
0.206977
0.223088
0.226075
0.260869
0.168033
0.201675
0.197050
0.232563
0.199452
0.165764
0.188984
0.210369
0.215114
0.215041
0.211619
0.191106
0.203851
0.199363
0.221685
0.180809
0.200556
0.209810
0.225884
0.222988
0.234989
0.184068
0.171328
0.213932
0.145863
0.250492
0.213421
0.230771
0.184395
0.266335
0.301662
0.273974
0.263840
0.206519
0.210281
0.184192
0.185412
0.189850
0.186702
0.222626
0.235119
0.235544
0.173728
0.192812
0.271069
0.228018
0.258468
0.179842
0.212610
0.175487
0.227508
0.188299
0.188023
0.197802
0.212868
0.189813
0.170233
0.200017
0.163431
0.173595
0.203099
0.148045
0.185821
0.196751
0.209990
0.197096
0.254840
0.203097
0.176245
0.152888
0.216351
0.238341
0.209553
0.279900
0.168707
0.198920
0.222952
0.187837
0.238237
0.194670
0.191239
0.204020
0.200549
0.297578
0.183473
0.182986
0.207403
0.205936
0.233070
0.209585
0.166672
0.275677
0.176290
0.257536
0.205765
0.239317
0.185944
0.194151
0.237539
0.215419
0.169471
0.197984
0.237075
0.179802
0.190741
0.236919
0.212507
0.203483
0.174659
0.178579
0.210687
0.197232
0.199200
0.290651
0.204312
0.175331
0.234534
0.186704
0.194649
0.187045
0.251406
0.182608
0.228396
0.192424
0.231586
0.224274
0.150145
0.208916
0.149321
0.220303
0.225173
0.237225
0.187317
0.148209
0.214827
0.223396
0.199050
0.209693
0.215926
0.198697
0.259523
0.160209
0.177473
0.184662
0.176642
0.166137
0.290939
0.154735
0.184982
0.173720
0.138614
0.184798
0.218940
0.189769
0.201886
0.177784
0.197215
0.157811
0.185149
0.196550
0.210676
0.257783
0.185161
0.255494
0.219817
0.235253
0.177830
0.184756
0.180794
0.243651
0.188374
0.157156
0.264967
0.217715
0.147359
0.229926
0.191733
0.214882
0.212893
0.197027
0.162442
0.206837
0.204913
0.186680
0.186952
0.203662
0.215857
0.149744
0.190646
0.241241
0.180280
0.223703
0.194909
0.198388
0.200408
0.201529
0.185295
0.149537
0.226800
0.241368
0.249521
0.197819
0.203034
0.190273
0.163807
0.219786
0.174875
0.223379
0.200848
0.179772
0.200881
0.213583
0.165353
0.160027
0.199109
0.194661
0.262228
0.167107
0.163834
0.212708
0.203495
0.195446
0.216965
0.113653
0.186169
0.208690
0.182649
0.204393
0.185730
0.171538
0.206618
0.177577
0.182390
0.194577
0.212838
0.156924
0.202136
0.212619
0.172713
0.161028
0.171548
0.183994
0.181111
0.244506
0.207013
0.246924
0.222545
0.236134
0.181240
0.177165
0.165648
0.212506
0.187561
0.233884
0.159368
0.160587
0.224340
0.220516
0.168874
0.178718
0.171319
0.224453
0.201675
0.178856
0.157345
0.210459
0.195970
0.204026
0.222808
0.164296
0.215534
0.209873
0.195088
0.210472
0.193364
0.202463
0.177706
0.204627
0.211789
0.193141
0.184451
0.214285
0.126668
0.190448
0.193568
0.228977
0.206297
0.178875
0.172854
0.198647
0.177819
0.178089
0.204687
0.229334
0.180781
0.158409
0.207929
0.220825
0.238084
0.212423
0.233010
0.197695
0.274615
0.170378
0.274241
0.181122
0.166988
0.226091
0.210874
0.187660
0.179000
0.191637
0.209994
0.230968
0.192720
0.172001
0.200422
0.227396
0.182665
0.189906
0.186434
0.191273
0.264998
0.219631
0.200708
0.162395
0.239676
0.206711
0.182073
0.219238
0.165408
0.179390
0.237978
0.170766
0.219697
0.168340
0.142756
0.236725
0.217840
0.151639
0.190287
0.186834
0.236853
0.285695
0.206977
0.223088
0.226071
0.260872
0.168033
0.201675
0.197051
0.232563
0.199452
0.165763
0.188982
0.210369
0.215113
0.215040
0.211618
0.191105
0.203851
0.199365
0.221687
0.180809
0.200559
0.209812
0.225883
0.222989
0.234984
0.184064
0.171324
0.213929
0.145863
0.250491
0.213420
0.230770
0.184395
0.266335
0.301661
0.273972
0.263834
0.206515
0.210283
0.184187
0.185409
0.189847
0.186703
0.222623
0.235117
0.235542
0.173724
0.192807
0.271067
0.228022
0.258467
0.179838
0.212603
0.175482
0.227512
0.188300
0.188025
0.197801
0.212867
0.189813
0.170233
0.200012
0.163431
0.173593
0.203097
0.148043
0.185821
0.196750
0.209988
0.197093
0.254836
0.203093
0.176244
0.152885
0.216351
0.238340
0.209551
0.279899
0.168707
0.198921
0.222948
0.187835
0.238238
0.194673
0.191240
0.204020
0.200548
0.297577
0.183473
0.182984
0.207403
0.205934
0.233067
0.209582
0.166666
0.275674
0.176288
0.257530
0.205764
0.239320
0.185945
0.194148
0.237537
0.215415
0.169469
0.197985
0.237070
0.179802
0.190740
0.236919
0.212506
0.203483
0.174658
0.178579
0.210684
0.197231
0.199200
0.290651
0.204311
0.175325
0.234533
0.186700
0.194648
0.187045
0.251402
0.182608
0.228395
0.192420
0.231588
0.224270
0.150145
0.208916
0.149318
0.220302
0.225169
0.237234
0.187310
0.148206
0.214824
0.223397
0.199049
0.209688
0.215921
0.198698
0.259517
0.160209
0.177469
0.184660
0.176640
0.166135
0.290935
0.154736
0.184981
0.173719
0.138615
0.184797
0.218937
0.189767
0.201890
0.177785
0.197208
0.157810
0.185148
0.196545
0.210669
0.257774
0.185161
0.255494
0.219817
0.235252
0.177829
0.184755
0.180793
0.243650
0.188372
0.157155
0.264964
0.217715
0.147362
0.229925
0.191732
0.214879
0.212894
0.197023
0.162442
0.206836
0.204916
0.186680
0.186952
0.203653
0.215855
0.149745
0.190644
0.241241
0.180279
0.223705
0.194908
0.198388
0.200397
0.201524
0.185290
0.149538
0.226799
0.241367
0.249516
0.197817
0.203034
0.190273
0.163808
0.219786
0.174874
0.223380
0.200848
0.179771
0.200881
0.213579
0.165350
0.160031
0.199108
0.194662
0.262225
0.167111
0.163833
0.212703
0.203495
0.195443
0.216960
0.113652
0.186170
0.208686
0.182644
0.204390
0.185727
0.171545
0.206612
0.177576
0.182392
0.194578
0.212837
0.156924
0.202134
0.212615
0.172714
0.161027
0.171540
0.183993
0.181111
0.244502
0.207013
0.246930
0.222545
0.236132
0.181241
0.177162
0.165648
0.212503
0.187559
0.233883
0.159368
0.160588
0.224333
0.220514
0.168869
0.178713
0.171320
0.224456
0.201677
0.178856
0.157343
0.210459
0.195969
0.204026
0.222808
0.164299
0.215533
0.209873
0.195088
0.210472
0.193365
0.202461
0.177705
0.204623
0.211785
0.193141
0.184450
0.214283
0.126668
0.190444
0.193567
0.228974
0.206297
0.178876
0.172855
0.198646
0.177817
0.178087
0.204687
0.229334
0.180780
0.158407
0.207930
0.220820
0.238079
0.212424
0.233009
0.197694
0.274612
0.170376
0.274234
0.181127
0.166984
0.226096
0.210875
0.187662
0.178999
0.191641
0.209988
0.230969
0.192720
0.172000
0.200421
0.227396
0.182662
0.189906
0.186434
0.191268
0.264997
0.219629
0.200706
0.162391
0.239676
0.206708
0.182078
0.219237
0.165409
0.179386
0.237976
0.170766
0.219696
0.168338
0.142756
0.236726
0.217838
0.151638
0.190286
0.186833
0.236853
0.285698
0.206971
0.223076
0.226079
0.260874
0.168032
0.201674
0.197051
0.232559
0.199450
0.165762
0.188982
0.210369
0.215112
0.215036
0.211618
0.191099
0.203850
0.199365
0.221685
0.180810
0.200557
0.209815
0.225882
0.222983
0.234984
0.184064
0.171327
0.213934
0.145863
0.250496
0.213417
0.230767
0.184395
0.266336
0.301660
0.273969
0.263833
0.206517
0.210283
0.184187
0.185410
0.189846
0.186703
0.222623
0.235117
0.235543
0.173727
0.192809
0.271063
0.228019
0.258467
0.179835
0.212610
0.175482
0.227511
0.188298
0.188022
0.197798
0.212864
0.189809
0.170232
0.200010
0.163432
0.173592
0.203097
0.148040
0.185822
0.196750
0.209986
0.197087
0.254831
0.203092
0.176245
0.152885
0.216347
0.238342
0.209548
0.279895
0.168708
0.198918
0.222948
0.187834
0.238232
0.194667
0.191240
0.204020
0.200549
0.297574
0.183474
0.182984
0.207404
0.205936
0.233068
0.209584
0.166669
0.275675
0.176288
0.257534
0.205765
0.239323
0.185945
0.194147
0.237536
0.215411
0.169466
0.197984
0.237065
0.179795
0.190738
0.236922
0.212503
0.203482
0.174653
0.178576
0.210685
0.197231
0.199199
0.290651
0.204307
0.175325
0.234530
0.186699
0.194648
0.187045
0.251401
0.182603
0.228393
0.192418
0.231586
0.224271
0.150142
0.208914
0.149313
0.220301
0.225166
0.237229
0.187310
0.148206
0.214826
0.223397
0.199048
0.209690
0.215922
0.198696
0.259516
0.160206
0.177474
0.184657
0.176638
0.166135
0.290934
0.154734
0.184982
0.173717
0.138612
0.184797
0.218936
0.189762
0.201888
0.177781
0.197208
0.157811
0.185149
0.196545
0.210666
0.257771
0.185160
0.255497
0.219814
0.235250
0.177827
0.184748
0.180791
0.243651
0.188368
0.157159
0.264964
0.217714
0.147359
0.229924
0.191732
0.214877
0.212893
0.197025
0.162439
0.206833
0.204909
0.186681
0.186958
0.203645
0.215850
0.149742
0.190644
0.241240
0.180277
0.223703
0.194905
0.198387
0.200401
0.201522
0.185293
0.149540
0.226800
0.241369
0.249511
0.197815
0.203035
0.190268
0.163807
0.219782
0.174872
0.223377
0.200846
0.179767
0.200881
0.213578
0.165349
0.160029
0.199109
0.194662
0.262225
0.167111
0.163832
0.212702
0.203495
0.195441
0.216963
0.113651
0.186168
0.208683
0.182642
0.204386
0.185726
0.171544
0.206612
0.177574
0.182394
0.194576
0.212837
0.156923
0.202132
0.212615
0.172713
0.161027
0.171540
0.183993
0.181111
0.244502
0.207013
0.246927
0.222544
0.236133
0.181238
0.177161
0.165648
0.212498
0.187556
0.233879
0.159367
0.160587
0.224333
0.220511
0.168866
0.178709
0.171321
0.224456
0.201677
0.178857
0.157340
0.210459
0.195965
0.204028
0.222807
0.164299
0.215527
0.209872
0.195082
0.210470
0.193364
0.202458
0.177704
0.204623
0.211787
0.193143
0.184449
0.214279
0.126669
0.190441
0.193565
0.228973
0.206296
0.178878
0.172854
0.198645
0.177815
0.178087
0.204686
0.229333
0.180779
0.158405
0.207930
0.220819
0.238070
0.212422
0.233008
0.197692
0.274597
0.170377
0.274233
0.181127
0.166987
0.226096
0.210874
0.187659
0.178997
0.191641
0.209985
0.230969
0.192718
0.171999
0.200421
0.227393
0.182664
0.189904
0.186432
0.191270
0.264998
0.219629
0.200705
0.162389
0.239680
0.206707
0.182078
0.219237
0.165409
0.179384
0.237976
0.170760
0.219697
0.168339
0.142755
0.236725
0.217838
0.151640
0.190286
0.186829
0.236852
0.285698
0.206963
0.223073
0.226081
0.260872
0.168031
0.201673
0.197044
0.232557
0.199448
0.165758
0.188982
0.210371
0.215110
0.215036
0.211616
0.191092
0.203849
0.199363
0.221684
0.180808
0.200550
0.209816
0.225885
0.222978
0.234989
0.184059
0.171324
0.213933
0.145858
0.250493
0.213413
0.230764
0.184392
0.266335
0.301661
0.273968
0.263828
0.206515
0.210283
0.184188
0.185409
0.189841
0.186702
0.222617
0.235114
0.235543
0.173728
0.192813
0.271063
0.228020
0.258462
0.179838
0.212609
0.175482
0.227512
0.188297
0.188027
0.197796
0.212862
0.189808
0.170232
0.200008
0.163430
0.173590
0.203095
0.148038
0.185819
0.196751
0.209986
0.197088
0.254832
0.203092
0.176241
0.152883
0.216345
0.238339
0.209550
0.279894
0.168710
0.198914
0.222947
0.187831
0.238231
0.194669
0.191239
0.204020
0.200549
0.297572
0.183468
0.182980
0.207407
0.205936
0.233067
0.209585
0.166665
0.275675
0.176287
0.257532
0.205759
0.239320
0.185945
0.194144
0.237529
0.215408
0.169467
0.197982
0.237064
0.179794
0.190737
0.236922
0.212495
0.203481
0.174650
0.178572
0.210684
0.197234
0.199196
0.290651
0.204306
0.175325
0.234530
0.186699
0.194646
0.187047
0.251401
0.182603
0.228393
0.192417
0.231586
0.224271
0.150142
0.208909
0.149312
0.220300
0.225162
0.237232
0.187310
0.148207
0.214823
0.223396
0.199048
0.209685
0.215918
0.198694
0.259514
0.160210
0.177473
0.184654
0.176637
0.166133
0.290935
0.154732
0.184980
0.173717
0.138609
0.184793
0.218936
0.189762
0.201889
0.177778
0.197206
0.157814
0.185147
0.196543
0.210664
0.257770
0.185156
0.255499
0.219813
0.235251
0.177824
0.184749
0.180789
0.243644
0.188371
0.157159
0.264961
0.217709
0.147360
0.229926
0.191735
0.214878
0.212891
0.197023
0.162437
0.206832
0.204908
0.186683
0.186961
0.203645
0.215850
0.149739
0.190645
0.241237
0.180275
0.223703
0.194898
0.198381
0.200401
0.201525
0.185295
0.149541
0.226799
0.241371
0.249515
0.197809
0.203037
0.190270
0.163806
0.219779
0.174869
0.223379
0.200845
0.179766
0.200883
0.213578
0.165348
0.160027
0.199106
0.194661
0.262223
0.167113
0.163830
0.212703
0.203495
0.195444
0.216963
0.113649
0.186167
0.208680
0.182638
0.204386
0.185728
0.171546
0.206610
0.177575
0.182392
0.194575
0.212832
0.156920
0.202130
0.212615
0.172712
0.161021
0.171537
0.183994
0.181109
0.244503
0.207010
0.246924
0.222544
0.236127
0.181236
0.177163
0.165645
0.212499
0.187557
0.233877
0.159367
0.160585
0.224332
0.220511
0.168864
0.178707
0.171320
0.224456
0.201676
0.178859
0.157341
0.210451
0.195963
0.204030
0.222808
0.164302
0.215525
0.209869
0.195081
0.210465
0.193362
0.202460
0.177703
0.204621
0.211789
0.193142
0.184447
0.214275
0.126668
0.190438
0.193564
0.228973
0.206296
0.178872
0.172852
0.198644
0.177812
0.178087
0.204685
0.229336
0.180778
0.158404
0.207931
0.220818
0.238068
0.212420
0.233006
0.197691
0.274598
0.170378
0.274234
0.181127
0.166986
0.226096
0.210869
0.187663
0.178993
0.191639
0.209981
0.230968
0.192719
0.172004
0.200422
0.227395
0.182662
0.189904
0.186431
0.191273
0.264997
0.219627
0.200706
0.162387
0.239684
0.206703
0.182075
0.219234
0.165406
0.179384
0.237981
0.170763
0.219697
0.168336
0.142753
0.236720
0.217838
0.151640
0.190283
0.186826
0.236852
0.285693
0.206962
0.223071
0.226083
0.260868
0.168027
0.201671
0.197044
0.232555
0.199446
0.165755
0.188977
0.210372
0.215110
0.215035
0.211616
0.191092
0.203845
0.199358
0.221676
0.180811
0.200546
0.209816
0.225879
0.222977
0.234990
0.184053
0.171316
0.213934
0.145855
0.250493
0.213409
0.230763
0.184392
0.266331
0.301655
0.273959
0.263825
0.206515
0.210276
0.184181
0.185406
0.189838
0.186702
0.222616
0.235114
0.235537
0.173727
0.192809
0.271057
0.228017
0.258461
0.179838
0.212607
0.175480
0.227511
0.188298
0.188023
0.197796
0.212862
0.189806
0.170230
0.200005
0.163432
0.173587
0.203092
0.148036
0.185816
0.196742
0.209985
0.197082
0.254831
0.203091
0.176243
0.152882
0.216340
0.238336
0.209552
0.279894
0.168710
0.198912
0.222944
0.187821
0.238224
0.194668
0.191239
0.204016
0.200546
0.297571
0.183467
0.182978
0.207406
0.205932
0.233066
0.209578
0.166657
0.275672
0.176286
0.257523
0.205768
0.239310
0.185939
0.194140
0.237529
0.215418
0.169468
0.197984
0.237060
0.179787
0.190737
0.236921
0.212491
0.203479
0.174649
0.178568
0.210684
0.197230
0.199193
0.290647
0.204300
0.175324
0.234529
0.186696
0.194639
0.187044
0.251394
0.182603
0.228391
0.192421
0.231589
0.224265
0.150144
0.208910
0.149303
0.220292
0.225148
0.237242
0.187303
0.148214
0.214820
0.223389
0.199051
0.209681
0.215916
0.198691
0.259513
0.160210
0.177469
0.184651
0.176634
0.166128
0.290931
0.154738
0.184975
0.173720
0.138611
0.184790
0.218928
0.189751
0.201891
0.177773
0.197203
0.157814
0.185140
0.196536
0.210650
0.257769
0.185150
0.255487
0.219811
0.235249
0.177819
0.184751
0.180786
0.243638
0.188359
0.157158
0.264953
0.217702
0.147366
0.229917
0.191729
0.214872
0.212905
0.197016
0.162439
0.206829
0.204905
0.186684
0.186960
0.203634
0.215847
0.149734
0.190643
0.241233
0.180274
0.223703
0.194900
0.198383
0.200405
0.201528
0.185280
0.149539
0.226796
0.241365
0.249515
0.197807
0.203037
0.190270
0.163802
0.219778
0.174871
0.223374
0.200842
0.179764
0.200882
0.213574
0.165347
0.160025
0.199105
0.194657
0.262221
0.167121
0.163829
0.212695
0.203493
0.195443
0.216959
0.113647
0.186163
0.208674
0.182633
0.204385
0.185718
0.171561
0.206614
0.177568
0.182389
0.194568
0.212827
0.156919
0.202128
0.212617
0.172708
0.161017
0.171536
0.183992
0.181110
0.244498
0.207010
0.246917
0.222547
0.236122
0.181234
0.177160
0.165636
0.212499
0.187560
0.233879
0.159361
0.160579
0.224327
0.220507
0.168857
0.178699
0.171316
0.224455
0.201672
0.178855
0.157343
0.210451
0.195957
0.204028
0.222808
0.164297
0.215522
0.209866
0.195083
