0.002419
0.002418
0.002287
0.002189
0.002029
0.002185
0.001958
0.001943
0.002032
0.001850
0.001697
0.001769
0.001617
0.001709
0.001787
0.001548
0.001660
0.001611
0.001634
0.001622
0.001515
0.001484
0.001675
0.001622
0.001577
0.001530
0.001540
0.001557
0.001590
0.001608
0.001545
0.001443
0.001492
0.001462
0.001447
0.001477
0.001440
0.001732
0.001494
0.001525
0.001566
0.001532
0.001426
0.001546
0.001455
0.001448
0.001509
0.001345
0.001421
0.001391
0.001407
0.001365
0.001561
0.001446
0.001490
0.001612
0.001523
0.001423
0.001539
0.001413
0.001510
0.001605
0.001398
0.001517
0.001481
0.001521
0.001509
0.001424
0.001402
0.001588
0.001540
0.001503
0.001469
0.001479
0.001496
0.001532
0.001554
0.001492
0.001398
0.001448
0.001418
0.001403
0.001435
0.001398
0.001687
0.001457
0.001484
0.001527
0.001493
0.001394
0.001508
0.001421
0.001413
0.001472
0.001313
0.001391
0.001360
0.001375
0.001336
0.001527
0.001415
0.001460
0.001577
0.001495
0.001395
0.001511
0.001387
0.001478
0.001573
0.001370
0.001490
0.001454
0.001491
0.001482
0.001395
0.001377
0.001558
0.001510
0.001474
0.001442
0.001452
0.001466
0.001501
0.001527
0.001463
0.001373
0.001422
0.001391
0.001376
0.001409
0.001371
0.001658
0.001433
0.001457
0.001500
0.001468
0.001373
0.001482
0.001398
0.001388
0.001446
0.001291
0.001369
0.001338
0.001351
0.001315
0.001502
0.001392
0.001438
0.001550
0.001473
0.001373
0.001490
0.001367
0.001454
0.001548
0.001349
0.001468
0.001432
0.001469
0.001461
0.001373
0.001358
0.001534
0.001487
0.001452
0.001422
0.001431
0.001443
0.001477
0.001505
0.001439
0.001353
0.001402
0.001371
0.001354
0.001389
0.001351
0.001635
0.001415
0.001435
0.001479
0.001448
0.001356
0.001460
0.001379
0.001368
0.001425
0.001273
0.001351
0.001320
0.001332
0.001298
0.001481
0.001373
0.001420
0.001529
0.001455
0.001355
0.001472
0.001350
0.001434
0.001529
0.001332
0.001450
0.001414
0.001450
0.001444
0.001355
0.001343
0.001515
0.001468
0.001433
0.001406
0.001413
0.001424
0.001457
0.001487
0.001421
0.001337
0.001385
0.001354
0.001337
0.001372
0.001335
0.001616
0.001400
0.001418
0.001462
0.001432
0.001343
0.001443
0.001364
0.001351
0.001408
0.001259
0.001337
0.001306
0.001316
0.001284
0.001465
0.001359
0.001405
0.001512
0.001441
0.001341
0.001458
0.001337
0.001418
0.001512
0.001318
0.001436
0.001400
0.001435
0.001430
0.001340
0.001330
0.001499
0.001453
0.001418
0.001392
0.001399
0.001408
0.001441
0.001472
0.001406
0.001324
0.001371
0.001340
0.001323
0.001359
0.001321
0.001600
0.001388
0.001404
0.001447
0.001419
0.001332
0.001429
0.001352
0.001338
0.001394
0.001248
0.001325
0.001294
0.001303
0.001273
0.001452
0.001346
0.001393
0.001498
0.001429
0.001329
0.001446
0.001327
0.001405
0.001499
0.001307
0.001424
0.001387
0.001423
0.001418
0.001327
0.001320
0.001485
0.001440
0.001406
0.001382
0.001387
0.001395
0.001427
0.001459
0.001393
0.001313
0.001359
0.001329
0.001311
0.001347
0.001310
0.001587
0.001378
0.001393
0.001435
0.001408
0.001322
0.001417
0.001342
0.001326
0.001382
0.001238
0.001315
0.001284
0.001293
0.001264
0.001441
0.001336
0.001383
0.001486
0.001418
0.001319
0.001436
0.001318
0.001394
0.001487
0.001297
0.001414
0.001377
0.001412
0.001408
0.001317
0.001311
0.001474
0.001429
0.001395
0.001373
0.001377
0.001384
0.001416
0.001448
0.001382
0.001304
0.001349
0.001319
0.001301
0.001338
0.001301
0.001576
0.001370
0.001383
0.001425
0.001399
0.001315
0.001407
0.001334
0.001317
0.001373
0.001230
0.001306
0.001276
0.001284
0.001256
0.001432
0.001327
0.001375
0.001476
0.001409
0.001311
0.001428
0.001310
0.001384
0.001477
0.001290
0.001405
0.001369
0.001404
0.001400
0.001308
0.001304
0.001464
0.001420
0.001386
0.001365
0.001368
0.001374
0.001407
0.001439
0.001373
0.001296
0.001340
0.001311
0.001293
0.001329
0.001293
0.001566
0.001363
0.001375
0.001416
0.001392
0.001308
0.001398
0.001327
0.001309
0.001365
0.001223
0.001299
0.001269
0.001276
0.001249
0.001424
0.001320
0.001368
0.001467
0.001401
0.001304
0.001420
0.001304
0.001376
0.001469
0.001283
0.001397
0.001361
0.001396
0.001393
0.001301
0.001298
0.001456
0.001412
0.001378
0.001359
0.001361
0.001366
0.001399
0.001430
0.001366
0.001289
0.001332
0.001304
0.001285
0.001322
0.001286
0.001557
0.001356
0.001368
0.001408
0.001385
0.001302
0.001391
0.001321
0.001302
0.001358
0.001217
0.001292
0.001263
0.001269
0.001243
0.001418
0.001313
0.001362
0.001460
0.001395
0.001298
0.001414
0.001298
0.001370
0.001461
0.001277
0.001391
0.001355
0.001389
0.001386
0.001294
0.001292
0.001448
0.001405
0.001371
0.001353
0.001354
0.001358
0.001392
0.001423
0.001359
0.001283
0.001326
0.001298
0.001279
0.001316
0.001280
0.001550
0.001351
0.001362
0.001401
0.001380
0.001296
0.001384
0.001315
0.001296
0.001351
0.001211
0.001286
0.001258
0.001264
0.001238
0.001412
0.001308
0.001357
0.001453
0.001389
0.001292
0.001408
0.001293
0.001364
0.001455
0.001271
0.001385
0.001349
0.001384
0.001381
0.001289
0.001288
0.001442
0.001399
0.001365
0.001348
0.001349
0.001352
0.001386
0.001417
0.001353
0.001278
0.001320
0.001293
0.001274
0.001310
0.001275
0.001543
0.001346
0.001356
0.001395
0.001374
0.001292
0.001378
0.001311
0.001291
0.001346
0.001207
0.001281
0.001253
0.001258
0.001234
0.001407
0.001303
0.001352
0.001447
0.001384
0.001287
0.001403
0.001289
0.001359
0.001449
0.001267
0.001379
0.001344
0.001378
0.001376
0.001284
0.001284
0.001436
0.001393
0.001360
0.001344
0.001343
0.001347
0.001380
0.001411
0.001348
0.001273
0.001314
0.001289
0.001269
0.001306
0.001271
0.001537
0.001342
0.001352
0.001390
0.001370
0.001288
0.001373
0.001307
0.001286
0.001341
0.001203
0.001277
0.001249
0.001254
0.001230
0.001402
0.001298
0.001348
0.001442
0.001379
0.001283
0.001398
0.001285
0.001354
0.001444
0.001263
0.001375
0.001340
0.001374
0.001372
0.001279
0.001280
0.001431
0.001389
0.001355
0.001340
0.001339
0.001342
0.001375
0.001406
0.001344
0.001269
0.001310
0.001285
0.001264
0.001301
0.001267
0.001532
0.001338
0.001348
0.001385
0.001366
0.001284
0.001369
0.001303
0.001282
0.001337
0.001199
0.001273
0.001246
0.001250
0.001227
0.001398
0.001294
0.001344
0.001438
0.001375
0.001279
0.001394
0.001282
0.001350
0.001440
0.001259
0.001370
0.001336
0.001370
0.001368
0.001275
0.001276
0.001426
0.001384
0.001351
0.001336
0.001335
0.001337
0.001371
0.001401
0.001340
0.001266
0.001305
0.001281
0.001261
0.001297
0.001263
0.001527
0.001335
0.001344
0.001381
0.001362
0.001280
0.001365
0.001300
0.001278
0.001333
0.001196
0.001269
0.001242
0.001246
0.001224
0.001395
0.001291
0.001341
0.001433
0.001371
0.001276
0.001390
0.001278
0.001346
0.001435
0.001256
0.001367
0.001332
0.001366
0.001364
0.001271
0.001273
0.001422
0.001380
0.001347
0.001333
0.001331
0.001333
0.001367
0.001397
0.001336
0.001262
0.001302
0.001278
0.001257
0.001294
0.001260
0.001523
0.001332
0.001341
0.001377
0.001359
0.001277
0.001361
0.001297
0.001275
0.001330
0.001193
0.001266
0.001240
0.001243
0.001221
0.001391
0.001288
0.001338
0.001430
0.001368
0.001273
0.001387
0.001276
0.001343
0.001432
0.001253
0.001363
0.001329
0.001362
0.001361
0.001268
0.001271
0.001418
0.001377
0.001344
0.001330
0.001328
0.001330
0.001363
0.001393
0.001333
0.001259
0.001298
0.001275
0.001254
0.001290
0.001257
0.001519
0.001329
0.001338
0.001374
0.001356
0.001274
0.001358
0.001294
0.001272
0.001327
0.001191
0.001262
0.001237
0.001240
0.001219
0.001388
0.001285
0.001335
0.001426
0.001364
0.001270
0.001384
0.001273
0.001340
0.001428
0.001250
0.001360
0.001326
0.001359
0.001358
0.001265
0.001268
0.001414
0.001374
0.001341
0.001328
0.001325
0.001327
0.001360
0.001390
0.001330
0.001257
0.001295
0.001272
0.001251
0.001287
0.001254
0.001515
0.001326
0.001335
0.001370
0.001353
0.001272
0.001355
0.001291
0.001269
0.001324
0.001188
0.001260
0.001234
0.001237
0.001216
0.001386
0.001282
0.001333
0.001423
0.001361
0.001267
0.001381
0.001271
0.001337
0.001425
0.001248
0.001357
0.001323
0.001356
0.001355
0.001263
0.001266
0.001411
0.001371
0.001338
0.001326
0.001322
0.001324
0.001357
0.001386
0.001327
0.001254
0.001292
0.001270
0.001248
0.001285
0.001251
0.001512
0.001324
0.001332
0.001367
0.001351
0.001270
0.001352
0.001289
0.001267
0.001321
0.001186
0.001257
0.001232
0.001235
0.001214
0.001383
0.001280
0.001331
0.001420
0.001359
0.001265
0.001378
0.001269
0.001334
0.001422
0.001246
0.001355
0.001321
0.001353
0.001353
0.001260
0.001264
0.001408
0.001368
0.001335
0.001324
0.001319
0.001321
0.001355
0.001383
0.001325
0.001252
0.001289
0.001268
0.001246
0.001282
0.001249
0.001509
0.001322
0.001330
0.001364
0.001349
0.001267
0.001349
0.001287
0.001264
0.001319
0.001184
0.001255
0.001230
0.001233
0.001213
0.001381
0.001278
0.001329
0.001417
0.001357
0.001263
0.001376
0.001267
0.001332
0.001420
0.001244
0.001352
0.001319
0.001351
0.001351
0.001258
0.001262
0.001406
0.001366
0.001333
0.001322
0.001317
0.001319
0.001352
0.001381
0.001323
0.001250
0.001287
0.001266
0.001244
0.001280
0.001247
0.001506
0.001320
0.001328
0.001362
0.001347
0.001265
0.001347
0.001285
0.001262
0.001317
0.001183
0.001253
0.001228
0.001231
0.001211
0.001379
0.001276
0.001327
0.001415
0.001355
0.001261
0.001373
0.001265
0.001330
0.001417
0.001242
0.001350
0.001317
0.001349
0.001349
0.001256
0.001261
0.001403
0.001364
0.001331
0.001320
0.001315
0.001316
0.001350
0.001378
0.001320
0.001248
0.001285
0.001264
0.001242
0.001278
0.001245
0.001504
0.001318
0.001326
0.001360
0.001345
0.001264
0.001345
0.001284
0.001261
0.001315
0.001181
0.001251
0.001227
0.001229
0.001209
0.001377
0.001274
0.001325
0.001413
0.001353
0.001259
0.001371
0.001263
0.001328
0.001415
0.001241
0.001348
0.001315
0.001347
0.001347
0.001254
0.001259
0.001401
0.001362
0.001329
0.001319
0.001313
0.001314
0.001348
0.001376
0.001318
0.001247
0.001283
0.001262
0.001240
0.001276
0.001244
0.001501
0.001316
0.001325
0.001358
0.001343
0.001262
0.001343
0.001282
0.001259
