0.038351
0.047151
0.035720
0.026556
0.032140
0.042649
0.034927
0.026584
0.032111
0.042623
0.034915
0.026591
0.032099
0.042611
0.034907
0.026585
0.032083
0.042597
0.034901
0.026580
0.032074
0.042592
0.034898
0.026576
0.032067
0.042584
0.034888
0.026570
0.032059
0.042575
0.034877
0.026563
0.032045
0.042560
0.034858
0.026554
0.032023
0.042547
0.034847
0.026558
0.032014
0.042540
0.034839
0.026550
0.032006
0.042527
0.034831
0.026539
0.031998
0.042516
0.034822
0.026532
0.031988
0.042505
0.034812
0.026527
0.031976
0.042493
0.034800
0.026521
0.031964
0.042480
0.034788
0.026513
0.031952
0.042466
0.034776
0.026504
0.031939
0.042452
0.034763
0.026495
0.031925
0.042436
0.034748
0.026485
0.031910
0.042420
0.034733
0.026475
0.031893
0.042402
0.034716
0.026463
0.031876
0.042383
0.034698
0.026451
0.031858
0.042363
0.034679
0.026437
0.031838
0.042341
0.034659
0.026423
0.031816
0.042318
0.034638
0.026407
0.031793
0.042294
0.034614
0.026390
0.031769
0.042269
0.034589
0.026372
0.031743
0.042242
0.034563
0.026354
0.031717
0.042211
0.034535
0.026335
0.031688
0.042180
0.034505
0.026315
0.031658
0.042146
0.034473
0.026294
0.031626
0.042111
0.034440
0.026271
0.031592
0.042073
0.034405
0.026246
0.031557
0.042033
0.034367
0.026221
0.031520
0.041992
0.034328
0.026194
0.031482
0.041949
0.034287
0.026166
0.031441
0.041903
0.034243
0.026137
0.031399
0.041856
0.034198
0.026106
0.031356
0.041807
0.034151
0.026075
0.031311
0.041756
0.034103
0.026041
0.031264
0.041704
0.034052
0.026007
0.031215
0.041649
0.034000
0.025971
0.031166
0.041593
0.033946
0.025934
0.031115
0.041536
0.033891
0.025897
0.031063
0.041477
0.033835
0.025858
0.031010
0.041416
0.033778
0.025820
0.030956
0.041353
0.033720
0.025781
0.030901
0.041290
0.033661
0.025742
0.030845
0.041226
0.033601
0.025702
0.030789
0.041161
0.033540
0.025661
