12.915021
13.052016
12.715210
12.745281
13.049722
12.665068
12.845840
12.474717
13.192671
12.559591
12.403839
13.131625
12.925035
12.565027
12.414963
12.468236
12.346000
12.203134
12.321720
11.948639
12.056812
12.302563
12.431781
12.591179
11.899755
11.636388
12.009595
12.144144
11.498569
11.341651
11.510500
11.256801
11.875356
11.538156
11.319579
11.279219
11.498541
11.738428
11.704661
11.415305
11.184494
10.916714
11.330521
10.855480
11.257796
10.990370
10.801916
11.060408
10.142150
10.858611
10.755072
10.711676
10.541670
10.684540
10.443441
10.641505
10.430807
10.676300
10.714388
10.419729
10.473715
10.236069
10.372282
10.394777
10.010387
9.915669
10.171612
10.201632
9.855139
9.907857
10.334592
9.873652
9.838887
10.065951
9.859727
9.697413
10.175023
9.538807
10.124229
9.804064
9.842120
9.651457
9.760372
9.217699
9.008515
9.519876
9.299502
9.321998
9.451324
8.870840
9.496148
9.054554
9.033525
8.908859
9.166738
9.353072
9.358747
8.982745
8.841321
9.070486
8.782930
9.223981
8.767769
8.722991
8.833186
9.111435
8.297376
8.181484
8.925137
9.031983
8.479671
8.527551
8.546233
8.339268
8.309144
8.212133
8.186523
8.583085
8.337437
8.133772
8.079078
7.980315
8.423709
8.139401
7.946899
8.164848
8.073395
8.151661
7.974121
8.268881
8.390999
7.923254
7.949331
7.925318
7.942242
7.931231
7.950971
8.005163
8.119744
7.639629
7.653033
7.613425
8.006987
7.484964
7.854654
7.678404
7.361606
7.532037
7.133568
7.520192
7.413704
7.461471
7.262219
7.728689
7.341272
7.437559
7.429701
7.080778
7.467483
7.060189
6.944173
6.994119
7.070428
6.736536
6.733850
6.744601
6.826106
6.810484
6.766416
6.905953
7.193027
6.973085
6.842939
6.833708
6.765009
6.861684
6.801610
6.523633
6.987894
6.412319
6.712186
6.540864
6.382969
6.449880
6.605763
6.776351
6.414520
6.667903
6.503726
6.423446
6.468723
6.421434
6.333417
6.424469
6.441590
6.045762
6.270084
6.119231
6.285196
6.069913
5.863554
6.223179
5.771438
5.773288
5.675355
5.660302
6.385965
5.656498
6.017096
5.973845
5.738447
5.825260
5.727791
5.492196
5.683951
5.879136
6.021906
5.671868
5.574198
5.708867
5.724134
5.512038
5.879605
5.358037
5.797798
5.651365
5.419303
5.335059
5.444647
5.730588
5.296816
5.359392
5.365970
5.504737
5.349061
5.072276
5.217371
5.563420
5.123282
5.399200
5.267948
5.155255
5.127235
5.158781
5.023809
5.073410
5.171796
4.976345
4.952604
5.268917
4.949462
4.783151
4.719338
5.135147
4.803358
5.248485
5.081336
4.783764
5.175786
4.963234
4.730873
4.713344
4.681726
4.598822
4.800416
4.930951
4.594080
4.544377
4.594655
4.761023
4.951930
4.327153
4.982628
4.392054
4.656013
4.740936
4.451529
4.398021
4.671783
4.431811
4.572731
4.629628
4.454780
4.547076
4.491201
4.332102
4.544717
4.646635
4.397919
4.214544
4.442532
4.055429
4.312553
4.456261
4.438982
4.468559
4.191346
4.142265
4.210826
4.204450
4.034765
4.046113
4.062850
3.916106
4.340485
3.938426
3.995048
4.348395
4.122091
4.286124
4.034752
4.026444
4.134118
3.844252
3.977210
4.043297
3.987033
3.987735
3.851270
4.114605
3.711870
3.834760
3.827404
4.029424
3.659950
3.762530
4.042905
3.760257
3.942966
3.716228
3.668811
3.724746
3.758809
3.667617
3.356796
3.927395
3.669979
3.554087
3.549011
3.546800
3.778092
3.600429
3.495714
3.465144
3.461332
3.584462
3.319782
3.689755
3.657090
3.705878
3.528255
3.522530
3.680588
3.489313
3.570609
3.371820
3.741272
3.377623
3.337661
3.706655
3.615647
3.432056
3.345473
3.375026
3.330638
3.257365
3.326616
3.158230
3.232511
3.343526
3.400275
3.513450
3.184037
3.054707
3.249176
3.339027
3.003591
2.963032
3.019604
2.948345
3.220279
3.060081
2.995589
2.974920
3.080684
3.210055
3.204233
3.077249
2.972112
2.845597
3.047991
2.830372
3.056335
2.915860
2.831421
2.965386
2.523902
2.922508
2.861073
2.845434
2.748296
2.872349
2.739075
2.840539
2.763183
2.865428
2.902571
2.787908
2.794678
2.717162
2.762895
2.771904
2.643270
2.579340
2.695733
2.741049
2.574012
2.640903
2.883458
2.623108
2.623687
2.742571
2.667051
2.550573
2.813771
2.501112
2.818684
2.658058
2.670216
2.594488
2.666809
2.409478
2.308355
2.564275
2.460602
2.483567
2.566495
2.286949
2.588674
2.389207
2.394816
2.349487
2.485897
2.591116
2.577879
2.384488
2.355638
2.436745
2.361835
2.561543
2.352576
2.313716
2.414457
2.581326
2.186988
2.106460
2.465554
2.539585
2.251153
2.280934
2.302505
2.209837
2.216051
2.189893
2.175317
2.351943
2.243676
2.188689
2.147835
2.117172
2.313546
2.199852
2.087509
2.233552
2.176011
2.221107
2.141174
2.307162
2.368391
2.124266
2.162381
2.139097
2.164617
2.175033
2.170875
2.231564
2.289929
2.063689
2.069928
2.086959
2.260565
1.997184
2.188920
2.132662
1.986916
2.066611
1.904627
2.059344
2.023671
2.069752
1.959021
2.223937
2.013025
2.063317
2.076331
1.903146
2.147680
1.900938
1.848908
1.896847
1.939043
1.787685
1.783622
1.779364
1.872089
1.818273
1.853188
1.897988
2.061525
1.932768
1.882532
1.900413
1.861701
1.899763
1.890432
1.777477
1.990386
1.705311
1.878370
1.798599
1.716016
1.746090
1.832597
1.941573
1.752564
1.891027
1.858483
1.779737
1.789444
1.806138
1.741600
1.797510
1.803940
1.646694
1.731906
1.693898
1.760691
1.671281
1.577873
1.720085
1.537338
1.511184
1.497586
1.498237
1.877255
1.496773
1.654345
1.672618
1.571390
1.601170
1.570078
1.458104
1.553767
1.681498
1.718287
1.555664
1.513209
1.580053
1.578095
1.543173
1.668192
1.427877
1.651941
1.563280
1.472508
1.457457
1.502119
1.657475
1.428802
1.469372
1.465796
1.548501
1.481830
1.358024
1.455903
1.600232
1.425152
1.541432
1.485389
1.417917
1.416006
1.420354
1.385630
1.398343
1.436332
1.392574
1.362877
1.494313
1.374339
1.282737
1.261294
1.478780
1.304669
1.519911
1.462202
1.315554
1.515396
1.403815
1.311134
1.301975
1.259109
1.248144
1.373123
1.413208
1.276779
1.231328
1.267451
1.350839
1.457740
1.144447
1.463474
1.202990
1.342181
1.400673
1.229148
1.213732
1.339430
1.229904
1.324319
1.327395
1.270147
1.305592
1.273683
1.212166
1.328906
1.355984
1.231096
1.164796
1.279680
1.117779
1.208987
1.280802
1.303248
1.324357
1.181079
1.170060
1.160582
1.199506
1.119502
1.114933
1.145570
1.062478
1.276183
1.088602
1.118428
1.292546
1.192482
1.286779
1.133639
1.159536
1.222190
1.057585
1.128889
1.165530
1.145142
1.148689
1.116884
1.229884
1.056531
1.105025
1.113074
1.193701
1.013586
1.056678
1.224352
1.072341
1.191486
1.046265
1.028264
1.089329
1.109480
1.041935
0.898264
1.185473
1.081523
1.014487
1.009468
0.997673
1.142008
1.046691
0.999099
0.994410
0.971101
1.065377
0.927485
1.112470
1.110875
1.126656
1.045986
1.032478
1.123370
1.042624
1.078461
0.975259
1.166733
0.948185
0.970298
1.154393
1.123639
1.030871
0.975937
0.991510
0.984714
0.941307
0.981569
0.914074
0.966351
1.003346
1.017760
1.101755
0.951752
0.884800
0.981641
1.041693
0.858535
0.869707
0.864378
1.068978
3.542867
4.163944
4.251123
4.077293
3.877555
4.371258
4.199516
4.055605
3.776100
3.637777
3.877008
3.630686
3.888486
3.736860
3.487545
3.641847
3.149632
3.591439
3.530061
3.516266
3.415357
3.546714
3.405054
3.523152
3.434063
3.558751
3.600699
3.468092
3.485324
3.392023
3.453662
3.468816
3.311730
3.248044
3.386723
3.434318
3.248065
3.317270
3.588178
3.305489
3.305456
3.442858
3.353952
3.235357
3.531565
3.179155
3.537190
3.358877
3.378640
3.291139
3.372528
3.079565
2.967215
3.262712
3.146572
3.173343
3.266728
2.948280
3.299936
3.069699
3.075264
3.022258
3.180003
3.300830
3.294223
3.077959
3.036345
3.143028
3.040432
3.279726
3.037714
3.001674
3.107576
3.295899
2.840858
2.758481
3.179731
3.262534
2.937368
2.973570
2.998354
2.891602
2.895751
2.862099
2.849323
3.064078
2.937782
2.862881
2.823285
2.785297
3.024628
2.887152
2.765408
2.926558
2.867039
2.921049
2.828714
3.019292
3.094107
2.816718
2.856342
2.836432
2.864022
2.874363
2.877710
2.940826
3.012203
2.746536
2.757414
2.768217
2.982828
2.678606
2.904351
2.830882
2.658933
2.757716
2.557899
2.756395
2.711677
2.761396
2.638379
2.942292
2.703451
2.765275
2.777920
2.576573
2.849963
2.577566
2.517185
2.568694
2.620313
2.438834
2.438149
2.439763
2.533540
2.489898
2.513306
2.578819
2.768555
2.625992
2.563956
2.579886
2.538660
2.590940
2.575149
2.433919
2.697876
2.360367
2.560815
2.466514
2.372438
2.412654
2.515694
2.639758
2.420101
2.584116
2.529008
2.452780
2.472546
2.479812
2.413427
2.479356
2.490957
2.288925
2.404991
2.347222
2.436996
2.325071
2.211688
2.400950
2.166214
2.148568
2.120536
2.120629
2.574043
2.124189
2.326720
2.335061
2.208690
2.253153
2.210953
2.075694
2.194338
2.339109
2.401189
2.201545
2.150076
2.234156
2.238668
2.168586
2.348425
2.050138
2.323627
2.225214
2.106422
2.078945
2.140469
2.327192
2.056121
2.104188
2.105516
2.203337
2.119571
1.964304
2.075322
2.267419
2.035618
2.190285
2.119947
2.044806
2.039548
2.052651
1.997708
2.021310
2.075694
1.999833
1.973818
2.150445
1.986989
1.880457
1.851594
2.117795
1.909325
2.180894
2.100074
1.920420
2.168075
2.035167
1.911864
1.903135
1.865356
1.839630
1.985337
2.049559
1.867384
1.823253
1.865154
1.971013
2.100742
1.714075
2.117507
1.778758
1.950836
2.018205
1.820019
1.797509
1.962145
1.822650
1.930930
1.949756
1.865509
1.917491
1.881911
1.798177
1.941368
1.989682
1.835820
1.742112
1.888006
1.670980
1.806766
1.899261
1.913830
1.939412
1.763891
1.745296
1.758194
1.787603
1.686471
1.688215
1.717387
1.619771
1.890922
1.649140
1.688149
1.911779
1.780526
1.895519
1.718461
1.737423
1.814241
1.618255
1.708204
1.754910
1.727006
1.731923
1.673916
1.829778
1.596196
1.666988
1.672902
1.788809
1.558871
1.620327
1.821111
1.635147
1.774057
1.608188
1.584046
1.645705
1.671762
1.599609
1.411098
1.779793
1.634771
1.555903
1.552810
1.545681
1.716961
1.599923
1.538005
1.527856
1.512044
1.616522
1.444137
1.684237
1.675658
1.702937
1.596171
1.586854
1.699223
1.588276
1.639320
1.510095
1.755683
1.496509
1.502277
1.742856
1.696306
1.578650
1.516229
1.537889
1.521816
1.471387
1.522226
1.426358
1.487104
1.548276
1.577367
1.672138
1.469690
1.385668
1.513988
1.585402
1.357148
1.354906
1.368609
1.358717
1.505090
1.404149
1.390666
1.373582
1.436069
1.523309
1.523968
1.450528
1.385955
1.305363
1.430455
1.299191
1.460205
1.360488
1.308746
1.395966
1.116470
1.401622
1.350991
1.341505
1.266087
1.380305
1.280676
1.345412
1.310570
1.360152
1.393647
1.337459
1.324707
1.298746
1.310199
1.311337
1.266807
1.210070
1.275623
1.322940
1.213751
1.282313
1.459074
1.263631
1.273026
1.352166
1.317761
1.213672
1.401451
1.194879
1.419196
1.309309
1.309801
1.269737
1.326849
1.162212
1.094271
1.261803
1.194228
1.214456
1.279055
1.096872
1.288059
1.166276
1.177897
1.156065
1.249418
1.325049
1.302869
1.167125
1.172720
1.202320
1.194785
1.312438
1.182132
1.142577
1.237644
1.366906
1.105891
1.034232
1.265136
1.325979
1.121076
1.142451
1.162492
1.104477
1.120005
1.114349
1.100867
1.203912
1.137671
1.128358
1.089482
1.078420
1.192874
1.131721
1.042781
1.163441
1.114482
1.146699
1.095726
1.218366
1.258003
1.082996
1.122758
1.097546
1.123651
1.138745
1.124910
1.185581
1.224128
1.076036
1.077942
1.110752
1.213083
1.029043
1.162875
1.142312
1.048188
1.097471
1.007465
1.087722
1.072204
1.115831
1.030725
1.231075
1.073132
1.107298
1.124945
1.004306
1.203092
1.004063
0.969902
1.015376
1.045255
0.948173
0.941839
0.931144
1.025491
0.958185
1.015452
1.029562
1.153719
1.051067
1.023457
1.047889
1.016604
1.035233
1.039638
0.974948
1.110288
0.911272
1.044485
0.990669
0.929118
0.946513
1.010643
1.099626
0.960812
1.063404
1.068975
0.988848
0.986469
1.021034
0.961672
1.005692
1.007520
0.919465
0.962042
0.955927
0.992039
0.938335
0.876870
0.953562
0.848429
0.812548
0.822348
0.826007
1.102365
0.822333
0.919377
0.954234
0.890716
0.902534
0.889380
0.811826
0.878335
0.985287
0.990214
0.880358
0.852513
0.898583
0.890440
0.905343
0.959389
0.798326
0.959537
0.886197
0.834500
0.837930
0.862925
0.980046
0.808372
0.841529
0.833923
0.899664
0.856983
0.775129
0.858593
0.945070
0.843501
0.913704
0.877701
0.821713
0.825999
0.821678
0.813907
0.815161
0.835320
0.832892
0.800163
0.879405
0.813703
0.741532
0.730696
0.892620
0.760803
0.911940
0.883313
0.777034
0.923356
0.838436
0.782909
0.775058
0.728164
0.735790
0.839023
0.853686
0.770604
0.725337
0.756702
0.816814
0.900241
0.669798
0.897620
0.724771
0.829669
0.880262
0.739340
0.733206
0.818626
0.742975
0.824199
0.812192
0.785287
0.804893
0.778527
0.741953
0.832660
0.839302
0.746200
0.709834
0.794326
0.690550
0.737643
0.789974
0.822066
0.840270
0.731059
0.729241
0.698764
0.748697
0.691124
0.681724
0.715222
0.647763
0.806693
0.673411
0.695673
0.823313
0.754839
0.830730
0.701964
0.735935
0.786503
0.653006
0.708063
0.736653
0.724712
0.728370
0.722289
0.796920
0.680488
0.709722
0.721024
0.770749
0.637251
0.664932
0.804044
0.683893
0.786946
0.661128
0.649832
0.711605
0.727793
0.665492
0.562285
0.779472
0.712639
0.656940
0.651378
0.636714
0.759911
0.683552
0.649292
0.650346
0.621806
0.708636
0.600790
0.740742
0.746163
0.753561
0.695676
0.679851
0.754263
0.699455
0.723992
0.643050
0.791870
0.607276
0.643621
0.783634
0.766691
0.694946
0.646963
0.658833
0.660412
0.623552
0.656612
0.612199
0.658919
0.678306
0.682469
0.759337
0.650428
0.597513
0.671340
0.724818
0.575522
0.599235
0.576294
0.610322
0.655838
0.597250
0.619838
0.602023
0.627266
0.678059
0.680178
0.645027
0.608710
0.560666
0.621560
0.554739
0.661148
0.590102
0.560758
0.607584
0.453020
0.644690
0.599448
0.591480
0.530028
0.633002
0.556990
0.589042
0.584934
0.588973
0.616180
0.603693
0.571927
0.584258
0.564766
0.556249
0.576581
0.522507
0.543572
0.589281
0.524011
0.590735
0.710624
0.565070
0.578546
0.621927
0.618129
0.521107
0.643614
0.521386
0.665551
0.594458
0.582147
0.568532
0.609897
0.519297
0.476022
0.566816
0.526360
0.541288
0.587507
0.484045
0.579387
0.519971
0.533723
0.528797
0.582842
0.630463
0.597700
0.507910
0.539867
0.522714
0.569699
0.614394
0.548407
0.505390
0.592697
0.685822
0.537567
0.542478
0.679369
0.728553
0.581472
0.594652
0.611417
0.576241
0.596354
0.603394
0.588595
0.636152
0.598248
0.619959
0.580458
0.581550
0.634137
0.609229
0.535309
0.635264
0.590482
0.611114
0.579335
0.667904
0.689446
0.563366
0.602241
0.573491
0.597925
0.614383
0.591237
0.649774
0.671396
0.579619
0.576218
0.618810
0.665547
0.539084
0.627256
0.631525
0.574351
0.598626
0.561142
0.582952
0.580733
0.620488
0.552921
0.701992
0.582502
0.602321
0.621508
0.539230
0.700849
0.536616
0.514320
0.555980
0.574410
0.517480
0.507529
0.489979
0.583732
0.504060
0.576924
0.565190
0.656622
0.572514
0.560783
0.588498
0.561196
0.562637
0.576010
0.547663
0.619700
0.487116
0.586845
0.551867
0.505280
0.510770
0.555193
0.626331
0.525954
0.597913
0.632131
0.549306
0.535374
0.582388
0.525641
0.558229
0.554527
0.520979
0.527115
0.545274
0.554569
0.528324
0.491259
0.512578
0.469525
0.424029
0.451402
0.456019
0.645766
0.447306
0.492449
0.539404
0.505596
0.500837
0.501012
0.450676
0.491169
0.579050
0.555542
0.488454
0.471318
0.498239
0.483234
0.538574
0.530962
0.435638
0.541749
0.479831
0.459911
0.477591
0.484183
0.566890
0.442633
0.467864
0.455227
0.504738
0.481241
0.434222
0.503656
0.538319
0.499082
0.527724
0.507647
0.460241
0.468464
0.455031
0.469400
0.459166
0.462094
0.494510
0.457859
0.489341
0.470239
0.414022
0.411239
0.522080
0.426665
0.518930
0.514878
0.443414
0.540109
0.477738
0.454322
0.446247
0.394304
0.417405
0.499480
0.489566
0.453718
0.407267
0.432914
0.470303
0.530744
0.375121
0.517519
0.424163
0.495998
0.537872
0.423991
0.425149
0.471716
0.426275
0.493834
0.466340
0.466509
0.469889
0.447375
0.432956
0.497747
0.483690
0.419311
0.410021
0.464303
0.414567
0.418296
0.450679
0.490638
0.504711
0.426897
0.432592
0.380630
0.439889
0.402744
0.387403
0.422420
0.368930
0.473212
0.391662
0.405291
0.486120
0.447340
0.503841
0.397788
0.438440
0.475821
0.371872
0.409581
0.428901
0.424111
0.426622
0.445007
0.479987
0.419427
0.428116
0.441484
0.458818
0.371213
0.382113
0.491016
0.402018
0.487295
0.380232
0.374597
0.435909
0.446832
0.388760
0.326074
0.469873
0.440138
0.395079
0.387822
0.369029
0.468603
0.411305
0.389841
0.395785
0.360630
0.438480
0.361164
0.452486
0.464146
0.461506
0.426624
0.407189
0.462879
0.434565
0.445885
0.387663
0.489519
0.340276
0.390833
0.482075
0.478884
0.428719
0.387204
0.393903
0.403494
0.372684
0.396750
0.376573
0.416100
0.414976
0.406720
0.474540
0.410069
0.371625
0.418856
0.463278
0.351413
0.387129
0.346164
0.400812
0.397512
0.358795
0.398242
0.379635
0.386583
0.419466
0.421849
0.404626
0.381419
0.348546
0.378237
0.341876
0.421688
0.363956
0.344921
0.371970
0.276844
0.423305
0.380221
0.372569
0.317385
0.414559
0.349443
0.365427
0.375629
0.357442
0.381234
0.389264
0.347987
0.378247
0.343535
0.329995
0.380976
0.327774
0.327147
0.371693
0.327041
0.392491
0.484771
0.362694
0.377733
0.403618
0.414072
0.320043
0.410937
0.328671
0.434119
0.381199
0.362382
0.361033
0.394490
0.338914
0.307055
0.360783
0.332917
0.344938
0.381999
0.315793
0.364956
0.334977
0.349379
0.352164
0.387061
0.420933
0.382754
0.314558
0.358747
0.318901
0.391570
0.401059
0.365436
0.320411
0.403658
0.479189
0.384421
0.319691
0.382787
0.422182
0.319432
0.325567
0.339140
0.321139
0.344220
0.360563
0.344150
0.347811
0.331450
0.376829
0.336288
0.346335
0.350010
0.352900
0.290197
0.373423
0.331387
0.342430
0.325155
0.386544
0.393401
0.305120
0.342797
0.310774
0.333398
0.350431
0.319493
0.375866
0.383729
0.335604
0.327560
0.377340
0.380008
0.298214
0.350098
0.373367
0.344706
0.348893
0.352147
0.327631
0.335380
0.371634
0.317371
0.425729
0.335965
0.344061
0.364000
0.311390
0.443367
0.306010
0.292586
0.330801
0.339791
0.313968
0.300730
0.277354
0.370202
0.280371
0.365057
0.332574
0.397840
0.327879
0.328196
0.358061
0.333461
0.320951
0.340958
0.340773
0.362573
0.281839
0.354795
0.334219
0.298998
0.294701
0.323188
0.379855
0.309326
0.356750
0.413116
0.327753
0.304310
0.360722
0.305622
0.328801
0.320329
0.329336
0.306346
0.343233
0.330992
0.325995
0.307773
0.285034
0.290545
0.237071
0.277917
0.282897
0.403931
0.269440
0.273244
0.329356
0.318614
0.300384
0.310698
0.281468
0.301045
0.373488
0.327148
0.293455
0.284403
0.295822
0.275022
0.361938
0.305236
0.261488
0.323685
0.270425
0.275251
0.303833
0.295508
0.350645
0.263516
0.282117
0.265142
0.301456
0.292774
0.272954
0.330933
0.324252
0.333979
0.329380
0.321555
0.280589
0.291574
0.270583
0.302132
0.282457
0.271397
0.331060
0.290964
0.284271
0.301746
0.257824
0.261085
0.331121
0.264211
0.309481
0.324570
0.280367
0.337390
0.292557
0.294268
0.285689
0.229416
0.264464
0.329428
0.299690
0.300991
0.253280
0.274066
0.293101
0.334975
0.238417
0.312690
0.282120
0.327392
0.362030
0.269297
0.275934
0.291332
0.269571
0.325964
0.285852
0.307224
0.297401
0.277637
0.280519
0.324408
0.293590
0.251739
0.263668
0.293631
0.286560
0.255510
0.271723
0.317643
0.328128
0.274994
0.286370
0.217016
0.283399
0.262220
0.241859
0.277793
0.235135
0.295620
0.254968
0.261438
0.304700
0.289283
0.330048
0.241805
0.287496
0.314084
0.233394
0.256996
0.268651
0.269274
0.270593
0.308204
0.311298
0.295006
0.287041
0.301780
0.293008
0.241736
0.238974
0.323508
0.259091
0.329914
0.237546
0.236161
0.296837
0.303292
0.248328
0.217730
0.302669
0.302296
0.265470
0.256597
0.234247
0.314691
0.272356
0.260862
0.270456
0.229757
0.300176
0.247006
0.299203
0.315596
0.304672
0.287932
0.265354
0.305820
0.298445
0.298943
0.258645
0.322677
0.201471
0.263153
0.315115
0.322683
0.289543
0.252959
0.255277
0.271039
0.244832
0.261452
0.260445
0.293973
0.276180
0.257735
0.318067
0.288961
0.261879
0.287560
0.324488
0.242399
0.287506
0.231856
0.302808
0.260134
0.237124
0.289862
0.270392
0.262437
0.280722
0.283091
0.280023
0.267116
0.246196
0.250621
0.238487
0.296724
0.249460
0.238484
0.249428
0.201819
0.311752
0.270189
0.262569
0.212207
0.304505
0.247931
0.250790
0.272276
0.236018
0.256849
0.281157
0.232025
0.276491
0.229328
0.211541
0.286962
0.234257
0.215973
0.259374
0.231106
0.295327
0.365183
0.261799
0.277891
0.289491
0.311216
0.219393
0.284637
0.234344
0.308412
0.269927
0.245671
0.254006
0.280892
0.253337
0.230481
0.254147
0.236232
0.245715
0.275201
0.238833
0.250575
0.244140
0.258872
0.267689
0.286952
0.309546
0.266807
0.215843
0.269710
0.211366
0.304574
0.285466
0.274161
0.227331
0.307117
0.368250
0.316485
0.253190
0.272123
0.305549
0.229086
0.230875
0.242388
0.234464
0.259149
0.280873
0.263329
0.240678
0.236979
0.296278
0.254942
0.270143
0.244529
0.263788
0.207582
0.280676
0.240095
0.245254
0.236431
0.281466
0.279410
0.213437
0.250222
0.216072
0.237440
0.254635
0.218885
0.273791
0.273293
0.250955
0.239969
0.293846
0.270124
0.214723
0.244845
0.279239
0.267364
0.259425
0.286736
0.234489
0.247996
0.281992
0.235468
0.319439
0.247183
0.248134
0.268347
0.233214
0.347390
0.225845
0.217528
0.253526
0.256732
0.249243
0.233883
0.206874
0.299016
0.202977
0.294528
0.249539
0.299076
0.237365
0.244686
0.275667
0.252511
0.231542
0.255328
0.271733
0.263494
0.213440
0.270314
0.258143
0.229521
0.219242
0.238093
0.285996
0.233063
0.265737
0.335121
0.248091
0.218838
0.280682
0.226409
0.243835
0.232375
0.266536
0.226075
0.273950
0.248747
0.256238
0.249071
0.199976
0.234220
0.175851
0.224561
0.229612
0.309627
0.213034
0.192104
0.253518
0.256344
0.229960
0.246159
0.229335
0.236328
0.299446
0.239385
0.225407
0.221020
0.223079
0.198690
0.304240
0.218203
0.204988
0.240927
0.192678
0.212081
0.247007
0.229675
0.268277
0.203090
0.217610
0.197917
0.226247
0.226239
0.222462
0.273491
0.242082
0.280797
0.256294
0.255621
0.218354
0.230851
0.205230
0.246866
0.221442
0.201933
0.277669
0.235394
0.205869
0.244962
0.208227
0.214952
0.260589
0.210504
0.227698
0.254044
0.225926
0.259226
0.224699
0.241228
0.232224
0.173250
0.215277
0.269940
0.228290
0.251561
0.202977
0.220749
0.228746
0.259457
0.197903
0.231537
0.238185
0.267537
0.297748
0.217481
0.227253
0.223995
0.216198
0.265831
0.218103
0.251961
0.234171
0.215923
0.228979
0.260315
0.219415
0.190846
0.215279
0.230664
0.248856
0.197004
0.203486
0.252837
0.261074
0.222505
0.237147
0.157338
0.227846
0.216050
0.192592
0.228961
0.192632
0.226960
0.210521
0.212623
0.233432
0.231802
0.263102
0.185338
0.233918
0.253978
0.187017
0.202122
0.209109
0.212849
0.213351
0.262288
0.246311
0.256246
0.238270
0.253718
0.229316
0.199548
0.188559
0.258494
0.208595
0.270717
0.186987
0.188027
0.248225
0.251922
0.198704
0.187089
0.236918
0.253909
0.221880
0.211946
0.187379
0.256346
0.222817
0.217150
0.228815
0.184721
0.250623
0.211717
0.240546
0.259657
0.243709
0.237660
0.213121
0.244436
0.249416
0.243384
0.213652
0.255096
0.150469
0.218674
0.247182
0.261052
0.237946
0.204200
0.203821
0.223160
0.199598
0.211699
0.222003
0.251873
0.224071
0.199474
0.255263
0.247103
0.226685
0.239462
0.271844
0.207373
0.257976
0.193504
0.274067
0.207886
0.194129
0.254684
0.234615
0.217709
0.227224
0.229498
0.234766
0.227896
0.213999
0.203311
0.205502
0.250819
0.209699
0.203432
0.204713
0.185282
0.273406
0.232661
0.224980
0.177402
0.266717
0.215142
0.210113
0.238227
0.191139
0.210127
0.244041
0.190151
0.242984
0.188341
0.167944
0.257821
0.205331
0.176465
0.219107
0.200505
0.263916
0.320358
0.228011
0.244652
0.247677
0.276027
0.185438
0.235349
0.203998
0.259325
0.229348
0.201781
0.215797
0.238703
0.227737
0.210160
0.215871
0.203798
0.211698
0.236604
0.217909
0.207319
0.214812
0.229670
0.241999
0.251892
0.267706
0.222181
0.181391
0.240947
0.171527
0.276877
0.240692
0.243776
0.195801
0.273458
0.325956
0.299700
0.237186
0.229784
0.259587
0.198689
0.197823
0.208042
0.206042
0.231614
0.256468
0.238183
0.199815
0.203578
0.271089
0.229211
0.247409
0.204308
0.233237
0.180827
0.247830
0.208047
0.209639
0.205776
0.241022
0.233597
0.180828
0.217014
0.181536
0.202093
0.219321
0.180640
0.234611
0.229074
0.222011
0.209211
0.265461
0.225981
0.186215
0.203329
0.244275
0.242322
0.227111
0.268668
0.199864
0.216734
0.249325
0.207342
0.276747
0.214841
0.211480
0.231801
0.206999
0.310523
0.198328
0.192987
0.227608
0.227312
0.230669
0.213989
0.184758
0.276422
0.176633
0.272207
0.219721
0.259847
0.202983
0.214412
0.245998
0.223644
0.197585
0.223562
0.249777
0.223615
0.191751
0.239001
0.231775
0.207020
0.193128
0.206194
0.248828
0.206303
0.230150
0.307221
0.219147
0.186382
0.251403
0.197566
0.211517
0.198223
0.247296
0.196384
0.250741
0.217774
0.232639
0.231993
0.167171
0.218450
0.157121
0.210454
0.215496
0.271059
0.196957
0.161262
0.225777
0.236624
0.205335
0.224984
0.215488
0.214946
0.272464
0.204189
0.201890
0.200226
0.196667
0.170093
0.286680
0.183143
0.188039
0.208311
0.162991
0.191015
0.229665
0.206927
0.235643
0.183460
0.195501
0.174146
0.197680
0.202784
0.208498
0.255345
0.209185
0.265092
0.228703
0.232237
0.197122
0.210470
0.182049
0.229638
0.200749
0.176168
0.261416
0.217798
0.174647
0.226556
0.194045
0.202787
0.233867
0.193742
0.194193
0.227188
0.208594
0.227740
0.199296
0.224594
0.215293
0.154667
0.200800
0.249296
0.200514
0.236808
0.187663
0.203598
0.204986
0.229013
0.188238
0.197657
0.226400
0.246244
0.273780
0.200876
0.212475
0.198078
0.198543
0.244114
0.191812
0.233057
0.210484
0.193100
0.212162
0.235996
0.189055
0.168345
0.200175
0.206849
0.240024
0.175759
0.176415
0.227764
0.234624
0.204678
0.221223
0.135156
0.208079
0.201823
0.176481
0.213070
0.180469
0.199199
0.197123
0.196587
0.204006
0.210533
0.236165
0.164599
0.214858
0.230999
0.172163
0.182177
0.186347
0.191904
0.191883
0.247522
0.220165
0.245657
0.221691
0.237526
0.203789
0.186774
0.170855
0.232071
0.190768
0.247679
0.169050
0.171499
0.231374
0.233394
0.181180
0.180819
0.209732
0.237014
0.207800
0.197204
0.171283
0.233385
0.205058
0.202822
0.215687
0.169540
0.232721
0.202262
0.217160
0.237853
0.218884
0.219158
0.193415
0.219257
0.231554
0.221605
0.198121
0.226097
0.131297
0.203349
0.217872
0.235459
0.218288
0.186199
0.184180
0.205615
0.183593
0.192974
0.209972
0.237634
0.203849
0.175562
0.228615
0.232880
0.216399
0.221465
0.251109
0.197087
0.250928
0.181181
0.267424
0.187229
0.178948
0.244120
0.223664
0.201404
0.205673
0.207860
0.218054
0.214744
0.204995
0.185286
0.195967
0.233574
0.196075
0.192577
0.188083
0.185381
0.260504
0.220219
0.212469
0.166519
0.254029
0.205398
0.195648
0.227678
0.174116
0.191981
0.231576
0.174831
0.232613
0.173489
0.151513
0.249960
0.197568
0.162384
0.204543
0.191663
0.254561
0.303001
0.217189
0.234128
0.232027
0.264290
0.174410
0.215172
0.195058
0.239215
0.214267
0.184706
0.202077
0.222586
0.221461
0.206994
0.202001
0.193377
0.200308
0.222464
0.214254
0.190357
0.206109
0.221013
0.235405
0.239698
0.251453
0.204248
0.169482
0.232393
0.156363
0.268909
0.222538
0.234160
0.185478
0.261845
0.309185
0.298067
0.235997
0.212904
0.240529
0.188865
0.186394
0.195820
0.197320
0.223392
0.250085
0.231337
0.183598
0.191774
0.264146
0.221918
0.241876
0.188354
0.223007
0.172833
0.236184
0.196856
0.196305
0.195368
0.224765
0.214127
0.169186
0.204995
0.168704
0.188752
0.205979
0.165531
0.218924
0.210371
0.212365
0.198465
0.256105
0.207230
0.176738
0.186096
0.230919
0.234841
0.215286
0.265290
0.186619
0.205466
0.237199
0.197896
0.258614
0.202848
0.196901
0.217258
0.198581
0.295752
0.189093
0.185506
0.219278
0.216884
0.226665
0.209179
0.178607
0.269967
0.167927
0.265875
0.208909
0.243416
0.189412
0.203262
0.235191
0.213292
0.184187
0.211447
0.243475
0.206637
0.185570
0.227076
0.222770
0.200298
0.184237
0.193840
0.233322
0.196968
0.215545
0.297167
0.208450
0.173578
0.240472
0.186874
0.198739
0.184336
0.242256
0.185109
0.243303
0.205702
0.224931
0.228146
0.153951
0.215346
0.152233
0.208299
0.213312
0.254318
0.193572
0.149080
0.215419
0.231018
0.196794
0.218475
0.213325
0.208278
0.262452
0.189273
0.193901
0.193840
0.186922
0.159029
0.282163
0.168199
0.183849
0.194787
0.151190
0.184325
0.225172
0.199200
0.222025
0.177553
0.188109
0.165743
0.186404
0.194534
0.205875
0.250220
0.195268
0.261384
0.217908
0.223930
0.190077
0.203915
0.173812
0.224920
0.193958
0.166342
0.257233
0.212798
0.161529
0.221043
0.191030
0.200953
0.223360
0.189147
0.179617
0.216555
0.203607
0.214318
0.189478
0.219975
0.210481
0.148858
0.197419
0.242230
0.189191
0.233213
0.183716
0.198547
0.195989
0.216027
0.187589
0.182594
0.224465
0.238635
0.264566
0.196032
0.208698
0.187659
0.193030
0.236166
0.181128
0.226751
0.201322
0.184433
0.207055
0.226411
0.175866
0.159812
0.196026
0.197504
0.239579
0.167918
0.165093
0.217617
0.223644
0.198812
0.216474
0.126672
0.201012
0.198043
0.171569
0.208273
0.177873
0.187315
0.193765
0.191647
0.191088
0.202455
0.224701
0.156808
0.208051
0.221845
0.167833
0.174804
0.177290
0.183910
0.183564
0.243174
0.209033
0.243769
0.216227
0.232276
0.192977
0.183534
0.164669
0.220689
0.184486
0.238283
0.162677
0.165947
0.225620
0.226627
0.174999
0.181320
0.197778
0.231168
0.203619
0.192613
0.165876
0.223886
0.198638
0.198432
0.211996
0.164614
0.226165
0.200720
0.207316
0.228940
0.208162
0.212187
0.185718
0.208288
0.224923
0.212632
0.192855
0.212809
0.123842
0.198168
0.204364
0.224148
0.210493
0.179381
0.176376
0.199046
0.177928
0.185677
0.206648
0.232985
0.195631
0.165137
0.216554
0.228196
0.214042
0.214513
0.242521
0.194702
0.250451
0.177557
0.267172
0.178630
0.173593
0.241505
0.220805
0.195347
0.196486
0.198609
0.211723
0.210521
0.203225
0.178143
0.193862
0.226872
0.191518
0.189659
0.181716
0.188957
0.256333
0.216313
0.208511
0.163518
0.249946
0.203053
0.190486
0.224835
0.167414
0.184601
0.227565
0.169112
0.229828
0.168026
0.145100
0.248634
0.196294
0.157338
0.199201
0.189715
0.252302
0.295968
0.214034
0.231142
0.225982
0.260564
0.171092
0.206404
0.192965
0.230465
0.208502
0.177745
0.197098
0.216173
0.220892
0.208268
0.196898
0.190318
0.196665
0.217171
0.215190
0.183369
0.204022
0.218944
0.234556
0.235510
0.244844
0.196626
0.165435
0.230334
0.150360
0.267178
0.214744
0.231437
0.182321
0.257910
0.302176
0.300052
0.238239
0.205802
0.232126
0.185943
0.182511
0.191455
0.195028
0.221392
0.249164
0.230130
0.176813
0.187605
0.262857
0.220419
0.241413
0.181684
0.219731
0.170879
0.232056
0.192986
0.191153
0.191944
0.217859
0.205297
0.165005
0.200583
0.163796
0.183539
0.200757
0.159251
0.212288
0.201929
0.209307
0.194745
0.253201
0.198731
0.173749
0.178484
0.225606
0.233014
0.210861
0.265886
0.181339
0.201354
0.232571
0.194855
0.250398
0.198273
0.190781
0.211150
0.196115
0.289503
0.186123
0.183566
0.216839
0.213182
0.226778
0.208806
0.177430
0.268597
0.165210
0.264569
0.204925
0.236082
0.183776
0.199063
0.231186
0.209551
0.178622
0.206639
0.242122
0.198919
0.184265
0.222356
0.219774
0.198650
0.181297
0.188835
0.226432
0.193741
0.209176
0.293505
0.204398
0.168261
0.236260
0.182801
0.193417
0.178346
0.241525
0.180663
0.241130
0.200766
0.222588
0.228092
0.148314
0.215716
0.151538
0.209222
0.214218
0.246555
0.193748
0.144014
0.211434
0.229854
0.193876
0.216763
0.214182
0.206454
0.258629
0.182532
0.191268
0.192155
0.183231
0.154555
0.281573
0.161403
0.183439
0.188821
0.146241
0.182413
0.224556
0.196656
0.215967
0.176083
0.185748
0.162773
0.181721
0.191644
0.206326
0.249174
0.188988
0.261169
0.213475
0.220966
0.187856
0.201986
0.170875
0.224073
0.191871
0.162445
0.256681
0.211767
0.155653
0.219685
0.191152
0.201774
0.219014
0.188309
0.172844
0.212119
0.202522
0.208216
0.185512
0.219092
0.209483
0.147261
0.197259
0.239869
0.184295
0.232910
0.183198
0.197366
0.192453
0.210111
0.189010
0.175441
0.225104
0.235899
0.260871
0.194927
0.208227
0.183233
0.191513
0.233199
0.176530
0.224750
0.197612
0.181019
0.205753
0.222436
0.169742
0.156456
0.195274
0.193656
0.241015
0.164952
0.160048
0.213266
0.218795
0.196995
0.215320
0.123290
0.198472
0.197450
0.170302
0.207067
0.177971
0.181880
0.193399
0.190336
0.185023
0.199270
0.219496
0.153778
0.205604
0.217998
0.166849
0.172005
0.173484
0.180731
0.180193
0.242157
0.203982
0.244203
0.214528
0.230702
0.188091
0.183147
0.162527
0.215448
0.182276
0.234214
0.160404
0.164161
0.223706
0.224114
0.172824
0.183111
0.192162
0.229180
0.202616
0.191356
0.164134
0.219706
0.196284
0.197280
0.211259
0.163137
0.223712
0.201244
0.202903
