0.033408
0.014518
0.004750
0.002787
0.002435
0.000549
0.001283
0.007424
0.001601
0.003030
0.003344
0.002911
0.003097
0.002670
0.002396
0.004125
0.002459
0.001853
0.002238
0.002074
0.001895
0.001034
0.000713
0.000194
0.000106
0.027454
0.012984
0.004447
0.002677
0.002393
0.000550
0.001290
0.007333
0.001601
0.003029
0.003337
0.002904
0.003092
0.002664
0.002391
0.004114
0.002455
0.001849
0.002233
0.002072
0.001892
0.001032
0.000711
0.000194
0.000106
0.027481
0.012984
0.004444
0.002674
0.002390
0.000549
0.001288
0.007301
0.001599
0.003026
0.003333
0.002900
0.003088
0.002661
0.002388
0.004110
0.002453
0.001845
0.002228
0.002067
0.001888
0.001030
0.000710
0.000194
0.000106
0.027480
0.012981
0.004441
0.002672
0.002388
0.000548
0.001287
0.007273
0.001597
0.003022
0.003328
0.002895
0.003083
0.002656
0.002383
0.004102
0.002449
0.001841
0.002225
0.002064
0.001885
0.001029
0.000709
0.000194
0.000106
0.027481
0.012975
0.004438
0.002670
0.002386
0.000547
0.001285
0.007237
0.001595
0.003018
0.003322
0.002890
0.003079
0.002651
0.002379
0.004095
0.002446
0.001838
0.002219
0.002059
0.001881
0.001027
0.000708
0.000194
0.000106
0.027491
0.012974
0.004434
0.002666
0.002383
0.000546
0.001283
0.007199
0.001593
0.003014
0.003314
0.002884
0.003072
0.002644
0.002372
0.004085
0.002441
0.001832
0.002214
0.002054
0.001876
0.001024
0.000706
0.000194
0.000106
0.027508
0.012971
0.004430
0.002663
0.002379
0.000545
0.001280
0.007149
0.001590
0.003008
0.003305
0.002877
0.003065
0.002636
0.002365
0.004075
0.002436
0.001826
0.002207
0.002048
0.001871
0.001022
0.000705
0.000193
0.000106
0.027511
0.012965
0.004426
0.002659
0.002376
0.000544
0.001277
0.007095
0.001586
0.003002
0.003296
0.002868
0.003058
0.002628
0.002358
0.004063
0.002430
0.001819
0.002200
0.002041
0.001864
0.001019
0.000703
0.000193
0.000105
0.027526
0.012962
0.004421
0.002655
0.002371
0.000542
0.001274
0.007030
0.001583
0.002995
0.003285
0.002859
0.003049
0.002618
0.002350
0.004049
0.002423
0.001812
0.002192
0.002033
0.001857
0.001015
0.000701
0.000193
0.000105
0.027537
0.012957
0.004416
0.002650
0.002366
0.000540
0.001271
0.006958
0.001579
0.002986
0.003271
0.002847
0.003038
0.002607
0.002341
0.004032
0.002414
0.001803
0.002182
0.002024
0.001849
0.001011
0.000698
0.000192
0.000105
0.027556
0.012953
0.004410
0.002645
0.002361
0.000538
0.001267
0.006873
0.001574
0.002977
0.003257
0.002835
0.003026
0.002595
0.002330
0.004015
0.002407
0.001794
0.002172
0.002014
0.001841
0.001007
0.000696
0.000191
0.000105
0.027562
0.012944
0.004404
0.002639
0.002355
0.000535
0.001262
0.006776
0.001569
0.002966
0.003240
0.002819
0.003013
0.002581
0.002320
0.003996
0.002397
0.001783
0.002160
0.002004
0.001832
0.001003
0.000694
0.000191
0.000105
0.027582
0.012939
0.004397
0.002633
0.002349
0.000533
0.001258
0.006670
0.001563
0.002956
0.003225
0.002806
0.003000
0.002567
0.002308
0.003976
0.002387
0.001773
0.002148
0.001993
0.001822
0.000998
0.000691
0.000190
0.000104
0.027581
0.012929
0.004389
0.002627
0.002342
0.000531
0.001253
0.006552
0.001558
0.002944
0.003206
0.002790
0.002985
0.002551
0.002295
0.003954
0.002377
0.001762
0.002135
0.001981
0.001813
0.000993
0.000688
0.000190
0.000104
