12.965200
12.956869
12.780521
12.732188
13.074790
12.660361
13.019991
12.612144
13.190441
12.736042
12.541025
13.282640
13.061561
12.759455
12.713244
12.704155
12.806017
12.650412
12.578120
12.334735
12.569187
12.909425
12.992130
13.244284
12.590833
12.398434
12.728398
12.922834
12.320680
12.186379
12.378144
12.126218
12.924138
12.586489
12.274824
12.361360
12.698396
12.877206
12.916921
12.765001
12.548329
12.292476
12.760980
12.257953
12.736416
12.454438
12.352273
12.652910
11.758628
12.643887
12.514331
12.540878
12.350430
12.489263
12.293724
12.607077
12.422431
12.752919
12.810150
12.484032
12.599612
12.447991
12.561147
12.622781
12.254367
12.092611
12.435030
12.535218
12.213657
12.345718
12.939610
12.342811
12.332513
12.571765
12.566091
12.366428
12.987187
12.305342
12.912684
12.566858
12.739529
12.510456
12.782585
12.132333
11.875278
12.634833
12.391897
12.364015
12.485494
12.023849
12.732594
12.261046
12.326004
12.204565
12.464466
12.645459
12.830602
12.434953
12.262873
12.658820
12.297416
12.852687
12.422669
12.309499
12.435449
12.884480
12.039124
11.875639
12.815909
12.973380
12.391152
12.419000
12.519087
12.327329
12.305706
12.223709
12.239802
12.765439
12.444027
12.104650
12.321341
12.084792
12.707732
12.299455
12.163472
12.520399
12.452888
12.541680
12.360592
12.784635
12.892953
12.384673
12.472146
12.469073
12.501077
12.606365
12.574918
12.774220
12.852294
12.413865
12.417962
12.325917
12.900697
12.341846
12.738353
12.594177
12.270408
12.511199
11.961092
12.483818
12.494899
12.539926
12.205831
13.008173
12.467861
12.685124
12.589938
12.179657
12.696057
12.279875
12.202467
12.252398
12.356696
11.998650
11.964306
12.014047
12.154997
12.238273
12.070991
12.492702
12.758256
12.639257
12.354393
12.417042
12.352439
12.621368
12.496449
12.077390
12.948050
12.131549
12.627958
12.346968
12.169347
12.263115
12.567929
12.733393
12.328955
12.712893
12.410391
12.490559
12.671096
12.546186
12.364721
12.551913
12.623151
12.134859
12.474852
12.235696
12.566187
12.186316
11.938396
12.555767
12.002172
11.963717
11.787097
11.864670
12.909726
11.914385
12.506341
12.478241
12.023795
12.267438
12.139760
11.889219
12.118489
12.334838
12.627209
12.256598
12.195594
12.294696
12.402992
12.029976
12.636536
11.943837
12.567192
12.463239
12.098644
12.076250
12.280107
12.678198
11.982047
12.147949
12.342351
12.438760
12.309559
11.872748
12.061062
12.651797
12.022843
12.492142
12.251683
12.248147
12.165127
12.295358
12.084455
12.138280
12.496934
11.954599
12.096132
12.646071
12.093875
11.817810
11.758682
12.456801
12.025262
12.685252
12.524225
12.073321
12.682018
12.529881
12.090789
12.073475
12.040708
11.896009
12.243606
12.529238
11.907546
11.905064
12.064509
12.286285
12.644418
11.672629
12.745546
11.865178
12.197575
12.511943
11.971472
11.937468
12.399233
12.058434
12.271723
12.424954
12.046051
12.277596
12.237529
12.098580
12.450109
12.661814
12.290403
11.952659
12.325527
11.624155
12.188342
12.473780
12.310792
12.544448
12.077565
12.067105
12.197353
12.196724
11.960906
11.914582
12.025098
11.723665
12.567750
11.880730
11.987192
12.622879
12.392284
12.642311
12.360503
12.290895
12.357813
12.028796
12.192430
12.330501
12.274118
12.231477
12.062709
12.582043
11.885488
12.083627
12.109221
12.570167
11.948883
12.041988
12.542190
12.102045
12.352150
12.177420
12.010499
12.151994
12.192693
12.040185
11.529833
12.523304
12.205424
11.985916
12.037973
12.019477
12.458064
12.089352
12.019197
11.908783
11.990662
12.236159
11.717530
12.451852
12.441856
12.268084
12.219548
12.554701
12.148494
12.499373
12.099550
12.665153
12.218115
12.028201
12.753782
12.537735
12.241512
12.195186
12.185792
12.285874
12.133185
12.062106
11.824254
12.054070
12.386173
12.466398
12.714167
12.074575
11.886827
12.208892
12.399765
11.809459
11.679328
11.865175
11.620851
12.399911
12.069058
11.765536
11.849957
12.179106
12.353934
12.393028
12.244774
12.032623
11.782051
12.240160
11.748278
12.217270
11.940390
11.840492
12.134610
11.259429
12.127163
11.999614
12.025245
11.838117
11.975835
11.783749
12.089879
11.910109
12.232388
12.288842
11.970272
12.082481
11.935007
12.044863
12.104659
11.746144
11.587009
11.921463
12.020068
11.705300
11.835799
12.418208
11.832494
11.822845
12.056973
12.051843
11.854576
12.463021
11.795370
12.390591
12.051638
12.220117
11.996407
12.263106
11.626770
11.375074
12.118333
11.880524
11.853418
11.972292
11.520874
12.213724
11.752762
11.816738
11.697972
11.952375
12.129983
12.310129
11.922380
11.755186
12.141225
11.789985
12.332147
11.911670
11.800116
11.925228
12.365419
11.537770
11.376835
12.296376
12.451122
11.880237
11.907592
12.005857
11.817931
11.797470
11.717531
11.733201
12.246665
11.932477
11.601887
11.813199
11.582266
12.190314
11.791615
11.657850
12.008072
11.941238
12.028111
11.850961
12.266500
12.372220
11.874194
11.960555
11.956999
11.988570
12.092084
12.060203
12.256274
12.332865
11.904024
11.907496
11.818980
12.380284
11.832703
12.220660
12.080687
11.764204
11.999194
11.462475
11.971860
11.983541
12.027953
11.700393
12.486804
11.956951
12.169573
12.076897
11.674974
12.182169
11.772714
11.696875
11.746452
11.848647
11.498925
11.464510
11.512762
11.652809
11.731936
11.570774
11.982102
12.242455
12.125010
11.846444
11.908652
11.845151
12.107198
11.985791
11.576179
12.427592
11.628569
12.115041
11.840121
11.665673
11.756842
12.055730
12.218237
11.822030
12.198001
11.903655
11.980461
12.156431
12.035549
11.856701
12.040367
12.109963
11.633288
11.964558
11.731692
12.054628
11.683178
11.440672
12.043453
11.502929
11.464237
11.292547
11.368526
12.392091
11.416727
11.995051
11.969250
11.524790
11.762349
11.637962
11.392491
11.616828
11.829895
12.114200
11.751949
11.692111
11.789238
11.894681
11.532430
12.123208
11.445942
12.056146
11.953587
11.597426
11.576054
11.775317
12.165143
11.483260
11.646049
11.835646
11.930902
11.804479
11.377415
11.562585
12.139452
11.525393
11.983808
11.748482
11.744124
11.663321
11.790346
11.585154
11.636840
11.987380
11.458790
11.596380
12.133408
11.594527
11.323417
11.266069
11.949677
11.526708
12.172316
12.015344
11.574095
12.169874
12.020642
11.591479
11.574467
11.541282
11.400696
11.742102
12.020053
11.412458
11.409498
11.565653
11.782554
12.133355
11.181840
12.231788
11.371500
11.697005
12.004734
11.474625
11.441639
11.893409
11.559413
11.769681
11.918525
11.548703
11.774921
11.735122
11.599727
11.943854
12.150243
11.786418
11.456464
11.821568
11.136487
11.686896
11.966359
11.807789
12.036377
11.579156
11.569370
11.694786
11.696045
11.465426
11.419519
11.528254
11.232973
12.058755
11.386614
11.490930
12.113042
11.887751
12.132664
11.855763
11.788744
11.854788
11.531580
11.691561
11.826876
11.771827
11.730342
11.566595
12.074119
11.393024
11.586538
11.611723
12.061897
11.453728
11.544600
12.035162
11.603827
11.849826
11.677251
11.513870
11.653649
11.693480
11.543163
11.043945
12.016491
11.706123
11.490909
11.541719
11.522907
11.953605
11.592255
11.523662
11.416241
11.494856
11.736326
11.228629
11.947754
11.937355
11.767325
11.719600
12.048211
11.650956
11.993896
11.602695
12.156274
11.717112
11.532742
12.242937
12.032216
11.742085
11.695887
11.686634
11.785052
11.635634
11.565837
11.333669
11.559008
11.883325
11.961271
12.204885
11.579049
11.395793
11.710318
11.897690
11.319109
11.193097
11.373173
11.136429
11.896923
11.572977
11.277440
11.359726
11.681257
11.852174
11.890618
11.745897
11.538285
11.292856
11.740774
11.259895
11.719610
11.447753
11.350090
11.637758
10.781290
11.631868
11.506322
11.531009
11.347164
11.483856
11.295155
11.594289
11.419201
11.733381
11.789207
11.477984
11.586904
11.443510
11.550110
11.608110
11.259307
11.102695
11.429418
11.526390
11.218366
11.347178
11.918361
11.343603
11.334549
11.563645
11.559067
11.364105
11.960433
11.306777
11.890200
11.557827
11.722234
11.503764
11.765200
11.142529
10.896125
11.623278
11.390542
11.364229
11.480472
11.039090
11.716439
11.265859
11.328887
11.212676
11.461757
11.635985
11.811087
11.431259
11.268787
11.645199
11.303734
11.833172
11.422062
11.312024
11.436311
11.867874
11.057597
10.899183
11.798359
11.950540
11.390768
11.417523
11.514032
11.329809
11.310477
11.232568
11.247826
11.749368
11.442327
11.120268
11.326342
11.100926
11.694310
11.305075
11.173491
11.517085
11.450865
11.535899
11.362659
11.769827
11.873062
11.385049
11.470366
11.466360
11.497431
11.599240
11.566852
11.759785
11.834843
11.415445
11.418376
11.333319
11.881376
11.344887
11.724505
11.588630
11.279183
11.508492
10.984951
11.481242
11.493517
11.537321
11.216117
11.986968
11.467364
11.675336
11.585182
11.191466
11.689671
11.286708
11.212334
11.261769
11.361863
11.020194
10.985756
11.032575
11.171697
11.246798
11.091691
11.492719
11.748097
11.632175
11.359691
11.421470
11.358995
11.614429
11.496512
11.095964
11.928590
11.146692
11.623480
11.354475
11.183120
11.271734
11.564803
11.724478
11.336266
11.704471
11.418090
11.491554
11.663177
11.546140
11.369909
11.550166
11.618025
11.152822
11.475563
11.248819
11.564272
11.201256
10.963917
11.552393
11.024679
10.985704
10.818931
10.893364
11.895840
10.940043
11.505013
11.481510
11.046690
11.278302
11.157238
10.916702
11.136180
11.345973
11.622427
11.268325
11.209655
11.304826
11.407569
11.055791
11.631158
10.968986
11.566305
11.465057
11.117310
11.096860
11.291520
11.673333
11.005427
11.165154
11.350038
11.444236
11.320462
10.902870
11.085012
11.648242
11.048802
11.496632
11.266287
11.261144
11.182455
11.306418
11.106849
11.156436
11.499010
10.983832
11.117538
11.642014
11.116042
10.849806
10.794258
11.463592
11.049013
11.680571
11.527584
11.095853
11.678879
11.532476
11.113111
11.096345
11.062714
10.926229
11.261563
11.531961
10.938170
10.934767
11.087729
11.299891
11.643382
10.711784
11.739172
10.898643
11.217416
11.518620
10.998667
10.966670
11.408566
11.081290
11.288598
11.433099
11.072254
11.293098
11.253722
11.121766
11.458629
11.659795
11.303481
10.981071
11.338613
10.669466
11.206389
11.479951
11.325661
11.549387
11.101613
11.092465
11.213208
11.216273
10.990744
10.945241
11.052171
10.762951
11.570851
10.913294
11.015463
11.624301
11.404127
11.644054
11.371931
11.307422
11.372728
11.055149
11.211545
11.344156
11.290501
11.250136
11.091249
11.587195
10.921322
11.110194
11.134952
11.574655
10.979217
11.067997
11.549061
11.126429
11.368385
11.197901
11.037934
11.176186
11.215047
11.066958
10.578710
11.530635
11.227551
11.016608
11.066162
11.047114
11.470064
11.115896
11.048817
10.944353
11.019814
11.257294
10.760303
11.464575
11.453814
11.287402
11.240491
11.562675
11.174218
11.509325
11.126508
11.668378
11.236966
11.057933
11.753129
11.547622
11.263477
11.217426
11.208223
11.305118
11.158766
11.090434
10.863616
11.084691
11.401331
11.477039
11.716587
11.104128
10.925407
11.232531
11.416433
10.849310
10.727330
10.901814
10.672481
11.414854
11.097541
10.809772
10.890115
11.204041
11.371206
11.409031
11.267731
11.064600
10.824266
11.262168
10.792016
11.242726
10.975732
10.880274
11.161639
10.323425
11.157254
11.033638
11.057439
10.876847
11.012448
10.827083
11.119275
10.948852
11.255116
11.310231
11.006322
11.111989
10.972624
11.075946
11.132216
10.792921
10.638785
10.957832
11.053302
10.751808
10.879034
11.439261
10.875194
10.866755
11.090967
11.086846
10.894219
11.478707
10.838730
11.410454
11.084649
11.245004
11.031718
11.287892
10.678691
10.437371
11.148808
10.921094
10.895481
11.009242
10.577602
11.239779
10.799330
10.861425
10.747714
10.991607
11.162620
11.332786
10.960609
10.802876
11.169785
10.837981
11.354872
10.952924
10.844446
10.967914
11.391019
10.597652
10.441673
11.320965
11.470609
10.921657
10.947972
11.042781
10.862072
10.843944
10.768053
10.782804
11.272731
10.972566
10.658957
10.859928
10.639837
11.218956
10.838926
10.709436
11.046569
10.980996
11.064199
10.894740
11.293825
11.394470
10.916306
11.000572
10.996156
11.026735
11.126911
11.094030
11.283909
11.357534
10.947253
10.949693
10.867887
11.403137
10.877422
11.248837
11.117052
10.814476
11.038223
10.527615
11.011081
11.023881
11.067116
10.752144
11.507759
10.998173
11.201744
11.113954
10.728209
11.217609
10.821074
10.748219
10.797379
10.895390
10.561676
10.527122
10.572668
10.710791
10.781944
10.632656
11.023747
11.274282
11.159766
10.893270
10.954696
10.893190
11.142010
11.027473
10.635961
11.450174
10.684963
11.152347
10.889097
10.720814
10.806959
11.094288
11.251178
10.870836
11.231407
10.952845
11.023069
11.190380
11.077070
10.903367
11.080269
11.146525
10.692528
11.006847
10.786122
11.094288
10.739448
10.507209
11.081744
10.566505
10.527316
10.365317
10.438181
11.420115
10.483457
11.035318
11.014051
10.588687
10.814595
10.696665
10.460972
10.675692
10.882312
11.151031
10.804970
10.747375
10.840686
10.940722
10.599187
11.159477
10.512068
11.096813
10.996898
10.657220
10.637803
10.827934
11.201901
10.547679
10.704331
10.884695
10.977786
10.856677
10.448324
10.627425
11.177465
10.592340
11.029661
10.804238
10.798314
10.721710
10.842643
10.648562
10.696134
11.030991
10.528836
10.658792
11.170968
10.657675
10.396127
10.342390
10.997701
10.591480
11.209198
11.060081
10.637586
11.208160
11.064591
10.654760
10.638186
10.604233
10.471748
10.801087
11.064146
10.483852
10.479980
10.629883
10.837376
11.173735
10.261582
11.266920
10.445652
10.757798
11.052709
10.542662
10.511644
10.943920
10.623192
10.827612
10.967832
10.615757
10.831413
10.792407
10.663797
10.993661
11.189651
10.840593
10.525665
10.875694
10.222140
10.745935
11.013739
10.863626
11.082613
10.644073
10.635539
10.751678
10.756472
10.535981
10.490909
10.596039
10.312819
11.103072
10.459861
10.559922
11.155750
10.940623
11.175716
10.908247
10.846178
10.910666
10.598680
10.751592
10.881546
10.829113
10.789908
10.635798
11.120381
10.469378
10.653819
10.678197
11.107579
10.524621
10.611314
11.083220
10.669000
10.907028
10.738526
10.581956
10.718585
10.756631
10.610619
10.133042
11.064880
10.769025
10.562113
10.610501
10.591228
11.006593
10.659467
10.593874
10.492257
10.564673
10.798296
10.311733
11.001398
10.990309
10.827451
10.781240
11.097214
10.717333
11.044768
10.670278
11.200670
10.776781
10.603043
11.283416
11.083041
10.804797
10.758870
10.749714
10.845112
10.701841
10.634725
10.413343
10.630177
10.939322
11.012867
11.248376
10.649126
10.474751
10.774563
10.955183
10.399178
10.281305
10.450234
10.228129
10.952745
10.641943
10.361812
10.440166
10.746751
10.910149
10.947394
10.809536
10.610704
10.375357
10.803413
10.343811
10.785644
10.523425
10.430120
10.705330
9.885026
10.702436
10.580710
10.603677
10.426174
10.560808
10.378675
10.664167
10.498236
10.796736
10.851182
10.554250
10.656837
10.521341
10.621587
10.676174
10.346151
10.194352
10.505991
10.599967
10.304839
10.430566
10.980056
10.426414
10.418545
10.637955
10.634352
10.444035
11.016872
10.390250
10.950644
10.631265
10.787682
10.579336
10.830498
10.234303
9.998088
10.694122
10.471204
10.446433
10.557685
10.135651
10.782934
10.352419
10.413615
10.302372
10.541115
10.708947
10.874308
10.509622
10.356502
10.714088
10.391727
10.896388
10.503378
10.396469
10.519053
10.933872
10.157120
10.003618
10.863440
11.010520
10.472213
10.498038
10.591117
10.413983
10.396923
10.322992
10.337327
10.815875
10.522433
10.217033
10.413058
10.198174
10.763289
10.392256
10.264896
10.595723
10.530763
10.612173
10.446408
10.837522
10.935712
10.467149
10.550400
10.545600
10.575618
10.674235
10.640908
10.827774
10.899907
10.498671
10.500526
10.422045
10.944572
10.429442
10.792855
10.665055
10.369264
10.587512
10.089536
10.560425
10.573833
10.616462
10.307664
11.048289
10.548491
10.747700
10.662283
10.284369
10.765157
10.374887
10.303535
10.352403
10.448437
10.122538
10.087860
10.132051
10.269331
10.336541
10.193075
10.574286
10.819967
10.706974
10.446327
10.507380
10.446846
10.689266
10.578052
10.195312
10.991540
10.242620
10.700791
10.443171
10.277843
10.361562
10.643348
10.797465
10.424776
10.777887
10.507016
10.574018
10.737091
10.627538
10.456279
10.629919
10.694558
10.251474
10.557634
10.342833
10.643885
10.296990
10.069790
10.630636
10.127596
10.088176
9.930910
10.002251
10.963974
10.046041
10.585168
10.566025
10.149997
10.370208
10.255277
10.024418
10.234462
10.438024
10.699220
10.360903
10.304489
10.395932
10.493299
10.161871
10.707353
10.074404
10.646823
10.548179
10.216480
10.197938
10.383754
10.749985
10.109136
10.262795
10.438664
10.530758
10.412180
10.012918
10.189153
10.726116
10.155001
10.582178
10.361540
10.354821
10.280274
10.398243
10.209530
10.255076
10.582309
10.093027
10.219261
10.719378
10.218483
9.961635
9.909562
10.551250
10.153028
10.757357
10.612001
10.198553
10.756985
10.616091
10.215611
10.199298
10.164923
10.036290
10.359917
10.615712
10.048645
10.044278
10.191177
10.394093
10.723487
9.830401
10.814141
10.011822
10.317391
10.606120
10.105791
10.075751
10.498633
10.184264
10.385801
10.521912
10.178348
10.389009
10.350278
10.224987
10.547882
10.738833
10.396972
10.089334
10.432116
9.793876
10.304697
10.566847
10.420835
10.635136
10.205659
10.197762
10.309422
10.315873
10.100302
10.055619
10.159025
9.881620
10.654669
10.025424
10.123480
10.706580
10.496368
10.726632
10.463789
10.404144
10.467873
10.161298
10.310779
10.438077
10.386983
10.348909
10.199503
10.672933
10.036511
10.216511
10.240522
10.659772
10.089044
10.173763
10.636559
10.230649
10.464787
10.298306
10.145072
10.280136
10.317345
10.173366
9.706274
10.618478
10.329545
10.126725
10.173925
10.154398
10.562358
10.222124
10.157938
10.059173
10.128505
10.358366
9.881973
10.557487
10.545970
10.386626
10.341192
10.651021
10.279570
10.599515
10.233079
10.752223
10.335718
10.167089
10.833147
10.637716
10.365173
10.319395
10.310301
10.404249
10.263926
10.198112
9.981994
10.194637
10.496485
10.567881
10.799471
10.213056
10.042986
10.335701
10.513020
9.968046
9.853990
10.017559
9.802524
10.509787
10.205370
9.932712
10.009112
10.308468
10.468299
10.504916
10.370347
10.175788
9.945237
10.363807
9.914457
10.347597
10.090064
9.998791
10.268051
9.465253
10.266631
10.146704
10.168800
9.994409
10.128091
9.949084
10.227988
10.066531
10.357424
10.411160
10.121227
10.220661
10.089052
10.186133
10.239081
9.918112
9.768718
10.073063
10.165520
9.876780
10.000884
10.539874
9.996497
9.989164
10.203901
10.200716
10.012654
10.574155
9.960558
10.509857
10.196661
10.349261
10.145875
10.392001
9.808668
9.577406
10.258381
10.040252
10.016083
10.124984
9.712317
10.345041
9.924228
9.984580
9.875735
10.109380
10.274167
10.434866
10.077461
9.928889
10.277315
9.964240
10.456874
10.072639
9.967173
10.089009
10.495747
9.735281
9.584083
10.424770
10.569429
10.041500
10.066849
10.158304
9.984615
9.968665
9.896610
9.910540
10.377890
10.091182
9.793765
9.984844
9.775132
10.326517
9.964310
9.838986
10.163670
10.099235
10.178939
10.016815
10.400144
10.495963
10.036747
10.119014
10.113800
10.143391
10.240387
10.206579
10.390472
10.461238
10.068773
10.070115
9.994887
10.505032
10.000255
10.355835
10.231868
9.942703
10.155599
9.670021
10.128592
10.142508
10.184583
9.881734
10.607833
10.117591
10.312526
10.229421
9.859175
10.331561
9.947378
9.877446
9.926122
10.020184
9.701815
9.667128
9.709980
9.846332
9.909795
9.771924
10.143595
10.384505
10.272959
10.018085
10.078727
10.019171
10.255266
10.147309
9.773165
10.551774
9.818817
10.267967
10.015871
9.853488
9.934844
10.211088
10.362638
9.997412
10.343231
10.079799
10.143711
10.302635
10.196682
10.027897
10.198334
10.261319
9.828996
10.127118
9.918065
10.212122
9.873071
9.650769
10.198225
9.707146
9.667558
9.514832
9.584676
10.526712
9.627069
10.153690
10.136687
9.729741
9.944380
9.832515
9.606295
9.811800
10.012363
10.266055
9.935451
9.880084
9.969748
10.064472
9.742912
10.273908
9.655092
10.215472
10.118080
9.794179
9.776590
9.958072
10.316791
9.689076
9.839807
10.011265
10.102348
9.986283
9.595936
9.769263
10.293425
9.736052
10.153262
9.937270
9.929869
9.857282
9.972383
9.788877
9.832498
10.152303
9.675537
9.798162
10.286470
9.797742
9.545446
9.494975
10.123315
9.733036
10.324093
10.182434
9.777946
10.324385
10.186212
9.794841
9.778811
9.743993
9.619245
9.937134
10.185839
9.631736
9.626935
9.770826
9.969325
10.291918
9.417398
10.380068
9.596188
9.895467
10.178057
9.687276
9.658176
10.071810
9.763721
9.962442
10.094450
9.759339
9.965019
9.926587
9.804562
10.120696
10.306767
9.971898
9.671300
10.006919
9.383669
9.881812
10.138456
9.996434
10.206212
9.785562
9.778290
9.885525
9.893681
9.682921
9.638621
9.740341
9.468537
10.224884
9.609303
9.705336
10.275972
10.070572
10.296170
10.037816
9.980501
10.043503
9.742258
9.888336
10.013091
9.963259
9.926235
9.781436
10.244015
9.621790
9.797468
9.821136
10.230560
9.671753
9.754490
10.208388
9.810668
10.040976
9.876472
9.726420
9.859988
9.896344
9.754414
9.297496
10.190451
9.908377
9.709563
9.755627
9.735852
10.136609
9.803035
9.740294
9.644257
9.710621
9.936791
9.470389
10.131944
10.120121
9.964117
9.919436
10.223269
9.860031
10.172668
9.814130
10.322250
9.912994
9.749413
10.401310
10.210775
9.943921
9.898210
9.889166
9.981676
9.844276
9.779738
9.568704
9.777325
10.072008
10.141319
10.369014
9.795214
9.629329
9.915082
10.089195
9.555014
9.444741
9.603005
9.394922
10.085223
9.787016
9.521675
9.596143
9.888436
10.044694
10.080774
9.949480
9.759049
9.533232
9.942410
9.503111
9.927810
9.674848
9.585667
9.848989
9.063328
9.848977
9.730897
9.752094
9.580735
9.713426
9.537539
9.809948
9.652882
9.936330
9.989420
9.706290
9.802680
9.674800
9.768856
9.820171
9.508103
9.361050
9.658241
9.749247
9.466651
9.589264
10.117931
9.584546
9.577830
9.787926
9.785270
9.599305
10.149703
9.548948
10.087294
9.780281
9.929101
9.730517
9.971771
9.400968
9.174531
9.840732
9.627281
9.603827
9.710309
9.306856
9.925332
9.514058
9.573503
9.467032
9.695810
9.857470
10.013577
9.663380
9.519189
9.858716
9.554750
10.035588
9.659960
9.555914
9.676944
10.075685
9.331204
9.182287
10.004350
10.146574
9.628832
9.653716
9.743510
9.573236
9.558374
9.488155
9.501672
9.958099
9.677867
9.388303
9.574577
9.369922
9.907894
9.554339
9.430978
9.749627
9.685829
9.763742
9.605192
9.980910
10.074316
9.624382
9.705646
9.699971
9.729113
9.824540
9.790300
9.971342
10.040707
9.656855
9.657636
9.585551
10.083648
9.588923
9.936870
9.816678
9.534005
9.741701
9.268204
9.714744
9.729225
9.770712
9.473750
10.185445
9.704628
9.895426
9.814548
9.451820
9.915921
9.537782
9.469282
9.517620
9.609749
9.298899
9.264092
9.305733
9.441163
9.500843
9.368560
9.730793
9.967128
9.856970
9.607681
9.667944
9.609304
9.839290
9.734530
9.368821
10.130145
9.412845
9.853116
9.606474
9.446858
9.525887
9.796826
9.945660
9.587886
9.926521
9.670389
9.731266
9.886151
9.783732
9.617299
9.784616
9.846044
9.424241
9.714513
9.511061
9.798306
9.466893
9.249410
9.783783
9.304385
9.264571
9.116323
9.184787
10.107384
9.225780
9.740117
9.725183
9.327123
9.536368
9.427464
9.205757
9.406809
9.604382
9.850876
9.527773
9.473483
9.561317
9.653532
9.341638
9.858441
9.253460
9.802064
9.705895
9.389595
9.372888
9.550178
9.901536
9.286637
9.434500
9.601642
9.691779
9.578082
9.196480
9.367028
9.878686
9.334788
9.742193
9.530760
9.522604
9.451994
9.564272
9.385880
9.427567
9.740082
9.275601
9.394705
9.871463
9.394598
9.146751
9.097965
9.713170
9.330632
9.908757
9.770761
9.374948
9.909741
9.774182
9.391747
9.375947
9.340710
9.219708
9.532059
9.773797
9.232401
9.227120
9.368180
9.562247
9.878135
9.021928
9.963777
9.198069
9.491135
9.767782
9.286303
9.258102
9.662781
9.360762
9.556805
9.684780
9.357884
9.558720
9.520563
9.401688
9.711206
9.892480
9.564458
9.270831
9.599516
8.990849
9.476617
9.727867
9.589763
9.795075
9.383101
9.376386
9.479365
9.489130
9.283057
9.239120
9.339134
9.072975
9.812791
9.210617
9.304688
9.863132
9.662477
9.883508
9.629545
9.574479
9.636715
9.340685
9.483533
9.605742
9.557115
9.521209
9.380920
9.832797
9.224508
9.396031
9.419261
9.819045
9.271990
9.352763
9.797940
9.408211
9.634796
9.472178
9.325279
9.457341
9.492949
9.352966
8.906100
9.780138
9.504788
9.309845
9.354778
9.334758
9.728395
9.401459
9.340076
9.246727
9.310233
9.532713
9.076177
9.724047
9.711887
9.559223
9.515234
9.813211
9.458019
9.763481
9.412672
9.910013
9.507853
9.349187
9.987280
9.801517
9.540155
9.494589
9.485608
9.576703
9.442125
9.378804
9.172804
9.377454
9.665103
9.732345
9.956340
9.394827
9.233104
9.511978
9.682987
9.159281
9.052765
9.205820
9.004542
9.678145
9.386047
9.127908
9.200493
9.485916
9.638646
9.674204
9.546060
9.359705
9.138545
9.538565
9.109109
9.525449
9.276963
9.189796
9.447330
8.678551
9.448764
9.332446
9.352801
9.184372
9.316167
9.143263
9.409395
9.256541
9.532715
9.585174
9.308684
9.402071
9.277849
9.369049
9.418743
9.115379
8.970531
9.260737
9.350342
9.073773
9.194942
9.713473
9.189931
9.183747
9.389359
9.387136
9.203326
9.742791
9.154587
9.682249
9.381214
9.526332
9.332441
9.568973
9.010435
8.788734
9.440500
9.231582
9.208819
9.313022
8.918560
9.523028
9.121062
9.179689
9.075486
9.299476
9.458132
9.609713
9.266555
9.126681
9.457487
9.162371
9.631742
9.264470
9.161877
9.282132
9.673070
8.944184
8.797581
9.601296
9.741181
9.233421
9.257851
9.346031
9.179087
9.165241
9.096835
9.109975
9.555722
9.281778
8.999990
9.181527
8.981773
9.506622
9.161528
9.040161
9.352826
9.289586
9.365811
9.210743
9.578971
9.670143
9.229169
9.309511
9.303418
9.332099
9.425980
9.391304
9.569524
9.637546
9.262161
9.262423
9.193419
9.679651
9.194842
9.535221
9.418802
9.142459
9.345035
8.883352
9.318142
9.333138
9.374079
9.082818
9.780567
9.308918
9.495594
9.416918
9.061547
9.517570
9.145285
9.078155
9.126245
9.216514
8.912965
8.878078
8.918443
9.053024
9.109058
8.982197
9.335199
9.566998
9.458230
9.214439
9.274301
9.216633
9.440573
9.338919
8.981441
9.725888
9.023884
9.455429
9.214134
9.057345
9.134121
9.399727
9.546113
9.195454
9.527115
9.278167
9.336014
9.486905
9.387984
9.223871
9.388079
9.448031
9.036475
9.319108
9.121168
9.401699
9.077805
8.864947
9.386492
8.918579
8.878579
8.734684
8.801763
9.705390
8.841398
9.343745
9.330808
8.941490
9.145385
9.039377
8.822167
9.018792
9.213494
9.452855
9.137109
9.083825
9.169937
9.259681
8.957212
9.460148
8.868712
9.405744
9.310762
9.001964
8.986186
9.159329
9.503469
8.901052
9.046178
9.209088
9.298210
9.186965
8.813847
8.981666
9.481116
8.950284
9.348184
9.141228
9.132368
9.063622
9.173122
8.999813
9.039576
9.345005
8.892540
9.008188
9.473612
9.008391
8.764921
8.717699
9.320084
8.945137
9.510606
9.376163
8.988873
9.512221
9.379197
9.005488
8.989941
8.954359
8.837013
9.143859
9.378869
8.849874
8.844131
8.982320
9.172132
9.481521
8.643129
9.564816
8.816791
9.103731
9.374547
8.902172
8.874908
9.270688
8.974730
9.168035
9.292168
8.973297
9.169357
9.131518
9.015719
9.318747
9.495288
9.173962
8.887152
9.209017
8.614671
9.088317
9.334287
9.200015
9.400943
8.997478
8.991282
9.090061
9.101410
8.900012
8.856384
8.954793
8.694039
9.417757
8.828702
8.920860
9.467376
9.271314
9.487877
9.238169
9.185382
9.246904
8.955967
9.095572
9.215358
9.167913
9.133039
8.997111
9.438555
8.843984
9.011392
9.034256
9.424569
8.888964
8.967825
9.404485
9.022500
9.245443
9.084745
8.940957
9.071508
9.106329
8.968334
8.531232
9.386827
9.118074
8.926880
8.970698
8.950444
9.337140
9.016685
8.956618
8.865919
8.926539
9.145481
8.698533
9.333022
9.320545
9.171176
9.127863
9.420096
9.072764
9.371193
9.027987
9.514740
9.119495
8.965675
9.590264
9.409206
9.153193
9.107778
9.098826
9.188512
9.056748
8.994610
8.793562
8.994296
9.275087
9.340302
9.560587
9.011162
8.853469
9.125728
9.293585
8.780209
8.677318
8.825303
8.630651
9.288006
9.001854
8.750751
8.821494
9.100132
9.249474
9.284451
9.159416
8.977042
8.760419
9.151434
8.731693
9.139852
8.895744
8.810539
9.062481
8.310075
9.065206
8.950649
8.970203
8.804626
8.935525
8.765597
9.025541
8.876808
9.145884
9.197682
8.927708
9.018154
8.897557
8.985820
9.033957
8.739137
8.596519
8.879858
8.968100
8.697411
8.817121
9.325833
8.811856
8.806187
9.007365
9.005589
8.823835
9.352656
8.776731
9.294001
8.998771
9.140302
8.951054
9.182866
8.636359
8.419283
9.056936
8.852459
8.830377
8.932256
8.546609
9.137447
8.744596
8.802359
8.700428
8.919693
9.075447
9.222608
8.886353
8.750669
9.072928
8.786531
9.244612
8.885558
8.784372
8.903861
9.287194
8.573546
8.429143
9.214997
9.352578
8.854561
8.878535
8.965128
8.801420
8.788596
8.721979
8.734741
9.170021
8.902270
8.628010
8.804946
8.610048
9.122037
8.785188
8.665690
8.972583
8.909904
8.984457
8.832798
9.193694
9.282625
8.850442
8.929878
8.923441
8.951643
9.044070
9.008931
9.184352
9.251094
8.883985
8.883668
8.817708
9.292291
8.817215
9.150281
9.037443
8.767306
8.964873
8.514798
8.938048
8.953569
8.993933
8.708305
9.392318
8.929676
9.112351
9.035865
8.687655
9.135734
8.769199
8.703413
8.751281
8.839706
8.543279
8.508301
8.547441
8.681208
8.733685
8.612091
8.956121
9.183502
9.076041
8.837625
8.897130
8.840365
9.058383
8.959712
8.610358
9.338225
8.651238
9.074343
8.838231
8.684167
8.758650
9.019191
9.162962
8.819423
9.144211
8.902287
8.957185
9.104209
9.008701
8.846831
9.008057
9.066525
8.665021
8.940081
8.747560
9.021543
8.704964
8.496739
9.005721
8.549036
8.508777
8.369215
8.434897
9.320003
8.473228
8.963802
8.952858
8.572073
8.770734
8.667575
8.454727
8.647058
8.838903
9.071353
8.762796
8.710496
8.794891
8.882198
8.588900
9.078352
8.500172
9.025904
8.932086
8.630578
8.615622
8.784787
9.121830
8.531722
8.674082
8.832885
8.921067
8.812132
8.447375
8.612481
9.099995
8.582040
8.970530
8.768005
8.758394
8.691562
8.798360
8.629919
8.667889
8.966289
8.525613
8.637826
9.092216
8.638369
8.399162
8.353505
8.943332
8.575821
9.128900
8.997904
8.618950
9.131129
9.000604
8.635499
8.620115
8.584173
8.470394
8.771922
9.000289
8.483462
8.477291
8.612679
8.798293
9.101241
8.280384
9.182195
8.451509
8.732531
8.997637
8.534179
8.507758
8.894906
8.604796
8.795540
8.915829
8.604795
8.796210
8.758661
8.645895
8.942554
9.114497
8.799749
8.519577
8.834741
8.254424
8.716222
8.957004
8.826497
9.023204
8.627978
8.622361
8.717000
8.729939
8.532991
8.489736
8.586562
8.331152
9.039058
8.462849
8.553115
9.087911
8.896406
9.108554
8.863088
8.812485
8.873307
8.587326
8.723797
8.841203
8.794939
8.761041
8.629457
9.060621
8.479398
8.642777
8.665298
9.046361
8.522008
8.598949
9.027295
8.652980
8.872331
8.713466
8.572701
8.701810
8.735869
8.599728
8.172253
9.009748
8.747437
8.560003
8.602717
8.582226
8.962129
8.647919
8.589206
8.501107
8.558940
8.774415
8.336827
8.958245
8.945421
8.799235
8.756584
9.043230
8.703607
8.995179
8.659350
9.135802
8.747323
8.598225
9.209567
9.033073
8.782350
8.737013
8.728138
8.816451
8.687409
8.626444
8.430232
8.627171
8.901219
8.964459
9.181140
8.643548
8.489778
8.755449
8.920334
8.417016
8.317711
8.460728
8.272574
8.914012
8.633697
8.389431
8.458392
8.730418
8.876405
8.910848
8.788820
8.610366
8.398200
8.780435
8.370083
8.770295
8.530523
8.447201
8.693583
7.957288
8.697706
8.584795
8.603532
8.440823
8.570714
8.403712
8.657669
8.513006
8.775084
8.826270
8.562628
8.650296
8.533173
8.618621
8.665205
8.378731
8.238281
8.514967
8.601778
8.336844
8.455154
8.954197
8.449616
8.444485
8.641365
8.640028
8.460307
8.978675
8.414754
8.921792
8.632325
8.770297
8.585547
8.812773
8.278061
8.065507
8.689327
8.489216
8.467773
8.567438
8.190407
8.767856
8.383941
8.440866
8.341167
8.555783
8.708690
8.851532
8.522023
8.390452
8.704351
8.426437
8.873496
8.522482
8.422626
8.541418
8.917301
8.218615
8.076324
8.844662
8.979975
8.491494
8.515054
8.600098
8.439557
8.427788
8.362852
8.375246
8.800239
8.538625
8.271707
8.444149
8.253931
8.753344
8.424619
8.307011
8.608188
8.546024
8.619003
8.470678
8.824448
8.911120
8.487603
8.566095
8.559264
8.587047
8.677981
8.642412
8.815175
8.880569
8.521521
8.520740
8.457728
8.921014
8.455385
8.781246
8.671935
8.407897
8.600547
8.161807
8.573774
8.589800
8.629619
8.349476
9.020088
8.566227
8.744989
8.670629
8.329437
8.769801
8.408872
8.344395
8.392042
8.478655
8.189186
8.154157
8.192081
8.325022
8.373994
8.257577
8.592810
8.815855
8.709658
8.476531
8.535703
8.479812
8.692050
8.596375
8.254910
8.966564
8.294272
8.709063
8.477994
8.326616
8.398914
8.654425
8.795793
8.459077
8.777188
8.542108
8.594132
8.737385
8.645168
8.485523
8.643810
8.700796
8.309172
8.576857
8.389626
8.657150
8.347772
8.144056
8.640730
8.195019
8.154568
8.019200
8.083495
8.950459
8.120561
8.599590
8.590626
8.218170
8.411762
8.311378
8.102800
8.290943
8.479993
8.705655
8.404112
8.352818
8.435545
8.520429
8.236232
8.712338
8.147169
8.661802
8.569135
8.274767
8.260670
8.425903
8.755990
8.177902
8.317618
8.472349
8.559608
8.452950
8.096377
8.258825
8.734621
8.229265
8.608591
8.410356
8.400068
8.335039
8.439168
8.275589
8.311720
8.603298
8.174134
8.283052
8.726565
8.283866
8.048841
8.004714
8.582264
8.221996
8.762928
8.635385
8.264551
8.765770
8.637679
8.280975
8.265820
8.229495
8.119250
8.415575
8.637383
8.132432
8.125879
8.258536
8.440034
8.736726
7.932965
8.815393
8.101657
8.376861
8.636382
8.181626
8.156041
8.534748
8.250382
8.438592
8.555068
8.251765
8.438629
8.401381
8.291526
8.582011
8.749440
8.441081
8.167454
8.476066
7.909482
8.359612
8.595356
8.468528
8.660995
8.273925
8.268851
8.359459
8.373950
8.181389
8.138488
8.233726
7.983558
8.675996
8.112374
8.200790
8.724135
8.537057
8.744927
8.503530
8.455123
8.515241
8.234145
8.367512
8.482550
8.437442
8.404588
8.277141
8.698361
8.130208
8.289639
8.311782
8.683772
8.170398
8.245531
8.665733
8.298875
8.514733
8.357630
8.219850
8.347551
8.380862
8.246559
7.828462
8.648285
8.392255
8.208433
8.250117
8.229401
8.602640
8.294672
8.237191
8.151626
8.206702
8.418754
7.990371
8.599012
8.585837
8.442784
8.400799
8.681912
8.349850
8.634638
8.306128
8.772483
8.390595
8.246149
8.844522
8.672488
8.426948
8.381693
8.372871
8.459893
8.333527
8.273675
8.082183
8.275383
8.542830
8.604148
8.817277
8.291281
8.141362
8.400661
8.562588
8.069117
7.973269
8.111477
7.929644
8.555476
8.280884
8.043354
8.110576
8.376086
8.518803
8.552695
8.433677
8.259044
8.051216
8.424829
8.023711
8.416148
8.180553
8.099119
8.340079
7.619528
8.345488
8.234253
8.252211
8.092246
8.221240
8.057114
8.305088
8.164429
8.419691
8.470282
8.212878
8.297696
8.184025
8.266699
8.311840
8.033472
7.895153
8.165274
8.250744
7.991484
8.108405
8.597985
8.102597
8.097985
8.290627
8.289715
8.111978
8.620161
8.067959
8.564992
8.281143
8.415656
8.235291
8.458086
7.934858
7.726741
8.337013
8.141156
8.120367
8.217845
7.849242
8.413584
8.038409
8.094554
7.997002
8.207097
8.357214
8.495813
8.172890
8.045328
8.351084
8.081473
8.517772
8.174618
8.076078
8.194165
8.562724
7.878656
7.738492
8.489681
8.622781
8.143650
8.166744
8.250296
8.092885
8.082066
8.018839
8.030859
8.445812
8.190131
7.930434
8.098482
7.912890
8.399966
8.079152
7.963386
8.259011
8.197361
8.268783
8.123697
8.470432
8.554939
8.139869
8.217485
8.210276
8.237612
8.327140
8.291165
8.461213
8.525380
8.174250
8.172988
8.112847
8.564976
8.108662
8.427469
8.321671
8.063556
8.251389
7.823747
8.224675
8.241181
8.280503
8.005726
8.663182
8.217914
8.392847
8.320573
7.986262
8.419056
8.063649
8.000424
8.047839
8.132671
7.850049
7.814952
7.851700
7.983829
8.029370
7.918026
8.244609
8.463414
8.358530
8.130531
8.189332
8.134307
8.340913
8.248143
7.914371
8.610202
7.952269
8.358917
8.132830
7.984049
8.054225
8.304791
8.443763
8.113814
8.425342
8.196981
8.246193
8.385684
8.296748
8.139306
8.294674
8.350255
7.968230
8.228720
8.046666
8.307912
8.005557
7.806238
8.290854
7.855894
7.815254
7.683999
7.746996
8.596216
7.782743
8.250551
8.243484
7.879182
8.067753
7.970106
7.765692
7.949743
8.136098
8.355074
8.060417
8.010093
8.091146
8.173717
7.898374
8.361480
7.809002
8.312818
8.221235
7.933875
7.920583
8.081953
8.405269
7.838962
7.976057
8.126813
8.213165
8.108748
7.760180
7.920068
8.384386
7.891343
8.261699
8.067634
8.056696
7.993437
8.094977
7.936087
7.970469
8.255383
7.837468
7.943136
8.376062
7.944241
7.713302
7.670656
8.236163
7.883025
8.412075
8.287858
7.925017
8.415508
8.289819
7.941316
7.926378
7.889700
7.782866
8.074048
8.289508
7.796216
7.789232
7.919200
8.096716
8.387265
7.600246
8.463663
7.766567
8.036040
8.290069
7.843887
7.819136
8.189534
7.910807
8.096490
8.209329
7.913551
8.095955
8.058961
7.952054
8.236424
8.399404
8.097352
7.830111
8.132326
7.579166
8.017939
8.248701
8.125484
8.313857
7.934707
7.930209
8.016814
8.032814
7.844555
7.801999
7.895718
7.650634
8.327952
7.776625
7.863239
8.375396
8.192675
8.396299
8.158926
8.112608
8.172055
7.895744
8.026094
8.138824
8.094833
8.062930
7.939625
8.351052
7.795703
7.951253
7.973064
8.336169
7.833532
7.906893
8.319074
7.959522
8.172005
8.016646
7.881754
8.008091
8.040637
7.908139
7.499253
8.301747
8.051867
7.871615
7.912261
7.891333
8.258031
7.956114
7.899917
7.816794
7.869228
8.077921
7.658520
8.254627
8.241165
8.101131
8.059816
8.335512
8.010856
8.289083
7.967646
8.424078
8.048737
7.908780
8.494464
8.326835
8.086319
8.041193
8.032408
8.118089
7.994348
7.935644
7.748773
7.938303
8.199281
8.258740
8.468437
7.953708
7.807568
8.060603
8.219619
7.735836
7.643405
7.776812
7.601243
8.211791
7.942794
7.711849
7.777342
8.036510
8.176009
8.209385
8.093274
7.922357
7.718821
8.084007
7.691938
8.076703
7.845226
7.765622
8.001312
7.296178
8.007952
7.898344
7.915553
7.758273
7.886433
7.725046
7.967228
7.830461
8.079047
8.129020
7.877732
7.959815
7.849498
7.929474
7.973151
7.702768
7.566529
7.830184
7.914374
7.660638
7.776220
8.256531
7.770109
7.766006
7.954518
7.954025
7.778220
8.276390
7.735708
8.222949
7.944601
8.075727
7.899670
8.118054
7.606119
7.402349
7.999367
7.807659
7.787507
7.882873
7.522503
8.074039
7.707419
7.762747
7.667327
7.872997
8.020357
8.154806
7.838342
7.714760
8.012463
7.751013
8.176751
7.841292
7.744060
7.861394
8.222834
7.553081
7.414986
8.149352
8.280313
7.810312
7.832998
7.915094
7.760679
7.750842
7.689291
7.700926
8.106046
7.856197
7.603595
7.767307
7.586215
8.061246
7.748191
7.634193
7.924384
7.863224
7.933102
7.791221
8.131101
8.213493
7.806692
7.883421
7.875825
7.902749
7.990859
7.954464
8.121957
8.184876
7.841480
7.839732
7.782429
8.223661
7.776451
8.088344
7.985940
7.733648
7.916769
7.500021
7.890105
7.907103
7.945903
7.676407
8.320991
7.884167
8.055334
7.985078
7.657476
8.082853
7.732814
7.670865
7.718067
7.801152
7.525247
7.490038
7.525641
7.656985
7.699146
7.592795
7.910915
8.125587
8.021931
7.798986
7.857453
7.803245
8.004324
7.914406
7.588173
8.268489
7.624625
8.023299
7.802088
7.655889
7.723957
7.969686
8.106337
7.782963
8.088053
7.866259
7.912723
8.048584
7.962855
7.807514
7.960051
8.014223
7.641646
7.895071
7.718075
7.973165
7.677702
7.482670
7.955524
7.531086
7.490253
7.362988
7.424686
8.256514
7.459190
7.915966
7.910760
7.554454
7.738140
7.643146
7.442837
7.622868
7.806543
8.018998
7.731092
7.681693
7.761154
7.841453
7.574700
8.025110
7.485068
7.978267
7.887795
7.607297
7.594805
7.752406
8.069062
7.514264
7.648797
7.795695
7.881155
7.778931
7.438146
7.595531
8.048594
7.567631
7.929195
7.739254
7.727661
7.666151
7.765120
7.610838
7.643505
7.921855
7.514973
7.617458
8.039994
7.618863
7.391911
7.350738
7.904468
7.558299
8.075706
7.954740
7.599719
8.079697
7.956371
7.615891
7.601173
7.564131
7.460688
7.746830
7.956077
7.474152
7.466756
7.594145
7.767698
8.052228
7.281614
8.126439
7.445608
7.709478
7.958162
7.520349
7.496404
7.858675
7.585464
7.768669
7.877922
7.589530
7.767559
7.730828
7.626743
7.905163
8.063810
7.767907
7.506946
7.802871
7.262857
7.690481
7.916379
7.796700
7.981036
7.609709
7.605721
7.688450
7.705926
7.521863
7.479665
7.571844
7.331782
7.994288
7.454998
7.539836
8.041030
7.862528
8.062054
7.828628
7.784364
7.843133
7.571504
7.698889
7.809391
7.766491
7.735527
7.616265
8.018083
7.475266
7.627030
7.648523
8.002939
7.510828
7.582419
7.986772
7.634389
7.843511
7.689868
7.557810
7.682790
7.714627
7.583907
7.184016
7.969538
7.725711
7.548919
7.588544
7.567393
7.927746
7.631703
7.576723
7.496068
7.545854
7.751297
7.340693
7.924526
7.910740
7.773715
7.733004
8.003442
7.686014
7.957763
7.643307
8.090039
7.721039
7.585539
8.158777
7.995459
7.759872
7.714864
7.706101
7.790523
7.669343
7.611705
7.429346
7.615326
7.870008
7.927556
8.133888
7.630239
7.487804
7.734671
7.890887
7.416539
7.327451
7.456231
7.286761
7.882309
7.618830
7.394283
7.458096
7.711053
7.847436
7.880292
7.767050
7.599754
7.400374
7.757331
7.374092
7.751407
7.523919
7.446152
7.676613
6.986587
7.684527
7.576513
7.592965
7.438321
7.565605
7.406956
7.643468
7.510490
7.752512
7.801937
7.556607
7.636005
7.528982
7.606324
7.648517
7.385982
7.251769
7.509145
7.592048
7.343713
7.457970
7.929209
7.451608
7.447991
7.632432
7.632354
7.458447
7.946838
7.417417
7.895066
7.622085
7.749883
7.578067
7.792174
7.291263
7.091730
7.675755
7.488181
7.468585
7.561854
7.209591
7.748559
7.390314
7.444882
7.351509
7.552861
7.697512
7.827940
7.517776
7.398061
7.687931
7.434431
7.849828
7.521910
7.425951
7.542631
7.897033
7.241293
7.105213
7.823153
7.952004
7.490938
7.513203
7.593842
7.442406
7.433505
7.373582
7.384861
7.780354
7.536202
7.290510
7.450021
7.273330
7.736540
7.431066
7.318845
7.603713
7.543048
7.611419
7.472645
7.805799
7.886126
7.487441
7.563293
7.555331
7.581844
7.668570
7.631789
7.796741
7.858396
7.522589
7.520386
7.465836
7.896397
7.458092
7.763246
7.664176
7.417592
7.596095
7.189954
7.569491
7.586933
7.625234
7.360870
7.992886
7.564285
7.731791
7.663508
7.342518
7.760616
7.415867
7.355127
7.402108
7.483501
7.214123
7.178877
7.213339
7.343892
7.382787
7.281279
7.591105
7.801724
7.699285
7.481269
7.539410
7.486045
7.681679
7.594566
7.275737
7.940864
7.310759
7.701628
7.485192
7.341466
7.407489
7.648498
7.782828
7.465931
7.764728
7.549433
7.593140
7.725414
7.642783
7.489540
7.639331
7.692133
7.328773
7.575295
7.403238
7.652308
7.363591
7.172733
7.634078
7.219939
7.178906
7.055581
7.116006
7.930822
7.149289
7.595268
7.591897
7.243410
7.422319
7.329903
7.133586
7.309690
7.490759
7.696844
7.415517
7.367009
7.444934
7.522981
7.264736
7.702651
7.174802
7.657582
7.568182
7.294391
7.282696
7.436575
7.746755
7.203247
7.335263
7.478361
7.562903
7.462833
7.129736
7.284639
7.726728
7.257569
7.610505
7.424603
7.412368
7.352578
7.449042
7.299265
7.330227
7.602144
7.206084
7.305452
7.717810
7.307117
7.084109
7.044369
7.586560
7.247198
7.753210
7.635445
7.288078
7.757778
7.636747
7.304121
7.289588
7.252202
7.152024
7.433311
7.636429
7.165650
7.157867
7.282692
7.452386
7.731019
6.976478
7.803082
7.138170
7.396566
7.640021
7.210373
7.187236
7.541556
7.273752
7.454542
7.560293
7.279113
7.452886
7.416391
7.315101
7.587661
7.742057
7.452184
7.197333
7.487127
6.959991
7.376703
7.597857
7.481616
7.661998
7.298290
7.294814
7.373747
7.392655
7.212737
7.170832
7.261585
7.026402
7.674382
7.146889
7.229990
7.720455
7.546099
7.741601
7.512048
7.469775
7.527909
7.260835
7.385332
7.493599
7.451776
7.421753
7.306419
7.698864
7.168339
7.316372
7.337536
7.683442
7.201646
7.271497
7.668224
7.322838
7.528641
7.376703
7.247447
7.371062
7.402197
7.273196
6.882115
7.651050
7.413139
7.239738
7.278379
7.256984
7.611039
7.320862
7.267101
7.188826
7.236026
7.438257
7.036266
7.608079
7.593991
7.459872
7.419792
7.685082
7.374738
7.640156
7.332512
7.769747
7.406952
7.275793
7.836888
7.677753
7.447017
7.402102
7.393388
7.476548
7.357868
7.301327
7.123400
7.305858
7.554341
7.610067
7.813083
7.320300
7.181475
7.422338
7.575770
7.110665
7.024853
7.149070
6.985552
7.566467
7.308345
7.090135
7.152283
7.399148
7.532430
7.564810
7.454329
7.290636
7.095349
7.444201
7.069637
7.439618
7.216107
7.140055
7.365462
6.690169
7.374586
7.268110
7.283829
7.131773
7.258245
7.102232
7.333196
7.203955
7.439554
7.488398
7.248913
7.325697
7.221899
7.296614
7.337409
7.082527
6.950289
7.201514
7.283161
7.040133
7.153070
7.615436
7.146470
7.143331
7.323800
7.324090
7.152086
7.630873
7.112474
7.580744
7.313011
7.437569
7.269873
7.479775
6.989682
6.794278
7.365606
7.182037
7.163054
7.254279
6.909903
7.436600
7.086540
7.140343
7.049002
7.246105
7.388133
7.514569
7.210613
7.094686
7.376862
7.131159
7.536409
7.215899
7.121171
7.237134
7.584717
6.942667
6.808578
7.510447
7.637194
7.184917
7.206772
7.285973
7.137472
7.129491
7.071159
7.082067
7.468149
7.229590
6.990651
7.146006
6.973666
7.425301
7.127273
7.016734
7.296392
7.236228
7.303128
7.167395
7.493979
7.572275
7.181489
7.256522
7.248182
7.274312
7.359675
7.322483
7.484959
7.545427
7.217057
7.214358
7.162529
7.582663
7.153050
7.451597
7.355770
7.114766
7.288768
6.893073
7.262208
7.280080
7.317917
7.058589
7.678286
7.257751
7.421652
7.355296
7.040769
7.451725
7.112154
7.052646
7.099402
7.179128
6.916161
6.880826
6.914160
7.043962
7.079650
6.982887
7.284626
7.491255
7.390027
7.176831
7.234636
7.182069
7.372415
7.288010
6.976450
7.626692
7.010073
7.393314
7.181517
7.040242
7.104249
7.340643
7.472708
7.162149
7.454751
7.245747
7.286853
7.415634
7.336035
7.184838
7.331920
7.383380
7.029063
7.268807
7.101626
7.344783
7.062608
6.875927
7.325951
6.921888
6.880688
6.761199
6.820382
7.618526
6.852456
7.287885
7.286274
6.945485
7.119679
7.029817
6.837420
7.009662
7.188169
7.388014
7.113111
7.065557
7.141892
7.217747
6.967794
7.393507
6.877577
7.350207
7.261843
6.994629
6.983684
7.133983
7.437767
6.905312
7.034834
7.174236
7.257922
7.159942
6.834360
6.986825
7.418162
6.960532
7.305098
7.123108
7.110201
7.052073
7.146150
7.000767
7.030087
7.295723
6.910252
7.006533
7.408937
7.008496
6.789299
6.750925
7.281841
6.949140
7.444027
7.329394
6.989503
7.449146
7.330329
7.005419
6.991086
6.953373
6.856417
7.132859
7.330009
6.870146
6.861989
6.984297
7.150224
7.423098
6.684270
7.493056
6.843701
7.096789
7.335065
6.913460
6.891061
7.237619
6.975074
7.153552
7.255823
6.981714
7.151286
7.115053
7.016463
7.283330
7.433590
7.149613
6.900724
7.184482
6.669970
7.076021
7.292501
7.179626
7.356191
6.999906
6.996922
7.072180
7.092477
6.916618
6.875010
6.964330
6.733909
7.367720
6.851755
6.933176
7.413119
7.242821
7.434360
7.208577
7.168285
7.225788
6.963184
7.084847
7.190946
7.150192
7.121053
7.009590
7.392819
6.874296
7.018725
7.039561
7.377133
6.905392
6.973588
7.362833
7.024282
7.226901
7.076590
6.950030
7.072368
7.102797
6.975526
6.593065
7.345721
7.113563
6.943531
6.981173
6.959559
7.307570
7.023014
6.970416
6.894464
6.939149
7.138264
6.744681
7.304739
7.290348
7.159098
7.119643
7.379843
7.076429
7.335672
7.034656
7.462626
7.105930
6.978991
7.528185
7.373173
7.147172
7.102327
7.093674
7.175620
7.059381
7.003901
6.830262
7.009306
7.251739
7.305710
7.505475
7.023284
6.887999
7.122969
7.273710
6.817668
6.735062
6.854805
6.697128
7.263716
7.010840
6.798776
6.859324
7.100227
7.230502
7.262361
7.154625
6.994426
6.803127
7.144091
6.778011
7.140830
6.921154
6.846839
7.067260
6.406421
7.077563
6.972612
6.987589
6.838080
6.963742
6.810308
7.035824
6.910231
7.139584
7.187871
6.954082
7.028301
6.927660
6.999840
7.039264
6.791865
6.661579
6.906770
6.987162
6.749320
6.861035
7.314663
6.854147
6.851461
7.028042
7.028743
6.858523
7.327952
6.820332
7.279383
7.016831
7.138191
6.974580
7.180330
6.700804
6.509485
7.068377
6.888731
6.870311
6.959536
6.622898
7.137575
6.795519
6.848595
6.759230
6.952180
7.091629
7.214182
6.916250
6.804025
7.078697
6.840633
7.235973
6.922685
6.829163
6.944505
7.285289
6.656729
6.524562
7.210670
7.335410
6.891670
6.913125
6.990962
6.845323
6.838229
6.781429
6.792005
7.168868
6.935767
6.703464
6.854770
6.686656
7.126980
6.836216
6.727368
7.001917
6.942214
7.007663
6.874915
7.195058
7.271354
6.888339
6.962516
6.953847
6.979548
7.063631
7.026054
7.186084
7.245389
6.924253
6.921131
6.871934
7.281852
6.860779
7.152849
7.060210
6.824648
6.994246
6.608685
6.967706
6.986042
7.023395
6.769005
7.376586
6.963996
7.124384
7.059916
6.751693
7.155747
6.821153
6.762841
6.809367
6.887468
6.630788
6.595368
6.627648
6.756701
6.789225
6.697118
6.990922
7.193657
7.093573
6.885134
6.942598
6.890826
7.075958
6.994232
6.689766
7.325443
6.722010
7.097768
6.890549
6.751657
6.813705
7.045574
7.175443
6.871043
7.157637
6.954752
6.993307
7.118647
7.042069
6.892855
7.037275
7.087397
6.741948
6.975046
6.812613
7.050007
6.774283
6.591622
7.030609
6.636418
6.595011
6.479310
6.537268
7.319092
6.568176
6.993229
6.993384
6.660090
6.829684
6.742336
6.553745
6.722239
6.898217
7.091960
6.823376
6.776687
6.851513
6.925215
6.683428
7.097166
6.592906
7.055575
6.968225
6.707438
6.697245
6.843984
7.141529
6.619856
6.747007
6.882785
6.965600
6.869676
6.551424
6.701524
7.122330
6.676043
7.012331
6.834223
6.820696
6.764192
6.855846
6.714792
6.742486
7.001983
6.626810
6.720166
7.112791
6.722374
6.506925
6.469944
6.989797
6.663627
7.147606
7.036004
6.703447
7.153238
7.036650
6.719262
6.705106
6.667035
6.573233
6.844985
7.036284
6.587131
6.578578
6.698401
6.860649
7.127889
6.404440
7.195771
6.561672
6.809486
7.042765
6.628965
6.607379
6.946320
6.688920
6.865079
6.963976
6.696785
6.862280
6.826272
6.730375
6.991640
7.137816
6.859610
6.616584
6.894465
6.392257
6.787866
6.999782
6.890250
7.062985
6.714026
6.711553
6.783129
6.804804
6.632899
6.591616
6.679502
6.453801
7.073696
6.569034
6.648780
7.118438
6.952115
7.139784
6.917683
6.879353
6.936209
6.678017
6.796885
6.900839
6.861112
6.832881
6.725219
7.099446
6.592688
6.733530
6.754053
7.083470
6.621621
6.688131
7.070063
6.738191
6.937670
6.788954
6.665054
6.786148
6.815874
6.690303
6.316259
7.053010
6.826524
6.659736
6.696393
6.674620
7.016569
6.737615
6.686175
6.612484
6.654732
6.850737
6.465423
7.013972
6.999272
6.870844
6.831951
7.087211
6.790575
7.043760
6.749283
7.168160
6.817411
6.694624
7.232150
7.081157
6.859800
6.815061
6.806441
6.887179
6.773326
6.718877
6.549505
6.725180
6.961681
7.013913
7.210505
6.738700
6.606887
6.836085
6.984156
6.536967
6.457523
6.572863
6.420911
6.973460
6.725728
6.519695
6.578639
6.813728
6.941081
6.972442
6.867383
6.710608
6.523229
6.856429
6.498656
6.854443
6.638546
6.565921
6.781441
6.134789
6.792940
6.689481
6.703723
6.556713
6.681496
6.530693
6.750881
6.628845
6.852038
6.899778
6.671584
6.743302
6.645742
6.715438
6.753496
6.513441
6.385036
6.624324
6.703536
6.470779
6.581205
7.026379
6.574092
6.571852
6.744642
6.745730
6.577287
7.037505
6.540446
6.990526
6.733001
6.851244
6.691563
6.893306
6.424118
6.236801
6.783494
6.607700
6.589844
6.677066
6.348046
6.850926
6.516723
6.569077
6.481657
6.670530
6.807463
6.926216
6.634187
6.525609
6.792909
6.562313
6.947933
6.641717
6.549428
6.664074
6.998280
6.382895
6.252608
6.923307
7.046023
6.610704
6.631771
6.708250
6.565391
6.559160
6.503901
6.514150
6.881958
6.654215
6.428377
6.575746
6.411741
6.841009
6.557354
6.450146
6.719664
6.660472
6.724489
6.594649
6.908512
6.982850
6.607434
6.680804
6.671795
6.697102
6.779898
6.741923
6.899546
6.957716
6.643714
6.640098
6.593524
6.993430
6.580697
6.866437
6.776903
6.546712
6.711971
6.336421
6.685479
6.704277
6.741103
6.491557
7.087359
6.682450
6.839390
6.776803
6.474753
6.871982
6.542345
6.485170
6.531484
6.608001
6.357450
6.321944
6.353195
6.481496
6.510943
6.423389
6.709421
6.908353
6.809404
6.605586
6.662745
6.611717
6.791805
6.712687
6.415123
7.036569
6.446038
6.814476
6.611721
6.475189
6.535301
6.762715
6.890434
6.592119
6.872764
6.675972
6.711943
6.833975
6.760301
6.613027
6.754865
6.803695
6.466881
6.693514
6.535732
6.767465
6.498065
6.319356
6.747500
6.362959
6.321376
6.209360
6.266136
7.031977
6.295884
6.710810
6.712672
6.386698
6.551805
6.466894
6.282070
6.446855
6.620394
6.808122
6.545756
6.499929
6.573290
6.644866
6.410993
6.813053
6.320219
6.773121
6.686771
6.432296
6.422857
6.566083
6.857554
6.346464
6.471249
6.603433
6.685442
6.591544
6.280457
6.428244
6.838737
6.403444
6.731716
6.557372
6.543262
6.488366
6.577680
6.440854
6.466952
6.720444
6.355436
6.445792
6.828909
6.448256
6.236487
6.200816
6.709900
6.390101
6.863400
6.754802
6.429411
6.869550
6.755082
6.445079
6.431116
6.392730
6.302020
6.569165
6.754729
6.316025
6.307096
6.424503
6.583147
6.844868
6.136477
6.910711
6.291551
6.534219
6.762579
6.356474
6.335616
6.667093
6.414773
6.588643
6.684267
6.423826
6.585298
6.549541
6.456252
6.712032
6.854226
6.581651
6.344379
6.616490
6.126379
6.511713
6.719204
6.612875
6.781938
6.440138
6.438111
6.506138
6.529163
6.361114
6.320118
6.406651
6.185517
6.791831
6.298202
6.376348
6.835906
6.673500
6.857389
6.638890
6.602418
6.658661
6.404749
6.520896
6.622795
6.584105
6.556702
6.452732
6.818171
6.322900
6.460269
6.480492
6.801917
6.349717
6.414643
6.789347
6.464104
6.660470
6.513331
6.392042
6.511851
6.540948
6.416964
6.051186
6.772395
6.551392
6.387811
6.423595
6.401555
6.737659
6.464125
6.413807
6.342349
6.382175
6.575191
6.197968
6.735241
6.720232
6.594522
6.556231
6.806656
6.516635
6.763900
6.475771
6.885773
6.540866
6.422146
6.948276
6.801212
6.584382
6.539726
6.531161
6.610710
6.499195
6.445753
6.280546
6.452930
6.683614
6.734159
6.927610
6.465996
6.337536
6.561121
6.706599
6.268104
6.191684
6.302764
6.156403
6.695192
6.452507
6.252388
6.309800
6.539131
6.663622
6.694530
6.592066
6.438638
6.255086
6.580722
6.231045
6.579970
6.367776
6.296791
6.507546
5.874746
6.520162
6.418148
6.431719
6.287154
6.411147
6.262828
6.477781
6.359272
6.576436
6.623646
6.400919
6.470170
6.375634
6.442876
6.479616
6.246706
6.120211
6.353718
6.431701
6.203926
6.313107
6.749954
6.305804
6.304012
6.473068
6.474489
6.307810
6.759058
6.272329
6.713572
6.460988
6.576179
6.420398
6.618176
6.159142
5.975705
6.510476
6.338405
6.321121
6.406463
6.084805
6.576180
6.249672
6.301307
6.215774
6.400664
6.535120
6.650114
6.363937
6.258891
6.518995
6.295704
6.671820
6.372527
6.281378
6.395434
6.723133
6.120656
5.992243
6.647818
6.768591
6.341488
6.362173
6.437321
6.297192
6.291820
6.238033
6.247944
6.606923
6.384415
6.164952
6.308398
6.148474
6.566880
6.290192
6.184594
6.449228
6.390478
6.453093
6.326149
6.633791
6.706260
6.338232
6.410818
6.401476
6.426411
6.507931
6.469587
6.624892
6.681930
6.374865
6.370833
6.326754
6.716903
6.312341
6.591872
6.505385
6.280425
6.441468
6.075671
6.415002
6.434198
6.470589
6.225780
6.809987
6.412699
6.566226
6.505450
6.209472
6.599970
6.275197
6.219155
6.265270
6.340195
6.095668
6.060121
6.090288
6.217889
6.244304
6.161226
6.439663
6.634830
6.537016
6.337739
6.394555
6.344296
6.519392
6.442822
6.152100
6.759552
6.181675
6.542946
6.344572
6.210317
6.268543
6.491628
6.617227
6.324830
6.599713
6.408773
6.442318
6.561009
6.490217
6.344862
6.484140
6.531745
6.203385
6.423676
6.270443
6.496631
6.233432
6.058567
6.476111
6.101030
6.059264
5.950863
6.006466
6.756680
6.035080
6.440105
6.443619
6.124819
6.285552
6.203031
6.021889
6.183050
6.354175
6.536021
6.279695
6.234726
6.306659
6.376165
6.150130
6.540682
6.059012
6.502398
6.417046
6.168682
6.159971
6.299811
6.585310
6.084532
6.207040
6.335745
6.416931
6.325010
6.020949
6.166464
6.566827
6.142430
6.462771
6.292129
6.277388
6.224083
6.311076
6.178395
6.202929
6.450543
6.095431
6.182934
6.556710
6.185668
5.977488
5.943135
6.441605
6.128081
6.590896
6.485214
6.166842
6.597542
6.485207
6.182396
6.168647
6.129929
6.042214
6.304826
6.484802
6.056327
6.047037
6.162095
6.317202
6.573529
5.879845
6.637385
6.032850
6.270482
6.493997
6.095423
6.075298
6.399466
6.152098
6.323734
6.416146
6.162333
6.319874
6.284346
6.193604
6.444006
6.582308
6.315269
6.083626
6.350114
5.871784
6.247117
6.450218
6.347037
6.512516
6.177700
6.176126
6.240660
6.265004
6.100730
6.060065
6.145244
5.928593
6.521582
6.038771
6.115319
6.565006
6.406421
6.586586
6.371642
6.337015
6.392675
6.142941
6.256455
6.356290
6.318568
6.292057
6.191685
6.548475
6.064514
6.198463
6.218353
6.531945
6.089234
6.152582
6.520248
6.201415
6.394791
6.249187
6.130433
6.249042
6.277460
6.155088
5.797371
6.503333
6.287782
6.127298
6.162160
6.139943
6.470248
6.202082
6.152874
6.083565
6.121057
6.311118
5.941783
6.468044
6.452745
6.329724
6.291990
6.537659
6.254146
6.495605
6.213758
6.614998
6.275792
6.161054
6.676009
6.532819
6.320438
6.275866
6.267309
6.345700
6.236516
6.184056
6.022864
6.192035
6.417058
6.465919
6.656358
6.204687
6.079547
6.297602
6.440528
6.010537
5.937100
6.043993
5.903088
6.428443
6.190686
5.996352
6.052238
6.275981
6.397643
6.428075
6.328198
6.178057
5.998240
6.316439
5.974744
6.316923
6.108326
6.038941
6.245035
5.625830
6.258770
6.158185
6.171096
6.028845
6.152081
6.006198
6.216059
6.100966
6.312266
6.358939
6.141573
6.208422
6.116831
6.181692
6.217142
5.991266
5.866566
6.094397
6.171276
5.948311
6.056350
6.485023
6.048768
6.047410
6.212808
6.214618
6.049624
6.492058
6.015463
6.448093
6.200330
6.312523
6.160517
6.354442
5.905332
5.725713
6.248827
6.080413
6.063685
6.147136
5.832730
6.312809
5.993821
6.044730
5.961086
6.142074
6.274119
6.385475
6.104953
6.003390
6.256422
6.040280
6.407113
6.114593
6.024590
6.137971
6.459369
5.869524
5.742924
6.383730
6.502600
6.083529
6.103819
6.177657
6.040196
6.035711
5.983360
5.992954
6.343271
6.125909
5.912612
6.052291
5.896318
6.304086
6.034249
5.930208
6.190053
6.131726
6.193007
6.068848
6.370479
6.441031
6.080313
6.152114
6.142403
6.166995
6.247257
6.208554
6.361570
6.417501
6.117270
6.112819
6.071229
6.451756
6.055201
6.328658
6.245164
6.025312
6.182215
5.825993
6.155796
6.175426
6.211329
5.971117
6.544028
6.154130
6.304377
6.245364
5.955303
6.339262
6.019256
5.964293
6.010216
6.083599
5.844965
5.809350
5.838479
5.965391
5.988846
5.910110
6.181096
6.372646
6.275923
6.081054
6.137578
6.088057
6.258283
6.184206
5.900115
6.493936
5.928415
6.282675
6.088568
5.956563
6.012953
6.231780
6.355288
6.068699
6.337908
6.152838
6.183898
6.299360
6.231383
6.087899
6.224658
6.271039
5.950983
6.165046
6.016277
6.237044
5.979893
5.808812
6.215970
5.850136
5.808218
5.703331
5.757799
6.492694
5.785311
6.180614
6.185771
5.874017
6.030420
5.950220
5.772678
5.930284
6.099087
6.275186
6.024784
5.980623
6.051128
6.118658
5.900158
6.279559
5.808847
6.242884
6.158471
5.916161
5.908140
6.044638
6.324310
5.833695
5.953887
6.079190
6.159594
6.069571
5.772396
5.915677
6.306185
5.892338
6.204969
6.037959
6.022646
5.970844
6.055593
5.926983
5.950006
6.191798
5.846422
5.931114
6.295732
5.934089
5.729438
5.696355
6.184428
5.877055
6.329637
6.226819
5.915313
6.336776
6.226474
5.930753
5.917144
5.878123
5.793371
6.051596
6.226047
5.807612
5.797939
5.910729
6.062332
6.313370
5.634144
6.375295
5.785035
6.017739
6.236575
5.845332
5.825912
6.142970
5.900408
6.069900
6.159101
5.911814
6.065517
6.030214
5.941959
6.187140
6.321610
6.059987
5.833827
6.094760
5.628036
5.993538
6.192352
6.092310
6.254230
5.926237
5.925117
5.986261
6.011903
5.851326
5.810947
5.894758
5.682553
6.262459
5.790277
5.865234
6.305307
6.150423
6.326962
6.115474
6.082671
6.137735
5.892122
6.003011
6.100852
6.064096
6.038415
5.941576
6.289970
5.816964
5.947603
5.967198
6.273163
5.839701
5.901454
6.262285
5.949704
6.140135
5.996051
5.879781
5.997203
6.024965
5.904162
5.554357
6.245403
6.035151
5.877724
5.911674
5.889244
6.213984
5.950974
5.902852
5.835690
5.870839
6.058013
5.696420
6.211878
6.196318
6.075915
6.038752
6.279742
6.002608
6.238387
5.962621
6.355349
6.021741
5.910900
6.414911
6.275505
6.067443
6.022952
6.014429
6.091736
5.984783
5.933261
5.776050
5.942073
6.161548
6.208751
6.396215
5.954303
5.832407
6.045028
6.185481
5.763778
5.693291
5.796101
5.660553
6.172755
5.939811
5.751120
5.805526
6.023795
6.142656
6.172654
6.075291
5.928321
5.752192
6.063101
5.729211
6.064792
5.859764
5.791952
5.993508
5.387515
6.008297
5.909101
5.921328
5.781419
5.903941
5.760425
5.965268
5.853515
6.059049
6.105173
5.893082
5.957560
5.868848
5.931377
5.965565
5.746558
5.623652
5.845961
5.921671
5.703501
5.810353
6.231009
5.802514
5.801594
5.963426
5.965568
5.802254
6.236082
5.769376
6.193562
5.950531
6.059808
5.911530
6.101669
5.662237
5.486357
5.998046
5.833246
5.817018
5.898615
5.591338
6.060369
5.748746
5.798976
5.717129
5.894337
6.023986
6.131777
5.856795
5.758606
6.004742
5.795611
6.153362
5.867465
5.778557
5.891329
6.206489
5.629056
5.504246
6.130579
6.247554
5.836371
5.856292
5.928844
5.794004
5.790309
5.739394
5.748667
6.090529
5.878139
5.670965
5.806899
5.654834
6.052187
5.789040
5.686542
5.941671
5.883780
5.943710
5.822305
6.118022
6.186759
5.833146
5.904206
5.894151
5.918361
5.997417
5.958341
6.109165
6.163984
5.870413
5.865551
5.826400
6.197526
5.808792
6.076311
5.995740
5.780907
5.933738
5.586837
5.907348
5.927391
5.962838
5.727163
6.288990
5.906353
6.053343
5.996080
5.711806
6.089437
5.773995
5.720104
5.765838
5.837748
5.604862
5.569157
5.597303
5.723533
5.744101
5.669608
5.933353
6.121297
6.025620
5.835111
5.891342
5.842525
6.007963
5.936348
5.658759
6.239204
5.685812
6.033211
5.843264
5.713474
5.768014
5.982701
6.104206
5.823290
6.086949
5.907527
5.936208
6.048575
5.983303
5.841629
5.975977
6.021140
5.709197
5.917194
5.772738
5.988208
5.736959
5.569631
5.966599
5.609846
5.567735
5.466303
5.519649
6.239552
5.546084
5.931879
5.938634
5.633767
5.785949
5.708051
5.534015
5.688162
5.854674
6.025142
5.780539
5.737181
5.806307
5.871834
5.660832
6.029236
5.569227
5.994108
5.910643
5.674211
5.666870
5.800133
6.074049
5.593359
5.711359
5.833306
5.912916
5.824783
5.534349
5.675454
6.056288
5.652869
5.957891
5.794397
5.778504
5.728222
5.810774
5.686125
5.707626
5.943809
5.607923
5.689858
6.045537
5.693098
5.491863
5.460028
5.937949
5.636564
6.079149
5.979115
5.674335
6.086755
5.978487
5.689660
5.676227
5.636898
5.555038
5.808930
5.978009
5.569381
5.559381
5.669857
5.818112
6.063939
5.398829
6.123963
5.547730
5.775606
5.989787
5.605791
5.587071
5.897114
5.659301
5.826634
5.912772
5.671823
5.821735
5.786664
5.700854
5.940881
6.071627
5.815301
5.594522
5.850049
5.394614
5.750551
5.945203
5.848162
6.006592
5.685330
5.684650
5.742441
5.769341
5.612404
5.572300
5.654818
5.446887
6.014055
5.552242
5.625678
6.056276
5.905068
6.078041
5.869941
5.838885
5.893377
5.651781
5.760116
5.856030
5.820198
5.795315
5.701990
6.042072
5.579912
5.707250
5.726542
6.025035
5.600612
5.660855
6.014922
5.708537
5.896067
5.753447
5.639628
5.755847
5.783007
5.663696
5.321680
5.998069
5.793024
5.638597
5.671659
5.649051
5.968281
5.710378
5.663307
5.598203
5.631106
5.815467
5.461461
5.966345
5.950466
5.832690
5.796038
6.032485
5.761582
5.991775
5.722005
6.106390
5.778222
5.671208
6.164528
6.028768
5.824994
5.780601
5.772090
5.848283
5.743527
5.692941
5.539645
5.702566
5.916582
5.962186
6.146724
5.714358
5.595616
5.802986
5.940972
5.527421
5.459829
5.558587
5.428311
5.927601
5.699360
5.516225
5.569178
5.782090
5.898258
5.927792
5.832874
5.689051
5.516504
5.820316
5.494037
5.823195
5.621589
5.555340
5.752377
5.159408
5.768231
5.670420
5.682002
5.544378
5.666140
5.524973
5.724902
5.616457
5.816338
5.861970
5.655010
5.717154
5.631282
5.691541
5.724459
5.512182
5.391006
5.607902
5.682505
5.468986
5.574691
5.987546
5.566632
5.566102
5.724454
5.726937
5.565248
5.990622
5.533636
5.949535
5.711158
5.817558
5.672913
5.859352
5.429419
5.257180
5.757681
5.596417
5.580716
5.660490
5.360178
5.818390
5.513968
5.563544
5.483466
5.656918
5.784250
5.888542
5.618994
5.524154
5.763521
5.561249
5.910068
5.630676
5.542851
5.655072
5.964087
5.398794
5.275696
5.887856
6.003047
5.599525
5.619090
5.690426
5.558113
5.555233
5.505708
5.514666
5.848238
5.640745
5.439546
5.571805
5.423523
5.810740
5.554079
5.453120
5.703649
5.646171
5.704793
5.586090
5.875989
5.942952
5.596303
5.666619
5.656257
5.680099
5.757998
5.718562
5.867135
5.920956
5.633908
5.628585
5.591813
5.953781
5.572713
5.834409
5.756706
5.546784
5.695595
5.357898
5.669266
5.689680
5.724729
5.493499
6.044427
5.668918
5.812728
5.757171
5.478569
5.849875
5.539008
5.486192
5.531717
5.602139
5.374918
5.339145
5.366296
5.491854
5.509574
5.439289
5.695879
5.880332
5.785701
5.599437
5.655354
5.607247
5.768044
5.698820
5.427596
5.994938
5.453398
5.794072
5.608254
5.480583
5.533375
5.743964
5.863483
5.588106
5.846372
5.672477
5.698820
5.808081
5.745497
5.605634
5.737581
5.781579
5.477561
5.679577
5.539419
5.749683
5.504252
5.340502
5.727570
5.379648
5.337386
5.239377
5.291585
5.996832
5.316950
5.693458
5.701778
5.403638
5.551693
5.476033
5.305439
5.456186
5.620438
5.785404
5.546486
5.503913
5.571692
5.635280
5.431549
5.789214
5.339709
5.755620
5.673071
5.442440
5.435758
5.565831
5.834159
5.363151
5.478972
5.597653
5.676524
5.590231
5.306378
5.445349
5.816720
5.423470
5.721053
5.561031
5.544591
5.495772
5.576156
5.455382
5.475431
5.706095
5.379510
5.458745
5.805653
5.462193
5.264349
5.233741
5.701723
5.406182
5.838952
5.741676
5.443471
5.847042
5.740723
5.458688
5.445437
5.405773
5.326729
5.576413
5.740235
5.341205
5.330827
5.439152
5.584050
5.824800
5.173526
5.882966
5.320410
5.543607
5.753258
5.376276
5.358243
5.661424
5.428257
5.593538
5.676646
5.441889
5.588123
5.553272
5.469857
5.704863
5.831920
5.580790
5.365259
5.615489
5.171163
5.517693
5.708224
5.614159
5.769190
5.454487
5.454240
5.508773
5.536917
5.383523
5.343679
5.424932
5.221192
5.775875
5.324221
5.396151
5.817504
5.669841
5.839346
5.634571
5.605266
5.659166
5.421526
5.527339
5.621328
5.586456
5.562360
5.472434
5.804420
5.352796
5.476957
5.495965
5.787103
5.371554
5.430321
5.777813
5.477425
5.662141
5.520949
5.409530
5.524632
5.551153
5.433346
5.098865
5.760982
5.561011
5.409518
5.441716
5.418884
5.732698
5.479811
5.433797
5.370749
5.401404
5.583010
5.236413
5.730903
5.714818
5.599515
5.563395
5.795418
5.530590
5.755337
5.491445
5.867628
5.544820
5.441534
5.924387
5.792245
5.592615
5.548291
5.539839
5.614933
5.512330
5.462692
5.313172
5.473067
5.681756
5.725789
5.907476
5.484421
5.368814
5.570994
5.706613
5.301006
5.236228
5.331048
5.205920
5.692564
5.468963
5.291249
5.342756
5.550433
5.663946
5.693055
5.600546
5.459785
5.290722
5.587605
5.268772
5.591605
5.393412
5.328643
5.521338
4.941071
5.538219
5.441731
5.452662
5.317263
5.438284
5.299393
5.494549
5.389274
5.583673
5.628789
5.426882
5.486750
5.403656
5.461637
5.493371
5.287692
5.168219
5.379796
5.453298
5.244346
5.348927
5.754142
5.340628
5.340516
5.495424
5.498271
5.338190
5.755308
5.307793
5.715620
5.481751
5.585320
5.444255
5.627078
5.206442
5.037779
5.527325
5.369496
5.354281
5.432314
5.138797
5.586418
5.289077
5.337963
5.259637
5.429418
5.554499
5.655376
5.391139
5.299552
5.532300
5.336730
5.676835
5.403783
5.317040
5.428639
5.731711
5.178310
5.056878
5.655166
5.768551
5.372576
5.391785
5.461927
5.332125
5.329983
5.281864
5.290507
5.615944
5.413283
5.217899
5.346606
5.202028
5.579279
5.329023
5.229524
5.475548
5.418489
5.475838
5.359761
5.644001
5.709171
5.369359
5.438931
5.428268
5.451753
5.528479
5.488686
5.635127
5.687897
5.407247
5.401556
5.367080
5.720065
5.346502
5.602480
5.527607
5.322437
5.467416
5.138651
5.441075
5.461910
5.496482
5.269595
5.809916
5.441353
5.582068
5.528172
5.255125
5.620295
5.313881
5.262079
5.307407
5.376400
5.154660
5.118834
5.145022
5.269960
5.284889
5.218694
5.468269
5.649261
5.555700
5.373601
5.429242
5.381824
5.538006
5.471132
5.206140
5.760691
5.230741
5.564845
5.383038
5.257469
5.308496
5.515141
5.632681
5.362794
5.615702
5.447168
5.471311
5.577559
5.517593
5.379478
5.509106
5.551912
5.255681
5.451890
5.315904
5.521066
5.281275
5.121095
5.498431
5.159189
5.116766
5.022054
5.073184
5.764097
5.097525
5.464901
5.474779
5.183231
5.327235
5.253742
5.086534
5.233959
5.396007
5.555592
5.322194
5.280408
5.346849
5.408565
5.212003
5.559131
5.119872
5.527031
5.445361
5.220382
5.214367
5.341304
5.604139
5.142638
5.256364
5.371823
5.449941
5.365436
5.088048
5.224914
5.587024
5.203699
5.494068
5.337410
5.320417
5.273021
5.351323
5.234332
5.252969
5.478215
5.160691
5.237334
5.575628
5.241002
5.046440
5.017035
5.475284
5.185509
5.608639
5.514081
5.222330
5.617202
5.512815
5.237403
5.224282
5.184367
5.108083
5.353616
5.512302
5.122671
5.111947
5.218102
5.359722
5.595521
4.957777
5.651838
5.102724
5.321296
5.526542
5.156440
5.139071
5.435564
5.206936
5.370171
5.450290
5.221627
5.364270
5.329625
5.248530
5.478606
5.602079
5.356017
5.145670
5.390709
4.957220
5.294548
5.481075
5.389893
5.541621
5.233335
5.233505
5.284828
5.314182
5.164269
5.124686
5.204707
5.005097
5.547535
5.105800
5.176283
5.588584
5.444396
5.610481
5.408971
5.381326
5.434687
5.200895
5.304274
5.396404
5.362401
5.339111
5.252471
5.576572
5.135286
5.256308
5.275044
5.559001
5.152135
5.209440
5.550448
5.255974
5.437937
5.298147
5.189068
5.303037
5.328940
5.212576
4.885567
5.533664
5.338650
5.190013
5.221374
5.198365
5.506977
5.258902
5.213883
5.152838
5.181331
5.360223
5.020894
5.505270
5.488875
5.376061
5.340460
5.568072
5.309229
5.528638
5.270486
5.638694
5.321117
5.221476
5.694026
5.565478
5.369887
5.325680
5.317253
5.391277
5.290790
5.242008
5.096242
5.253179
5.456633
5.499142
5.678013
5.264114
5.151544
5.348684
5.481913
5.084107
5.022092
5.113054
4.992934
5.467276
5.248162
5.075756
5.125875
5.328402
5.439337
5.467995
5.377815
5.240087
5.074483
5.364546
5.052997
5.369637
5.174753
5.111492
5.299890
4.732068
5.317740
5.222609
5.232904
5.099692
5.219932
5.083343
5.273815
5.171696
5.360637
5.405295
5.208294
5.265957
5.185573
5.241356
5.271879
5.072663
4.954851
5.161224
5.233672
5.029178
5.132682
5.530381
5.124159
5.124415
5.276001
5.279171
5.120631
5.529636
5.091459
5.491324
5.261947
5.362742
5.225155
5.404419
4.992877
4.827724
5.306535
5.152093
5.137379
5.213673
4.926816
5.364082
5.073606
5.121888
5.045250
5.211464
5.334288
5.431802
5.172802
5.084363
5.310647
5.121675
5.453244
5.186388
5.100684
5.211702
5.508927
4.967277
4.847396
5.432108
5.543725
5.155163
5.174039
5.242932
5.115602
5.114237
5.067430
5.075755
5.393257
5.195305
5.005613
5.130813
4.989893
5.357380
5.113390
5.015331
5.256978
5.200336
5.256415
5.142886
5.421566
5.485059
5.151902
5.220760
5.209791
5.232912
5.308495
5.268375
5.412726
5.464458
5.190060
5.183968
5.151801
5.495975
5.129723
5.380149
5.307995
5.107546
5.248693
4.928669
5.222404
5.243562
5.277756
5.055095
5.585039
5.223249
5.360926
5.308698
5.041036
5.400224
5.098155
5.047368
5.092506
5.160110
4.943771
4.907869
4.933148
5.057394
5.069597
5.007419
5.250184
5.427856
5.335241
5.157187
5.212541
5.165802
5.317532
5.252931
4.994084
5.536063
5.017454
5.345115
5.167233
5.043724
5.093066
5.295768
5.411451
5.146875
5.394577
5.231394
5.253262
5.356541
5.299165
5.162748
5.290091
5.331764
5.043160
5.233619
5.101712
5.301918
5.067696
4.911013
5.278796
4.948075
4.905444
4.813961
4.864066
5.540918
4.887372
5.245828
5.257199
4.972112
5.112159
5.040817
4.876893
5.021072
5.180932
5.335251
5.107330
5.066265
5.131403
5.191247
5.001707
5.338518
4.909298
5.307891
5.227108
5.007624
5.002266
5.126162
5.383639
4.931422
5.043055
5.155377
5.232743
5.150050
4.878960
5.013792
5.366812
4.993186
5.276495
5.123144
5.105619
5.059608
5.135847
5.022580
5.039803
5.259756
4.951172
5.025186
5.355114
5.029083
4.837758
4.809529
5.258269
4.974078
5.387825
5.295894
5.010432
5.396842
5.294337
5.025397
5.012457
4.972219
4.898667
5.140149
5.293766
4.913325
4.902295
5.006317
5.144772
5.375697
4.751214
5.430237
4.894257
5.108293
5.309168
4.945854
4.929134
5.219050
4.994856
5.156102
5.233332
5.010613
5.149716
5.115270
5.036480
5.261727
5.381704
5.140607
4.935284
5.175252
4.752404
5.080692
5.263285
5.174951
5.323443
5.021442
5.022039
5.070213
5.100708
4.954232
4.914909
4.993703
4.798121
5.328609
4.896585
4.965621
5.369072
5.228303
5.391070
5.192694
5.166740
5.219563
4.989512
5.090490
5.180799
5.147689
5.125128
5.041741
5.358087
4.926927
5.044913
5.063342
5.340277
4.941891
4.997790
5.332475
5.043777
5.222993
5.084589
4.977817
5.090664
5.116021
5.001068
4.681303
5.315696
5.125571
4.979722
5.010257
4.987076
5.290485
5.047224
5.003198
4.944102
4.970462
5.146723
4.814474
5.288921
5.272305
5.161850
5.126770
5.350144
5.097106
5.311325
5.058760
5.419117
5.106694
5.010620
5.473143
5.348009
5.156446
5.112286
5.103890
5.176890
5.078467
5.030565
4.888431
5.042473
5.240836
5.281826
5.457956
5.053005
4.943419
5.135557
5.266536
4.876355
4.817004
4.904227
4.789015
5.251255
5.036557
4.869342
4.918125
5.115614
5.223997
5.252242
5.164377
5.029577
4.867342
5.150725
4.846324
5.156906
4.965277
4.903456
5.087650
4.532007
5.106576
5.012621
5.022305
4.891225
5.010827
4.876381
5.062263
4.963213
5.146853
5.191060
4.998859
5.054338
4.976601
5.030259
5.059603
4.866684
4.750526
4.951822
5.023215
4.823089
4.925512
5.315876
4.916742
4.917420
5.065689
5.069190
4.912201
5.313299
4.884156
5.276313
5.051189
5.149373
5.015170
5.190965
4.788346
4.626614
5.094943
4.943797
4.929571
5.004178
4.723813
5.150931
4.867235
4.914850
4.839909
5.002632
5.123291
5.217518
4.963583
4.878294
5.098226
4.915659
5.238840
4.978108
4.893406
5.003909
5.295947
4.764928
4.646828
5.218263
5.328135
4.946797
4.965336
5.033070
4.908126
4.907526
4.862022
4.870067
5.179771
4.986418
4.802327
4.924093
4.786741
5.144696
4.906834
4.810168
5.047502
4.991241
5.046098
4.935098
5.208347
5.270132
4.943507
5.011671
5.000401
5.023193
5.097652
5.057221
5.199478
5.250255
4.981948
4.975459
4.945542
5.281056
4.922015
5.166977
5.097513
4.901657
5.039070
4.727695
5.012803
5.034366
5.068131
4.849623
5.369374
5.014235
5.148963
5.098302
4.835983
5.189284
4.891490
4.841684
4.886628
4.952845
4.741796
4.705807
4.730184
4.853781
4.863345
4.805080
5.041133
5.215527
5.123888
4.949831
5.004905
4.958852
5.106145
5.043840
4.790938
5.320616
4.813175
5.134503
4.960450
4.838964
4.886629
5.085521
5.199338
4.939964
5.182586
5.024563
5.044275
5.144675
5.089790
4.955048
5.080145
5.120716
4.839555
5.024456
4.896530
5.091863
4.863085
4.709760
5.068230
4.745789
4.703025
4.614714
4.663809
5.326861
4.686125
5.035830
5.048655
4.769913
4.906062
4.836827
4.676114
4.817103
4.974883
5.124021
4.901397
4.861110
4.924953
4.983002
4.800253
5.127019
4.707648
5.097818
5.017894
4.803837
4.799097
4.920000
5.172179
4.729092
4.838699
4.947972
5.024631
4.943614
4.678733
4.811570
5.155684
4.791625
5.067900
4.917834
4.899773
4.855155
4.929359
4.819727
4.835577
5.050348
4.750486
4.822002
5.143650
4.826101
4.637907
4.610834
5.050262
4.771555
5.176100
5.086727
4.807448
5.185532
5.084892
4.822296
4.809522
4.769012
4.698081
4.935595
5.084270
4.712829
4.701465
4.803413
4.938758
5.164938
4.553404
5.217718
4.694598
4.904193
5.100854
4.744107
4.728028
5.011534
4.791687
4.951003
5.025358
4.808471
4.944102
4.909893
4.833305
5.053843
5.170393
4.934156
4.733773
4.968765
4.556298
4.875788
5.054547
4.968987
5.114278
4.818407
4.819426
4.864526
4.896197
4.752999
4.713956
4.791564
4.599928
5.118672
4.696181
4.763810
5.158582
5.021169
5.180657
4.985413
4.961056
5.013347
4.787000
4.885646
4.974144
4.941895
4.920080
4.839884
5.148615
4.727378
4.842357
4.860514
5.130581
4.740492
4.794990
5.123505
4.840462
5.016993
4.879974
4.775406
4.887188
4.911978
4.798410
4.485746
5.106743
4.921356
4.778295
4.807998
4.784633
5.082994
4.844387
4.801335
4.744136
4.768435
4.942086
4.616807
5.081563
5.064667
4.956575
4.921978
5.141179
4.893874
5.102947
4.855890
5.208552
4.901139
4.808574
5.261276
5.139545
4.951869
4.907789
4.899416
4.971395
4.874973
4.827940
4.689393
4.840593
5.033929
5.073496
5.246942
4.850723
4.744045
4.931314
5.060063
4.677348
4.620661
4.704168
4.593794
5.044153
4.833790
4.671704
4.719095
4.911661
5.017555
5.045397
4.959795
4.827874
4.668913
4.945785
4.648365
4.953036
4.764573
4.704167
4.884224
4.340541
4.904150
4.811452
4.820538
4.691522
4.810431
4.678154
4.859529
4.763489
4.941947
4.985663
4.798187
4.851540
4.776414
4.827953
4.856170
4.669404
4.554844
4.751149
4.821556
4.625669
4.727064
5.110239
4.718066
4.719117
4.864185
4.868000
4.712492
5.105840
4.685605
5.070169
4.849324
4.944844
4.813982
4.986363
4.592474
4.434103
4.892146
4.744208
4.730477
4.803395
4.529447
4.946621
4.669528
4.716559
4.643215
4.802470
4.921021
5.012036
4.763100
4.680857
4.894571
4.718319
5.033322
4.778532
4.694839
4.804756
5.091269
4.571324
4.454834
5.013253
5.121452
4.747210
4.765379
4.831972
4.709380
4.709508
4.665273
4.673036
4.975123
4.786264
4.607623
4.726061
4.592186
4.940799
4.708947
4.613652
4.846755
4.790883
4.844537
4.736009
5.003914
5.064085
4.743836
4.811317
4.799748
4.822199
4.895559
4.854781
4.995049
5.044858
4.782542
4.775679
4.747934
5.075021
4.723014
4.962633
4.895771
4.704416
4.838184
4.535229
4.811932
4.833880
4.867244
4.652765
5.162576
4.813963
4.945762
4.896624
4.639547
4.987116
4.693438
4.644625
4.689392
4.754239
4.548371
4.512323
4.535769
4.658772
4.665728
4.611302
4.840805
5.011925
4.921318
4.751141
4.805926
4.760495
4.903559
4.843406
4.596346
5.114022
4.617435
4.932595
4.762344
4.642811
4.688843
4.883978
4.995968
4.741706
4.979331
4.826427
4.843987
4.941522
4.889140
4.756032
4.878913
4.918397
4.644545
4.823958
4.699954
4.890493
4.667041
4.517026
4.866375
4.552103
4.509160
4.423973
4.472027
5.121604
4.493352
4.834537
4.848813
4.576201
4.708601
4.641394
4.483862
4.621726
4.777418
4.921508
4.704107
4.664503
4.727126
4.783369
4.607349
4.924249
4.514473
4.896444
4.817335
4.608602
4.604459
4.722413
4.969493
4.535302
4.642897
4.749158
4.825155
4.745814
4.486943
4.617830
4.953246
4.598500
4.868006
4.721108
4.702534
4.659257
4.731476
4.625417
4.639915
4.849603
4.558259
4.627315
4.940927
4.631610
4.446545
4.420567
4.850857
4.577549
4.973084
4.886224
4.612996
4.982948
4.884102
4.627724
4.615088
4.574299
4.505987
4.739595
4.883448
4.520823
4.509122
4.609038
4.741330
4.962842
4.363999
5.013923
4.503370
4.708620
4.901115
4.550881
4.535412
4.812618
4.597054
4.754421
4.826007
4.614832
4.747047
4.713030
4.638670
4.854573
4.967742
4.736273
4.540727
4.770851
4.368564
4.679427
4.854397
4.771569
4.913745
4.623891
4.625297
4.667403
4.700207
4.560272
4.521467
4.597893
4.410141
4.917405
4.504225
4.570494
4.956764
4.822615
4.978904
4.786705
4.763945
4.815715
4.592972
4.689301
4.776055
4.744659
4.723577
4.646526
4.947793
4.536257
4.648258
4.666156
4.929485
4.547565
4.600679
4.923135
4.645606
4.819577
4.683848
4.581486
4.692231
4.716417
4.604234
4.298523
4.906370
4.725651
4.585272
4.614168
4.590644
4.884040
4.650042
4.607921
4.552611
4.574856
4.745976
4.427507
4.882720
4.865599
4.759825
4.725695
4.940801
4.699091
4.903173
4.661489
5.006655
4.704148
4.614992
5.058054
4.939648
4.755813
4.711791
4.703433
4.774434
4.679979
4.633792
4.498721
4.647156
4.835602
4.873705
5.044519
4.656885
4.553069
4.735575
4.862126
4.486709
4.432594
4.512506
4.406837
4.845603
4.639512
4.482390
4.528461
4.716208
4.819652
4.847118
4.763665
4.634583
4.478857
4.749311
4.458762
4.757630
4.572279
4.513266
4.689293
4.157289
4.710145
4.618697
4.627179
4.500201
4.618433
4.488249
4.665187
4.572124
4.745534
4.788781
4.605916
4.657194
4.584606
4.634091
4.661171
4.480473
4.367466
4.558886
4.628278
4.436596
4.536947
4.913085
4.527748
4.529154
4.671074
4.675192
4.521163
4.906907
4.495382
4.872533
4.655816
4.748765
4.621180
4.790230
4.404891
4.249779
4.697782
4.552990
4.539724
4.611049
4.343337
4.750784
4.480155
4.526583
4.454826
4.610726
4.727193
4.815044
4.570987
4.491748
4.699374
4.529274
4.836268
4.587311
4.504598
4.613988
4.895045
4.385955
4.271006
4.816685
4.923273
4.555917
4.573750
4.639234
4.518943
4.519794
4.476817
4.484289
4.778910
4.594479
4.421171
4.536335
4.405877
4.745299
4.519346
4.425403
4.654342
4.598886
4.651362
4.545219
4.807936
4.866478
4.552506
4.619304
4.607462
4.629590
4.701863
4.660773
4.799055
4.847919
4.591465
4.584223
4.558596
4.877449
4.532320
4.766692
4.702425
4.515459
4.645653
4.350920
4.619427
4.641706
4.674669
4.464200
4.964236
4.622004
4.750937
4.703373
4.451359
4.793304
4.503705
4.455818
4.500393
4.563944
4.363144
4.327026
4.349602
4.471993
4.476392
4.425711
4.648798
4.816824
4.727096
4.560738
4.615270
4.570451
4.709298
4.651299
4.409999
4.915894
4.429952
4.739046
4.572466
4.454897
4.499331
4.690807
4.801017
4.551746
4.784481
4.636552
4.652010
4.746773
4.696788
4.565289
4.686026
4.724452
4.457760
4.631752
4.511595
4.697479
4.479220
4.332472
4.672894
4.366559
4.323474
4.241326
4.288384
4.924785
4.308757
4.641571
4.657237
4.390703
4.519372
4.454198
4.299726
4.434553
4.588223
4.727341
4.515062
4.476174
4.537552
4.592066
4.422579
4.729818
4.329498
4.703388
4.625102
4.421556
4.418035
4.533121
4.775124
4.349662
4.455308
4.558630
4.633885
4.556236
4.303320
4.432258
4.759178
4.413555
4.676427
4.532600
4.513514
4.471564
4.541837
4.439282
4.452453
4.657169
4.374188
4.440804
4.746554
4.445323
4.263258
4.238390
4.659740
4.391699
4.778417
4.694029
4.426697
4.788684
4.691612
4.441323
4.428843
4.387770
4.321977
4.551797
4.690911
4.336912
4.324908
4.422822
4.552124
4.769085
4.182663
4.818447
4.320214
4.521255
4.709673
4.365772
4.350906
4.621940
4.410529
4.566070
4.634903
4.429316
4.558258
4.524412
4.452166
4.663548
4.773437
4.546605
4.355803
4.581170
4.188840
4.491225
4.662532
4.582363
4.721464
4.437526
4.439315
4.478473
4.512386
4.375642
4.337068
4.412376
4.228392
4.724421
4.320363
4.385270
4.763213
4.632291
4.785451
4.596210
4.575011
4.626243
4.407054
4.501150
4.586188
4.555602
4.535242
4.461198
4.755214
4.353199
4.462324
4.479952
4.736674
4.362720
4.414513
4.731020
4.458915
4.630336
4.495900
4.395699
4.505385
4.529004
4.418179
4.119288
4.714269
4.538120
4.400347
4.428499
4.404765
4.693331
4.463803
4.422613
4.369118
4.389386
4.558020
4.246199
4.692120
4.674747
4.571248
4.537578
4.748667
4.512428
4.711600
4.475198
4.813020
4.515303
4.429515
4.863175
4.747979
4.567878
4.523937
4.515620
4.585615
4.493123
4.447752
4.316094
4.461819
4.645453
4.682117
4.850392
4.471149
4.370107
4.547982
4.672347
4.304102
4.252532
4.328898
4.227817
4.655258
4.453298
4.301031
4.345825
4.528865
4.629927
4.656982
4.575711
4.449381
4.296803
4.561004
4.277138
4.570338
4.388021
4.330359
4.502462
3.981875
4.524259
4.433978
4.441872
4.316920
4.434510
4.306372
4.479019
4.388808
4.557246
4.600015
4.421693
4.470923
4.400816
4.448281
4.474272
4.299471
4.188031
4.374663
4.443072
4.255494
4.354826
4.724086
4.345411
4.347194
4.486034
4.490451
4.337840
4.716188
4.313183
4.683042
4.470412
4.560821
4.436441
4.602230
4.225226
4.073338
4.511487
4.369800
4.356971
4.426711
4.165100
4.563043
4.298750
4.344567
4.274384
4.426998
4.541406
4.626171
4.386922
4.310593
4.512263
4.348196
4.647330
4.404087
4.322330
4.431192
4.706948
4.208458
4.095055
4.628275
4.733200
4.372662
4.390175
4.454545
4.336488
4.338034
4.296299
4.303481
4.590817
4.410691
4.242607
4.354571
4.227453
4.557925
4.337699
4.245075
4.469996
4.414889
4.466202
4.362430
4.620046
4.676998
4.369152
4.435296
4.423160
4.444974
4.516209
4.474799
4.611152
4.659076
4.408374
4.400773
4.377239
4.687990
4.349598
4.578825
4.517073
4.334434
4.461135
4.174449
4.434936
4.457555
4.490118
4.283572
4.774060
4.438068
4.564203
4.518108
4.271106
4.607505
4.321931
4.274952
4.319367
4.381598
4.185747
4.149579
4.171294
4.293082
4.294978
4.247980
4.464815
4.629719
4.540907
4.378293
4.432548
4.388363
4.523076
4.467212
4.231473
4.725864
4.250363
4.553537
4.390566
4.274874
4.317736
4.505630
4.614074
4.369703
4.597650
4.454577
4.467996
4.560055
4.512419
4.382511
4.501147
4.538514
4.278775
4.447568
4.331154
4.512458
4.299304
4.155734
4.487393
4.188867
4.145627
4.066455
4.112540
4.736034
4.131972
4.456595
4.473634
4.213034
4.338055
4.274835
4.123417
4.255240
4.406929
4.541223
4.333896
4.295708
4.355898
4.408700
4.245637
4.543422
4.152314
4.518324
4.440876
4.242370
4.239431
4.351720
4.588791
4.171860
4.275602
4.376037
4.450615
4.374580
4.127467
4.254512
4.573092
4.236424
4.492760
4.351983
4.332404
4.291723
4.360111
4.260945
4.272843
4.472671
4.197877
4.262124
4.560170
4.266851
4.087748
4.063947
4.476573
4.213672
4.591765
4.509778
4.248240
4.602423
4.507081
4.262751
4.250401
4.209062
4.145762
4.371834
4.506330
4.160788
4.148454
4.244423
4.370810
4.583298
4.009032
4.631005
4.144851
4.341704
4.526141
4.188432
4.174188
4.439209
4.231860
4.385535
4.451725
4.251607
4.377271
4.343630
4.273494
4.480449
4.587104
4.364845
4.178655
4.399366
4.016782
4.310908
4.478596
4.401035
4.537158
4.258965
4.261140
4.297398
4.332402
4.198800
4.160454
4.234613
4.054349
4.539383
4.144253
4.207845
4.577631
4.449842
4.599937
4.413627
4.393949
4.444715
4.228961
4.320844
4.404181
4.374413
4.354744
4.283702
4.570598
4.177825
4.284156
4.301542
4.551801
4.185656
4.236123
4.546835
4.280024
4.448956
4.315787
4.217652
4.326343
4.349433
4.239906
3.947680
4.530071
4.358390
4.223214
4.250569
4.226687
4.510504
4.285368
4.245076
4.193356
4.211683
4.377885
4.072592
4.509403
4.491782
4.390489
4.357278
4.564466
4.333567
4.527969
4.296687
4.627309
4.334312
4.251796
4.676187
4.564221
4.387768
4.343903
4.335599
4.404654
4.314035
4.269485
4.141159
4.284225
4.463167
4.498471
4.664190
4.293162
4.194871
4.368163
4.490438
4.129195
4.080087
4.152991
4.056426
4.472777
4.274862
4.127364
4.170920
4.349329
4.448061
4.474704
4.395547
4.271921
4.122438
4.380491
4.103220
4.390831
4.211516
4.155174
4.323412
3.814017
4.346097
4.256992
4.264339
4.141322
4.258238
4.132151
4.300557
4.213189
4.376739
4.419106
4.245179
4.292421
4.224745
4.270252
4.295152
4.126162
4.016185
4.198170
4.265616
4.082036
4.180372
4.542907
4.170771
4.172880
4.308697
4.313411
4.162224
4.533282
4.138646
4.501380
4.292699
4.380655
4.259405
4.422005
4.053177
3.904434
4.332943
4.194279
4.181898
4.250056
3.994458
4.383069
4.124978
4.170234
4.101563
4.250954
4.363357
4.445132
4.210540
4.137077
4.332915
4.174752
4.466212
4.228556
4.147731
4.256076
4.526634
4.038528
3.926602
4.447622
4.550968
4.197053
4.214254
4.277543
4.161696
4.163934
4.123381
4.130295
4.410470
4.234565
4.071629
4.180421
4.056590
4.378296
4.163699
4.072365
4.293332
4.238585
4.288753
4.187290
4.439934
4.495330
4.193483
4.258972
4.246557
4.268050
4.338267
4.296541
4.431024
4.478023
4.232922
4.224962
4.203463
4.506291
4.174509
4.398715
4.339449
4.161028
4.284289
4.005481
4.258104
4.281069
4.313273
4.110507
4.591641
4.261775
4.385180
4.340542
4.098418
4.429420
4.147727
4.101678
4.145917
4.206888
4.015880
3.979659
4.000524
4.121720
4.121185
4.077784
4.288445
4.450319
4.362428
4.203475
4.257467
4.213881
4.344571
4.290734
4.060523
4.543620
4.078332
4.375728
4.216251
4.102404
4.143752
4.328135
4.434867
4.195265
4.418539
4.280260
4.291667
4.381071
4.335741
4.207349
4.323919
4.360256
4.107375
4.271032
4.158281
4.335115
4.126933
3.986489
4.309577
4.018700
3.975301
3.899037
3.944166
4.555025
3.962680
4.279294
4.297683
4.042871
4.164345
4.103040
3.954570
4.083467
4.233208
4.362756
4.160326
4.122801
4.181813
4.232955
4.076177
4.364696
3.982606
4.340899
4.264234
4.070707
4.068342
4.177872
4.410117
4.001565
4.103422
4.201024
4.274986
4.200505
3.959064
4.084285
4.394696
4.066779
4.316689
4.178919
4.158831
4.119427
4.185952
4.090133
4.100754
4.295833
4.029048
4.090974
4.381453
4.095876
3.919674
3.896924
4.300980
4.043141
4.412761
4.333149
4.077270
4.423821
4.330175
4.091657
4.079468
4.037860
3.976986
4.199435
4.329380
3.992091
3.979470
4.073527
4.197042
4.405164
3.842799
4.451274
3.976905
4.169705
4.350241
4.018584
4.004912
4.264027
4.060676
4.212576
4.276130
4.081362
4.203853
4.170386
4.102301
4.304919
4.408435
4.190626
4.008980
4.225119
3.852080
4.138108
4.302265
4.227242
4.360429
4.087890
4.090433
4.123880
4.159932
4.029376
3.991265
4.064339
3.887694
4.361965
3.975571
4.037878
4.399685
4.274970
4.422065
4.238606
4.220387
4.270673
4.058311
4.148038
4.229743
4.200755
4.181784
4.113639
4.393562
4.009886
4.113466
4.130577
4.374544
4.016027
4.065212
4.370239
4.108599
4.275098
4.143165
4.047081
4.154787
4.177336
4.069092
3.783398
4.353454
4.186172
4.053477
4.080104
4.056048
4.335223
4.114373
4.074979
4.025034
4.041426
4.205231
3.906322
4.334227
4.316360
4.217234
4.184484
4.387808
4.162199
4.351861
4.125636
4.449207
4.160816
4.081514
4.496889
4.388020
4.215151
4.171335
4.163065
4.231191
4.142417
4.098645
3.973614
4.114049
4.288414
4.322357
4.485613
4.122645
4.026996
4.195825
4.316047
3.961661
3.914962
3.984479
3.892347
4.297803
4.103869
3.961008
4.003371
4.177240
4.273691
4.299964
4.222855
4.101879
3.955415
4.207480
3.936609
4.218781
4.042380
3.987333
4.151806
3.653349
4.175382
4.087401
4.094195
3.973097
4.089398
3.965252
4.129553
4.044927
4.203734
4.245654
4.076051
4.121345
4.056059
4.099617
4.123482
3.960133
3.851643
4.029049
4.095553
3.915900
4.013259
4.369179
4.003446
4.005918
4.138774
4.143783
3.993952
4.357901
3.971423
4.327168
4.122429
4.207948
4.089748
4.249227
3.888415
3.742743
4.161818
4.026118
4.014162
4.080797
3.831061
4.210536
3.958539
4.003211
3.936028
4.082284
4.192712
4.271531
4.041516
3.970836
4.161000
4.008614
4.292559
4.060371
3.980441
4.088264
4.353742
3.875807
3.765342
4.274408
4.376218
4.028787
4.045690
4.107913
3.994220
3.997133
3.957747
3.964403
4.237579
4.065813
3.907894
4.013606
3.892972
4.206081
3.996997
3.906934
4.124003
4.069612
4.118683
4.019475
4.267213
4.321115
4.025132
4.090010
4.077311
4.098495
4.167698
4.125672
4.258292
4.304403
4.064817
4.056495
4.037012
4.332086
4.006760
4.226062
4.169174
3.994882
4.114810
3.843722
4.088642
4.111927
4.143749
3.944741
4.416716
4.092819
4.213542
4.170349
3.932999
4.258732
3.980855
3.935680
3.979740
4.039483
3.853224
3.816941
3.836969
3.957595
3.954663
3.914784
4.119422
4.278358
4.191325
4.035954
4.089692
4.046699
4.173435
4.121629
3.896776
4.368853
3.913538
4.205260
4.049239
3.937192
3.977049
4.157981
4.263038
4.028122
4.246825
4.113203
4.122626
4.209429
4.166357
4.039473
4.154026
4.189372
3.943172
4.101817
3.992657
4.165097
3.961804
3.824412
4.139116
3.855706
3.812165
3.738750
3.782956
4.381434
3.800564
4.109316
4.129024
3.879911
3.997861
3.938435
3.792894
3.918914
4.066755
4.191656
3.994009
3.957147
4.015007
4.064508
3.913881
4.193335
3.820093
4.170825
4.094920
3.906269
3.904470
4.011294
4.238811
3.838423
3.938469
4.033297
4.106611
4.033677
3.797792
3.921207
4.223641
3.904285
4.147941
4.013083
3.992527
3.954347
4.019061
3.926494
3.935881
4.126298
3.867348
3.926994
4.210093
3.932094
3.758739
3.737015
4.132679
3.879781
4.241137
4.163817
3.913485
4.252565
4.160583
3.927767
3.915706
3.873841
3.815353
4.034217
4.159730
3.830538
3.817614
3.909803
4.030516
4.234340
3.683631
4.278871
3.816064
4.004869
4.181628
3.855875
3.842789
4.096107
3.896677
4.046833
4.107804
3.918263
4.037650
4.004373
3.938298
4.136673
4.237081
4.023647
3.846433
4.058092
3.694405
3.972503
4.133201
4.060669
4.190996
3.923985
3.926895
3.957572
3.994659
3.867089
3.829219
3.901212
3.728116
4.191833
3.814006
3.875032
4.229045
4.107332
4.251485
4.070819
4.054078
4.103863
3.894816
3.982432
4.062509
4.034311
4.015996
3.950738
4.223818
3.849042
3.949924
3.966792
4.204552
3.853515
3.901439
4.200902
3.944353
4.108453
3.977731
3.883667
3.990396
4.012416
3.905417
3.626109
4.184119
4.021066
3.890881
3.916770
3.892548
4.167178
3.950532
3.911999
3.863775
3.878304
4.039767
3.747113
4.166273
4.148176
4.051163
4.018857
4.218422
3.997958
4.183015
3.961714
4.278400
3.994523
3.918356
4.324902
4.219066
4.049696
4.005958
3.997710
4.064897
3.977946
3.934947
3.813126
3.950999
4.120870
4.153479
4.314325
3.959205
3.866190
4.030660
4.148860
3.801174
3.756856
3.823054
3.735225
4.130048
3.940008
3.801729
3.842852
4.012313
4.106518
4.132432
4.057338
3.938949
3.795434
4.041620
3.777037
4.053894
3.880343
3.826556
3.987336
3.499602
4.011775
3.924935
3.931171
3.811939
3.927625
3.805406
3.965658
3.883734
4.037874
4.079386
3.914015
3.957385
3.894432
3.936089
3.958916
3.801154
3.694077
3.866997
3.932584
3.756769
3.853189
4.202650
3.843154
3.845972
3.975954
3.981222
3.832748
4.189717
3.811244
4.160180
3.959234
4.042387
3.927190
4.083605
3.730613
3.587951
3.997796
3.865001
3.853475
3.918601
3.674596
4.045162
3.799091
3.843209
3.777497
3.920631
4.029153
4.105091
3.879563
3.811643
3.996195
3.849460
4.126041
3.899209
3.820188
3.927515
4.188007
3.720012
3.610972
4.108356
4.208648
3.867565
3.884171
3.945352
3.833770
3.837343
3.799095
3.805487
4.071831
3.904090
3.751084
3.853790
3.736281
4.041002
3.837299
3.748461
3.961747
3.907705
3.955703
3.858695
4.101656
4.154064
3.863833
3.928078
3.915104
3.935994
4.004208
3.961904
4.092701
4.137927
3.903723
3.895051
3.877533
4.165018
3.846014
4.060507
4.005970
3.835739
3.952368
3.688831
3.926228
3.949845
3.981283
3.785914
4.248931
3.930897
4.049003
4.007201
3.774529
4.095094
3.820976
3.776651
3.820552
3.879074
3.697467
3.661114
3.680336
3.800417
3.795117
3.758690
3.957444
4.113451
4.027303
3.875426
3.928913
3.886510
4.009392
3.959551
3.739957
4.201202
3.755674
4.041833
3.889199
3.778928
3.817310
3.994886
4.098274
3.867969
4.082174
3.953119
3.960632
4.044881
4.004027
3.878612
3.991191
4.025546
3.785906
3.939615
3.833985
4.002119
3.803598
3.669210
3.975699
3.699630
3.655906
3.585297
3.628556
4.214949
3.645298
3.946372
3.967365
3.723794
3.838353
3.780790
3.638057
3.761277
3.907252
4.027607
3.834633
3.798413
3.855153
3.903049
3.758450
4.029038
3.664434
4.007770
3.932630
3.748721
3.747480
3.851665
4.074554
3.682187
3.780421
3.872546
3.945208
3.873813
3.643368
3.765018
4.059611
3.748647
3.986188
3.854190
3.833154
3.796183
3.859102
3.769744
3.777926
3.963773
3.712491
3.769916
4.045763
3.775194
3.604602
3.583892
3.971353
3.723283
4.076546
4.001492
3.756581
4.088336
3.997976
3.770765
3.758826
3.716705
3.660559
3.875912
3.997063
3.675812
3.662597
3.752953
3.870916
4.070555
3.531245
4.113542
3.662035
3.846946
4.019918
3.700035
3.687492
3.935173
3.739555
3.887961
3.946451
3.762036
3.878370
3.845269
3.781153
3.975382
4.072776
3.863598
3.690740
3.898034
3.543476
3.813799
3.971106
3.901032
4.028551
3.766943
3.770204
3.798181
3.836282
3.711646
3.673988
3.744928
3.575296
4.028708
3.659244
3.719042
4.065414
3.946629
4.087911
3.909982
3.894662
3.943972
3.738170
3.823715
3.902231
3.874768
3.857115
3.794655
4.061046
3.694990
3.793229
3.809845
4.041561
3.697829
3.744529
4.038546
3.786967
3.948724
3.819180
3.727080
3.832863
3.854373
3.748604
3.475546
4.021745
3.862897
3.735100
3.760281
3.735891
4.006074
3.793538
3.755861
3.709342
3.722003
3.881179
3.594646
4.005259
3.986940
3.891999
3.860115
4.056001
3.840537
4.021119
3.804669
4.114573
3.835102
3.762028
4.159925
4.057063
3.891117
3.847439
3.839213
3.905520
3.820325
3.778075
3.659384
3.794788
3.960232
3.991556
4.150043
3.802620
3.712168
3.872341
3.988566
3.647458
3.605445
3.668401
3.584809
3.969206
3.782973
3.649149
3.689110
3.854228
3.946238
3.971787
3.898671
3.782810
3.642203
3.882635
3.624204
3.895849
3.725081
3.672543
3.829694
3.352465
3.854985
3.769241
3.774950
3.657556
3.772636
3.652297
3.808589
3.729291
3.878890
3.919975
3.758749
3.800256
3.739579
3.779394
3.801213
3.648866
3.543201
3.711728
3.776412
3.604352
3.699847
4.042994
3.689638
3.692766
3.819912
3.825453
3.678289
4.028446
3.657804
4.000055
3.802848
3.883663
3.771400
3.924836
3.579508
3.439799
3.840595
3.710638
3.699521
3.763204
3.524804
3.886612
3.646358
3.689932
3.625634
3.765774
3.872418
3.945508
3.724364
3.659121
3.838217
3.697018
3.966392
3.744804
3.666661
3.773492
4.029104
3.570865
3.463216
3.949144
4.047962
3.713090
3.729391
3.789575
3.680054
3.684270
3.647143
3.653272
3.912898
3.749149
3.600937
3.700694
3.586238
3.882739
3.684299
3.596679
3.806254
3.752547
3.799472
3.704648
3.942910
3.993857
3.709257
3.772900
3.759661
3.780262
3.847512
3.804908
3.933922
3.978299
3.749362
3.740367
3.724741
4.004819
3.691985
3.901766
3.849552
3.683265
3.796682
3.540544
3.770552
3.794497
3.825574
3.633778
4.088028
3.775734
3.891262
3.850830
3.622758
3.938235
3.667740
3.624304
3.668034
3.725357
3.548303
3.511898
3.530330
3.649860
3.642256
3.609208
3.802191
3.955389
3.870057
3.721605
3.774852
3.733003
3.852100
3.804198
3.589752
4.040398
3.604461
3.885216
3.735871
3.627316
3.664266
3.838533
3.940333
3.714494
3.924312
3.799739
3.805353
3.887123
3.848411
3.724446
3.835088
3.868492
3.635242
3.784157
3.681946
3.845904
3.652062
3.520588
3.819046
3.550131
3.506268
3.438372
3.480776
4.055286
3.496616
3.790170
3.812430
3.574288
3.685511
3.629733
3.489793
3.610263
3.754419
3.870316
3.681943
3.646347
3.701976
3.748315
3.609612
3.871491
3.515363
3.851465
3.777042
3.597811
3.597090
3.698704
3.917060
3.532525
3.629016
3.718491
3.790525
3.720626
3.495491
3.615423
3.902352
3.599579
3.831139
3.701914
3.680436
3.644646
3.705827
3.619589
3.626594
3.807975
3.564197
3.619455
3.888194
3.624888
3.457009
3.437291
3.816717
3.573383
3.918714
3.845879
3.606274
3.930877
3.842092
3.620345
3.608542
3.566179
3.512296
3.724245
3.841143
3.527631
3.514122
3.602691
3.717965
3.913491
3.385376
3.954967
3.514524
3.695633
3.864966
3.550748
3.538754
3.780894
3.589024
3.735755
3.791775
3.612379
3.725735
3.692804
3.630616
3.820758
3.915198
3.710199
3.541585
3.744592
3.398990
3.661735
3.815713
3.748034
3.872781
3.616491
3.620086
3.645426
3.684515
3.562739
3.525301
3.595217
3.428976
3.872291
3.511018
3.569602
3.908487
3.792586
3.931049
3.755801
3.741873
3.790716
3.588109
3.671625
3.748582
3.721875
3.704852
3.645105
3.904980
3.547477
3.643091
3.659466
3.885260
3.548694
3.594180
3.882870
3.636140
3.795613
3.667226
3.577073
3.681920
3.702906
3.598351
3.331415
3.866051
3.711314
3.585865
3.610345
3.585786
3.851627
3.643117
3.606253
3.561380
3.572255
3.729194
3.448641
