10.461913
9.835784
10.465755
9.183743
10.035556
9.676751
9.416587
12.688232
11.453879
13.913316
10.771278
9.545826
9.235308
8.673608
9.102284
10.113308
10.184376
9.622550
9.480117
8.368146
9.540842
9.444242
10.215961
10.049253
10.826696
9.264601
9.498481
9.723880
9.199032
9.501570
8.724968
9.358778
8.891952
9.672694
9.676745
8.128045
8.767025
9.361965
9.140746
9.786345
8.604906
8.300567
9.010854
7.846297
7.518387
8.332131
8.815923
8.444103
9.020824
9.126774
9.171862
8.710691
9.171852
8.924043
9.753913
10.802636
8.350057
8.654477
9.278683
9.959390
9.579627
10.002471
10.094843
9.673858
9.910056
9.114155
9.603956
8.666851
8.089464
7.770553
8.183697
10.712346
10.512439
10.858224
9.947584
10.397742
9.158365
9.770985
8.304495
8.469591
8.288610
8.894661
9.947469
10.143032
8.819791
8.968766
9.467957
10.296866
10.443672
10.883815
10.535084
7.661371
7.086555
8.355514
9.488009
8.193291
6.865734
7.863873
8.109113
9.631918
6.083986
7.917370
7.610579
8.857939
7.780087
8.269272
10.083096
7.191777
7.076990
8.002835
8.337384
9.378456
9.138664
8.390621
8.823202
7.367558
8.135763
6.108442
8.098382
8.089636
6.368529
5.501899
9.374103
10.700122
8.043752
11.231124
6.376328
10.984171
5.933902
7.575915
11.220192
2.105293
10.186536
6.780784
7.482784
11.555126
10.263495
7.569359
5.531228
9.964357
7.626093
8.365470
6.985728
8.333611
8.114133
8.208387
8.133410
8.980918
10.297544
6.343360
6.186763
1.972343
5.838051
9.234639
9.184312
8.190818
10.034730
9.524303
5.313425
9.188423
8.342237
7.767197
6.924642
8.823710
9.532486
6.261535
7.758832
8.930747
8.785760
11.176565
7.439586
9.939519
8.989028
6.581952
7.145328
4.404630
5.759135
3.100750
9.131929
8.872287
6.064120
6.686485
5.475025
5.718250
7.008223
7.780179
6.345370
4.906381
10.264692
7.278942
6.609192
6.766371
7.139566
7.483438
6.876013
7.459802
6.609291
6.536846
8.339064
3.934290
5.263597
6.425037
6.232867
7.084943
9.007553
9.458098
7.310264
6.554248
8.079978
6.997132
7.329399
6.283481
8.074418
4.888112
7.246839
8.451371
5.045328
7.201475
8.443738
5.858091
8.313059
8.410155
5.795897
5.857855
7.474175
7.072135
6.704563
5.304091
8.409018
7.649985
8.368326
5.996047
6.138554
5.504669
5.335818
6.935632
4.088647
8.195147
4.789665
6.732076
6.208763
6.929172
6.178178
7.907657
7.745202
6.745627
6.568648
1.417162
6.364710
6.668900
6.064322
5.515371
7.769842
7.831091
6.408888
7.177098
5.920238
5.850065
8.290816
5.221223
7.029600
6.860922
5.921766
5.633102
5.401610
6.799756
6.105725
4.977047
7.366190
6.287040
7.758412
6.805540
4.811480
5.943472
5.337188
8.041992
7.786749
4.790318
5.563533
6.009212
9.229692
6.085782
6.342706
7.170372
7.680406
6.396309
5.401211
6.320670
3.850376
7.414264
6.332441
4.251526
5.879982
5.164510
6.480929
5.793027
5.766112
5.951930
6.324949
4.907230
5.932294
4.861570
5.388087
5.699730
5.225403
4.690716
4.263219
6.319216
5.903494
3.380047
5.468961
3.865825
3.074000
5.850237
4.070244
4.844772
4.997177
4.750288
4.125998
2.822153
2.042464
3.921329
1.754688
4.404150
4.878422
4.014925
4.787173
2.917902
2.660603
3.799569
3.790789
7.020859
4.009408
3.448646
3.391025
1.894651
3.400967
2.728651
7.079335
2.158741
2.631265
2.453297
2.585773
4.902928
3.091846
6.335485
3.054715
2.632161
6.305595
5.785594
6.310505
5.273748
5.950205
5.612634
5.404487
7.928023
6.971250
8.987520
6.490610
5.474345
5.271957
4.884066
5.156853
5.992019
5.972958
5.581641
5.467613
4.629882
5.507239
5.442212
6.017725
5.932756
6.484569
5.322005
5.498256
5.689063
5.243360
5.493966
4.912462
5.391785
5.009274
5.595945
5.603943
4.433415
4.899814
5.370439
5.223134
5.691471
4.806855
4.605587
5.111931
4.276877
4.082856
4.639840
4.990364
4.705671
5.143369
5.226801
5.242042
4.914413
5.262221
5.075906
5.700224
6.483169
4.671665
4.872011
5.361910
5.834092
5.587136
5.864272
5.934901
5.664208
5.812115
5.264414
5.606625
4.897184
4.500107
4.260343
4.552264
6.436450
6.264223
6.544232
5.826494
6.163372
5.238885
5.724376
4.650329
4.802413
4.624514
5.036367
5.810302
5.978664
5.033537
5.128461
5.542824
6.130478
6.239878
6.612822
6.328450
4.189097
3.760740
4.682953
5.499040
4.660518
3.648405
4.404628
4.509188
5.697845
3.098458
4.397791
4.136544
5.067656
4.320422
4.649325
5.986088
3.847643
3.850997
4.535760
4.694432
5.506842
5.308992
4.786301
5.087664
4.097055
4.614080
3.213973
4.538994
4.560259
3.283208
2.619992
5.453003
6.576853
4.467728
6.894800
3.240332
6.716301
2.994676
4.231808
6.915765
0.530314
6.186017
3.552958
4.104826
7.173516
6.204618
4.211361
2.912495
6.050492
4.173100
4.816556
3.997767
4.707658
4.543563
4.673688
4.573158
5.209680
6.272833
3.339900
3.282145
0.476559
2.942760
5.432548
5.372417
4.624397
6.070641
5.672104
2.576391
5.424166
4.842278
4.387267
3.744493
5.114338
5.694313
3.219670
4.427052
5.244682
5.096039
6.962928
4.207625
6.002136
5.269535
3.479337
3.981812
1.945242
3.223648
1.118962
5.492649
5.239601
3.155063
3.628928
2.716164
2.961785
3.792157
4.523624
3.377682
2.385725
6.317040
4.173601
3.572875
3.731601
3.926515
4.218022
3.747717
4.192379
3.542493
3.591588
4.934010
1.729878
2.563344
3.487096
3.325209
4.099085
5.345060
5.707562
4.193111
3.575466
4.654666
3.867203
4.152478
3.439631
4.667537
2.515007
4.063400
4.973023
2.509652
4.099454
5.006153
3.092476
5.043395
4.967224
3.081971
3.117796
4.264585
3.967138
3.782862
2.691988
4.943102
4.379212
4.941417
3.276656
3.354011
2.785501
2.770993
3.928703
1.905975
4.859672
2.513279
3.718587
3.525770
3.842697
3.465549
4.624150
4.461609
3.761061
3.679535
0.271141
3.528147
3.696489
3.304092
2.860901
4.568890
4.680694
3.576992
4.117698
3.254012
3.156301
4.922153
2.698943
4.050953
3.902382
3.148980
3.178376
3.014665
3.847317
3.294162
2.543050
4.242998
3.513332
4.573961
3.870912
2.663638
3.295758
2.876020
4.782575
4.618760
2.439771
3.008357
3.390716
5.731235
3.358041
3.603284
4.191281
4.528575
3.535573
3.050918
3.529705
1.802473
4.343888
3.547012
2.133046
3.200960
2.790720
3.716699
3.127000
3.503270
3.265867
3.517807
2.544734
3.379813
2.509277
3.000403
3.107838
2.780078
2.404726
2.236025
3.536423
3.274723
1.660228
2.988997
1.889079
1.314262
3.245831
1.985722
2.579805
2.636271
2.477436
2.179423
1.153080
0.792893
2.066995
0.781626
3.981213
4.600082
3.636690
4.355896
2.615471
2.376994
3.433602
3.425066
6.508652
3.640965
3.097619
3.054579
1.655699
3.054956
2.447665
6.570137
1.903718
2.347349
2.190660
2.282389
4.518687
2.808313
5.889263
2.762403
2.363140
5.860866
5.356680
5.870730
4.866916
5.523592
5.190680
4.990926
7.424393
6.503839
8.468115
6.051712
5.062540
4.874830
4.509334
4.764896
5.580588
5.552354
5.182655
5.073339
4.269098
5.113106
5.053021
5.607018
5.532828
6.059903
4.944620
5.115428
5.303578
4.867974
5.113860
4.555530
5.018733
4.646581
5.212616
5.222194
4.094866
4.543131
5.001040
4.862997
5.312924
4.461915
4.272909
4.758056
3.959743
3.781079
4.312199
4.648428
4.374020
4.797953
4.879876
4.892923
4.580479
4.917312
4.738496
5.342306
6.098622
4.354977
4.545480
5.022522
5.474267
5.242073
5.505408
5.574985
5.320714
5.460822
4.941329
5.267736
4.582210
4.204137
3.973192
4.254035
6.075577
5.907288
6.182079
5.484424
5.811487
4.918738
5.393094
4.357927
4.509775
4.333187
4.727584
5.476211
5.643216
4.734814
4.825742
5.233304
5.799685
5.906897
6.274897
5.997734
3.926681
3.512617
4.404315
5.192855
4.396482
3.413588
4.149076
4.242054
5.402112
2.887455
4.140583
3.884235
4.788689
4.071197
4.387107
5.683750
3.611028
3.625307
4.290382
4.435043
5.229130
5.035851
4.533088
4.824477
3.873488
4.370588
3.023043
4.294209
4.318869
3.078836
2.432847
5.182651
6.291311
4.227124
6.594534
3.036574
6.423975
2.808060
4.014222
6.624096
0.451810
5.920250
3.347745
3.888932
6.881856
5.938818
3.999677
2.757323
5.798887
3.956985
4.594203
3.817855
4.481544
4.322511
4.456223
4.354742
4.977019
6.023064
3.164302
3.114358
0.409310
2.776985
5.203737
5.143903
4.413974
5.833539
5.443912
2.425785
5.204128
4.641263
4.195274
3.566832
4.902074
5.474526
3.053711
4.242802
5.038089
4.890238
6.724215
4.033514
5.783647
5.066187
3.316162
3.815654
1.824098
3.098334
1.028609
5.300348
5.048677
3.009283
3.474848
2.580922
2.827326
3.630823
4.360712
3.232672
2.267755
6.116004
4.022728
3.426770
3.586344
3.771774
4.061138
3.599424
4.037055
3.399234
3.455935
4.773599
1.636448
2.443203
3.354630
3.195082
3.965479
5.175861
5.534693
4.054771
3.445205
4.501793
3.730596
4.014266
3.319355
4.519251
2.420066
3.928132
4.823833
2.408245
3.970645
4.861695
2.981670
4.909391
4.825192
2.975669
3.010908
4.136211
3.844484
3.669532
2.593681
4.806189
4.252095
4.808099
3.176044
3.251165
2.686227
2.679144
3.818150
1.831925
4.736362
2.436159
3.610605
3.432477
3.733084
3.372254
4.507888
4.346170
3.658628
3.581707
0.243921
3.433743
3.597351
3.213982
2.775552
4.463004
4.577541
3.486740
4.019577
3.171370
3.073246
4.814865
2.623467
3.959530
3.812469
3.066385
3.107730
2.946942
3.760481
3.212921
2.475371
4.152568
3.435399
4.483064
3.789079
2.617275
3.224610
2.811247
4.693315
4.533146
2.380123
2.943203
3.324256
5.638988
3.289719
3.535274
4.117008
4.450099
3.466287
2.996613
3.463837
1.757795
4.271790
3.483423
2.087901
3.141574
2.739917
3.656410
3.069918
3.456939
3.209586
3.459208
2.497628
3.330121
2.463533
2.954361
3.057643
2.733840
2.362649
2.200240
3.484477
3.226798
1.632245
2.945402
1.856546
1.286557
3.201340
1.952213
2.543168
2.598261
2.441608
2.150718
1.129469
0.777341
2.098171
0.639844
2.413809
2.522805
2.092600
2.530601
1.426674
1.275667
1.899736
1.881582
4.197627
2.063650
1.602138
1.627361
0.734424
1.562550
1.293415
4.196598
0.877337
1.161468
1.114192
0.982037
2.777387
1.606085
3.799906
1.500621
1.226400
3.759506
3.335163
3.782907
2.953793
3.494863
3.181207
3.021218
4.946942
4.219950
5.885690
3.911914
3.067582
2.955420
2.709611
2.861017
3.558991
3.471029
3.217669
3.128328
2.509799
3.154988
3.116549
3.538611
3.519659
3.894958
3.048509
3.180435
3.345215
2.962476
3.173194
2.745461
3.104701
2.788525
3.223911
3.235656
2.361264
2.693276
3.067319
2.978169
3.308798
2.655832
2.535102
2.883113
2.304464
2.214547
2.573828
2.819660
2.602724
2.933124
2.999177
2.991601
2.767513
3.027970
2.889395
3.355342
3.933697
2.616823
2.737157
3.123928
3.435997
3.291566
3.457143
3.511549
3.356639
3.437267
3.083503
3.309751
2.774917
2.516008
2.336891
2.536371
3.928909
3.778347
4.008797
3.438600
3.689793
3.005407
3.394712
2.619237
2.761717
2.586443
2.851357
3.414442
3.562770
2.904239
2.958667
3.309360
3.715340
3.797159
4.120071
3.884893
2.298995
1.981053
2.642744
3.221441
2.725893
1.950692
2.525596
2.524935
3.463652
1.574538
2.474344
2.247316
2.942406
2.442280
2.651772
3.633193
2.056082
2.147477
2.652949
2.681036
3.323828
3.157513
2.802438
3.006771
2.361117
2.692233
1.756594
2.589654
2.633346
1.684517
1.171438
3.237644
4.212798
2.507465
4.374983
1.604488
4.248232
1.503639
2.443408
4.422712
0.039790
3.916960
1.850380
2.292444
4.627058
3.894891
2.414253
1.655321
3.848145
2.307354
2.881145
2.471162
2.716804
2.593357
2.749879
2.631074
3.114821
3.994623
1.802510
1.816423
0.030595
1.483657
3.317759
3.250937
2.680582
3.840099
3.522905
1.231360
3.339283
2.948120
2.579744
2.080835
3.070708
3.558695
1.655808
2.655518
3.219617
3.068828
4.561457
2.508713
3.799568
3.223241
1.873610
2.332904
0.798135
2.022216
0.311297
3.506145
3.258172
1.687813
2.056360
1.355537
1.602797
2.107581
2.810577
1.869162
1.193278
4.116205
2.568059
2.016176
2.176108
2.245476
2.500333
2.126745
2.473729
1.965105
2.099768
3.119483
0.757985
1.243501
2.000650
1.860018
2.579242
3.351978
3.653420
2.581914
2.061062
2.828879
2.247719
2.500485
2.019803
2.856018
1.422799
2.407711
3.112705
1.303873
2.500557
3.174669
1.726742
3.329549
3.132385
1.751494
1.769015
2.591100
2.365816
2.307962
1.430489
3.092407
2.663003
3.117551
1.939963
1.972172
1.448330
1.539616
2.393077
0.936386
3.097870
1.478366
2.177370
2.210965
2.250889
2.129674
2.896898
2.734128
2.238047
2.221561
0.004619
2.105429
2.180615
1.932818
1.561464
2.896196
3.042285
2.155490
2.540901
1.944771
1.827942
3.134180
1.486573
2.527913
2.392812
1.765316
2.010401
1.892299
2.340858
1.882995
1.387510
2.620112
2.126941
2.909241
2.375103
1.714179
1.993389
1.699009
3.066422
2.964110
1.336177
1.766730
2.106070
3.853467
1.999379
2.236445
2.662966
2.883927
2.086570
1.944465
2.127166
0.898532
2.753386
2.147527
1.180414
1.872330
1.666237
2.330461
1.806279
2.451920
1.931213
2.101967
1.425753
2.135922
1.396407
1.863528
1.834436
1.604102
1.334594
1.337954
2.134750
1.975345
0.965142
1.787979
1.022295
0.591137
1.961123
1.045891
1.519765
1.512200
1.411376
1.330050
0.486329
0.403552
1.365215
0.359265
1.577592
1.454849
1.297950
1.523127
0.902999
0.818587
1.115070
1.089903
2.825294
1.246685
0.847094
0.923863
0.412995
0.809547
0.795492
2.778195
0.475252
0.638687
0.673549
0.372163
1.834679
1.069347
2.594103
0.918087
0.737612
2.543448
2.178817
2.576159
1.878167
2.331681
2.032030
1.901485
3.444328
2.862597
4.303011
2.662011
1.926225
1.870399
1.714158
1.786591
2.395392
2.261904
2.095576
2.020716
1.541444
2.036393
2.013680
2.335865
2.357933
2.618419
1.973776
2.075867
2.222499
1.878978
2.062670
1.732687
2.013096
1.738493
2.074965
2.087775
1.403225
1.647166
1.957518
1.904603
2.144862
1.640428
1.570527
1.814757
1.400901
1.377233
1.606609
1.783836
1.609628
1.869046
1.922595
1.898928
1.740818
1.943220
1.834412
2.196023
2.639866
1.643701
1.710667
2.028942
2.235327
2.156415
2.247860
2.290303
2.209649
2.244972
2.015410
2.165715
1.743788
1.574041
1.433414
1.571097
2.640172
2.502421
2.698959
2.224176
2.417726
1.889656
2.214410
1.633888
1.768790
1.593978
1.760897
2.183791
2.317537
1.846572
1.873001
2.180366
2.465086
2.527268
2.815722
2.611629
1.390413
1.144311
1.632349
2.052572
1.782956
1.163582
1.617096
1.545436
2.317026
0.898280
1.531615
1.326149
1.863133
1.526124
1.655005
2.398637
1.194093
1.343036
1.727862
1.667696
2.196101
2.049584
1.805180
1.943484
1.527174
1.732848
1.106777
1.609556
1.667081
0.936962
0.523438
2.074575
2.948741
1.513045
3.003781
0.825560
2.909030
0.819837
1.558592
3.062750
0.026284
2.705144
1.018915
1.385884
3.224472
2.650559
1.514578
1.119063
2.672519
1.357913
1.883482
1.748804
1.679286
1.582152
1.755371
1.623053
2.002050
2.756240
1.065476
1.126987
0.032632
0.796751
2.184270
2.111722
1.661018
2.624319
2.361186
0.616111
2.218913
1.956535
1.646122
1.244258
1.973693
2.397641
0.884166
1.740861
2.130477
1.977019
3.212246
1.639268
2.583948
2.113405
1.064718
1.493299
0.301926
1.487802
0.046524
2.430295
2.184659
0.966919
1.261987
0.706077
0.953536
1.233019
1.915329
1.113952
0.655195
2.881147
1.742904
1.223759
1.383521
1.365085
1.593530
1.285841
1.564153
1.152347
1.345261
2.140260
0.362201
0.605471
1.246055
1.119229
1.799503
2.242372
2.500185
1.735683
1.281184
1.831200
1.392664
1.621741
1.301895
1.863924
0.931587
1.522272
2.083290
0.730769
1.651740
2.162132
1.039046
2.396856
2.114238
1.085693
1.089459
1.682880
1.507196
1.537073
0.808514
2.055563
1.719606
2.097370
1.261470
1.260966
0.767650
0.932573
1.570681
0.512188
2.114008
1.006492
1.347202
1.539766
1.383055
1.441805
1.931306
1.767340
1.414979
1.443584
0.069955
1.350613
1.358839
1.212695
0.891434
1.960259
2.129701
1.396075
1.670115
1.263341
1.132036
2.110149
0.871487
1.690582
1.564092
1.025472
1.423532
1.337169
1.510602
1.119870
0.806211
1.703755
1.378812
1.960974
1.546776
1.270029
1.301859
1.096659
2.076286
2.017141
0.784087
1.114499
1.422059
2.742014
1.260296
1.490593
1.799900
1.936077
1.278696
1.382792
1.350943
0.481303
1.839615
1.370766
0.725763
1.144995
1.085740
1.559697
1.082048
1.921997
1.195152
1.306169
0.844396
1.462117
0.817889
1.266799
1.137696
0.977355
0.784022
0.911801
1.341315
1.255522
0.684824
1.138212
0.615433
0.288420
1.247950
0.583699
0.969082
0.913993
0.854836
0.930901
0.220458
0.340079
1.031023
0.365245
1.164962
0.867424
0.915903
0.980524
0.724224
0.689590
0.739132
0.708336
2.006292
0.845386
0.492055
0.607278
0.383666
0.455004
0.632614
1.922080
0.383825
0.456062
0.552408
0.123291
1.334923
0.874842
1.895619
0.688427
0.578179
1.836228
1.516201
1.875262
1.275635
1.662901
1.373455
1.264742
2.519023
2.046309
3.316779
1.925954
1.271520
1.257774
1.168628
1.181278
1.722613
1.554533
1.453393
1.389095
1.014318
1.395846
1.384651
1.631318
1.683943
1.857679
1.364617
1.443919
1.576569
1.262246
1.425255
1.168534
1.389276
1.145648
1.407340
1.420641
0.878670
1.055990
1.318075
1.292136
1.464054
1.071089
1.039137
1.204916
0.914796
0.940689
1.071957
1.197230
1.054857
1.260536
1.304360
1.268262
1.159502
1.317898
1.231178
1.513941
1.856224
1.101159
1.127646
1.394049
1.520571
1.490673
1.526007
1.559138
1.534072
1.534980
1.398611
1.491445
1.154195
1.051269
0.939305
1.030177
1.855458
1.727049
1.897758
1.494496
1.644355
1.233650
1.509513
1.075444
1.204342
1.029579
1.122435
1.439503
1.561975
1.231903
1.236962
1.511415
1.704560
1.751668
2.013889
1.832901
0.885906
0.693589
1.050619
1.351259
1.251421
0.749054
1.110902
0.985509
1.631006
0.566038
0.998499
0.808977
1.226659
1.012148
1.080062
1.644415
0.720033
0.912010
1.205736
1.078854
1.520871
1.388970
1.227594
1.315913
1.071959
1.182925
0.789599
1.043480
1.111138
0.545372
0.206509
1.369651
2.167520
0.934515
2.141352
0.408687
2.070134
0.474017
1.061183
2.207402
0.184203
1.960763
0.560569
0.870737
2.335670
1.880610
1.003796
0.881572
1.953475
0.808857
1.297857
1.370145
1.063121
0.985526
1.171044
1.028288
1.328166
1.987535
0.673894
0.770968
0.196853
0.442106
1.493195
1.416072
1.055172
1.870508
1.647805
0.313822
1.536133
1.370436
1.103393
0.774318
1.307450
1.682931
0.462325
1.211107
1.469122
1.313397
2.354606
1.142514
1.826354
1.435184
0.612775
1.017982
0.084843
1.241705
0.003144
1.776123
1.531993
0.579432
0.818937
0.371857
0.619214
0.728851
1.395337
0.699123
0.403557
2.104610
1.274674
0.779922
0.939307
0.854528
1.062843
0.804511
1.030884
0.691710
0.928226
1.553825
0.214701
0.275377
0.827972
0.711294
1.362004
1.556322
1.781050
1.247402
0.842607
1.228432
0.897014
1.108019
0.909000
1.264396
0.708856
1.002548
1.454948
0.445677
1.158867
1.545780
0.666980
1.840131
1.492951
0.729396
0.722572
1.143631
1.005048
1.100729
0.484030
1.418552
1.152703
1.472435
0.893508
0.868146
0.397575
0.617696
1.093466
0.334485
1.514788
0.792440
0.863213
1.175211
0.870253
1.064244
1.344461
1.179366
0.934962
0.997281
0.258228
0.921290
0.878886
0.809035
0.525256
1.393694
1.580490
0.961937
1.151919
0.887458
0.745034
1.475928
0.544874
1.196453
1.076223
0.604281
1.117271
1.054580
1.020692
0.680271
0.503262
1.148373
0.949844
1.381132
1.057000
1.069226
0.914623
0.776335
1.463839
1.436972
0.500946
0.755762
1.039183
2.037168
0.835534
1.060521
1.281381
1.353523
0.801296
1.090506
0.896942
0.297322
1.281650
0.915722
0.512976
0.726734
0.777801
1.108323
0.665494
1.651497
0.769272
0.835115
0.534551
1.082474
0.509766
0.944759
0.740166
0.632305
0.496108
0.717336
0.870172
0.839584
0.599518
0.774600
0.434463
0.185640
0.835996
0.360466
0.679034
0.587968
0.559973
0.754313
0.143992
0.415766
0.902725
0.492811
0.977219
0.547903
0.750781
0.694344
0.711714
0.714352
0.577811
0.542579
1.511058
0.664380
0.345675
0.489645
0.482068
0.308405
0.630095
1.397533
0.434699
0.438091
0.580525
0.055064
1.077650
0.847152
1.488365
0.633886
0.576309
1.421813
1.135168
1.465231
0.939453
1.276654
0.994708
0.902235
1.939129
1.548256
2.690622
1.487919
0.894545
0.912283
0.873450
0.840910
1.331285
1.136965
1.084715
1.028187
0.731878
1.027839
1.025128
1.214761
1.290198
1.398440
1.019303
1.081273
1.203205
0.910685
1.057941
0.856182
1.031832
0.811336
1.016553
1.030034
0.595209
0.722202
0.947772
0.941950
1.062245
0.753012
0.749448
0.856002
0.658834
0.721856
0.779094
0.865078
0.746492
0.911543
0.947869
0.902234
0.830456
0.955535
0.885272
1.108509
1.374160
0.800411
0.796248
1.023432
1.089662
1.096481
1.089406
1.115352
1.131955
1.106787
1.040391
1.089793
0.816120
0.763305
0.672749
0.728215
1.369806
1.248260
1.399354
1.049760
1.166560
0.844032
1.082922
0.758925
0.883135
0.708240
0.745176
0.982415
1.096232
0.872049
0.860854
1.110365
1.234411
1.270004
1.512311
1.348551
0.607809
0.455812
0.714060
0.924518
0.952316
0.537862
0.830543
0.664538
1.214954
0.416130
0.697220
0.519536
0.847251
0.724787
0.746647
1.175885
0.462234
0.686443
0.911431
0.734168
1.110995
0.989941
0.890899
0.941432
0.827059
0.866575
0.648288
0.714652
0.789779
0.347572
0.064751
0.935673
1.675951
0.595365
1.588339
0.190910
1.534524
0.309412
0.782316
1.658938
0.398319
1.495519
0.310482
0.577739
1.761249
1.395501
0.713621
0.796962
1.506222
0.489410
0.950730
1.178659
0.692700
0.629659
0.824285
0.673518
0.913688
1.501530
0.471617
0.595310
0.412653
0.267180
1.064873
0.984156
0.690706
1.394512
1.202094
0.177411
1.113159
1.020090
0.785546
0.511115
0.896331
1.235182
0.234886
0.902289
1.061096
0.903517
1.798533
0.857952
1.345299
1.013730
0.361507
0.748974
0.010076
1.144953
0.058843
1.371905
1.128765
0.375673
0.573210
0.207908
0.455045
0.436688
1.091121
0.473925
0.301059
1.606855
1.008854
0.532322
0.691283
0.556423
0.749444
0.528126
0.715261
0.430622
0.699819
1.197762
0.188908
0.111997
0.598219
0.489042
1.117360
1.124443
1.324128
0.964118
0.596600
0.858693
0.607772
0.805035
0.696832
0.896549
0.624506
0.694501
1.065004
0.313977
0.870625
1.164456
0.469406
1.503421
1.107508
0.543290
0.528361
0.819541
0.708752
0.853833
0.321204
1.020339
0.807132
1.083047
0.697423
0.653218
0.199637
0.461177
0.814615
0.280960
1.143835
0.711291
0.578740
0.980511
0.563832
0.859494
0.982043
0.815970
0.652701
0.740269
0.478762
0.676803
0.596158
0.583608
0.327916
1.045385
1.245117
0.713058
0.839638
0.682176
0.531255
1.075929
0.376301
0.901656
0.786012
0.364138
0.963516
0.918518
0.728444
0.425771
0.351499
0.806468
0.702972
1.020567
0.764107
0.993733
0.698669
0.610627
1.078113
1.075420
0.362858
0.560647
0.825776
1.581275
0.590354
0.811221
0.965381
0.989201
0.516007
0.944440
0.629025
0.232541
0.935234
0.646660
0.426152
0.485121
0.619113
0.841547
0.424806
1.520633
0.521328
0.553046
0.373716
0.868981
0.349990
0.774390
0.512855
0.444380
0.351074
0.642530
0.586979
0.597831
0.606531
0.572002
0.369232
0.179151
0.596662
0.263075
0.531234
0.412971
0.408319
0.691574
0.156506
0.542699
0.875995
0.658567
0.905513
0.376889
0.695877
0.548200
0.771462
0.802043
0.525316
0.486632
1.206986
0.596730
0.303978
0.469477
0.624407
0.266209
0.696243
1.070614
0.540817
0.492277
0.669292
0.071198
0.951370
0.893580
1.248968
0.659884
0.641845
1.176706
0.915083
1.223193
0.752901
1.052319
0.775897
0.695537
1.568681
1.239338
2.285145
1.223946
0.676423
0.717751
0.716687
0.650027
1.101923
0.887765
0.872194
0.821410
0.584063
0.815508
0.819073
0.965676
1.058176
1.117024
0.823531
0.872352
0.986104
0.709891
0.845191
0.684698
0.826302
0.623112
0.785721
0.799234
0.444959
0.533964
0.731949
0.741162
0.822499
0.576193
0.593892
0.655760
0.528470
0.619333
0.620745
0.677050
0.576266
0.710637
0.741217
0.688303
0.644259
0.744169
0.686186
0.864516
1.072382
0.635020
0.607690
0.805246
0.825990
0.860354
0.821254
0.841697
0.889565
0.844670
0.830852
0.847458
0.621545
0.606364
0.531819
0.560528
1.063757
0.947274
1.083511
0.774215
0.866034
0.609784
0.820747
0.579510
0.700095
0.525005
0.519751
0.696804
0.804011
0.659442
0.635915
0.866557
0.938489
0.965324
1.192547
1.041659
0.456080
0.334340
0.518136
0.660617
0.784399
0.436028
0.676550
0.479881
0.958633
0.360056
0.527109
0.358243
0.618144
0.564877
0.551977
0.879415
0.324299
0.572679
0.745835
0.530556
0.858220
0.745238
0.693030
0.715028
0.698107
0.683748
0.597131
0.522253
0.602912
0.253624
0.012899
0.663762
1.360600
0.394657
1.226559
0.081388
1.185665
0.239737
0.626542
1.300138
0.613462
1.199187
0.176021
0.410888
1.382470
1.083864
0.548633
0.786625
1.222821
0.302127
0.742524
1.087524
0.466786
0.414616
0.616010
0.459127
0.654267
1.188181
0.371757
0.515402
0.627330
0.187654
0.794518
0.711011
0.468249
1.088017
0.918311
0.126368
0.846322
0.807840
0.597675
0.364293
0.638083
0.949277
0.114735
0.720798
0.804842
0.645785
1.430672
0.694387
1.033742
0.746955
0.222757
0.596788
0.004023
1.122269
0.150834
1.117613
0.875136
0.272113
0.437977
0.134152
0.381043
0.266257
0.911536
0.353741
0.273157
1.281343
0.857850
0.394953
0.553515
0.380878
0.562307
0.368771
0.526291
0.282622
0.576342
0.978113
0.217790
0.037231
0.473412
0.369804
0.981187
0.847251
1.028007
0.798624
0.459089
0.627965
0.437560
0.624402
0.584484
0.666936
0.608218
0.509749
0.818526
0.261817
0.700551
0.924237
0.367429
1.296633
0.863961
0.449717
0.428611
0.621949
0.532006
0.714198
0.244776
0.766650
0.592992
0.835850
0.595661
0.537195
0.096329
0.388972
0.650252
0.286136
0.909994
0.695525
0.409848
0.879122
0.378271
0.750392
0.754184
0.587301
0.485033
0.591535
0.689427
0.537350
0.427848
0.458358
0.223736
0.827491
1.036888
0.569865
0.648648
0.571657
0.414268
0.818694
0.293200
0.723469
0.611205
0.226948
0.891283
0.859533
0.551819
0.277490
0.280483
0.592252
0.560223
0.792164
0.586575
0.979777
0.578913
0.528623
0.830420
0.845855
0.301437
0.456228
0.707519
1.280419
0.448041
0.665740
0.769624
0.756998
0.343228
0.876393
0.469186
0.225544
0.716168
0.485754
0.402358
0.344742
0.541087
0.682091
0.284922
1.463350
0.375847
0.381811
0.293671
0.749230
0.270609
0.686968
0.382503
0.343610
0.282524
0.626777
0.414298
0.456278
0.652170
0.459790
0.360358
0.214429
0.456600
0.229796
0.459943
0.321144
0.333998
0.684119
0.205632
0.677888
0.895450
0.822852
0.890985
0.287542
0.693866
0.477445
0.855629
0.907180
0.524864
0.483518
1.017032
0.584679
0.311399
0.493041
0.770235
0.273066
0.784593
0.863021
0.659129
0.571433
0.774417
0.121585
0.894493
0.966647
1.106818
0.717447
0.729109
1.030063
0.787220
1.078747
0.650162
0.921063
0.648748
0.577450
1.327258
1.044171
2.017239
1.062496
0.549426
0.608456
0.635762
0.543357
0.966232
0.737067
0.749054
0.702534
0.509511
0.692330
0.700565
0.814709
0.920002
0.941602
0.712521
0.751377
0.858929
0.594925
0.721167
0.591680
0.707587
0.517374
0.647845
0.661325
0.367623
0.427975
0.605139
0.625612
0.677562
0.478567
0.512219
0.540387
0.465641
0.577403
0.536730
0.570644
0.483211
0.594419
0.620620
0.562170
0.538946
0.619848
0.571056
0.715521
0.879842
0.545085
0.500256
0.675457
0.661909
0.716947
0.653684
0.669927
0.741276
0.681474
0.707177
0.699043
0.509025
0.522113
0.459569
0.468086
0.867103
0.754382
0.879373
0.600362
0.673320
0.466906
0.656793
0.477799
0.595600
0.420309
0.383244
0.514936
0.617114
0.532419
0.499556
0.715941
0.748594
0.768779
0.984594
0.843343
0.374509
0.275492
0.403192
0.494449
0.690431
0.391750
0.592957
0.373154
0.797908
0.350013
0.431172
0.268892
0.477693
0.476462
0.437344
0.688101
0.252270
0.518792
0.652881
0.408933
0.699539
0.592581
0.575575
0.576044
0.632427
0.577462
0.589909
0.408660
0.493432
0.214038
0.004950
0.490114
1.154202
0.274506
0.985109
0.029776
0.953842
0.218020
0.539963
1.060682
0.805990
1.006653
0.105286
0.315722
1.127726
0.879611
0.454721
0.809077
1.039674
0.191284
0.615882
1.048958
0.326716
0.282679
0.489120
0.327585
0.488779
0.982050
0.326282
0.484898
0.818525
0.157340
0.620509
0.534854
0.330199
0.886659
0.734003
0.117206
0.674675
0.677235
0.485373
0.282844
0.472710
0.763038
0.053221
0.613062
0.640782
0.480566
1.182505
0.599957
0.827864
0.574741
0.146866
0.510737
0.027926
1.133607
0.248447
0.954517
0.712493
0.222387
0.364364
0.106770
0.353428
0.166011
0.804354
0.291226
0.280062
1.064177
0.771999
0.319322
0.477538
0.276418
0.449076
0.276408
0.411590
0.198717
0.510850
0.840184
0.266897
0.008274
0.406743
0.307280
0.905872
0.665740
0.832203
0.701106
0.382590
0.481254
0.336357
0.515311
0.526750
0.520888
0.622706
0.397382
0.659652
0.249171
0.599103
0.769944
0.317154
1.167418
0.707032
0.405639
0.379839
0.499484
0.425190
0.635274
0.213390
0.601787
0.457858
0.675790
0.545033
0.475792
0.044454
0.360468
0.552333
0.315795
0.759692
0.709336
0.308353
0.828398
0.264144
0.693778
0.608133
0.440599
0.384208
0.504921
0.873310
0.457641
0.326374
0.389258
0.170454
0.688571
0.905202
0.487094
0.529856
0.513400
0.351101
0.649914
0.255460
0.614112
0.504353
0.148371
0.861562
0.839744
0.443437
0.190403
0.251518
0.455453
0.477180
0.644607
0.477270
0.993565
0.513019
0.491108
0.668144
0.697185
0.279297
0.401684
0.642518
1.077927
0.364854
0.580128
0.646127
0.606030
0.236951
0.848914
0.372573
0.243943
0.574894
0.388222
0.407999
0.262584
0.505828
0.585496
0.203021
1.443590
0.289657
0.276197
0.256663
0.682296
0.234024
0.644293
0.307474
0.290812
0.253942
0.637900
0.307257
0.372630
0.709394
0.398155
0.376472
0.263742
0.373889
0.227429
0.428926
0.274630
0.300624
0.701042
0.265110
0.802114
0.932521
0.968906
0.902400
0.242601
0.714632
0.446427
0.941191
1.008492
0.546658
0.503272
0.896107
0.597634
0.338976
0.532733
0.901926
0.300110
0.872945
0.728566
0.769963
0.652758
0.875255
0.181184
0.873314
1.043247
1.021379
0.782307
0.816289
0.941137
0.712387
0.991397
0.594174
0.843583
0.574324
0.509808
1.166741
0.918439
1.836720
0.962074
0.474909
0.547225
0.595853
0.484034
0.885036
0.644536
0.677233
0.633879
0.474192
0.620381
0.632090
0.721774
0.836659
0.830190
0.649557
0.680882
0.783726
0.528885
0.648272
0.542088
0.638628
0.458144
0.564393
0.577811
0.329677
0.368427
0.529881
0.558800
0.588597
0.425184
0.470804
0.473581
0.438349
0.565811
0.493434
0.510454
0.433031
0.526778
0.549647
0.487001
0.479412
0.545979
0.504074
0.623020
0.754521
0.496967
0.438937
0.597279
0.557883
0.628454
0.546972
0.560020
0.649014
0.577959
0.633379
0.606591
0.443561
0.477901
0.424355
0.417640
0.738183
0.628260
0.744760
0.488510
0.547241
0.378310
0.552300
0.420128
0.535804
0.360331
0.299288
0.396806
0.495167
0.455512
0.415591
0.621213
0.624271
0.639418
0.846615
0.712588
0.331603
0.249660
0.335103
0.387773
0.638072
0.376766
0.548349
0.311101
0.695178
0.360679
0.377152
0.219800
0.390106
0.428015
0.369133
0.562138
0.216070
0.496220
0.600870
0.335313
0.597994
0.495542
0.505005
0.489237
0.600772
0.515213
0.602201
0.340852
0.428692
0.201881
0.016579
0.376984
1.016391
0.201589
0.820856
0.008394
0.796778
0.219085
0.492174
0.897787
0.968242
0.879022
0.069311
0.261328
0.953182
0.743046
0.401186
0.843108
0.918913
0.124921
0.537599
1.036947
0.238270
0.200328
0.410540
0.245475
0.381089
0.843739
0.308877
0.478734
0.979218
0.151265
0.506240
0.418941
0.242944
0.751722
0.611872
0.126890
0.562020
0.595448
0.417338
0.238006
0.364672
0.639266
0.023308
0.548329
0.533624
0.372508
1.011983
0.545133
0.689122
0.461313
0.105919
0.462115
0.062046
1.158242
0.337999
0.847793
0.606084
0.200952
0.324920
0.102101
0.348559
0.106442
0.739538
0.260008
0.301073
0.916493
0.723137
0.278127
0.436056
0.213471
0.379501
0.222516
0.340857
0.151140
0.477110
0.751890
0.319370
0.001958
0.372014
0.275647
0.864585
0.544489
0.700168
0.643029
0.340311
0.386097
0.275433
0.448424
0.498497
0.426131
0.648769
0.327930
0.555167
0.254734
0.537795
0.668833
0.294318
1.085137
0.603864
0.387394
0.358038
0.422186
0.359648
0.590703
0.204577
0.492476
0.370903
0.570046
0.521640
0.444264
0.020075
0.353657
0.493246
0.352719
0.661126
0.734283
0.246478
0.804717
0.192714
0.665618
0.512626
0.344578
0.322698
0.454084
1.026065
0.411954
0.264282
0.351510
0.144591
0.598220
0.820275
0.438963
0.454588
0.483676
0.317658
0.536949
0.241110
0.545830
0.437934
0.103213
0.853159
0.838794
0.375776
0.138749
0.243592
0.366333
0.428502
0.547343
0.408779
1.017709
0.477160
0.476588
0.559689
0.598949
0.276285
0.374256
0.607197
0.939088
0.315800
0.529225
0.566685
0.505886
0.170428
0.841683
0.313280
0.271204
0.481939
0.328171
0.425589
0.214062
0.492588
0.526064
0.154629
1.441952
0.237992
0.209889
0.241976
0.645061
0.219614
0.625277
0.264083
0.264133
0.245469
0.659295
0.239682
0.322643
0.765427
0.364696
0.401518
0.313756
0.324502
0.238499
0.418409
0.252427
0.288293
0.726550
0.322630
0.908352
0.973132
1.091534
0.923659
0.221417
0.742888
0.435683
1.018182
1.097317
0.575605
0.530664
0.817582
0.619867
0.372195
0.575051
1.013476
0.332867
0.951831
0.639715
0.865733
0.726294
0.963459
0.238326
0.869629
1.113146
0.969284
0.843328
0.894094
0.886366
0.668210
0.937781
0.564128
0.797343
0.530355
0.470933
1.057948
0.835795
1.712816
0.898443
0.430759
0.513057
0.577713
0.451257
0.835771
0.586726
0.634996
0.594019
0.459397
0.577987
0.592295
0.663545
0.785633
0.758009
0.613836
0.639469
0.738754
0.490787
0.604995
0.516339
0.598278
0.425097
0.513092
0.526451
0.312596
0.335068
0.484679
0.519937
0.533039
0.396388
0.451002
0.434645
0.429139
0.568400
0.472138
0.476422
0.406521
0.487107
0.507449
0.441620
0.445791
0.501544
0.464804
0.564514
0.671305
0.471845
0.403858
0.549491
0.490622
0.572865
0.477651
0.488277
0.590533
0.510992
0.588763
0.547916
0.405181
0.455499
0.408713
0.390514
0.651966
0.544134
0.654222
0.415089
0.463093
0.322360
0.484367
0.387422
0.501481
0.325853
0.246744
0.318519
0.413990
0.408221
0.362970
0.560472
0.541234
0.552573
0.753266
0.624660
0.309786
0.240679
0.294296
0.317902
0.609071
0.375882
0.525148
0.274752
0.628193
0.379036
0.346800
0.193141
0.334453
0.401808
0.328031
0.477548
0.199031
0.489422
0.571896
0.290057
0.531700
0.432624
0.461995
0.433989
0.587022
0.478417
0.621498
0.299838
0.389971
0.202725
0.035312
0.301789
0.922602
0.156631
0.707130
0.002197
0.688431
0.229752
0.466052
0.785002
1.100196
0.792751
0.052017
0.230154
0.831548
0.649986
0.370611
0.878431
0.837700
0.084642
0.488331
1.037548
0.181320
0.147950
0.360985
0.193247
0.309591
0.749175
0.305309
0.483613
1.109682
0.156179
0.429697
0.341144
0.186704
0.659574
0.529349
0.143575
0.486599
0.543248
0.375473
0.213587
0.292664
0.555400
0.010079
0.508874
0.462219
0.300411
0.892851
0.513078
0.593882
0.385112
0.084263
0.434667
0.096867
1.185909
0.414517
0.776551
0.535064
0.193880
0.304278
0.107620
0.353913
0.070606
0.699737
0.245484
0.325850
0.814271
0.695288
0.256034
0.413733
0.174975
0.336002
0.190808
0.296457
0.124157
0.460527
0.694229
0.367655
0.005975
0.354629
0.260579
0.842235
0.461933
0.609479
0.607999
0.317158
0.323127
0.238217
0.406705
0.485846
0.363406
0.676975
0.284224
0.485077
0.267468
0.500179
0.601241
0.285633
1.031690
0.534681
0.382124
0.350076
0.372435
0.318732
0.565560
0.206338
0.418574
0.313813
0.498801
0.512371
0.428857
0.010035
0.356829
0.457054
0.388785
0.595189
0.761307
0.208134
0.795110
0.147150
0.652611
0.448911
0.280463
0.284547
0.423955
1.149176
0.385675
0.225640
0.331181
0.133195
0.538267
0.764391
0.410765
0.405950
0.469307
0.300477
0.459894
0.238276
0.502386
0.395878
0.077149
0.854748
0.845980
0.332733
0.107743
0.245490
0.307099
0.399698
0.481953
0.365034
1.043683
0.457954
0.473433
0.485811
0.532752
0.281753
0.361333
0.588321
0.842276
0.286559
0.498582
0.514547
0.438152
0.127988
0.843864
0.276257
0.299322
0.419554
0.290542
0.446391
0.185087
0.490158
0.488849
0.125714
1.448219
0.206590
0.167451
0.238384
0.624483
0.216206
0.618389
0.238835
0.251453
0.246483
0.682778
0.196181
0.292370
0.814948
0.346840
0.427690
0.358712
0.294621
0.254115
0.417764
0.242974
0.286258
0.752988
0.373152
0.995535
1.010903
1.191029
0.946838
0.212636
0.771311
0.434736
1.083266
1.171296
0.604502
0.558378
0.765556
0.643674
0.404261
0.613955
1.104482
0.364551
1.018227
0.579836
0.944814
0.788628
1.036823
0.288297
0.873802
1.172697
0.936992
0.896174
0.959562
0.852020
0.641820
0.904276
0.548375
0.769379
0.504098
0.448494
0.982864
0.780380
1.626336
0.857331
0.404291
0.494094
0.570803
0.433327
0.805407
0.549922
0.609901
0.570700
0.454938
0.552743
0.568995
0.626361
0.753859
0.710304
0.593561
0.614901
0.711493
0.468694
0.578992
0.503515
0.574450
0.406764
0.481009
0.494309
0.306247
0.316450
0.457138
0.497150
0.497681
0.381168
0.442543
0.411770
0.428629
0.576762
0.462509
0.457199
0.392946
0.463610
0.482045
0.413812
0.426818
0.474422
0.441561
0.526791
0.614956
0.459220
0.383727
0.519784
0.446248
0.537268
0.431704
0.440497
0.552729
0.466788
0.561373
0.509932
0.382464
0.444802
0.403093
0.376240
0.593202
0.486932
0.592185
0.365927
0.405846
0.286329
0.439305
0.368870
0.481700
0.305946
0.213228
0.265616
0.358901
0.378630
0.329357
0.520738
0.484706
0.493169
0.688956
0.564420
0.299302
0.239847
0.269498
0.271216
0.593141
0.381107
0.513565
0.253262
0.583632
0.398706
0.329795
0.178906
0.298384
0.387894
0.302896
0.419667
0.191990
0.490081
0.555852
0.261747
0.487545
0.391000
0.435348
0.398120
0.582382
0.456419
0.641717
0.274648
0.366497
0.209025
0.055069
0.250832
0.857638
0.128417
0.627141
0.003142
0.612473
0.243373
0.451969
0.705676
1.205087
0.733364
0.044544
0.212223
0.745516
0.585453
0.353105
0.910521
0.782059
0.059804
0.456717
1.043465
0.143907
0.113969
0.329120
0.159362
0.261190
0.683403
0.308025
0.492678
1.213273
0.165253
0.377446
0.287940
0.149719
0.595551
0.472561
0.161457
0.435141
0.509259
0.349257
0.200495
0.243741
0.497541
0.005384
0.484429
0.413714
0.251377
0.808403
0.494168
0.527402
0.332956
0.073157
0.419192
0.128257
1.211904
0.477277
0.728075
0.486747
0.193692
0.293867
0.116894
0.363054
0.048733
0.674872
0.239636
0.349578
0.742392
0.679385
0.244456
0.401974
0.151033
0.308285
0.171959
0.268047
0.108849
0.453039
0.655811
0.408981
0.013971
0.346506
0.254191
0.830358
0.404727
0.546144
0.586553
0.304644
0.280632
0.215100
0.380191
0.481205
0.321064
0.703073
0.256183
0.437166
0.281896
0.476697
0.555187
0.283914
0.996269
0.487407
0.382952
0.348870
0.339765
0.292705
0.551398
0.212420
0.367692
0.275580
0.449905
0.510118
0.421977
0.007188
0.363918
0.434505
0.420621
0.550234
0.786320
0.183935
0.792535
0.117501
0.647462
0.405584
0.236827
0.260448
0.405886
1.246451
0.370490
0.201141
0.320459
0.129190
0.497704
0.726883
0.394091
0.373881
0.463027
0.292074
0.406413
0.240657
0.474190
0.368720
0.062022
0.860429
0.855868
0.304803
0.088867
0.251373
0.266959
0.382456
0.437163
0.336532
1.067654
0.447910
0.475463
0.434597
0.487311
0.290253
0.355982
0.578480
0.773763
0.268904
0.479864
0.479640
0.391498
0.100368
0.849825
0.252701
0.324794
0.376891
0.266508
0.466335
0.167554
0.492600
0.465102
0.108204
1.457186
0.187194
0.139742
0.239909
0.613216
0.217855
0.617413
0.224031
0.246102
0.251433
0.704636
0.167611
0.273750
0.856385
0.337553
0.451538
0.396692
0.276261
0.269997
0.421398
0.239970
0.288832
0.776988
0.415276
1.065248
1.043414
1.269999
0.968353
0.210086
0.796759
0.438070
1.136298
1.231020
0.630281
0.583260
0.730407
0.665603
0.432399
0.647234
1.176974
0.392382
1.072181
0.538729
1.008305
0.839505
1.095996
0.329855
0.880879
1.221454
0.916608
0.939870
1.012754
0.830071
0.625866
0.882952
0.540392
0.752208
0.488205
0.435467
0.930205
0.742527
1.565085
0.830212
0.388201
0.483648
0.569425
0.423641
0.786370
0.526024
0.594810
0.556933
0.455365
0.537520
0.555229
0.602141
0.733695
0.678149
0.582043
0.600151
0.694707
0.455789
0.563140
0.497579
0.560233
0.396667
0.460555
0.473805
0.305152
0.306120
0.440082
0.483674
0.474730
0.373368
0.439824
0.398193
0.431886
0.586692
0.458889
0.446351
0.386344
0.449536
0.466527
0.396479
0.416133
0.457595
0.427645
0.501964
0.576113
0.453284
0.372134
0.500976
0.416391
0.514010
0.400656
0.408060
0.527794
0.437029
0.544269
0.484847
0.368868
0.440245
0.402350
0.368977
0.552445
0.447345
0.548952
0.332381
0.366208
0.262655
0.408829
0.358341
0.470242
0.294387
0.191419
0.229207
0.320841
0.359759
0.307453
0.494220
0.445542
0.451834
0.643923
0.522446
0.294775
0.242581
0.254185
0.239422
0.584492
0.388377
0.508178
0.240412
0.553410
0.416829
0.320305
0.171496
0.274532
0.380715
0.287265
0.379381
0.189969
0.493850
0.547043
0.243699
0.457565
0.362920
0.418536
0.374361
0.582125
0.443091
0.660161
0.258905
0.352042
0.216977
0.073145
0.215673
0.811930
0.110367
0.570113
0.007031
0.558468
0.256794
0.444532
0.649121
1.287196
0.691808
0.042061
0.201863
0.683887
0.540002
0.343048
0.937793
0.743287
0.044213
0.436022
1.051016
0.118835
0.091476
0.308215
0.136931
0.227828
0.636959
0.313131
0.502558
1.294302
0.175131
0.341155
0.250928
0.124910
0.550383
0.432836
0.177935
0.399418
0.486682
0.332524
0.193637
0.209906
0.456975
0.004832
0.469005
0.380175
0.217435
0.747797
0.482892
0.480312
0.296643
0.067740
0.410482
0.154819
1.234401
0.527444
0.694505
0.453292
0.196460
0.288936
0.126775
0.372830
0.035159
0.659040
0.238116
0.370316
0.691157
0.670282
0.238603
0.395980
0.135865
0.290271
0.160614
0.249501
0.100160
0.450233
0.629717
0.442909
0.022806
0.343203
0.252190
0.824220
0.364463
0.501262
0.573198
0.298009
0.251425
0.200475
0.363004
0.480478
0.291952
0.725477
0.237827
0.403851
0.295501
0.461761
0.523256
0.285351
0.972332
0.454544
0.386292
0.350675
0.317881
0.275817
0.543437
0.219693
0.332082
0.249487
0.415780
0.511102
0.419472
0.007714
0.371920
0.420192
0.447241
0.519046
0.807796
0.168361
0.793235
0.097816
0.646216
0.375595
0.206601
0.244924
0.394898
1.322283
0.361663
0.185299
0.314984
0.128766
0.469758
0.701232
0.384118
0.352316
0.460871
0.288314
0.368718
0.245007
0.455519
0.350827
0.053180
0.867247
0.865848
0.286312
0.077186
0.258327
0.239264
0.371995
0.405962
0.317585
1.088202
0.442849
0.479487
0.398538
0.455595
0.299135
0.354434
0.573549
0.724661
0.258082
0.468237
0.455824
0.358836
0.082029
0.856760
0.237414
0.346408
0.347213
0.250848
0.483775
0.156779
0.496857
0.449642
0.097436
1.466344
0.174998
0.121284
0.243453
0.607127
0.221485
0.619063
0.215267
0.244452
0.257532
0.723459
0.148469
0.262094
0.889935
0.332916
0.471839
0.427627
0.264783
0.284290
0.426468
0.240041
0.293097
0.797375
0.449304
1.120040
1.070198
1.331750
0.986852
0.210466
0.818212
0.442873
1.178507
1.278262
0.651968
0.604268
0.706223
0.684380
0.455847
0.674547
1.233802
0.415587
1.115047
0.510035
1.058342
0.880044
1.142777
0.363371
0.888436
1.260382
0.903487
0.974983
1.055009
0.815761
0.616045
0.869103
0.536595
0.741478
0.478432
0.427853
0.892747
0.716221
1.521159
0.811977
0.378263
0.477952
0.570549
0.418510
0.774197
0.510192
0.585601
0.548719
0.457828
0.528201
0.547008
0.586038
0.720654
0.656068
0.575499
0.591171
0.684185
0.448191
0.553318
0.495218
0.551627
0.391167
0.447255
0.460464
0.306418
0.300430
0.429324
0.475605
0.459527
0.369568
0.439847
0.390041
0.436399
0.596225
0.458219
0.440234
0.383422
0.440990
0.456885
0.385469
0.410121
0.446961
0.419198
0.485305
0.548890
0.450835
0.365421
0.488830
0.395923
0.498511
0.379282
0.385644
0.511020
0.416623
0.533381
0.467950
0.360614
0.438793
0.403767
0.365485
0.523736
0.419513
0.518372
0.309089
0.338327
0.246789
0.387838
0.352363
0.463561
0.287627
0.176940
0.203736
0.294124
0.347483
0.292890
0.476181
0.417978
0.422635
0.611937
0.492759
0.293274
0.246542
0.244559
0.217386
0.579877
0.395742
0.506010
0.232624
0.532542
0.432350
0.315038
0.167790
0.258448
0.377178
0.277362
0.350916
0.190305
0.498542
0.542264
0.231962
0.436843
0.343625
0.407720
0.358313
0.583765
0.434889
0.675872
0.248880
0.342982
0.224781
0.088567
0.191020
0.779334
0.098587
0.528988
0.011759
0.519614
0.268691
0.440725
0.608339
1.350789
0.662310
0.041972
0.195842
0.639271
0.507561
0.337247
0.960087
0.715864
0.034238
0.422200
1.058454
0.101713
0.076293
0.294224
0.121789
0.204455
0.603736
0.318709
0.511727
1.357026
0.184292
0.315560
0.224787
0.107952
0.518099
0.404645
0.192047
0.374233
0.471391
0.321630
0.190173
0.186132
0.428132
0.006106
0.459082
0.356613
0.193566
0.703855
0.476080
0.446538
0.270979
0.065330
0.405591
0.176476
1.252995
0.566864
0.670889
0.429760
0.200193
0.286869
0.135856
0.381830
0.026580
0.648759
0.238605
0.387556
0.654218
0.665055
0.235820
0.393088
0.126064
0.278324
0.153687
0.237149
0.095227
0.449725
0.611677
0.470048
0.031052
0.342310
0.252274
0.821188
0.335740
0.469060
0.564726
0.294592
0.231014
0.191038
0.351636
0.481498
0.271604
0.743904
0.225571
0.380329
0.307296
0.452070
0.500769
0.287980
0.955858
0.431348
0.390346
0.353571
0.302942
0.264637
0.538974
0.226695
0.306801
0.231367
0.391612
0.513359
0.419101
0.009622
0.379453
0.410925
0.468784
0.497072
0.825463
0.158136
0.795257
0.084492
0.646768
0.354508
0.185334
0.234722
0.388106
1.380843
0.356495
0.174847
0.312334
0.129916
0.450187
0.683387
0.378072
0.337542
0.460704
0.286938
0.341794
0.249731
0.442912
0.338802
0.047967
0.873819
0.874798
0.273828
0.069827
0.264993
0.219845
0.365546
0.383899
0.304745
1.105090
0.440456
0.483931
0.372807
0.433130
0.307229
0.354674
0.571240
0.689101
0.251334
0.460881
0.439290
0.335640
0.069614
0.863367
0.227290
0.364060
0.326253
0.240438
0.498279
0.150042
0.501433
0.439373
0.090697
1.474602
0.167180
0.108750
0.247479
0.603897
0.225571
0.621656
0.210020
0.244556
0.263468
0.738970
0.135401
0.254659
0.916525
0.330759
0.488452
0.452243
0.257470
0.296375
0.431607
0.241414
0.297626
0.814041
0.476232
1.162596
1.091670
1.379541
1.002082
0.212056
0.835662
0.447787
1.211577
1.315117
0.669585
0.621372
0.689307
0.699801
0.474782
0.696391
1.277860
0.434333
1.148590
0.489710
1.097279
0.911830
1.179258
0.389866
0.895389
1.290947
0.894869
1.002670
1.088072
0.806243
0.609925
0.859927
0.534972
0.734641
0.472321
0.423362
0.865790
0.697641
1.489329
0.799487
0.372012
0.474892
0.572632
0.415874
0.766250
0.499489
0.579890
0.543755
0.460905
0.522400
0.542022
0.575122
0.712050
0.640655
0.571777
0.585605
0.677468
0.443668
0.547121
0.494632
0.546348
0.388215
0.438430
0.451608
0.308558
0.297327
0.422407
0.470714
0.449259
0.367882
0.441034
0.385075
0.440964
0.604565
0.458877
0.436796
0.382383
0.435710
0.450787
0.378336
0.406748
0.440105
0.413992
0.473910
0.529550
0.450132
0.361512
0.480827
0.381656
0.487979
0.364331
0.369901
0.499525
0.402389
0.526313
0.456356
0.355523
0.438821
0.405953
0.363973
0.503240
0.399677
0.496466
0.292667
0.318449
0.235953
0.373143
0.348967
0.459634
0.283639
0.167140
0.185659
0.275108
0.339334
0.283018
0.463692
0.398320
0.401741
0.588944
0.471495
0.293225
0.250603
0.238390
0.201874
0.577476
0.402357
0.505449
0.227830
0.517900
0.445097
0.312135
0.166062
0.247400
0.375573
0.270963
0.330544
0.191610
0.503125
0.539715
0.224175
0.422290
0.330145
0.400621
0.347274
0.586038
0.429752
0.688735
0.242367
0.337194
0.231686
0.101204
0.173490
0.755822
0.090743
0.499054
0.016339
0.491386
0.278664
0.438875
0.578653
1.399671
0.641116
0.042914
0.192316
0.606691
0.484145
0.333882
0.977870
0.696221
0.027726
0.412792
1.065047
0.089818
0.065855
0.284682
0.111378
0.187847
0.579712
0.323890
0.519610
1.405220
0.192165
0.297270
0.206084
0.096161
0.494768
0.384394
0.203639
0.356243
0.460845
0.314392
0.188527
0.169197
0.407379
0.008022
0.452569
0.339831
0.176551
0.671730
0.471902
0.422064
0.252608
0.064461
0.402852
0.193720
1.267933
0.597476
0.654050
0.412982
0.203937
0.286247
0.143624
0.389535
0.021050
0.641946
0.239898
0.401458
0.627334
0.662040
0.234644
0.391829
0.119602
0.270247
0.149385
0.228763
0.092423
0.450251
0.599004
0.491382
0.038164
0.342540
0.253239
0.819806
0.315018
0.445717
0.559243
0.292914
0.216542
0.184826
0.343969
0.483154
0.257173
0.758659
0.217228
0.363506
0.317056
0.445655
0.484720
0.290835
0.944333
0.414761
0.394271
0.356622
0.292567
0.257089
0.536481
0.232831
0.288634
0.218590
0.374281
0.515917
0.419679
0.011915
0.385978
0.404803
0.485854
0.481382
0.839610
0.151287
0.797626
0.075307
0.648028
0.339478
0.170167
0.227882
0.383833
1.425763
0.353440
0.167815
0.311172
0.131614
0.436286
0.670783
0.374349
0.327247
0.461404
0.286726
0.322350
0.254108
0.434242
0.330569
0.044859
0.879582
0.882349
0.265244
0.065099
0.270820
0.206037
0.361499
0.368097
0.295885
1.118605
0.439457
0.488077
0.354238
0.417019
0.314119
0.355651
0.570296
0.663126
0.247046
0.456135
0.427634
0.318969
0.061055
0.869126
0.220455
0.378131
0.311258
0.233383
0.509976
0.145749
0.505655
0.432418
0.086399
1.481591
0.162067
0.100086
0.251279
0.602235
0.229414
0.624373
0.206834
0.245397
0.268698
0.751406
0.126323
0.249820
0.937298
0.329891
0.501712
0.471526
0.252717
0.306222
0.436225
0.243196
0.301782
0.827330
0.497247
1.195374
1.108575
1.416257
1.014287
0.213992
0.849535
0.452223
1.237205
1.343595
0.683579
0.634979
0.677304
0.712138
0.489762
0.713559
1.311749
0.449169
1.174563
0.475132
1.127310
0.936476
1.207438
0.410527
0.901338
1.314669
0.889096
1.024224
1.113671
