0.041331
0.041694
0.041571
0.041345
0.041591
0.041191
0.041383
0.041024
0.040921
0.041016
0.041579
0.041035
0.040993
0.040865
0.041388
0.040576
0.040540
0.040517
0.040464
0.040631
0.040497
0.040549
0.040303
0.040467
0.040567
0.040230
0.039822
0.039773
0.039813
0.040161
0.039293
0.039684
0.039347
0.039378
0.039638
0.039720
0.039038
0.039218
0.038788
0.038980
0.039244
0.038954
0.038647
0.038630
0.039011
0.039091
0.038965
0.038387
0.038449
0.038555
0.038516
0.037908
0.038080
0.038059
0.037738
0.037771
0.037617
0.037604
0.037373
0.037567
0.037795
0.037225
0.037565
0.037877
0.037227
0.037082
0.036734
0.037243
0.037173
0.037095
0.037069
0.037223
0.036546
0.036766
0.036610
0.036209
0.036534
0.036430
0.036349
0.036121
0.035880
0.035800
0.035489
0.035953
0.036129
0.035515
0.035611
0.035691
0.035300
0.035766
0.035438
0.035983
0.035153
0.034945
0.035297
0.034818
0.035119
0.034713
0.034925
0.034903
0.034573
0.034558
0.034134
0.034253
0.034363
0.034396
0.034336
0.034158
0.034619
0.034069
0.034138
0.033559
0.034001
0.034070
0.033758
0.033876
0.033910
0.033521
0.033256
0.033632
0.033333
0.033008
0.033317
0.032693
0.032988
0.033356
0.032878
0.032755
0.032922
0.032628
0.032628
0.032569
0.033172
0.032438
0.032473
0.032304
0.032253
0.032153
0.032058
0.032393
0.032143
0.032027
0.031984
0.031859
0.031525
0.031989
0.032075
0.031610
0.031747
0.031414
0.031295
0.031444
0.031364
0.031603
0.031161
0.031588
0.031257
0.030891
0.030466
0.030840
0.030883
0.030497
0.030648
0.030692
0.030904
0.030505
0.030266
0.030187
0.030181
0.030405
0.030072
0.030221
0.030430
0.029746
0.030037
0.029752
0.029852
0.030038
0.029995
0.029719
0.029615
0.030060
0.029342
0.029813
0.029960
0.029467
0.029440
0.029068
0.029218
0.029202
0.029190
0.028926
0.029063
0.029218
0.028497
0.028922
0.028609
0.028854
0.028695
0.028657
0.028467
0.028266
0.028196
0.028474
0.028350
0.028529
0.028132
0.028387
0.027912
0.027920
0.028257
0.027760
0.028202
0.027761
0.027879
0.027664
0.027626
0.027795
0.027647
0.027464
0.027486
0.027329
0.027024
0.027653
0.027127
0.027396
0.027258
0.027197
0.027108
0.026945
0.027156
0.026791
0.026736
0.027133
0.026600
0.026877
0.026773
0.026382
0.026499
0.026789
0.026498
0.026299
0.026399
0.026076
0.026418
0.026185
0.026046
0.026154
0.026497
0.025701
0.025964
0.025633
0.025830
0.025632
0.025744
0.025328
0.025950
0.025604
0.025126
0.025307
0.025830
0.025186
0.025308
0.025118
0.025324
0.025217
0.024980
0.025021
0.024991
0.024638
0.024999
0.024967
0.024692
0.024770
0.024728
0.024905
0.024861
0.024489
0.024249
0.024299
0.024341
0.024363
0.024861
0.024060
0.023928
0.023995
0.024269
0.024479
0.024062
0.023880
0.023755
0.024012
0.023994
0.023728
0.024037
0.023568
0.023656
0.023922
0.024249
0.023516
0.024203
0.023644
0.023495
0.023638
0.023478
0.023276
0.023428
0.023054
0.023193
0.023256
0.023083
0.023191
0.022824
0.023099
0.022769
0.023051
0.023072
0.022973
0.022664
0.022706
0.022717
0.022569
0.022941
0.022611
0.022672
0.022213
0.022553
0.022388
0.022299
0.022304
0.022115
0.022274
0.022212
0.022469
0.022467
0.021703
0.022131
0.021890
0.021634
0.021713
0.021746
0.022037
0.021487
0.021815
0.022112
0.021487
0.021670
0.021173
0.021268
0.021477
0.021349
0.021171
0.021400
0.021083
0.021218
0.020965
0.020841
0.020936
0.021370
0.021027
0.020909
0.020914
0.021240
0.020657
0.020579
0.020608
0.020624
0.020765
0.020650
0.020746
0.020554
0.020665
0.020740
0.020528
0.020206
0.020184
0.020220
0.020573
0.019919
0.020245
0.019977
0.020041
0.020261
0.020442
0.019805
0.020025
0.019689
0.019826
0.020060
0.019916
0.019666
0.019678
0.020060
0.020137
0.020050
0.019547
0.019653
0.019736
0.019708
0.019313
0.019431
0.019559
0.019224
0.019265
0.019174
0.019201
0.019043
0.019212
0.019477
0.018979
0.019324
0.019596
0.019060
0.018963
0.018683
0.019154
0.019120
0.019047
0.019133
0.019194
0.018683
0.018907
0.018774
0.018471
0.018850
0.018733
0.018755
0.018530
0.018348
0.018326
0.018052
0.018488
0.018632
0.018141
0.018270
0.018360
0.018057
0.018505
0.018237
0.018708
0.018054
0.017883
0.018218
0.017818
0.018102
0.017815
0.017991
0.017997
0.017745
0.017754
0.017394
0.017549
0.017649
0.017696
0.017704
0.017550
0.018029
0.017505
0.017607
0.017115
0.017538
0.017612
0.017402
0.017556
0.017599
0.017237
0.017037
0.017385
0.017165
0.016893
0.017224
0.016686
0.016983
0.017303
0.016914
0.016813
0.017015
0.016766
0.016799
0.016752
0.017356
0.016679
0.016770
0.016636
0.016603
0.016566
0.016462
0.016818
0.016623
0.016532
0.016560
0.016426
0.016181
0.016631
0.016720
0.016320
0.016461
0.016163
0.016110
0.016232
0.016225
0.016486
0.016093
0.016535
0.016235
0.015904
0.015541
0.015912
0.015975
0.015651
0.015803
0.015890
0.016123
0.015761
0.015570
0.015509
0.015547
0.015783
0.015498
0.015665
0.015875
0.015270
0.015589
0.015324
0.015442
0.015645
0.015576
0.015387
0.015342
0.015753
0.015111
0.015579
0.015748
0.015290
0.015293
0.014968
0.015159
0.015173
0.015180
0.014945
0.015092
0.015265
0.014619
0.015045
0.014771
0.015029
0.014915
0.014917
0.014754
0.014585
0.014546
0.014841
0.014735
0.014943
0.014594
0.014850
0.014416
0.014456
0.014790
0.014344
0.014790
0.014403
0.014517
0.014345
0.014334
0.014507
0.014409
0.014256
0.014302
0.014192
0.013923
0.014509
0.014060
0.014318
0.014230
0.014200
0.014140
0.014013
0.014243
0.013901
0.013881
0.014250
0.013791
0.014086
0.014000
0.013665
0.013778
0.014081
0.013801
0.013682
0.013794
0.013507
0.013849
0.013660
0.013562
0.013676
0.014010
0.013288
0.013566
0.013261
0.013491
0.013332
0.013439
0.013074
0.013675
0.013380
0.012938
0.013134
0.013646
0.013056
0.013199
0.013049
0.013270
0.013189
0.012985
0.013048
0.013038
0.012724
0.013093
0.013082
0.012840
0.012936
0.012899
0.013113
0.013089
0.012763
0.012530
0.012616
0.012677
0.012706
0.013241
0.012467
0.012367
0.012448
0.012743
0.012980
0.012580
0.012424
0.012330
0.012608
0.012599
0.012375
0.012687
0.012256
0.012365
0.012640
0.012966
0.012296
0.012982
0.012455
0.012339
0.012501
0.012362
0.012193
0.012355
0.012012
0.012181
0.012259
0.012116
0.012230
0.011900
0.012171
0.011888
0.012194
0.012225
0.012136
0.011866
0.011937
0.011953
0.011840
0.012212
0.011912
0.011997
0.011563
0.011918
0.011780
0.011717
0.011742
0.011573
0.011752
0.011719
0.011996
0.011982
0.011277
0.011712
0.011502
0.011258
0.011367
0.011428
0.011715
0.011206
0.011531
0.011858
0.011265
0.011462
0.010994
0.011113
0.011325
0.011228
0.011071
0.011320
0.011024
0.011174
0.010954
0.010845
0.010959
0.011405
0.011092
0.010977
0.011015
0.011345
0.010802
0.010743
0.010794
0.010829
0.010985
0.010889
0.011012
0.010836
0.010960
0.011043
0.010868
0.010570
0.010564
0.010619
0.010979
0.010363
0.010701
0.010457
0.010542
0.010773
0.010971
0.010359
0.010600
0.010280
0.010437
0.010681
0.010561
0.010338
0.010367
0.010757
0.010856
0.010784
0.010311
0.010430
0.010522
0.010516
0.010150
0.010277
0.010437
0.010114
0.010174
0.010098
0.010145
0.010011
0.010189
0.010466
0.009995
0.010357
0.010645
0.010132
0.010048
0.009795
0.010274
0.010255
0.010203
0.010312
0.010376
0.009900
0.010134
0.010017
0.009737
0.010134
0.010030
0.010076
0.009869
0.009707
0.009701
0.009449
0.009895
0.010046
0.009584
0.009731
0.009837
0.009552
0.010016
0.009764
0.010208
0.009614
0.009467
0.009811
0.009435
0.009727
0.009467
0.009656
0.009676
0.009447
0.009469
0.009128
0.009300
0.009413
0.009475
0.009498
0.009360
0.009859
0.009354
0.009464
0.008998
0.009432
0.009522
0.009332
0.009505
0.009556
0.009213
0.009033
0.009387
0.009191
0.008940
0.009283
0.008768
0.009078
0.009402
0.009034
0.008952
0.009170
0.008939
0.008983
0.008954
0.009567
0.008912
0.009020
0.008901
0.008882
0.008863
0.008765
0.009145
0.008964
0.008887
0.008938
0.008814
0.008589
0.009054
0.009153
0.008772
0.008923
0.008640
0.008607
0.008728
0.008750
0.009016
0.008646
0.009104
0.008817
0.008505
0.008160
0.008545
0.008617
0.008315
0.008478
0.008578
0.008830
0.008482
0.008306
0.008260
0.008314
0.008564
0.008292
0.008474
0.008695
0.008109
0.008445
0.008190
0.008323
0.008536
0.008473
0.008310
0.008280
0.008700
0.008079
0.008553
0.008740
0.008292
0.008311
0.008005
0.008212
0.008237
0.008259
0.008037
0.008195
0.008381
0.007755
0.008189
0.007934
0.008205
0.008106
0.008121
0.007974
0.007820
0.007793
0.008102
0.008003
0.008226
0.007896
0.008161
0.007743
0.007799
0.008139
0.007710
0.008167
0.007797
0.007914
0.007762
0.007767
0.007948
0.007867
0.007727
0.007788
0.007695
0.007439
0.008028
0.007599
0.007865
0.007790
0.007776
0.007731
0.007619
0.007858
0.007530
0.007523
0.007894
0.007456
0.007760
0.007691
0.007371
0.007492
0.007804
0.007532
0.007439
0.007561
0.007289
0.007637
0.007467
0.007382
0.007507
0.007847
0.007146
0.007435
0.007142
0.007387
0.007242
0.007358
0.007008
0.007610
0.007335
0.006907
0.007111
0.007630
0.007056
0.007214
0.007077
0.007310
0.007239
0.007049
0.007124
0.007126
0.006827
0.007203
0.007204
0.006974
0.007082
0.007054
0.007283
0.007269
0.006959
0.006732
0.006833
0.006905
0.006945
0.007492
0.006732
0.006643
0.006734
0.007042
0.007288
0.006900
0.006757
0.006675
0.006964
0.006964
0.006755
0.007074
0.006657
0.006778
0.007060
0.007391
0.006743
0.007435
0.006921
0.006819
0.006991
0.006861
0.006707
0.006877
0.006549
0.006728
0.006816
0.006687
0.006809
0.006493
0.006768
0.006501
0.006817
0.006860
0.006778
0.006521
0.006604
0.006628
0.006527
0.006908
0.006621
0.006716
0.006294
0.006659
0.006530
0.006479
0.006515
0.006356
0.006546
0.006524
0.006811
0.006798
0.006115
0.006556
0.006359
0.006124
0.006245
0.006316
0.006609
0.006115
0.006444
0.006785
0.006206
0.006412
0.005955
0.006084
0.006303
0.006217
0.006072
0.006330
0.006044
0.006204
0.005996
0.005896
0.006020
0.006474
0.006173
0.006062
0.006114
0.006451
0.005923
0.005872
0.005935
0.005980
0.006145
0.006058
0.006191
0.006025
0.006157
0.006247
0.006085
0.005797
0.005802
0.005866
0.006232
0.005629
0.005977
0.005743
0.005837
0.006076
0.006283
0.005682
0.005933
0.005622
0.005789
0.006040
0.005930
0.005718
0.005756
0.006152
0.006262
0.006197
0.005737
0.005864
0.005964
0.005968
0.005613
0.005747
0.005918
0.005604
0.005673
0.005605
0.005662
0.005537
0.005723
0.006007
0.005548
0.005918
0.006215
0.005711
0.005636
0.005392
0.005879
0.005866
0.005826
0.005945
0.006014
0.005550
0.005793
0.005682
0.005413
0.005819
0.005722
0.005778
0.005580
0.005428
0.005430
0.005188
0.005640
0.005797
0.005346
0.005502
0.005617
0.005341
0.005814
0.005568
0.006005
0.005435
0.005298
0.005649
0.005284
0.005581
0.005333
0.005528
0.005556
0.005336
0.005367
0.005034
0.005215
0.005335
0.005405
0.005435
0.005305
0.005813
0.005317
0.005433
0.004978
0.005419
0.005518
0.005336
0.005518
0.005574
0.005240
0.005070
0.005428
0.005242
0.005001
0.005350
0.004845
0.005163
0.005491
0.005133
0.005059
0.005284
0.005062
0.005113
0.005092
0.005710
0.005067
0.005182
0.005071
0.005059
0.005048
0.004954
0.005346
0.005171
0.005101
0.005162
0.005045
0.004828
0.005301
0.005406
0.005033
0.005191
0.004915
0.004892
0.005015
0.005048
0.005318
0.004959
0.005425
0.005144
0.004840
0.004504
0.004895
0.004975
0.004682
0.004850
0.004958
0.005218
0.004877
0.004709
0.004670
0.004731
0.004988
0.004723
0.004913
0.005140
0.004562
0.004906
0.004657
0.004797
0.005015
0.004957
0.004805
0.004782
0.005208
0.004595
0.005074
0.005270
0.004828
0.004854
0.004556
0.004770
0.004802
0.004831
0.004617
0.004780
0.004973
0.004356
0.004795
0.004548
0.004825
0.004733
0.004754
0.004615
0.004468
0.004448
0.004763
0.004670
0.004900
0.004578
0.004849
0.004437
0.004501
0.004845
0.004425
0.004888
0.004525
0.004645
0.004502
0.004514
0.004700
0.004628
0.004493
0.004561
0.004475
0.004226
0.004820
0.004399
0.004671
0.004602
0.004594
0.004556
0.004451
0.004696
0.004374
0.004374
0.004748
0.004319
0.004627
0.004567
0.004254
0.004379
0.004697
0.004429
0.004347
0.004474
0.004209
0.004561
0.004400
0.004321
0.004452
0.004796
0.004103
0.004397
0.004111
0.004363
0.004224
0.004347
0.004002
0.004608
0.004340
0.003919
0.004128
0.004652
0.004084
0.004250
0.004118
0.004357
0.004292
0.004109
0.004189
0.004198
0.003905
0.004286
0.004293
0.004069
0.004183
0.004161
0.004395
0.004386
0.004083
0.003860
0.003969
0.004046
0.004092
0.004645
0.003891
0.003808
0.003903
0.004218
0.004468
0.004087
0.003950
0.003874
0.004168
0.004173
0.003970
0.004294
0.003883
0.004010
0.004297
0.004632
0.003992
0.004688
0.004180
0.004085
0.004262
0.004136
0.003989
0.004164
0.003843
0.004027
0.004120
0.003997
0.004124
0.003814
0.004093
0.003833
0.004154
0.004202
0.004125
0.003873
0.003963
0.003991
0.003896
0.004281
0.004000
0.004100
0.003683
0.004054
0.003930
0.003885
0.003926
0.003771
0.003967
0.003951
0.004242
0.004230
0.003557
0.004002
0.003811
0.003581
0.003708
0.003784
0.004081
0.003592
0.003925
0.004272
0.003699
0.003910
0.003458
0.003593
0.003815
0.003734
0.003595
0.003858
0.003577
0.003742
0.003539
0.003445
0.003573
0.004031
0.003736
0.003627
0.003686
0.004028
0.003506
0.003460
0.003528
0.003577
0.003747
0.003665
0.003802
0.003641
0.003778
0.003872
0.003716
0.003433
0.003442
0.003511
0.003880
0.003284
0.003637
0.003407
0.003506
0.003749
0.003960
0.003365
0.003620
0.003314
0.003486
0.003741
0.003635
0.003429
0.003472
0.003872
0.003986
0.003926
0.003471
0.003602
0.003706
0.003715
0.003365
0.003503
0.003679
0.003369
0.003443
0.003379
0.003441
0.003320
0.003511
0.003798
0.003345
0.003719
0.004020
0.003521
0.003450
0.003211
0.003702
0.003692
0.003657
0.003782
0.003853
0.003396
0.003642
0.003535
0.003271
0.003681
0.003589
0.003649
0.003455
0.003308
0.003314
0.003076
0.003533
0.003692
0.003247
0.003407
0.003526
0.003254
0.003732
0.003490
0.003924
0.003366
0.003233
0.003587
0.003227
0.003527
0.003284
0.003483
0.003515
0.003300
0.003335
0.003006
0.003190
0.003314
0.003388
0.003422
0.003297
0.003808
0.003317
0.003436
0.002987
0.003431
0.003534
0.003356
0.003543
0.003602
0.003272
0.003106
0.003466
0.003286
0.003049
0.003403
0.002901
0.003222
0.003554
0.003200
0.003131
0.003360
0.003141
0.003195
0.003179
0.003800
0.003161
0.003280
0.003173
0.003165
0.003157
0.003067
0.003464
0.003292
0.003226
0.003291
0.003177
0.002965
0.003442
0.003550
0.003181
0.003343
0.003070
0.003051
0.003175
0.003214
0.003487
0.003132
0.003603
0.003324
0.003025
0.002692
0.003087
0.003170
0.002882
0.003053
0.003164
0.003428
0.003091
0.002926
0.002891
0.002956
0.003217
0.002954
0.003149
0.003379
0.002804
0.003153
0.002907
0.003050
0.003271
0.003216
0.003068
0.003049
0.003478
0.002870
0.003351
0.003551
0.003112
0.003142
0.002848
0.003065
0.003100
0.003133
0.002922
0.003089
0.003284
0.002671
0.003113
0.002871
0.003151
0.003063
0.003086
0.002950
0.002807
0.002790
0.003109
0.003018
0.003251
0.002933
0.003207
0.002799
0.002867
0.003214
0.002797
0.003264
0.002903
0.003025
0.002887
0.002903
0.003091
0.003023
0.002890
0.002963
0.002880
0.002634
0.003231
0.002814
0.003088
0.003022
0.003018
0.002983
0.002882
0.003129
0.002811
0.002813
0.003189
0.002765
0.003076
0.003019
0.002709
0.002838
0.003157
0.002893
0.002815
0.002944
0.002684
0.003038
0.002880
0.002804
0.002938
0.003284
0.002596
0.002892
0.002609
0.002864
0.002728
0.002854
0.002513
0.003121
0.002857
0.002438
0.002650
0.003177
0.002612
0.002781
0.002653
0.002894
0.002832
0.002652
0.002735
0.002747
0.002457
0.002841
0.002851
0.002629
0.002746
0.002727
0.002965
0.002958
0.002658
0.002437
0.002549
0.002630
0.002678
0.003234
0.002483
0.002403
0.002501
0.002819
0.003071
0.002693
0.002559
0.002486
0.002783
0.002790
0.002591
0.002917
0.002509
0.002639
0.002929
0.003265
0.002629
0.003327
0.002822
0.002730
0.002909
0.002786
0.002643
0.002820
0.002502
0.002688
0.002785
0.002664
0.002794
0.002486
0.002767
0.002510
0.002834
0.002885
0.002810
0.002561
0.002654
0.002684
0.002592
0.002980
0.002701
0.002804
0.002390
0.002763
0.002642
0.002599
0.002643
0.002491
0.002689
0.002676
0.002969
0.002958
0.002290
0.002736
0.002549
0.002321
0.002451
0.002529
0.002828
0.002343
0.002677
0.003027
0.002457
0.002671
0.002221
0.002358
0.002583
0.002505
0.002367
0.002634
0.002354
0.002522
0.002322
0.002230
0.002360
0.002821
0.002529
0.002422
0.002483
0.002827
0.002308
0.002264
0.002335
0.002387
0.002559
0.002479
0.002619
0.002460
0.002599
0.002696
0.002542
0.002261
0.002273
0.002344
0.002715
0.002122
0.002477
0.002250
0.002351
0.002596
0.002810
0.002217
0.002475
0.002171
0.002345
0.002601
0.002499
0.002294
0.002340
0.002742
0.002859
0.002800
0.002348
0.002481
0.002587
0.002598
0.002251
0.002392
0.002570
0.002262
0.002338
0.002277
0.002340
0.002222
0.002414
0.002703
0.002253
0.002630
0.002932
0.002436
0.002367
0.002131
0.002623
0.002615
0.002583
0.002710
0.002782
0.002328
0.002576
0.002471
0.002210
0.002622
0.002531
0.002593
0.002402
0.002258
0.002266
0.002030
0.002488
0.002649
0.002207
0.002369
0.002491
0.002220
0.002700
0.002460
0.002892
0.002340
0.002210
0.002565
0.002207
0.002509
0.002269
0.002470
0.002504
0.002291
0.002328
0.002001
0.002187
0.002313
0.002389
0.002425
0.002301
0.002815
0.002326
0.002447
0.002000
0.002446
0.002551
0.002375
0.002564
0.002625
0.002297
0.002133
0.002495
0.002316
0.002082
0.002437
0.001938
0.002261
0.002594
0.002242
0.002175
0.002406
0.002189
0.002245
0.002231
0.002853
0.002217
0.002338
0.002232
0.002227
0.002221
0.002132
0.002531
0.002361
0.002297
0.002364
0.002252
0.002042
0.002521
0.002631
0.002263
0.002427
0.002156
0.002138
0.002264
0.002305
0.002580
0.002227
0.002700
0.002423
0.002126
0.001795
0.002191
0.002276
0.001990
0.002163
0.002275
0.002541
0.002206
0.002043
0.002009
0.002077
0.002339
0.002078
0.002274
0.002507
0.001934
0.002284
0.002039
0.002184
0.002407
0.002353
0.002208
0.002190
0.002621
0.002014
0.002498
0.002699
0.002262
0.002293
0.002001
0.002220
0.002257
0.002291
0.002082
0.002250
0.002448
0.001837
0.002279
0.002040
0.002321
0.002235
0.002260
0.002125
0.001984
0.001969
0.002290
0.002200
0.002435
0.002119
0.002394
0.001988
0.002057
0.002405
0.001990
0.002459
0.002100
0.002223
0.002087
0.002104
0.002294
0.002228
0.002097
0.002170
0.002090
0.001846
0.002443
0.002028
0.002304
0.002239
0.002236
0.002204
0.002104
0.002352
0.002036
0.002040
0.002417
0.001995
0.002307
0.002252
0.001944
0.002074
0.002395
0.002131
0.002056
0.002187
0.001927
0.002283
0.002127
0.002052
0.002188
0.002535
0.001849
0.002147
0.001865
0.002122
0.001987
0.002115
0.001775
0.002384
0.002122
0.001704
0.001918
0.002446
0.001883
0.002053
0.001926
0.002170
0.002109
0.001930
0.002014
0.002028
0.001740
0.002125
0.002136
0.001916
0.002034
0.002017
0.002256
0.002250
0.001952
0.001732
0.001846
0.001928
0.001978
0.002535
0.001786
0.001707
0.001806
0.002125
0.002379
0.002003
0.001870
0.001799
0.002097
0.002105
0.001907
0.002235
0.001828
0.001959
0.002251
0.002588
0.001954
0.002652
0.002149
0.002059
0.002239
0.002117
0.001976
0.002154
0.001837
0.002025
0.002123
0.002003
0.002135
0.001828
0.002110
0.001855
0.002180
0.002232
0.002158
0.001911
0.002005
0.002037
0.001946
0.002335
0.002058
0.002161
0.001749
0.002123
0.002004
0.001962
0.002008
0.001856
0.002055
0.002044
0.002338
0.002328
0.001662
0.002109
0.001923
0.001697
0.001828
0.001907
0.002207
0.001724
0.002058
0.002410
0.001841
0.002056
0.001608
0.001747
0.001972
0.001895
0.001759
0.002027
0.001749
0.001918
0.001719
0.001628
0.001759
0.002222
0.001930
0.001824
0.001887
0.002232
0.001714
0.001672
0.001744
0.001797
0.001971
0.001891
0.002032
0.001875
0.002015
0.002113
0.001960
0.001681
0.001694
0.001766
0.002138
0.001547
0.001903
0.001676
0.001779
0.002025
0.002240
0.001648
0.001907
0.001604
0.001780
0.002037
0.001935
0.001732
0.001779
0.002182
0.002300
0.002242
0.001791
0.001926
0.002033
0.002045
0.001699
0.001841
0.002020
0.001714
0.001790
0.001730
0.001795
0.001678
0.001871
0.002161
0.001712
0.002090
0.002393
0.001898
0.001830
0.001595
0.002089
0.002081
0.002050
0.002178
0.002252
0.001799
0.002048
0.001944
0.001684
0.002097
0.002008
0.002071
0.001880
0.001737
0.001747
0.001512
0.001971
0.002133
0.001691
0.001855
0.001977
0.001708
0.002189
0.001950
0.002381
0.001832
0.001703
0.002059
0.001702
0.002005
0.001766
0.001968
0.002003
0.001790
0.001829
0.001503
0.001690
0.001817
0.001894
0.001931
0.001808
0.002323
0.001835
0.001956
0.001511
0.001958
0.002064
0.001889
0.002079
0.002141
0.001813
0.001651
0.002013
0.001836
0.001603
0.001959
0.001460
0.001785
0.002118
0.001767
0.001702
0.001934
0.001718
0.001774
0.001761
0.002384
0.001750
0.001871
0.001767
0.001762
0.001757
0.001668
0.002069
0.001900
0.001836
0.001905
0.001793
0.001584
0.002064
0.002175
0.001808
0.001973
0.001703
0.001686
0.001812
0.001855
0.002130
0.001779
0.002252
0.001976
0.001680
0.001350
0.001748
0.001833
0.001548
0.001722
0.001835
0.002101
0.001767
0.001606
0.001573
0.001641
0.001904
0.001644
0.001841
0.002074
0.001502
0.001853
0.001609
0.001756
0.001979
0.001926
0.001782
0.001765
0.002196
0.001591
0.002075
0.002277
0.001840
0.001873
0.001582
0.001801
0.001839
0.001874
0.001665
0.001835
0.002033
0.001423
0.001866
0.001628
0.001910
0.001824
0.001850
0.001717
0.001577
0.001562
0.001884
0.001794
0.002030
0.001715
0.001991
0.001586
0.001656
0.002005
0.001590
0.002060
0.001702
0.001825
0.001690
0.001709
0.001899
0.001833
0.001703
0.001778
0.001698
0.001455
0.002053
0.001639
0.001915
0.001852
0.001849
0.001818
0.001718
0.001967
0.001653
0.001657
0.002035
0.001613
0.001926
0.001872
0.001565
0.001695
0.002017
0.001754
0.001680
0.001811
0.001553
0.001909
0.001754
0.001680
0.001816
0.002164
0.001478
0.001777
0.001496
0.001754
0.001620
0.001749
0.001410
0.002019
0.001757
0.001341
0.001555
0.002083
0.001522
0.001693
0.001567
0.001810
0.001751
0.001573
0.001657
0.001672
0.001384
0.001770
0.001782
0.001563
0.001682
0.001665
0.001904
0.001900
0.001602
0.001383
0.001498
0.001580
0.001631
0.002188
0.001440
0.001362
0.001462
0.001782
0.002036
0.001660
0.001528
0.001458
0.001756
0.001766
0.001568
0.001897
0.001490
0.001623
0.001915
0.002252
0.001619
0.002318
0.001816
0.001726
0.001907
0.001786
0.001645
0.001824
0.001508
0.001697
0.001795
0.001676
0.001808
0.001502
0.001785
0.001530
0.001856
0.001909
0.001835
0.001589
0.001684
0.001716
0.001626
0.002015
0.001739
0.001843
0.001432
0.001806
0.001687
0.001647
0.001693
0.001542
0.001742
0.001731
0.002026
0.002016
0.001351
0.001798
0.001613
0.001388
0.001519
0.001599
0.001900
0.001417
0.001752
0.002105
0.001536
0.001752
0.001304
0.001443
0.001670
0.001593
0.001458
0.001726
0.001448
0.001618
0.001420
0.001330
0.001462
0.001925
0.001634
0.001528
0.001592
0.001937
0.001420
0.001378
0.001451
0.001504
0.001679
0.001600
0.001742
0.001585
0.001726
0.001824
0.001671
0.001393
0.001407
0.001480
0.001852
0.001261
0.001618
0.001392
0.001495
0.001742
0.001957
0.001366
0.001626
0.001324
0.001500
0.001757
0.001656
0.001454
0.001501
0.001904
0.002023
0.001966
0.001516
0.001651
0.001758
0.001771
0.001425
0.001568
0.001748
0.001442
0.001519
0.001459
0.001525
0.001408
0.001602
0.001892
0.001444
0.001822
0.002126
0.001632
0.001564
0.001330
0.001824
0.001816
0.001787
0.001915
0.001989
0.001537
0.001787
0.001683
0.001424
0.001837
0.001748
0.001812
0.001621
0.001479
0.001489
0.001255
0.001714
0.001877
0.001436
0.001600
0.001723
0.001454
0.001935
0.001697
0.002128
0.001580
0.001451
0.001808
0.001452
0.001755
0.001516
0.001719
0.001754
0.001543
0.001582
0.001256
0.001444
0.001571
0.001649
0.001686
0.001564
0.002079
0.001591
0.001713
0.001269
0.001716
0.001823
0.001648
0.001838
0.001901
0.001574
0.001412
0.001774
0.001598
0.001366
0.001722
0.001224
0.001549
0.001882
0.001532
0.001467
0.001699
0.001484
0.001541
0.001529
0.002152
0.001518
0.001640
0.001536
0.001532
0.001527
0.001439
0.001840
0.001672
0.001608
0.001677
0.001566
0.001358
0.001838
0.001949
0.001583
0.001748
0.001479
0.001462
0.001588
0.001632
0.001907
0.001557
0.002030
0.001755
0.001459
0.001129
0.001528
0.001614
0.001329
0.001503
0.001616
0.001884
0.001550
0.001389
0.001356
0.001425
0.001688
0.001429
0.001627
0.001860
0.001288
0.001640
0.001396
0.001543
0.001767
0.001714
0.001570
0.001554
0.001986
0.001381
0.001865
0.002068
0.001631
0.001664
0.001374
0.001594
0.001632
0.001668
0.001459
0.001629
0.001828
0.001218
0.001662
0.001424
0.001706
0.001621
0.001647
0.001514
0.001375
0.001360
0.001682
0.001593
0.001829
0.001515
0.001791
0.001386
0.001457
0.001806
0.001392
0.001862
0.001505
0.001628
0.001493
0.001513
0.001703
0.001638
0.001508
0.001583
0.001504
0.001261
0.001860
0.001446
0.001723
0.001659
0.001658
0.001626
0.001527
0.001777
0.001462
0.001467
0.001845
0.001424
0.001737
0.001683
0.001377
0.001507
0.001829
0.001567
0.001493
0.001625
0.001367
0.001723
0.001569
0.001495
0.001632
0.001980
0.001295
0.001594
0.001314
0.001571
0.001438
0.001567
0.001229
0.001838
0.001577
0.001161
0.001375
0.001903
0.001342
0.001514
0.001388
0.001632
0.001573
0.001395
0.001480
0.001495
0.001208
0.001595
0.001607
0.001387
0.001507
0.001490
0.001730
0.001726
0.001429
0.001210
0.001325
0.001408
0.001459
0.002017
0.001269
0.001191
0.001291
0.001611
0.001866
0.001491
0.001359
0.001289
0.001588
0.001597
0.001400
0.001729
0.001323
0.001456
0.001748
0.002086
0.001453
0.002152
0.001651
0.001562
0.001743
0.001622
0.001481
0.001660
0.001345
0.001534
0.001632
0.001514
0.001646
0.001341
0.001624
0.001370
0.001696
0.001749
0.001675
0.001429
0.001525
0.001557
0.001468
0.001857
0.001581
0.001685
0.001274
0.001649
0.001531
0.001490
0.001537
0.001386
0.001586
0.001576
0.001871
0.001861
0.001197
0.001644
0.001460
0.001234
0.001366
0.001447
0.001747
0.001265
0.001600
0.001953
0.001385
0.001601
0.001154
0.001293
0.001520
0.001444
0.001309
0.001577
0.001300
0.001470
0.001272
0.001182
0.001314
0.001777
0.001487
0.001381
0.001445
0.001791
0.001275
0.001233
0.001306
0.001359
0.001534
0.001455
0.001598
0.001441
0.001583
0.001681
0.001529
0.001251
0.001265
0.001338
0.001710
0.001120
0.001477
0.001251
0.001354
0.001601
0.001817
0.001226
0.001486
0.001184
0.001361
0.001618
0.001518
0.001316
0.001363
0.001767
0.001886
0.001829
0.001379
0.001515
0.001622
0.001635
0.001290
0.001432
0.001613
0.001307
0.001384
0.001325
0.001391
0.001274
0.001469
0.001759
0.001311
0.001690
0.001994
0.001500
0.001432
0.001199
0.001693
0.001685
0.001656
0.001785
0.001858
0.001407
0.001657
0.001554
0.001295
0.001708
0.001619
0.001683
0.001493
0.001351
0.001362
0.001128
0.001587
0.001750
0.001310
0.001474
0.001597
0.001328
0.001810
0.001572
0.002002
0.001455
0.001327
0.001684
0.001328
0.001631
0.001393
0.001596
0.001631
0.001420
0.001459
0.001134
0.001322
0.001449
0.001527
0.001564
0.001443
0.001958
0.001471
0.001593
0.001149
0.001597
0.001703
0.001529
0.001719
0.001782
0.001455
0.001294
0.001656
0.001480
0.001248
0.001605
0.001107
0.001432
0.001765
0.001416
0.001351
0.001583
0.001368
0.001425
0.001413
0.002037
0.001403
0.001525
0.001421
0.001417
0.001413
0.001325
0.001726
0.001558
0.001495
0.001564
0.001453
0.001245
0.001726
0.001837
0.001471
0.001636
0.001368
0.001351
0.001477
0.001521
0.001797
0.001447
0.001921
0.001645
0.001350
0.001020
0.001419
0.001505
0.001220
0.001395
0.001508
0.001776
0.001442
0.001281
0.001249
0.001318
0.001582
0.001322
0.001520
0.001754
0.001182
0.001534
0.001291
0.001438
0.001662
0.001609
0.001466
0.001450
0.001881
0.001277
0.001761
0.001964
0.001528
0.001561
0.001271
0.001491
0.001530
0.001565
0.001357
0.001527
0.001726
0.001117
0.001560
0.001322
0.001605
0.001520
0.001547
0.001414
0.001275
0.001260
0.001583
0.001494
0.001730
0.001416
0.001692
0.001288
0.001358
0.001708
0.001294
0.001764
0.001407
0.001531
0.001396
0.001416
0.001606
0.001541
0.001412
0.001487
0.001408
0.001165
0.001764
0.001350
0.001627
0.001564
0.001563
0.001532
0.001433
0.001682
0.001368
0.001373
0.001751
0.001330
0.001643
0.001590
0.001284
0.001414
0.001736
0.001474
0.001401
0.001533
0.001275
0.001631
0.001478
0.001404
0.001541
0.001889
0.001204
0.001504
0.001223
0.001481
0.001348
0.001477
0.001139
0.001748
0.001487
0.001071
0.001286
0.001814
0.001254
0.001426
0.001300
0.001544
0.001485
0.001308
0.001393
0.001408
0.001121
0.001508
0.001520
0.001301
0.001420
0.001404
0.001644
0.001640
0.001343
0.001124
0.001239
0.001322
0.001374
0.001932
0.001184
0.001106
0.001207
0.001527
0.001781
0.001407
0.001275
0.001205
0.001504
0.001514
0.001317
0.001646
0.001240
0.001373
0.001666
0.002003
0.001371
0.002070
0.001569
0.001480
0.001661
0.001541
0.001400
0.001579
0.001264
0.001453
0.001552
0.001433
0.001566
0.001260
0.001544
0.001290
0.001616
0.001669
0.001596
0.001350
0.001446
0.001478
0.001389
0.001779
0.001502
0.001607
0.001196
0.001572
0.001453
0.001413
0.001459
0.001309
0.001509
0.001499
0.001794
0.001785
0.001120
0.001568
0.001384
0.001158
0.001290
0.001371
0.001672
0.001189
0.001525
0.001878
0.001310
0.001527
0.001079
0.001219
0.001445
0.001370
0.001235
0.001503
0.001226
0.001396
0.001198
0.001109
0.001241
0.001704
0.001414
0.001309
0.001373
0.001718
0.001203
0.001161
0.001234
0.001288
0.001463
0.001384
0.001527
0.001370
0.001511
0.001610
0.001458
0.001180
0.001194
0.001267
0.001640
0.001050
0.001407
0.001182
0.001285
0.001532
0.001748
0.001157
0.001417
0.001115
0.001292
0.001550
0.001449
0.001247
0.001295
0.001699
0.001818
0.001761
0.001311
0.001447
0.001555
0.001568
0.001223
0.001365
0.001546
0.001241
0.001318
0.001259
0.001325
0.001208
0.001402
0.001693
0.001246
0.001624
0.001928
0.001434
0.001367
0.001133
0.001628
0.001620
0.001591
0.001720
0.001794
0.001343
0.001593
0.001490
0.001231
0.001645
0.001556
0.001620
0.001430
0.001288
0.001298
0.001065
0.001524
0.001687
0.001247
0.001411
0.001535
0.001266
0.001748
0.001509
0.001940
0.001393
0.001265
0.001622
0.001267
0.001570
0.001332
0.001535
0.001570
0.001359
0.001398
0.001073
0.001261
0.001389
0.001467
0.001504
0.001383
0.001898
0.001411
0.001533
0.001089
0.001537
0.001644
0.001470
0.001660
0.001723
0.001397
0.001235
0.001598
0.001422
0.001190
0.001547
0.001049
0.001374
0.001708
0.001358
0.001294
0.001526
0.001311
0.001368
0.001356
0.001980
0.001346
0.001469
0.001364
0.001361
0.001356
0.001269
0.001670
0.001502
0.001439
0.001508
0.001398
0.001190
0.001670
0.001782
0.001416
0.001581
0.001313
0.001296
0.001422
0.001467
0.001742
0.001392
0.001866
0.001591
0.001295
0.000966
0.001365
0.001451
0.001166
0.001341
0.001455
0.001722
0.001389
0.001228
0.001196
0.001265
0.001529
0.001269
0.001467
0.001701
0.001130
0.001482
0.001239
0.001386
0.001609
0.001557
0.001414
0.001398
0.001830
0.001225
0.001710
0.001913
0.001477
0.001510
0.001220
0.001440
0.001479
0.001515
0.001306
0.001477
0.001675
0.001066
0.001510
0.001272
0.001555
0.001470
0.001497
0.001364
0.001225
0.001211
0.001533
0.001444
0.001681
0.001367
0.001643
0.001239
0.001310
0.001659
0.001245
0.001716
0.001358
0.001482
0.001348
0.001367
0.001558
0.001494
0.001364
0.001439
0.001360
0.001118
0.001716
0.001303
0.001580
0.001517
0.001515
0.001485
0.001386
0.001635
0.001321
0.001326
0.001704
0.001284
0.001597
0.001544
0.001237
0.001368
0.001690
0.001428
0.001355
0.001487
0.001230
0.001586
0.001432
0.001358
0.001496
0.001844
0.001159
0.001459
0.001178
0.001436
0.001303
0.001432
0.001094
0.001704
0.001443
0.001027
0.001242
0.001770
0.001210
0.001382
0.001256
0.001501
0.001441
0.001264
0.001349
0.001364
0.001078
0.001464
0.001477
0.001258
0.001377
0.001361
0.001601
0.001597
0.001301
0.001082
0.001197
0.001280
0.001331
0.001890
0.001142
0.001064
0.001165
0.001485
0.001740
0.001365
0.001234
0.001164
0.001463
0.001473
0.001276
0.001605
0.001199
0.001332
0.001625
0.001962
0.001330
0.002030
0.001528
0.001440
0.001621
0.001500
0.001360
0.001539
0.001224
0.001413
0.001512
0.001394
0.001526
0.001221
0.001504
0.001250
0.001576
0.001630
0.001557
0.001311
0.001407
0.001439
0.001350
0.001740
0.001464
0.001568
0.001158
0.001533
0.001414
0.001374
0.001421
0.001271
0.001471
0.001461
0.001756
0.001746
0.001082
0.001530
0.001346
0.001121
0.001253
0.001333
0.001634
0.001152
0.001488
0.001841
0.001273
0.001490
0.001042
0.001182
0.001409
0.001333
0.001198
0.001466
0.001190
0.001360
0.001162
0.001072
0.001205
0.001668
0.001378
0.001273
0.001337
0.001682
0.001167
0.001125
0.001198
0.001252
0.001427
0.001348
0.001491
0.001335
0.001476
0.001575
0.001423
0.001145
0.001159
0.001232
0.001605
0.001015
0.001372
0.001147
0.001250
0.001497
0.001713
0.001123
0.001383
0.001081
0.001258
0.001516
0.001415
0.001213
0.001261
0.001665
0.001784
0.001728
0.001278
0.001414
0.001521
0.001534
0.001189
0.001332
0.001513
0.001208
0.001285
0.001226
0.001292
0.001175
0.001370
0.001661
0.001213
0.001591
0.001896
0.001402
0.001334
0.001101
0.001595
0.001588
0.001559
0.001688
0.001762
0.001311
0.001561
0.001458
0.001199
0.001613
0.001524
0.001588
0.001398
0.001256
0.001267
0.001033
0.001493
0.001656
0.001216
0.001380
0.001504
0.001235
0.001717
0.001479
0.001909
0.001363
0.001235
0.001591
0.001236
0.001539
0.001301
0.001505
0.001540
0.001329
0.001368
0.001043
0.001232
0.001359
0.001437
0.001474
0.001353
0.001869
0.001381
0.001504
0.001060
0.001508
0.001614
0.001440
0.001631
0.001694
0.001367
0.001206
0.001568
0.001393
0.001161
0.001518
0.001020
0.001345
0.001679
0.001329
0.001265
0.001497
0.001283
0.001340
0.001328
0.001951
0.001318
0.001441
0.001336
0.001333
0.001328
0.001241
0.001642
0.001474
0.001411
0.001481
0.001370
0.001162
0.001643
0.001754
0.001388
0.001554
0.001285
0.001269
0.001395
0.001439
0.001715
0.001365
0.001839
0.001564
0.001268
0.000939
0.001338
0.001424
0.001140
0.001314
0.001428
0.001696
0.001362
0.001202
0.001169
0.001238
0.001502
0.001243
0.001441
0.001675
0.001104
0.001456
0.001213
0.001360
0.001584
0.001531
0.001388
0.001372
0.001804
0.001200
0.001684
0.001887
0.001451
0.001485
0.001194
0.001415
0.001454
0.001489
0.001281
0.001452
0.001650
0.001041
0.001485
0.001247
0.001531
0.001446
0.001472
0.001340
0.001200
0.001186
0.001509
0.001420
0.001656
0.001342
0.001619
0.001214
0.001285
0.001635
0.001221
0.001692
0.001334
0.001458
0.001324
0.001344
0.001534
0.001470
0.001340
0.001416
0.001337
0.001094
0.001693
0.001280
0.001557
0.001493
0.001492
0.001461
0.001363
0.001612
0.001298
0.001303
0.001681
0.001261
0.001574
0.001521
0.001214
0.001345
0.001668
0.001406
0.001333
0.001464
0.001207
0.001563
0.001410
0.001336
0.001473
0.001822
0.001137
0.001436
0.001156
0.001414
0.001281
0.001410
0.001072
0.001682
0.001421
0.001005
0.001220
0.001748
0.001188
0.001360
0.001234
0.001479
0.001420
0.001243
0.001328
0.001343
0.001056
0.001443
0.001455
0.001236
0.001356
0.001340
0.001580
0.001576
0.001279
0.001061
0.001176
0.001259
0.001310
0.001869
0.001121
0.001043
0.001144
0.001465
0.001719
0.001345
0.001213
0.001143
0.001442
0.001452
0.001255
0.001584
0.001179
0.001312
0.001604
0.001942
0.001310
0.002009
0.001508
0.001419
0.001601
0.001480
0.001340
0.001519
0.001204
0.001393
0.001492
0.001374
0.001506
0.001201
0.001484
0.001231
0.001557
0.001610
0.001537
0.001292
0.001387
0.001419
0.001331
0.001720
0.001444
0.001549
0.001139
0.001514
0.001395
0.001355
0.001402
0.001252
0.001452
0.001442
0.001737
0.001728
0.001064
0.001512
0.001327
0.001102
0.001234
0.001315
0.001616
0.001134
0.001469
0.001823
0.001255
0.001471
0.001024
0.001164
0.001390
0.001315
0.001180
0.001448
0.001171
0.001342
0.001144
0.001054
0.001187
0.001650
0.001360
0.001255
0.001319
0.001664
0.001149
0.001107
0.001180
0.001235
0.001410
0.001331
0.001474
0.001317
0.001459
0.001557
0.001405
0.001128
0.001142
0.001215
0.001588
0.000998
0.001355
0.001130
0.001233
0.001480
0.001696
0.001106
0.001366
0.001064
0.001241
0.001499
0.001399
0.001197
0.001245
0.001648
0.001767
0.001711
0.001261
0.001397
0.001504
0.001518
0.001173
0.001316
0.001497
0.001191
0.001268
0.001210
0.001275
0.001159
0.001353
0.001644
0.001197
0.001575
0.001880
0.001386
0.001318
0.001085
0.001579
0.001572
0.001543
0.001672
0.001746
0.001295
0.001545
0.001442
0.001183
0.001597
0.001508
0.001572
0.001383
0.001241
0.001252
0.001018
0.001477
0.001640
0.001200
0.001365
0.001488
0.001219
0.001701
0.001463
0.001893
0.001348
0.001220
0.001576
0.001221
0.001524
0.001286
0.001490
0.001525
0.001314
0.001353
0.001028
0.001217
0.001344
0.001423
0.001460
0.001338
0.001854
0.001367
0.001489
0.001045
0.001493
0.001600
0.001426
0.001616
0.001679
0.001353
0.001192
0.001554
0.001378
0.001146
0.001504
0.001006
0.001331
0.001665
0.001315
0.001251
0.001483
0.001268
0.001326
0.001314
0.001937
0.001304
0.001427
0.001322
0.001319
0.001315
0.001227
0.001628
0.001461
0.001397
0.001467
0.001356
0.001148
0.001629
0.001741
0.001375
0.001540
0.001272
0.001255
0.001382
0.001426
0.001702
0.001352
0.001826
0.001551
0.001255
0.000926
0.001325
0.001411
0.001126
0.001301
0.001415
0.001682
0.001349
0.001189
0.001156
0.001225
0.001489
0.001230
0.001428
0.001662
0.001091
0.001443
0.001200
0.001347
0.001571
0.001518
0.001375
0.001360
0.001791
0.001187
0.001671
0.001874
0.001439
0.001472
0.001182
0.001402
0.001441
0.001477
0.001269
0.001439
0.001638
0.001029
0.001473
0.001235
0.001518
0.001434
0.001460
0.001327
0.001188
0.001174
0.001497
0.001408
0.001644
0.001330
0.001607
0.001202
0.001273
0.001623
0.001209
0.001680
0.001323
0.001446
0.001312
0.001332
0.001522
0.001458
0.001328
0.001404
0.001325
0.001082
0.001681
0.001268
0.001545
0.001482
0.001480
0.001450
0.001351
0.001601
0.001287
0.001292
0.001670
0.001249
0.001562
0.001510
0.001203
0.001334
0.001656
0.001394
0.001321
0.001453
0.001196
0.001552
0.001398
0.001325
0.001462
0.001810
0.001126
0.001425
0.001145
0.001403
0.001270
0.001399
0.001062
0.001671
0.001410
0.000994
0.001209
0.001737
0.001177
0.001349
0.001224
0.001468
0.001409
0.001232
0.001317
0.001332
0.001046
0.001432
0.001445
0.001226
0.001346
0.001329
0.001569
0.001565
0.001269
0.001050
0.001166
0.001249
0.001300
0.001858
0.001110
0.001033
0.001134
0.001454
0.001709
0.001334
0.001203
0.001133
0.001432
0.001442
0.001245
0.001574
0.001169
0.001302
0.001594
0.001932
0.001300
0.001999
0.001498
0.001409
0.001591
0.001470
0.001330
0.001509
0.001194
0.001383
0.001482
0.001364
0.001497
0.001191
0.001475
0.001221
0.001547
0.001601
0.001528
0.001282
0.001378
0.001410
0.001321
0.001711
0.001435
0.001540
0.001129
0.001504
0.001386
0.001346
0.001393
0.001242
0.001443
0.001433
0.001728
0.001718
0.001054
0.001502
0.001318
0.001093
0.001225
0.001306
0.001607
0.001124
0.001460
0.001813
0.001246
0.001462
0.001015
0.001155
0.001381
0.001306
0.001171
0.001439
0.001162
0.001333
0.001135
0.001046
0.001178
0.001641
0.001351
0.001246
0.001310
0.001656
0.001140
0.001098
0.001172
0.001226
0.001401
0.001322
0.001465
0.001309
0.001450
0.001549
0.001397
0.001119
0.001133
0.001207
0.001580
0.000990
0.001347
0.001121
0.001225
0.001472
0.001688
0.001097
0.001358
0.001056
0.001233
0.001490
0.001390
0.001188
0.001236
0.001640
0.001759
0.001703
0.001253
0.001389
0.001496
0.001509
0.001165
0.001307
0.001488
0.001183
0.001260
0.001201
0.001267
0.001151
0.001345
0.001636
0.001189
0.001567
0.001872
0.001378
0.001310
0.001077
0.001571
0.001564
0.001535
0.001664
0.001738
0.001287
0.001537
0.001434
0.001175
0.001589
0.001501
0.001565
0.001375
0.001233
0.001244
0.001010
0.001470
0.001633
0.001193
0.001357
0.001481
0.001212
0.001694
0.001456
0.001886
0.001340
0.001212
0.001569
0.001214
0.001517
0.001279
0.001482
0.001517
0.001306
0.001346
0.001021
0.001209
0.001337
0.001415
0.001452
0.001331
0.001847
0.001359
0.001482
0.001038
0.001486
0.001593
0.001419
0.001609
0.001672
0.001346
0.001184
0.001547
0.001371
0.001139
0.001496
0.000999
0.001324
0.001658
0.001308
0.001244
0.001476
0.001262
0.001319
0.001307
0.001930
0.001297
0.001420
0.001316
0.001312
0.001308
0.001220
0.001622
0.001454
0.001391
0.001460
0.001350
0.001142
0.001622
0.001734
0.001368
0.001533
0.001265
0.001249
0.001375
0.001419
0.001695
0.001345
0.001819
0.001544
0.001249
0.000919
0.001318
0.001404
0.001120
0.001295
0.001408
0.001676
0.001343
0.001182
0.001150
0.001219
0.001483
0.001224
0.001422
0.001656
0.001084
0.001437
0.001193
0.001341
0.001564
0.001512
0.001369
0.001353
0.001785
0.001181
0.001665
0.001868
0.001432
0.001466
0.001176
0.001396
0.001435
0.001471
0.001263
0.001433
0.001632
0.001023
0.001467
0.001229
0.001512
0.001427
0.001454
0.001321
0.001182
0.001168
0.001491
0.001402
0.001638
0.001324
0.001601
0.001196
0.001267
0.001617
0.001203
0.001674
0.001317
0.001441
0.001306
0.001326
0.001517
0.001452
0.001323
0.001398
0.001319
0.001077
0.001675
0.001262
0.001539
0.001476
0.001475
0.001444
0.001346
0.001595
0.001281
0.001286
0.001664
0.001244
0.001557
0.001504
0.001198
0.001328
0.001651
0.001389
0.001316
0.001448
0.001190
0.001547
0.001393
0.001319
0.001457
0.001805
0.001120
0.001420
0.001139
0.001397
0.001265
0.001394
0.001056
0.001666
0.001405
0.000989
0.001204
0.001732
0.001172
0.001344
0.001218
0.001463
0.001404
0.001227
0.001312
0.001327
0.001040
0.001427
0.001440
0.001220
0.001340
0.001324
0.001564
0.001560
0.001264
0.001045
0.001160
0.001243
0.001295
0.001853
0.001105
0.001028
0.001129
0.001449
0.001704
0.001329
0.001198
0.001128
0.001427
0.001437
0.001240
0.001569
0.001164
0.001297
0.001589
0.001927
0.001295
0.001994
0.001493
0.001405
0.001586
0.001465
0.001325
0.001504
0.001189
0.001378
0.001478
0.001359
0.001492
0.001187
0.001470
0.001216
0.001542
0.001596
0.001523
0.001277
0.001373
0.001405
0.001317
0.001706
0.001430
0.001535
0.001124
0.001500
0.001381
0.001341
0.001388
0.001238
0.001438
0.001428
0.001724
0.001714
0.001050
0.001498
0.001313
0.001088
0.001220
0.001301
0.001602
0.001120
0.001455
0.001809
0.001241
0.001458
0.001010
0.001150
0.001377
0.001301
0.001166
0.001435
0.001158
0.001328
0.001131
0.001041
0.001174
0.001637
0.001347
0.001242
0.001306
0.001651
0.001136
0.001094
0.001167
0.001221
0.001397
0.001318
0.001461
0.001304
0.001446
0.001544
0.001392
0.001115
0.001129
0.001202
0.001575
0.000985
0.001342
0.001117
0.001221
0.001468
0.001684
0.001093
0.001354
0.001052
0.001228
0.001486
0.001386
0.001184
0.001232
0.001636
0.001755
0.001699
0.001249
0.001385
0.001492
0.001505
0.001161
0.001303
0.001484
0.001179
0.001256
0.001197
0.001263
0.001147
0.001341
0.001632
0.001185
0.001563
0.001868
0.001374
0.001306
0.001073
0.001567
0.001560
0.001531
0.001661
0.001734
0.001283
0.001534
0.001430
0.001172
0.001586
0.001497
0.001561
0.001371
0.001229
0.001240
0.001006
0.001466
0.001629
0.001189
0.001354
0.001477
0.001208
0.001690
0.001452
0.001882
0.001336
0.001208
0.001565
0.001210
0.001513
0.001275
0.001478
0.001514
0.001303
0.001342
0.001017
0.001206
0.001333
0.001412
0.001449
0.001328
0.001843
0.001356
0.001478
0.001035
0.001482
0.001589
0.001415
0.001606
0.001668
0.001342
0.001181
0.001543
0.001368
0.001136
0.001493
0.000995
0.001320
0.001654
0.001305
0.001240
0.001473
0.001258
0.001315
0.001303
0.001927
0.001293
0.001416
0.001312
0.001309
0.001304
0.001217
0.001618
0.001450
0.001387
0.001457
0.001346
0.001138
0.001619
0.001731
0.001365
0.001530
0.001262
0.001245
0.001372
0.001416
0.001692
0.001342
0.001816
0.001541
0.001245
0.000916
0.001315
0.001401
0.001117
0.001291
0.001405
0.001673
0.001339
0.001179
0.001147
0.001216
0.001480
0.001221
0.001419
0.001652
0.001081
0.001433
0.001190
0.001337
0.001561
0.001509
0.001366
0.001350
0.001782
0.001178
0.001662
0.001865
0.001429
0.001463
0.001173
0.001393
0.001432
0.001468
0.001260
0.001430
0.001629
0.001020
0.001464
0.001226
0.001509
0.001424
0.001451
0.001318
0.001179
0.001165
0.001488
0.001399
0.001635
0.001321
0.001598
0.001193
0.001265
0.001614
0.001200
0.001671
0.001314
0.001438
0.001303
0.001323
0.001514
0.001449
0.001320
0.001395
0.001316
0.001074
0.001672
0.001259
0.001536
0.001473
0.001472
0.001441
0.001343
0.001592
0.001278
0.001283
0.001661
0.001241
0.001554
0.001501
0.001195
0.001326
0.001648
0.001386
0.001313
0.001445
0.001188
0.001544
0.001390
0.001316
0.001454
0.001802
0.001117
0.001417
0.001137
0.001395
0.001262
0.001391
0.001053
0.001663
0.001402
0.000986
0.001201
0.001729
0.001169
0.001341
0.001216
0.001460
0.001401
0.001224
0.001309
0.001324
0.001038
0.001424
0.001437
0.001218
0.001338
0.001321
0.001562
0.001558
0.001261
0.001042
0.001158
0.001241
0.001292
0.001851
0.001103
0.001026
0.001126
0.001447
0.001701
0.001327
0.001195
0.001126
0.001425
0.001434
0.001238
0.001567
0.001161
0.001294
0.001587
0.001925
0.001292
0.001992
0.001491
0.001402
0.001583
0.001463
0.001323
0.001502
0.001187
0.001376
0.001475
0.001357
0.001489
0.001184
0.001467
0.001214
0.001540
0.001593
0.001520
0.001275
0.001371
0.001403
0.001314
0.001704
0.001428
0.001533
0.001122
0.001497
0.001379
0.001339
0.001386
0.001235
0.001436
0.001426
0.001721
0.001711
0.001047
0.001495
0.001311
0.001086
0.001218
0.001299
0.001600
0.001118
0.001453
0.001807
0.001239
0.001455
0.001008
0.001148
0.001375
0.001299
0.001164
0.001433
0.001156
0.001326
0.001128
0.001039
0.001171
0.001635
0.001345
0.001239
0.001304
0.001649
0.001134
0.001092
0.001165
0.001219
0.001395
0.001316
0.001459
0.001302
0.001444
0.001542
0.001390
0.001113
0.001127
0.001200
0.001573
0.000983
0.001340
0.001115
0.001218
0.001466
0.001682
0.001091
0.001351
0.001050
0.001226
0.001484
0.001384
0.001182
0.001230
0.001634
0.001753
0.001697
0.001247
0.001383
0.001490
0.001503
0.001159
0.001301
0.001482
0.001177
0.001254
0.001195
0.001261
0.001145
0.001339
0.001630
0.001183
0.001561
0.001866
0.001372
0.001305
0.001071
0.001565
0.001558
0.001529
0.001659
0.001732
0.001281
0.001532
0.001429
0.001170
0.001584
0.001495
0.001559
0.001369
0.001227
0.001238
0.001004
0.001464
0.001627
0.001187
0.001352
0.001475
0.001206
0.001688
0.001450
0.001880
0.001335
0.001207
0.001563
0.001208
0.001511
0.001273
0.001477
0.001512
0.001301
0.001340
0.001016
0.001204
0.001331
0.001410
0.001447
0.001326
0.001841
0.001354
0.001476
0.001033
0.001481
0.001587
0.001413
0.001604
0.001667
0.001341
0.001179
0.001542
0.001366
0.001134
0.001491
0.000993
0.001318
0.001652
0.001303
0.001239
0.001471
0.001256
0.001313
0.001302
0.001925
0.001292
0.001415
0.001310
0.001307
0.001303
0.001215
0.001617
0.001449
0.001385
0.001455
0.001344
0.001137
0.001617
0.001729
0.001363
0.001528
0.001260
0.001244
0.001370
0.001414
0.001690
0.001340
0.001814
0.001539
0.001244
0.000915
0.001313
0.001400
0.001115
0.001290
0.001403
0.001671
0.001338
0.001177
0.001145
0.001214
0.001478
0.001219
0.001417
0.001651
0.001080
0.001432
0.001189
0.001336
0.001560
0.001507
0.001364
0.001349
0.001780
0.001176
0.001661
0.001864
0.001428
0.001461
0.001171
0.001392
0.001430
0.001466
0.001258
0.001429
0.001627
0.001018
0.001462
0.001225
0.001508
0.001423
0.001449
0.001317
0.001178
0.001164
0.001486
0.001397
0.001634
0.001320
0.001596
0.001192
0.001263
0.001613
0.001199
0.001669
0.001312
0.001436
0.001302
0.001322
0.001512
0.001448
0.001318
0.001394
0.001315
0.001072
0.001671
0.001258
0.001535
0.001472
0.001470
0.001440
0.001341
0.001591
0.001277
0.001282
0.001660
0.001240
0.001553
0.001500
0.001193
0.001324
0.001646
0.001385
0.001312
0.001443
0.001186
0.001542
0.001389
0.001315
0.001452
0.001801
0.001116
0.001416
0.001135
0.001393
0.001261
0.001390
0.001052
0.001662
0.001401
0.000985
0.001200
0.001728
0.001168
0.001340
0.001214
0.001459
0.001400
0.001223
0.001308
0.001323
0.001036
0.001423
0.001436
0.001217
0.001336
0.001320
0.001560
0.001556
0.001260
0.001041
0.001157
0.001240
0.001291
0.001849
0.001102
0.001024
0.001125
0.001445
0.001700
0.001326
0.001194
0.001124
0.001423
0.001433
0.001237
0.001565
0.001160
0.001293
0.001586
0.001923
0.001291
0.001991
0.001490
0.001401
0.001582
0.001462
0.001321
0.001501
0.001186
0.001375
0.001474
0.001356
0.001488
0.001183
0.001466
0.001213
0.001539
0.001592
0.001519
0.001274
0.001369
0.001402
0.001313
0.001702
0.001427
0.001531
0.001121
0.001496
0.001378
0.001338
0.001384
0.001234
0.001434
0.001425
0.001720
0.001710
0.001046
0.001494
0.001310
0.001085
0.001217
0.001298
0.001599
0.001116
0.001452
0.001806
0.001238
0.001454
0.001007
