13.038888
12.935638
12.706366
12.749969
13.096765
12.582015
12.885415
12.589232
13.224519
12.653617
12.495469
13.180276
12.950717
12.657635
12.579513
12.590592
12.556872
12.456863
12.483089
12.119231
12.273953
12.547443
12.722798
12.875585
12.165751
12.061065
12.487312
12.531881
11.823394
11.772671
11.962360
11.655569
12.384574
12.050039
11.836626
11.857471
12.093470
12.222777
12.252131
12.028277
11.780736
11.631465
12.048357
11.632475
11.922713
11.774525
11.575190
11.828501
11.020705
11.682934
11.577401
11.549389
11.366159
11.558002
11.287786
11.525217
11.401249
11.669598
11.646422
11.301964
11.465772
11.298551
11.301391
11.431131
11.052655
10.929717
11.239332
11.265521
11.034554
11.050204
11.581976
10.961498
10.944609
11.183683
11.076760
10.964259
11.443904
10.798835
11.365101
11.084643
11.187858
10.871912
11.064188
10.463349
10.318559
10.974004
10.637160
10.714122
10.830755
10.283776
10.956936
10.457267
10.423233
10.398890
10.642641
10.882812
10.885551
10.499729
10.391892
10.680784
10.356277
10.775470
10.341352
10.209002
10.456834
10.731405
9.930898
9.831074
10.661712
10.696356
10.204102
10.199246
10.284854
10.126315
10.024764
9.882664
9.786885
10.403169
10.034886
9.758656
9.786521
9.690655
10.207331
9.906640
9.674939
10.035073
9.935994
10.011672
9.842802
10.174165
10.256928
9.804591
9.794913
9.893134
9.838740
9.896469
9.901613
10.036028
10.013319
9.618040
9.621594
9.650231
9.990498
9.427339
9.842340
9.746050
9.437655
9.515223
9.113314
9.540352
9.524690
9.571355
9.280390
9.857985
9.458150
9.625730
9.514125
9.097499
9.619081
9.148895
9.064948
9.154553
9.236266
8.886644
8.837584
8.896565
8.988145
9.002941
8.917719
9.178964
9.333543
9.267937
8.985286
9.098718
8.984442
9.112240
8.973958
8.678884
9.389083
8.628929
9.029968
8.786350
8.564114
8.694013
8.949461
9.027570
8.747704
8.996984
8.801964
8.784120
8.932264
8.835773
8.644340
8.799047
8.865037
8.492491
8.655643
8.525277
8.695296
8.372324
8.206449
8.624827
8.122373
8.078853
8.009308
7.971569
8.812228
8.088461
8.462979
8.350398
8.204081
8.251484
8.111380
7.874077
8.106767
8.340146
8.488399
8.140635
8.033070
8.157797
8.192062
7.951526
8.460760
7.820078
8.283411
8.156763
7.902501
7.879946
7.962721
8.285407
7.727055
7.883143
7.929819
8.072414
7.912166
7.574845
7.726858
8.114785
7.641880
7.979379
7.805634
7.690439
7.601595
7.659336
7.520647
7.578784
7.837038
7.538032
7.593123
7.887625
7.590101
7.356141
7.277599
7.809685
7.383424
7.968142
7.740260
7.379420
7.852117
7.638872
7.300357
7.333277
7.275846
7.142621
7.412857
7.582410
7.119853
7.109944
7.218378
7.347138
7.675189
6.899551
7.683743
6.954597
7.244210
7.479809
7.034301
6.959785
7.378045
7.037628
7.209690
7.314670
7.035568
7.191761
7.119804
6.905449
7.275926
7.373069
7.068675
6.913560
7.179750
6.603655
6.981172
7.142776
7.127944
7.224633
6.861876
6.790265
6.895469
6.933409
6.741787
6.647780
6.680675
6.489540
7.078646
6.632023
6.599435
7.146941
6.920415
7.064459
6.782876
6.785651
6.909618
6.574806
6.729637
6.732279
6.682529
6.705256
6.538952
6.862856
6.433845
6.474266
6.598619
6.760025
6.384762
6.447413
6.794670
6.485378
6.672637
6.433453
6.377495
6.418501
6.502450
6.317481
5.925649
6.742011
6.389723
6.310621
6.287482
6.203802
6.497727
6.321451
6.280718
6.085372
6.139168
6.305123
5.965440
6.480239
6.505244
6.417908
6.251067
6.264133
6.500706
6.147797
6.345932
6.140171
6.571918
6.152824
6.057100
6.519449
6.361687
6.163012
6.103318
6.110445
6.091641
6.017219
6.035628
5.791613
5.912401
6.086918
6.199226
6.323338
5.841515
5.766686
6.052867
6.094794
5.622048
5.602344
5.683615
5.517759
5.991657
5.763886
5.644234
5.651024
5.812719
5.903171
5.929209
5.782006
5.626763
5.522975
5.805092
5.528542
5.747209
5.632973
5.504335
5.680974
5.134101
5.617496
5.537141
5.517431
5.381824
5.543062
5.351716
5.514393
5.445890
5.613711
5.612922
5.391931
5.493636
5.400270
5.394712
5.476618
5.258972
5.166291
5.367719
5.399886
5.243228
5.277762
5.666965
5.217852
5.217893
5.387723
5.324079
5.224012
5.569038
5.132947
5.535110
5.337677
5.405754
5.199538
5.341897
4.939163
4.844049
5.291227
5.063824
5.125675
5.215209
4.847549
5.297834
4.966182
4.958389
4.948630
5.117977
5.290819
5.278114
5.016949
4.963604
5.144363
4.966603
5.235108
4.953219
4.853830
5.045222
5.253795
4.707636
4.631881
5.193354
5.226200
4.881093
4.882767
4.945438
4.843003
4.788233
4.699159
4.637806
5.048973
4.805694
4.642775
4.660096
4.600065
4.938164
4.751816
4.580532
4.851181
4.774040
4.829534
4.716585
4.961137
5.015065
4.698179
4.706875
4.770366
4.738370
4.789150
4.781037
4.890911
4.887115
4.621876
4.622312
4.663764
4.882906
4.496175
4.780138
4.737314
4.534868
4.580891
4.336310
4.599798
4.600609
4.642017
4.437426
4.855673
4.571323
4.687229
4.621001
4.334046
4.729772
4.376586
4.322443
4.395846
4.455566
4.231155
4.190856
4.224669
4.331279
4.302653
4.282753
4.442215
4.563439
4.509585
4.322223
4.418600
4.334321
4.409534
4.337597
4.145140
4.622156
4.103118
4.390942
4.229209
4.082403
4.163692
4.342077
4.412628
4.214028
4.393206
4.292150
4.255346
4.352996
4.307519
4.165876
4.276966
4.323336
4.096549
4.185770
4.117756
4.232484
4.015877
3.909272
4.175898
3.855940
3.814681
3.787164
3.766700
4.357328
3.843979
4.091473
4.037918
3.945773
3.973141
3.886101
3.729202
3.887534
4.067373
4.148533
3.917967
3.848429
3.935990
3.956134
3.834607
4.146495
3.718597
4.040505
3.943741
3.785116
3.789679
3.839877
4.067555
3.679601
3.792335
3.819834
3.929108
3.824873
3.603029
3.725945
3.971659
3.677080
3.897918
3.785512
3.697257
3.641822
3.676327
3.602310
3.632905
3.804897
3.634470
3.662925
3.847389
3.670645
3.503993
3.460778
3.831364
3.531018
3.926348
3.788673
3.543775
3.867524
3.721475
3.501745
3.525058
3.472224
3.402697
3.605513
3.701276
3.405160
3.391784
3.471199
3.555392
3.789556
3.256769
3.791939
3.317420
3.516423
3.688279
3.367136
3.321965
3.608602
3.375710
3.514189
3.571312
3.402638
3.501095
3.448846
3.309425
3.573588
3.626874
3.420471
3.329809
3.514162
3.142374
3.377365
3.485759
3.494755
3.564513
3.317075
3.274774
3.319040
3.372698
3.248230
3.178987
3.211873
3.078635
3.479023
3.185279
3.161924
3.539017
3.392623
3.498702
3.291523
3.310137
3.406799
3.160448
3.270139
3.274775
3.248983
3.263636
3.175974
3.389320
3.111556
3.133592
3.223951
3.319608
3.069441
3.111009
3.367733
3.147167
3.294822
3.113705
3.075277
3.127853
3.183119
3.044231
2.782050
3.346223
3.120359
3.062754
3.045082
2.983978
3.204503
3.079211
3.056592
2.924863
2.953041
3.086998
2.853966
3.205252
3.231273
3.168849
3.059330
3.062146
3.230767
3.002327
3.134197
2.999516
3.294075
2.987263
2.943369
3.263122
3.164027
3.028305
2.981042
2.989712
2.986143
2.932796
2.947749
2.788543
2.886881
2.993532
3.062640
3.167129
2.840351
2.797678
2.989125
3.026930
2.698073
2.705362
2.736634
2.655753
2.953207
2.797819
2.741381
2.737196
2.846130
2.908193
2.930157
2.833695
2.739817
2.665231
2.852576
2.669423
2.836681
2.743392
2.660867
2.782465
2.412116
2.770326
2.704694
2.688120
2.582591
2.720230
2.580366
2.689141
2.656020
2.752258
2.764150
2.625155
2.681590
2.636189
2.622186
2.668605
2.558539
2.483908
2.608469
2.642038
2.533635
2.578430
2.867194
2.532880
2.541844
2.661524
2.624863
2.530652
2.780710
2.485221
2.772219
2.629043
2.670377
2.536738
2.642229
2.372669
2.308967
2.610738
2.455731
2.504600
2.572934
2.325604
2.620486
2.401422
2.409023
2.406668
2.522419
2.646526
2.620657
2.442384
2.423826
2.527902
2.448183
2.610841
2.430769
2.351435
2.501600
2.662353
2.381881
3.134378
3.590287
3.842351
3.546900
3.551386
3.611649
3.523547
3.484594
3.413291
3.363422
3.706524
3.504635
3.379123
3.392732
3.344296
3.623050
3.474168
3.322471
3.563153
3.492835
3.541216
3.446233
3.661669
3.705585
3.432809
3.447012
3.498502
3.473311
3.521225
3.508160
3.609369
3.611196
3.388111
3.386902
3.431941
3.610658
3.281261
3.521546
3.495648
3.327347
3.362381
3.168779
3.377960
3.383532
3.422571
3.245653
3.611026
3.363889
3.462216
3.410217
3.165100
3.518956
3.203446
3.158413
3.225867
3.277745
3.093670
3.055586
3.080525
3.191406
3.147937
3.148755
3.274307
3.384002
3.333356
3.176502
3.266676
3.191570
3.248991
3.198092
3.038495
3.438798
2.997810
3.248082
3.112445
2.989611
3.054437
3.207090
3.274567
3.101844
3.257573
3.186528
3.142942
3.223548
3.194078
3.068049
3.164347
3.203736
3.023772
3.088356
3.040025
3.136184
2.953562
2.865639
3.082357
2.821118
2.779997
2.765537
2.750092
3.258945
2.813333
3.019007
2.984035
2.908892
2.929180
2.858775
2.727379
2.861021
3.022927
3.081781
2.888629
2.830846
2.905802
2.920814
2.837267
3.084693
2.725128
3.000701
2.913056
2.784824
2.797606
2.836713
3.033118
2.699707
2.797877
2.818635
2.916600
2.829927
2.644838
2.757808
2.957061
2.719525
2.902164
2.809022
2.728923
2.683733
2.710208
2.656515
2.677696
2.821347
2.691847
2.711186
2.859671
2.721319
2.575824
2.543463
2.861522
2.601199
2.935056
2.825905
2.617799
2.893121
2.768179
2.586140
2.605855
2.553988
2.504425
2.685071
2.756621
2.513472
2.498474
2.568068
2.637452
2.840987
2.385645
2.840411
2.447092
2.616535
2.767454
2.485704
2.449448
2.693407
2.494490
2.621718
2.663031
2.529250
2.608731
2.562312
2.446400
2.676065
2.714840
2.539323
2.468803
2.626509
2.319588
2.508527
2.599446
2.615595
2.676279
2.465231
2.431825
2.456167
2.514384
2.410898
2.349093
2.381516
2.266287
2.606011
2.360579
2.339710
2.662018
2.540724
2.634255
2.450341
2.473556
2.561078
2.342454
2.437330
2.442159
2.423555
2.435199
2.372126
2.549856
2.319763
2.335515
2.414629
2.488950
2.278112
2.312548
2.540079
2.347269
2.481919
2.318814
2.285523
2.341352
2.387084
2.262399
2.040923
2.524671
2.338489
2.287278
2.270921
2.216554
2.413404
2.303850
2.286554
2.174560
2.194208
2.317624
2.117943
2.417059
2.442999
2.388055
2.296266
2.295437
2.442171
2.252685
2.363205
2.250591
2.501406
2.229679
2.201757
2.476087
2.395129
2.278891
2.235164
2.243927
2.244777
2.197693
2.211167
2.078314
2.169191
2.254060
2.309171
2.407101
2.128791
2.095861
2.257087
2.293224
2.009279
2.024691
2.039835
1.985313
2.226872
2.093880
2.056949
2.048935
2.140903
2.193678
2.213990
2.133101
2.058132
1.992342
2.149561
1.995367
2.146118
2.059036
1.990613
2.094577
1.779231
2.097832
2.036440
2.020488
1.924024
2.053904
1.929807
2.021337
1.998940
2.072406
2.087921
1.974235
2.016150
1.985406
1.968409
2.003377
1.926604
1.857265
1.957443
1.991104
1.897432
1.945085
2.202132
1.903327
1.914731
2.018410
1.989832
1.897105
2.117201
1.865236
2.115978
1.989385
2.022051
1.910704
2.004372
1.775977
1.721724
1.977863
1.845077
1.889569
1.950987
1.740766
1.986960
1.802598
1.814657
1.814280
1.913040
2.021668
1.991388
1.838560
1.830492
1.910422
1.860838
1.990306
1.841530
1.768105
1.905160
2.050889
1.729517
1.671759
1.987871
2.015512
1.798976
1.802939
1.841437
1.785829
1.769506
1.724490
1.690506
1.913982
1.779405
1.714701
1.719032
1.687667
1.861977
1.774782
1.654243
1.841103
1.780199
1.814121
1.747907
1.911130
1.935754
1.736987
1.758755
1.787678
1.772381
1.813538
1.790151
1.874638
1.884445
1.732492
1.726774
1.776373
1.883552
1.651715
1.814841
1.816654
1.705896
1.720338
1.613520
1.727091
1.739393
1.772817
1.642386
1.914549
1.730467
1.796817
1.768026
1.594059
1.873775
1.622228
1.591583
1.647264
1.684084
1.568678
1.533044
1.541132
1.658046
1.587357
1.622819
1.687964
1.776182
1.729722
1.624586
1.702574
1.642054
1.667081
1.651461
1.547790
1.812950
1.506714
1.690114
1.598631
1.516293
1.551020
1.657390
1.718145
1.589260
1.702677
1.682710
1.625934
1.675403
1.672586
1.572514
1.641602
1.667445
1.568108
1.588228
1.573037
1.635366
1.510968
1.454448
1.582414
1.422765
1.380607
1.387766
1.379844
1.743989
1.415911
1.546940
1.543290
1.496713
1.503301
1.460846
1.372978
1.461992
1.591134
1.609496
1.480860
1.442491
1.494028
1.498747
1.480779
1.613526
1.372980
1.565741
1.492909
1.416963
1.442993
1.461328
1.601389
1.362907
1.434176
1.441820
1.518611
1.461694
1.340262
1.434484
1.550504
1.412477
1.526450
1.466137
1.399253
1.370978
1.382074
1.363128
1.366484
1.458830
1.400540
1.402581
1.486206
1.414635
1.305434
1.291133
1.514994
1.324405
1.548163
1.488391
1.344354
1.532645
1.443977
1.327647
1.339830
1.288544
1.273286
1.413425
1.440844
1.290636
1.271641
1.322654
1.364592
1.512541
1.193783
1.504431
1.254434
1.370171
1.482723
1.269970
1.248486
1.415335
1.275829
1.381922
1.393950
1.321251
1.365819
1.328703
1.253630
1.420652
1.432445
1.310944
1.275301
1.384348
1.192178
1.297810
1.356429
1.384278
1.427676
1.280592
1.262030
1.249677
1.314983
1.247972
1.198434
1.228981
1.144956
1.375004
1.215046
1.197593
1.420688
1.343322
1.413317
1.270072
1.300498
1.370582
1.200677
1.267931
1.272077
1.265346
1.270560
1.250620
1.363357
1.217906
1.221353
1.279241
1.314187
1.173072
1.193672
1.367667
1.223803
1.334040
1.202366
1.177330
1.238016
1.265592
1.165506
1.016418
1.354215
1.238583
1.197929
1.182965
1.139780
1.292920
1.210810
1.202154
1.124832
1.128118
1.231528
1.091151
1.295032
1.319855
1.277468
1.216783
1.208406
1.314578
1.194628
1.265558
1.191947
1.362593
1.153450
1.153527
1.344599
1.295561
1.213697
1.175439
1.183447
1.191373
1.154716
1.164580
1.078647
1.155044
1.199446
1.228211
1.313291
1.122131
1.106006
1.211393
1.243572
1.040413
1.069686
1.054615
1.047171
1.186106
1.092991
1.090684
1.074817
1.135000
1.169950
1.186366
1.132980
1.091605
1.040993
1.142380
1.040142
1.159902
1.083286
1.039743
1.110647
0.894908
1.140263
1.085787
1.070114
0.989371
1.104221
1.008116
1.067255
1.063641
1.094581
1.115867
1.047684
1.062166
1.057427
1.034110
1.047260
1.030677
0.970217
1.024863
1.057863
0.990390
1.042470
1.240476
1.006039
1.021111
1.094590
1.080042
0.989235
1.153433
0.980662
1.163931
1.067024
1.082929
1.011782
1.082889
0.929459
0.891816
1.063146
0.970477
1.006122
1.053982
0.911390
1.067041
0.945877
0.965382
0.967870
1.034501
1.113787
1.074579
0.967939
0.978464
1.013022
1.018335
1.085702
0.994002
0.930731
1.042774
1.159750
0.935652
0.884582
1.091995
1.116153
0.954753
0.958527
0.985234
0.948958
0.948302
0.921414
0.898254
1.038263
0.950169
0.927351
0.924827
0.904864
1.006174
0.961299
0.861864
1.010816
0.955871
0.979173
0.932318
1.058698
1.069315
0.921239
0.947599
0.960212
0.951104
0.986900
0.955674
1.027879
1.042525
0.939193
0.929654
0.981706
1.038584
0.873670
0.982598
1.002907
0.931327
0.930787
0.883400
0.929987
0.946236
0.975055
0.876130
1.082977
0.941883
0.985355
0.971936
0.846571
1.074189
0.866263
0.844873
0.891692
0.917367
0.848849
0.814204
0.809912
0.930300
0.840044
0.898813
0.921392
0.994028
0.949773
0.879783
0.948628
0.897528
0.899411
0.907548
0.841950
1.012758
0.799228
0.935595
0.874028
0.819072
0.832263
0.905872
0.961294
0.862112
0.945529
0.960288
0.893696
0.920915
0.935899
0.853149
0.902710
0.918501
0.874373
0.863019
0.870138
0.908356
0.823647
0.788238
0.854037
0.764149
0.720612
0.742099
0.738742
1.001948
0.754676
0.833326
0.850741
0.823317
0.819768
0.796041
0.737701
0.795147
0.900942
0.890615
0.806049
0.780505
0.815176
0.812134
0.838982
0.891622
0.732942
0.867679
0.804490
0.764160
0.798748
0.802074
0.902462
0.729151
0.781161
0.779102
0.840607
0.803694
0.725769
0.806389
0.864118
0.794451
0.860232
0.822064
0.763740
0.746575
0.746415
0.750956
0.741358
0.797548
0.788015
0.777472
0.815553
0.789674
0.705038
0.702663
0.860650
0.717811
0.864669
0.838539
0.738322
0.865712
0.801602
0.730232
0.736618
0.685156
0.693097
0.804591
0.800848
0.714482
0.692142
0.729710
0.752060
0.860910
0.636250
0.846452
0.695220
0.773175
0.858574
0.693082
0.681273
0.794131
0.695237
0.786123
0.777302
0.746386
0.766203
0.734982
0.687662
0.810723
0.803269
0.718658
0.706638
0.781422
0.668237
0.715591
0.751282
0.786700
0.817582
0.714287
0.705481
0.667158
0.736846
0.694581
0.653012
0.681726
0.618799
0.772308
0.671064
0.655457
0.809256
0.761819
0.814972
0.699394
0.734297
0.791776
0.655118
0.702712
0.705867
0.706847
0.707090
0.716534
0.783713
0.696413
0.690823
0.733489
0.740642
0.647341
0.657846
0.794235
0.683789
0.776604
0.666213
0.646405
0.709951
0.724447
0.640909
0.541495
0.777646
0.710418
0.676582
0.662095
0.626168
0.748525
0.684946
0.681793
0.628018
0.619475
0.708532
0.608774
0.746168
0.769737
0.735571
0.695964
0.681876
0.759460
0.687226
0.730242
0.683187
0.797799
0.631557
0.650567
0.783466
0.756081
0.697572
0.662637
0.669652
0.682019
0.652126
0.659023
0.605143
0.671052
0.686942
0.696987
0.772702
0.641485
0.636547
0.702781
0.731759
0.584138
0.622570
0.586103
0.610836
0.678195
0.612266
0.633511
0.611752
0.649460
0.671612
0.684884
0.650113
0.631583
0.591047
0.653296
0.586626
0.684465
0.614666
0.587931
0.635483
0.488346
0.682503
0.632385
0.616476
0.546196
0.650199
0.573064
0.609324
0.618295
0.619339
0.644200
0.607129
0.602174
0.615037
0.586914
0.584520
0.609233
0.554505
0.577173
0.609302
0.559570
0.614298
0.770973
0.580730
0.597934
0.650067
0.644831
0.554940
0.679991
0.561695
0.697792
0.621056
0.624934
0.581243
0.636308
0.534429
0.507894
0.620042
0.554777
0.583889
0.621950
0.525832
0.618333
0.540572
0.564844
0.568918
0.612887
0.671442
0.625653
0.550632
0.573651
0.576375
0.619348
0.643279
0.590747
0.534129
0.628451
0.725113
0.568050
0.521227
0.652924
0.674281
0.550713
0.553974
0.572132
0.548873
0.558699
0.543998
0.527957
0.743661
0.676395
0.672313
0.666607
0.651659
0.720119
0.694114
0.604014
0.735856
0.683454
0.701871
0.663547
0.773305
0.777521
0.651977
0.680247
0.685419
0.678931
0.712179
0.677302
0.743871
0.760528
0.678754
0.667348
0.720342
0.754612
0.619403
0.703995
0.732400
0.678134
0.670752
0.649708
0.666265
0.684119
0.710726
0.625681
0.803264
0.681168
0.714292
0.707564
0.603683
0.807944
0.619279
0.601859
0.644568
0.665123
0.617313
0.582947
0.572988
0.694762
0.595646
0.664621
0.668116
0.733671
0.690241
0.635721
0.700351
0.653277
0.644725
0.663262
0.614424
0.743175
0.570656
0.685991
0.637556
0.594597
0.598078
0.657001
0.709908
0.623753
0.693714
0.723724
0.652633
0.669835
0.692564
0.617348
0.658110
0.669298
0.649488
0.624040
0.640898
0.668290
0.601015
0.574806
0.612935
0.553783
0.509490
0.537171
0.535688
0.754083
0.542423
0.597756
0.624341
0.605248
0.597074
0.581485
0.536054
0.579402
0.674739
0.651588
0.586361
0.566340
0.593421
0.586812
0.633317
0.650443
0.527768
0.636756
0.577685
0.552938
0.591165
0.587731
0.670477
0.525783
0.569162
0.562686
0.617317
0.589095
0.530213
0.604696
0.636603
0.596925
0.641335
0.612794
0.558106
0.545708
0.540451
0.555202
0.539768
0.579909
0.591707
0.575495
0.593403
0.587501
0.513540
0.516281
0.645161
0.523192
0.636113
0.624646
0.543565
0.644059
0.590618
0.538882
0.542588
0.490925
0.508927
0.607710
0.590160
0.531700
0.507767
0.539307
0.552932
0.644506
0.461009
0.627014
0.518992
0.580245
0.653613
0.508725
0.501039
0.590098
0.508886
0.592987
0.574909
0.562181
0.571028
0.542275
0.506990
0.610676
0.594677
0.526100
0.524309
0.583973
0.505240
0.526969
0.552511
0.591125
0.616416
0.532162
0.527505
0.477708
0.549198
0.517633
0.479432
0.507230
0.453407
0.573355
0.497649
0.482732
0.606155
0.571672
0.617363
0.513751
0.550496
0.602362
0.480103
0.519007
0.521619
0.525854
0.523822
0.545969
0.593171
0.531117
0.521476
0.557398
0.552324
0.479753
0.485750
0.605645
0.509653
0.594770
0.493542
0.475900
0.540586
0.549283
0.472842
0.394936
0.586745
0.540473
0.509501
0.495114
0.462239
0.571103
0.515476
0.514610
0.470963
0.457178
0.539892
0.457677
0.566080
0.589003
0.558305
0.527752
0.511085
0.576156
0.524536
0.555334
0.519705
0.609899
0.462177
0.489301
0.596863
0.578776
0.530298
0.496705
0.503191
0.517385
0.490326
0.495838
0.455749
0.517013
0.520458
0.522297
0.593864
0.488507
0.488318
0.537502
0.565004
0.441317
0.483615
0.437793
0.476347
0.512649
0.458384
0.489718
0.465315
0.493210
0.509733
0.521555
0.494738
0.485983
0.449703
0.494953
0.443552
0.531833
0.464882
0.445314
0.482692
0.365068
0.537035
0.488707
0.472601
0.406742
0.505972
0.436927
0.463230
0.477538
0.465597
0.491912
0.468156
0.454739
0.475091
0.444811
0.435632
0.478042
0.425690
0.434504
0.466162
0.423982
0.479762
0.618559
0.447247
0.465276
0.508137
0.506818
0.417236
0.525366
0.430407
0.546137
0.477984
0.476611
0.444635
0.492722
0.412905
0.391054
0.477695
0.424115
0.450337
0.484110
0.407856
0.473164
0.413946
0.440178
0.444848
0.479010
0.528589
0.479896
0.418355
0.446650
0.435637
0.494675
0.499910
0.464083
0.410229
0.496877
0.584759
0.456324
0.411238
0.510427
0.530511
0.423056
0.426018
0.440438
0.422671
0.436899
0.427334
0.414261
0.471063
0.428347
0.446365
0.436435
0.427143
0.455624
0.452012
0.372840
0.483685
0.434032
0.446228
0.417914
0.507257
0.503423
0.404882
0.435190
0.431076
0.427496
0.457400
0.417832
0.477306
0.496152
0.440301
0.426395
0.480289
0.486861
0.387519
0.442295
0.480307
0.446870
0.430945
0.441719
0.421533
0.441114
0.464807
0.396442
0.538180
0.438998
0.459301
0.460505
0.382590
0.558178
0.392779
0.379983
0.417478
0.431583
0.408820
0.374593
0.357518
0.480780
0.370649
0.451885
0.431877
0.488579
0.445951
0.410120
0.469396
0.427046
0.405538
0.436588
0.408033
0.485166
0.362601
0.452010
0.419435
0.390966
0.382368
0.423119
0.472746
0.402345
0.455631
0.504124
0.427323
0.432064
0.464087
0.397902
0.427682
0.433036
0.442846
0.399926
0.428534
0.442456
0.396376
0.381269
0.385251
0.363637
0.318232
0.353335
0.353967
0.517143
0.349037
0.375539
0.413213
0.404167
0.390124
0.384353
0.354619
0.380448
0.462738
0.423630
0.382006
0.368603
0.386161
0.374978
0.445501
0.418715
0.340205
0.417289
0.363111
0.357385
0.399919
0.387970
0.448797
0.339201
0.371762
0.359661
0.405632
0.387952
0.352394
0.419138
0.418990
0.416160
0.434014
0.417178
0.366810
0.360122
0.348407
0.375599
0.352781
0.372915
0.410912
0.387517
0.380308
0.398937
0.338016
0.346921
0.439619
0.343306
0.414044
0.420560
0.363006
0.430020
0.389623
0.362039
0.362264
0.310181
0.340492
0.423360
0.388519
0.364500
0.338426
0.362326
0.364966
0.434930
0.302360
0.413345
0.358797
0.399157
0.457419
0.337960
0.335232
0.394565
0.335165
0.410673
0.380927
0.390648
0.385705
0.359855
0.339382
0.418809
0.392016
0.343232
0.354008
0.394694
0.358698
0.348368
0.361111
0.403548
0.421714
0.361026
0.361382
0.297135
0.370711
0.352338
0.318185
0.344687
0.302069
0.379995
0.335999
0.321794
0.407148
0.388685
0.424902
0.336082
0.374978
0.419674
0.315257
0.343149
0.344932
0.353083
0.348050
0.385936
0.408003
0.377380
0.362523
0.389860
0.369342
0.322567
0.322773
0.421873
0.343827
0.419160
0.329259
0.314190
0.380156
0.381439
0.313748
0.262671
0.398737
0.378599
0.351074
0.336672
0.307483
0.399272
0.353485
0.355348
0.324281
0.303767
0.378376
0.318065
0.389906
0.411869
0.385395
0.366078
0.346023
0.395218
0.369382
0.384673
0.363276
0.422611
0.298049
0.335244
0.410781
0.404249
0.368263
0.336222
0.341905
0.358265
0.334638
0.338271
0.315429
0.370705
0.358318
0.349673
0.415866
0.342998
0.348667
0.376200
0.401702
0.308103
0.355152
0.297386
0.353270
0.350209
0.310549
0.354501
0.326629
0.341993
0.351273
0.361123
0.344234
0.347716
0.316697
0.340309
0.308103
0.384161
0.320686
0.310061
0.334428
0.254067
0.397801
0.351614
0.335137
0.274757
0.367816
0.308902
0.322455
0.343408
0.314879
0.342908
0.335931
0.311642
0.341386
0.308242
0.290327
0.355085
0.305640
0.296727
0.327670
0.294964
0.351960
0.467911
0.320548
0.339510
0.370461
0.374009
0.284697
0.371176
0.305799
0.395486
0.338142
0.329958
0.312779
0.351859
0.300034
0.284036
0.338059
0.299256
0.321675
0.349863
0.298825
0.329339
0.293660
0.322278
0.327599
0.349129
0.387140
0.334623
0.290174
0.325090
0.296428
0.375869
0.357101
0.342507
0.292080
0.368806
0.445343
0.353410
0.310435
0.367938
0.386272
0.299331
0.301798
0.311319
0.300470
0.320231
0.317128
0.307749
0.332439
0.306958
0.340466
0.327521
0.322148
0.322493
0.334543
0.262974
0.359012
0.311215
0.318967
0.297599
0.372541
0.362980
0.283290
0.314939
0.304224
0.302594
0.330059
0.287112
0.341519
0.361805
0.324031
0.308272
0.362705
0.349764
0.275460
0.309246
0.353895
0.334954
0.312939
0.345918
0.299880
0.320574
0.342126
0.285350
0.401871
0.318645
0.329865
0.336528
0.276709
0.432106
0.282910
0.273255
0.306999
0.316487
0.311175
0.276947
0.254786
0.378993
0.261047
0.350774
0.314201
0.364603
0.322441
0.299609
0.355038
0.315895
0.285217
0.324935
0.310499
0.351369
0.263708
0.334856
0.313304
0.294884
0.277730
0.305654
0.352889
0.293430
0.334939
0.396290
0.315395
0.311307
0.349748
0.289800
0.311791
0.312964
0.343436
0.288182
0.324931
0.329322
0.297998
0.290578
0.270543
0.275140
0.228862
0.269076
0.271100
0.395495
0.257814
0.264024
0.309378
0.307282
0.289035
0.290053
0.271228
0.284694
0.357751
0.307376
0.282203
0.273346
0.284145
0.269669
0.356927
0.299292
0.251636
0.306282
0.255445
0.262957
0.308422
0.290422
0.335802
0.250711
0.275606
0.259479
0.299298
0.288916
0.269615
0.330851
0.308158
0.331061
0.330222
0.321506
0.274078
0.271308
0.254981
0.290805
0.262732
0.268763
0.325034
0.296523
0.271630
0.307371
0.255500
0.268639
0.335901
0.257487
0.298588
0.317620
0.276469
0.319948
0.288605
0.277859
0.275565
0.223107
0.261963
0.333595
0.286562
0.286593
0.258940
0.277408
0.272271
0.327017
0.230045
0.302403
0.285241
0.310882
0.358485
0.256761
0.257429
0.295857
0.251663
0.321070
0.283071
0.308442
0.293759
0.269865
0.259694
0.322046
0.287614
0.252623
0.272123
0.299441
0.293312
0.260441
0.264143
0.309181
0.322282
0.278027
0.281823
0.207373
0.282337
0.273130
0.241737
0.267256
0.232417
0.280825
0.258976
0.245194
0.303797
0.296486
0.325993
0.247464
0.287793
0.327400
0.235403
0.255508
0.256636
0.267459
0.260256
0.309093
0.313483
0.304805
0.286221
0.307471
0.276059
0.247288
0.243370
0.327823
0.262283
0.330690
0.248657
0.235316
0.302112
0.298128
0.236500
0.204147
0.301087
0.299195
0.274015
0.259530
0.232855
0.312611
0.273650
0.277358
0.255033
0.229738
0.298602
0.253566
0.299720
0.320947
0.297360
0.285849
0.263355
0.301359
0.293522
0.297880
0.286390
0.324034
0.215629
0.259821
0.312843
0.314348
0.287049
0.256030
0.261082
0.278893
0.257607
0.259857
0.249034
0.300048
0.276506
0.260448
0.322813
0.272644
0.282351
0.294654
0.318686
0.246107
0.296418
0.230222
0.298184
0.267480
0.237988
0.290719
0.260352
0.266872
0.271013
0.279424
0.269423
0.281419
0.254022
0.262410
0.243592
0.311019
0.249923
0.245503
0.260694
0.206377
0.330267
0.285519
0.268721
0.212118
0.300793
0.248917
0.253477
0.279024
0.238811
0.267983
0.272698
0.240738
0.277001
0.241788
0.217692
0.298053
0.250580
0.229188
0.259571
0.233444
0.291232
0.391121
0.260475
0.280033
0.302580
0.309478
0.220301
0.291550
0.246842
0.318224
0.268395
0.255383
0.248516
0.281228
0.248953
0.237002
0.268113
0.239605
0.259306
0.283522
0.250096
0.256175
0.236934
0.267165
0.272888
0.285515
0.315359
0.260108
0.227579
0.267083
0.225994
0.319675
0.284037
0.284262
0.236181
0.305902
0.374435
0.308019
0.266474
0.294712
0.311772
0.239142
0.241208
0.247247
0.241191
0.264771
0.266147
0.259299
0.261439
0.247980
0.292290
0.277176
0.274495
0.255073
0.278045
0.211748
0.297359
0.250810
0.255398
0.238845
0.303642
0.290019
0.223484
0.256021
0.240630
0.240315
0.266018
0.220652
0.271457
0.292701
0.267542
0.250435
0.305193
0.278533
0.221719
0.240748
0.289993
0.281161
0.254832
0.303314
0.239114
0.260535
0.280539
0.231834
0.330638
0.258540
0.263347
0.273788
0.226595
0.367797
0.229907
0.222402
0.253469
0.259672
0.266538
0.232262
0.206491
0.331311
0.207840
0.303468
0.255243
0.301184
0.259300
0.245526
0.298210
0.261273
0.224117
0.269864
0.265271
0.280687
0.217432
0.275741
0.261863
0.250440
0.227243
0.246132
0.291647
0.239806
0.273019
0.343332
0.259521
0.249202
0.292095
0.236470
0.252960
0.251157
0.296057
0.232116
0.274521
0.272189
0.251163
0.249085
0.212176
0.235090
0.188158
0.231906
0.234859
0.332040
0.215632
0.207583
0.258269
0.261001
0.239765
0.245499
0.234270
0.239029
0.305577
0.247261
0.233569
0.227855
0.233875
0.217048
0.315988
0.236694
0.210613
0.249497
0.200957
0.217702
0.265177
0.242896
0.277413
0.209447
0.228927
0.209939
0.245403
0.240094
0.232140
0.289472
0.250946
0.291835
0.277859
0.274788
0.229380
0.229315
0.209713
0.251546
0.219749
0.215858
0.284890
0.252756
0.215435
0.263117
0.217548
0.233614
0.283014
0.217098
0.237394
0.265158
0.235457
0.262403
0.237368
0.238379
0.234280
0.181523
0.226322
0.290044
0.234429
0.251271
0.222472
0.237094
0.226469
0.270515
0.198445
0.243700
0.252694
0.267986
0.308078
0.218742
0.221751
0.245496
0.211915
0.277011
0.233189
0.269490
0.247946
0.225384
0.222389
0.272742
0.232920
0.207553
0.233132
0.251042
0.265801
0.217102
0.214431
0.261256
0.270767
0.237992
0.244160
0.162525
0.238424
0.235603
0.206107
0.230902
0.201472
0.229165
0.222796
0.209273
0.249103
0.249568
0.274334
0.202978
0.244276
0.280278
0.196953
0.211565
0.212199
0.224861
0.216097
0.272573
0.264538
0.271203
0.249977
0.266927
0.227845
0.211654
0.204808
0.278969
0.222154
0.285672
0.209116
0.196953
0.264294
0.256587
0.199172
0.179905
0.249401
0.260254
0.236684
0.222106
0.197159
0.268452
0.234239
0.239203
0.222973
0.194293
0.259098
0.224729
0.252856
0.273532
0.251935
0.245860
0.221624
0.251754
0.256494
0.253160
0.248575
0.270991
0.173880
0.222934
0.260158
0.267258
0.246008
0.215673
0.220252
0.239048
0.219368
0.220617
0.218184
0.266180
0.234789
0.213508
0.273160
0.238860
0.251365
0.252965
0.275937
0.218053
0.270618
0.198484
0.274876
0.224774
0.202376
0.261225
0.229081
0.229372
0.229883
0.237252
0.232052
0.249977
0.225090
0.222782
0.213311
0.274666
0.215201
0.215098
0.223829
0.187730
0.297687
0.253918
0.236864
0.182879
0.268450
0.221477
0.219703
0.248441
0.200013
0.229955
0.242835
0.205468
0.246266
0.209577
0.181121
0.272386
0.226265
0.196101
0.226063
0.204515
0.262829
0.351436
0.232475
0.252421
0.269054
0.278269
0.189155
0.249709
0.219450
0.277980
0.233388
0.216965
0.217293
0.245516
0.226911
0.217767
0.232799
0.211474
0.229243
0.250648
0.229532
0.218467
0.210711
0.242049
0.248020
0.254381
0.278481
0.221285
0.197082
0.239768
0.189952
0.293582
0.246093
0.256677
0.210212
0.274996
0.337901
0.289335
0.248761
0.256468
0.272606
0.209979
0.211739
0.215308
0.212586
0.238817
0.243304
0.238202
0.224517
0.219453
0.271308
0.254645
0.253825
0.220530
0.251126
0.188501
0.266779
0.221077
0.223425
0.210217
0.267884
0.251384
0.194043
0.227176
0.208484
0.209064
0.233511
0.186424
0.234681
0.256569
0.240223
0.222148
0.277106
0.240810
0.196224
0.204889
0.257333
0.255557
0.226180
0.285496
0.208549
0.230459
0.249353
0.206278
0.292642
0.228319
0.228608
0.241668
0.203302
0.334534
0.204537
0.198517
0.227682
0.231562
0.246937
0.212604
0.184276
0.309504
0.182139
0.281878
0.225464
0.268254
0.226543
0.219090
0.269832
0.234414
0.192700
0.242645
0.244923
0.242484
0.196307
0.245596
0.237071
0.230529
0.203075
0.215611
0.259894
0.213372
0.240748
0.317316
0.231441
0.216735
0.262719
0.210104
0.222716
0.218804
0.273795
0.203743
0.250093
0.243029
0.229193
0.230834
0.182082
0.217808
0.170394
0.216597
0.220183
0.298269
0.196748
0.178683
0.233086
0.239174
0.215825
0.224841
0.218913
0.217551
0.279514
0.215615
0.209948
0.206414
0.209060
0.190568
0.297677
0.203183
0.192195
0.220015
0.173063
0.196254
0.245119
0.219817
0.246697
0.190714
0.206381
0.185364
0.217760
0.215981
0.215958
0.270537
0.220893
0.274366
0.251163
0.252029
0.208015
0.209823
0.187908
0.233932
0.199505
0.188639
0.266595
0.231900
0.185851
0.241881
0.200706
0.218804
0.255677
0.198493
0.204192
0.238051
0.216353
0.231698
0.211062
0.220293
0.214910
0.161919
0.210867
0.269025
0.207378
0.235978
0.206358
0.218267
0.203778
0.240304
0.185664
0.211909
0.239212
0.247231
0.282042
0.201370
0.206000
0.219436
0.193274
0.255329
0.207410
0.251350
0.224977
0.203329
0.205348
0.247276
0.203657
0.185014
0.214833
0.226137
0.255512
0.195702
0.188549
0.236605
0.243587
0.218835
0.226646
0.139959
0.216496
0.218132
0.189948
0.214215
0.188561
0.201721
0.206178
0.192819
0.219476
0.225372
0.246804
0.180455
0.222412
0.255871
0.178604
0.189351
0.189620
0.203549
0.193676
0.255490
0.238731
0.256131
0.233033
0.246951
0.202482
0.195087
0.186172
0.253102
0.202386
0.262460
0.189727
0.178371
0.246079
0.235743
0.181264
0.171151
0.221396
0.241164
0.218706
0.204049
0.180293
0.245640
0.214738
0.220566
0.208588
0.177522
0.239463
0.212557
0.228034
0.248309
0.228088
0.225808
0.200332
0.224930
0.238467
0.229726
0.229967
0.241694
0.152476
0.204925
0.231060
0.242062
0.225040
0.195170
0.199399
0.218870
0.200300
0.200830
0.204262
0.250126
0.213222
0.188263
0.245995
0.222801
0.237252
0.231339
0.253553
0.205948
0.260077
0.183767
0.266055
0.202342
0.184899
0.248019
0.214615
0.210529
0.208481
0.215102
0.213250
0.235319
0.212170
0.202353
0.199420
0.256501
0.198168
0.201075
0.205264
0.181913
0.282094
0.238995
0.221747
0.169581
0.252967
0.209412
0.203187
0.234144
0.179947
0.210414
0.228998
0.187829
0.231794
0.194055
0.162528
0.261416
0.216229
0.179905
0.209561
0.191206
0.249879
0.330557
0.219773
0.239977
0.252450
0.263278
0.174194
0.227235
0.207092
0.256601
0.215665
0.196839
0.202194
0.227257
0.218216
0.211022
0.214777
0.198472
0.214872
0.234298
0.221791
0.198698
0.198977
0.231075
0.237209
0.239170
0.259230
0.200655
0.182271
0.227176
0.171229
0.281818
0.226016
0.243841
0.198494
0.259807
0.318750
0.282683
0.242775
0.236084
0.251566
0.195936
0.197465
0.199291
0.198892
0.226965
0.233620
0.229731
0.204943
0.205750
0.262874
0.245119
0.245587
0.202558
0.238487
0.178420
0.251546
0.206427
0.207189
0.196315
0.248971
0.230446
0.179532
0.213073
0.192053
0.193248
0.216798
0.168496
0.214957
0.237286
0.227101
0.208334
0.263424
0.220361
0.184333
0.185721
0.240393
0.243548
0.212026
0.278926
0.193031
0.215270
0.233374
0.194232
0.271867
0.212980
0.210093
0.224980
0.192779
0.317015
0.192541
0.187548
0.215370
0.217607
0.238933
0.204547
0.174420
0.299923
0.169815
0.272420
0.210261
0.250832
0.209228
0.206196
0.255563
0.221198
0.176273
0.229156
0.236235
0.221273
0.187049
0.230007
0.225223
0.222090
0.191640
0.199717
0.243126
0.200318
0.223594
0.304536
0.217203
0.199409
0.247554
0.197033
0.206915
0.201517
0.263563
0.189223
0.238322
0.227932
0.219123
0.223358
0.166296
0.210989
0.163230
0.211141
0.215157
0.279858
0.188753
0.163661
0.220660
0.229090
0.204247
0.215550
0.213326
0.207666
0.266406
0.198585
0.198528
0.196512
0.196787
0.177114
0.289934
0.184783
0.184361
0.204416
0.158567
0.186267
0.236091
0.208661
0.230184
0.182585
0.195570
0.173122
0.203353
0.204043
0.209567
0.262205
0.204764
0.267040
0.237364
0.240976
0.197930
0.201041
0.177497
0.226446
0.190164
0.174407
0.258602
0.222104
0.169932
0.231799
0.193695
0.213205
0.241283
0.190212
0.185676
0.223798
0.207697
0.214904
0.197336
0.212319
0.206028
0.152863
0.204708
0.258962
0.193077
0.229908
0.199699
0.209698
0.192492
0.223743
0.181304
0.194223
0.234339
0.237260
0.268364
0.193749
0.199503
0.205708
0.184734
0.244647
0.193852
0.243135
0.213369
0.192354
0.197873
0.233887
0.187599
0.173662
0.206445
0.213102
0.252714
0.185111
0.174809
0.223717
0.228917
0.209778
0.218735
0.128497
0.205473
0.210220
0.182946
0.206838
0.183817
0.186786
0.198820
0.185569
0.202987
0.212682
0.231763
0.168913
0.211327
0.242994
0.169962
0.177992
0.178000
0.192811
0.182152
0.247690
0.224816
0.249726
0.225310
0.237095
0.188841
0.187601
0.177228
0.239086
0.192634
0.250287
0.180221
0.169427
0.237380
0.225199
0.172767
0.169054
0.205811
0.231812
0.210121
0.195401
0.172478
0.233649
0.205058
0.211481
0.202477
0.169729
0.229657
0.207968
0.214573
0.234563
0.215300
0.215666
0.189317
0.210029
0.229723
0.217186
0.220796
0.225028
0.141336
0.196154
0.214507
0.228244
0.214175
0.184616
0.188593
0.208532
0.190731
0.190754
0.198282
0.242646
0.201870
0.174330
0.230711
0.215292
0.231094
0.219911
0.241585
0.201172
0.256391
0.177146
0.263553
0.190302
0.176323
0.242429
0.208132
0.200971
0.197124
0.203216
0.203703
0.228662
0.206728
0.191643
0.193282
0.247361
0.189812
0.194821
0.195821
0.181397
0.274720
0.232086
0.214693
0.163796
0.245637
0.204475
0.195126
0.227630
0.169380
0.200210
0.222784
0.178945
0.225117
0.186635
0.152954
0.257174
0.212634
0.171988
0.201420
0.185296
0.244210
0.319335
0.214268
0.234646
0.244195
0.256147
0.167079
0.214854
0.201786
0.244967
0.206584
0.186071
0.194940
0.217780
0.215437
0.209606
0.205446
0.192653
0.208089
0.226119
0.219641
0.188113
0.194017
0.226639
0.232880
0.231750
0.248972
0.189428
0.175114
0.221567
0.161316
0.276774
0.215140
0.238036
0.193464
0.252342
0.308504
0.281181
0.241735
0.224951
0.239963
0.189228
0.190591
0.191194
0.192412
0.221771
0.229935
0.226889
0.194316
0.199231
0.260044
0.241513
0.242882
0.193028
0.232680
0.174400
0.243914
0.199197
0.198844
0.189596
0.238738
0.218785
0.172371
0.206187
0.183534
0.185155
0.208071
0.158907
0.204099
0.226735
0.220859
0.201604
0.256777
0.208968
0.178929
0.175214
0.231442
0.238048
0.205015
0.277221
0.185054
0.207515
0.225061
0.188672
0.260185
0.205099
0.199978
0.216137
0.188258
0.307580
0.186969
0.182692
0.209567
0.210649
0.236137
0.201712
0.170315
0.296001
0.163971
0.268581
0.202387
0.241394
0.199865
0.199926
0.248321
0.214688
0.167515
0.222440
0.232882
0.209140
0.183287
0.221801
0.219632
0.218881
0.186331
0.191276
0.234067
0.193853
0.214252
0.298251
0.209890
0.189931
0.239582
0.190524
0.198490
0.192046
0.259028
0.181677
0.232697
0.219973
0.214679
0.220728
0.157842
0.208811
0.160798
0.209905
0.214214
0.269532
0.185719
0.155700
0.214507
0.224575
0.198684
0.211587
0.211953
0.203269
0.259750
0.189177
0.193044
0.192089
0.190698
0.170194
0.287008
0.174384
0.181358
0.195970
0.150889
0.181742
0.232237
0.203314
0.221075
0.179343
0.190440
0.166990
0.195700
0.198109
0.207517
0.258788
0.195880
0.264321
0.230104
0.235640
0.193264
0.197284
0.172591
0.223585
0.185998
0.166807
0.255371
0.217602
0.161133
0.227091
0.191134
0.211629
0.233541
0.186747
0.175034
0.216134
0.203953
0.205457
0.190035
0.209042
0.202107
0.148817
0.202684
0.254198
0.185342
0.227934
0.197311
0.205962
0.186847
0.214397
0.180510
0.184085
0.233172
0.232510
0.261019
0.190638
0.197179
0.198311
0.180971
0.239382
0.186561
0.239582
0.207435
0.186859
0.194830
0.226693
0.178535
0.167884
0.202736
0.206145
0.252917
0.179850
0.167336
0.216840
0.220786
0.205576
0.215326
0.122600
0.199878
0.206803
0.180162
0.203785
0.182608
0.178432
0.195770
0.182589
0.193531
0.205881
0.223312
0.162915
0.205638
0.236050
0.165978
0.172099
0.171917
0.187341
0.176131
0.244282
0.217114
0.247283
0.221933
0.232223
0.181315
0.184381
0.172985
0.231282
0.187810
0.243769
0.175566
0.165155
0.233281
0.219799
0.168798
0.169571
0.196862
0.227236
0.206081
0.191313
0.168961
0.227203
0.200228
0.207066
0.200143
0.166211
0.224729
0.206689
0.207078
0.226857
0.208263
0.210482
0.183516
0.201500
0.225502
0.210304
0.216273
0.215252
0.135421
0.191894
0.204799
0.220439
0.208434
0.179096
0.182898
0.203151
0.185889
0.185547
0.195948
0.239255
0.195761
0.166411
0.221839
0.211860
0.228615
0.213729
0.235021
0.199649
0.255627
0.174322
0.263609
0.183673
0.172116
0.240311
0.205387
0.196064
0.190951
0.196672
0.198790
0.225776
0.204688
0.185906
0.190744
0.242720
0.185717
0.192195
0.190959
0.182780
0.271297
0.228981
0.211488
0.161471
0.242231
0.202742
0.191198
0.224783
0.163691
0.194769
0.220136
0.174422
0.222141
0.183137
0.147939
0.255897
0.211802
0.168124
0.197397
0.182831
0.241914
0.313143
0.212076
0.232575
0.240073
0.252807
0.163744
0.207826
0.199715
0.238461
0.201864
0.180157
0.191490
0.212777
0.215117
0.210238
0.200533
0.190192
0.204952
0.221998
0.219741
0.182300
0.192141
0.225128
0.231446
0.228141
0.243367
0.183146
0.171682
0.219213
0.155946
0.274813
0.209088
0.235535
0.191502
0.248667
0.302875
0.281677
0.242555
0.218700
0.233376
0.186067
0.187310
0.187051
0.189405
0.219658
0.228881
0.226422
0.188390
0.196176
0.259576
0.240497
0.242491
0.187845
0.230113
0.173078
0.240057
0.195620
0.194482
0.186373
0.233048
0.212091
0.168826
0.202835
0.179032
0.180947
0.203419
0.153647
0.197957
0.220795
0.217935
0.198333
0.253565
0.202430
0.176588
0.169292
0.226605
0.235620
0.201531
0.277452
0.180886
0.203500
0.220655
0.186180
0.253407
0.200979
0.194298
0.211343
0.186486
0.302372
0.184459
0.180678
0.206890
0.207164
0.235559
0.201099
0.168814
0.294632
0.161246
0.267258
0.198233
0.236145
0.194662
0.196881
0.244599
0.211477
0.162723
0.219080
0.231875
0.201980
0.181986
0.217389
0.217046
0.217961
0.183935
0.186683
0.229040
0.190646
0.209022
0.295160
0.206075
0.184598
0.235304
0.187265
0.193890
0.186705
0.257147
0.177682
0.230042
0.215682
0.212852
0.220169
0.153192
0.208558
0.160371
0.210306
0.214825
0.263567
0.184861
0.151383
0.211459
0.222673
0.196038
0.210056
0.212235
0.201440
0.256330
0.183824
0.190440
0.190219
0.187659
0.166569
0.286182
0.168322
0.180478
0.191271
0.146725
0.179782
0.230742
0.200772
0.215897
0.178275
0.188050
0.163887
0.191532
0.195150
0.207269
0.257582
0.190840
0.263600
0.226200
0.233077
0.191173
0.195824
0.170324
0.222745
0.184248
0.162650
0.254270
0.215616
0.156130
0.224946
0.190490
0.211671
0.229266
0.185468
0.168722
0.211912
0.202474
0.199970
0.186055
0.207873
0.200490
0.147111
0.202392
0.251986
0.181042
0.227662
0.196751
0.204461
0.184011
0.208962
0.181054
0.178083
0.233463
0.230289
0.256963
0.189554
0.196643
0.194221
0.179422
0.236775
0.182536
0.238178
0.204363
0.184088
0.193772
0.222732
0.173254
0.164905
0.201208
0.202333
0.254124
0.177229
0.163162
0.213083
0.216143
0.203684
0.213990
0.119517
0.197005
0.205452
0.179251
0.202686
0.182799
0.173610
0.194664
0.181531
0.187934
0.202140
0.218417
0.159730
0.202672
0.232197
0.164201
0.168986
0.168675
0.184521
0.172921
0.242895
0.212714
0.246568
0.220573
0.229805
0.177032
0.183121
0.171000
0.226801
0.185420
0.240184
0.173286
0.163146
0.231388
0.216995
0.166993
0.170905
0.191571
0.224996
0.204215
0.189412
0.167462
0.223653
0.197803
0.204934
0.199456
0.164701
0.222226
0.206743
0.202771
0.222406
0.204273
0.207788
0.180391
0.196462
0.223482
0.206415
0.214038
0.209332
0.132205
0.189839
0.198918
0.215895
0.205336
0.176149
0.179821
0.200299
0.183410
0.182811
0.195220
0.237787
0.192389
0.161766
0.216524
0.210359
0.227770
0.210297
0.231321
0.199473
0.255982
0.173231
0.264538
0.179914
0.170052
0.239709
0.204342
0.193504
0.187503
0.192964
0.196226
0.224629
0.204129
0.182756
0.189835
0.240331
0.183711
0.191218
0.188405
0.184607
0.269758
0.227661
0.210092
0.160700
0.240697
0.202371
0.189290
0.223630
0.160549
0.191797
0.219123
0.172088
0.220889
0.181518
0.145256
0.255826
0.212051
0.166242
0.195403
0.181928
0.241128
0.309627
0.211361
0.231939
0.238003
0.251278
0.162221
0.203712
0.199071
0.234709
0.199360
0.176821
0.189876
0.210063
0.215693
0.211470
0.197879
0.189263
0.203542
0.219900
0.220594
0.179012
0.191610
0.224851
0.231220
0.226388
0.240228
0.179519
0.170049
0.218337
0.152955
0.274207
0.205616
0.234534
0.190893
0.246854
0.299697
0.282793
0.243890
0.215073
0.229516
0.184607
0.185768
0.184895
0.188042
0.218926
0.228885
0.226835
0.184983
0.194784
0.259978
0.240523
0.242952
0.184960
0.229044
0.172887
0.238086
0.193844
0.192153
0.184840
0.229785
0.208127
0.167066
0.201208
0.176594
0.178716
0.200878
0.150683
0.194362
0.217350
0.216602
0.196757
0.252025
0.198554
0.175648
0.165843
0.223919
0.234629
0.199788
0.278309
0.178664
0.201384
0.218257
0.185132
0.249353
0.198790
0.191006
0.208670
0.185931
0.299405
0.183384
0.179951
0.205693
0.205393
0.235837
0.201351
0.168435
0.294336
0.160006
0.266998
0.195991
0.233136
0.191683
0.195419
0.242657
0.209890
0.160027
0.217388
0.231823
0.197620
0.181734
0.214953
0.215893
0.217970
0.182907
0.184115
0.226164
0.189041
0.206003
0.293644
0.204047
0.181499
0.232943
0.185621
0.191300
0.183602
0.256463
0.175517
0.228823
0.213306
0.212198
0.220403
0.150565
0.209008
0.160695
0.211217
0.215875
0.259996
0.184875
0.148976
0.209937
0.221954
0.194798
0.209598
0.213050
0.200768
0.254540
0.180681
0.189223
0.189520
0.186140
0.164636
0.286206
0.164676
0.180463
0.188576
0.144405
0.179009
0.230293
0.199587
0.212863
0.178116
0.186965
0.162308
0.189207
0.193664
0.207682
0.257329
0.187896
0.263679
0.224043
0.231858
0.190285
0.195379
0.169313
0.222740
0.183599
0.160306
0.254071
0.214777
0.153191
0.224015
0.190608
0.212268
0.226832
0.185132
0.164856
0.209508
0.201992
0.196688
0.183821
0.207612
0.199910
0.146469
0.202738
0.250982
0.178578
0.228033
0.196908
0.203958
0.182561
0.205702
0.181981
0.174421
0.234197
0.229268
0.254663
0.189336
0.196806
0.191895
0.178870
0.235485
0.180250
0.237718
0.202738
0.182675
0.193561
0.220479
0.170081
0.163346
0.200661
0.200185
0.255490
0.175906
0.160753
0.210963
0.213411
0.202877
0.213568
0.117871
0.195500
0.205018
0.179126
0.202427
0.183436
0.170745
0.194401
0.181298
0.184515
0.200023
0.215493
0.158006
0.201096
0.229999
0.163455
0.167303
0.166891
0.183042
0.171162
0.242413
0.210129
0.246555
0.220102
0.228606
0.174526
0.182721
0.170097
0.224148
0.184230
0.238158
0.172178
0.162218
0.230543
0.215508
0.166210
0.172317
0.188337
0.223908
0.203385
0.188551
0.166884
0.221631
0.196576
0.203910
0.199454
0.164109
0.220937
0.207244
0.200221
0.219744
0.201944
0.206366
0.178659
0.193397
0.222523
0.204149
0.212931
0.205636
0.130409
0.188856
0.195248
0.213166
0.203612
0.174535
0.178116
0.198752
0.182119
0.181346
0.195157
0.237208
0.190473
0.158958
0.213244
0.209748
0.227626
0.208330
0.229164
0.199787
0.256662
0.172909
0.265627
0.177713
0.169041
0.239722
0.204038
0.192148
0.185518
0.190795
0.194855
0.224244
0.204169
0.180976
0.189625
0.239083
0.182726
0.190950
0.187039
0.186310
0.269095
0.227155
0.209537
0.160573
0.240035
0.202529
0.188371
0.223240
0.158760
0.190134
0.218822
0.170870
0.220420
0.180793
0.143784
0.256183
0.212627
0.165333
0.194409
0.181703
0.240978
0.307560
0.211258
0.231897
0.236945
0.250613
0.161554
0.201231
0.199015
0.232478
0.198002
0.174875
0.189138
0.208561
0.216487
0.212734
0.196416
0.189002
0.202945
0.218819
0.221585
0.177101
0.191627
0.225043
0.231444
0.225553
0.238406
0.177362
0.169290
0.218108
0.151239
0.274156
0.203563
0.234230
0.190841
0.245963
0.297844
0.283943
0.245192
0.212906
0.227189
0.183962
0.185059
0.183762
0.187460
0.218780
0.229255
0.227495
0.182959
0.194170
0.260633
0.240902
0.243640
0.183292
0.228666
0.173115
0.237070
0.192961
0.190883
0.184128
0.227860
0.205708
0.166187
0.200420
0.175246
0.177507
0.199449
0.148957
0.192198
0.215284
0.216019
0.195998
0.251295
0.196183
0.175336
0.163779
0.222381
0.234274
0.198912
0.279259
0.177449
0.200246
0.216921
0.184740
0.246850
0.197588
0.189037
0.207136
0.185880
0.297659
0.182966
0.179780
0.205188
0.204489
0.236362
0.201860
0.168502
0.294478
0.159472
0.267150
0.194754
0.231362
0.189926
0.194720
0.241619
0.209104
0.158466
0.216525
0.232118
0.194886
0.181879
0.213567
0.215399
0.218296
0.182505
0.182632
0.224469
0.188233
0.204204
0.292881
0.202943
0.179650
0.231609
0.184784
0.189797
0.181734
0.256297
0.174307
0.228275
0.211944
0.212052
0.220873
0.149032
0.209630
0.161227
0.212156
0.216912
0.257816
0.185190
0.147594
0.209175
0.221748
0.194230
0.209581
0.213914
0.200592
0.253587
0.178782
0.188671
0.189321
0.185370
0.163577
0.286522
0.162419
0.180745
0.186982
0.143072
0.178756
0.230274
0.199049
0.211024
0.178300
0.186488
0.161486
0.187859
0.192906
0.208258
0.257432
0.186119
0.264016
0.222818
0.231295
0.189944
0.195350
0.168885
0.223012
0.183417
0.158948
0.254207
0.214486
0.151413
0.223630
0.190964
0.212963
0.225402
0.185172
0.162431
0.208109
0.201928
0.194658
0.182530
0.207705
0.199774
0.146287
0.203250
0.250556
0.177124
0.228555
0.197283
0.203870
0.181816
0.203674
0.182902
0.172118
0.234991
0.228816
0.253321
0.189443
0.197186
0.190524
0.178749
0.234849
0.178910
0.237667
0.201857
0.181946
0.193670
0.219160
0.168116
0.162511
0.200537
0.198931
0.256703
0.175240
0.159322
0.209730
0.211744
0.202565
0.213533
0.116968
0.194700
0.204967
0.179292
0.202493
0.184133
0.168985
0.194458
0.181376
0.182369
0.198788
0.213688
0.157035
0.200237
0.228707
0.163177
0.166370
0.165891
0.182248
0.170176
0.242318
0.208558
0.246793
0.220010
0.227996
0.173005
0.182680
0.169708
0.222531
0.183633
0.236969
0.171627
0.161807
0.230181
0.214705
0.165890
0.173545
0.186308
0.223378
0.203037
0.188182
0.166714
0.220449
0.195953
0.203425
0.199670
0.163928
0.220267
0.207829
0.198660
