0.400287
0.400377
0.399841
0.399092
0.398728
0.397617
0.397019
0.395776
0.394776
0.393862
0.393457
0.391798
0.390637
0.389348
0.388683
0.386676
0.385426
0.384158
0.382843
0.381700
0.380274
0.379029
0.377463
0.376309
0.375107
0.373421
0.371663
0.370262
0.368960
0.367929
0.365757
0.364773
0.363083
0.361760
0.360692
0.359405
0.357408
0.356248
0.354472
0.353342
0.352253
0.350662
0.349006
0.347662
0.346759
0.345507
0.344054
0.342211
0.340963
0.339725
0.338461
0.336537
0.335430
0.334102
0.332565
0.331319
0.329875
0.328647
0.327147
0.326090
0.325058
0.323237
0.322350
0.321466
0.319595
0.318211
0.316664
0.315981
0.314683
0.313452
0.312209
0.311196
0.309304
0.308348
0.307056
0.305442
0.304598
0.303350
0.302123
0.300686
0.299349
0.298126
0.296662
0.296015
0.295092
0.293339
0.292295
0.291305
0.289763
0.289139
0.287687
0.287166
0.285243
0.283968
0.283235
0.281674
0.280913
0.279432
0.278611
0.277524
0.276141
0.275050
0.273564
0.272653
0.271761
0.270743
0.269663
0.268459
0.267877
0.266383
0.265403
0.263779
0.263292
0.262360
0.261031
0.260178
0.259248
0.257865
0.256589
0.256015
0.254714
0.253424
0.252771
0.251165
0.250528
0.250026
0.248542
0.247478
0.246744
0.245481
0.244574
0.243591
0.243249
0.241603
0.240740
0.239639
0.238736
0.237647
0.236677
0.236158
0.235010
0.233978
0.233063
0.232073
0.230823
0.230498
0.229730
0.228361
0.227642
0.226408
0.225429
0.224736
0.223827
0.223214
0.221943
0.221553
0.220377
0.219151
0.217884
0.217465
0.216696
0.215477
0.214872
0.214064
0.213525
0.212264
0.211218
0.210380
0.209547
0.209039
0.207848
0.207232
0.206721
0.205195
0.204717
0.203657
0.203049
0.202452
0.201713
0.200632
0.199753
0.199492
0.197970
0.197738
0.197186
0.195915
0.195189
0.194035
0.193455
0.192698
0.191966
0.191011
0.190478
0.189883
0.188420
0.188208
0.187153
0.186721
0.185851
0.185101
0.184218
0.183321
0.182546
0.182197
0.181362
0.180857
0.179805
0.179400
0.178240
0.177586
0.177282
0.176107
0.175937
0.174771
0.174261
0.173381
0.172740
0.172241
0.171486
0.170652
0.170022
0.169228
0.168254
0.168374
0.167144
0.166815
0.166038
0.165396
0.164641
0.163900
0.163493
0.162535
0.161837
0.161746
0.160513
0.160236
0.159519
0.158516
0.158084
0.157799
0.156942
0.156116
0.155635
0.154708
0.154507
0.153730
0.152957
0.152521
0.152362
0.150923
0.150640
0.149729
0.149390
0.148616
0.148259
0.147200
0.147335
0.146446
0.145394
0.145030
0.145100
0.143880
0.143517
0.142725
0.142457
0.141804
0.141010
0.140522
0.140058
0.139108
0.138996
0.138446
0.137615
0.137238
0.136725
0.136408
0.135830
0.134946
0.134188
0.133727
0.133302
0.132842
0.132890
0.131558
0.130935
0.130519
0.130320
0.130072
0.129160
0.128553
0.127925
0.127705
0.127205
0.126474
0.126379
0.125381
0.125048
0.124830
0.124731
0.123537
0.123808
0.122749
0.122174
0.121843
0.121225
0.120586
0.120328
0.119493
0.119178
0.118841
0.118219
0.117909
0.117092
0.116989
0.116205
0.116039
0.115716
0.115164
0.114381
0.114007
0.113656
0.113063
0.113107
0.112321
0.111959
0.111090
0.111047
0.110432
0.109959
0.109548
0.108986
0.108758
0.108295
0.108119
0.107803
0.106589
0.106667
0.106036
0.105396
0.105063
0.104703
0.104652
0.103701
0.103704
0.103611
0.102569
0.102411
0.101539
0.101241
0.101130
0.100624
0.100059
0.099931
0.099252
0.099058
0.098409
0.097963
0.097675
0.097846
0.097074
0.096643
0.096245
0.096293
0.095309
0.094916
0.094600
0.094279
0.094062
0.093614
0.093369
0.092841
0.092651
0.092447
0.091855
0.091188
0.090843
0.090555
0.090582
0.089579
0.089592
0.088991
0.088722
0.088674
0.088497
0.087578
0.087484
0.086816
0.086669
0.086597
0.086134
0.085543
0.085245
0.085382
0.085141
0.084730
0.083954
0.083755
0.083524
0.083256
0.082492
0.082355
0.082119
0.081551
0.081302
0.080894
0.080660
0.080198
0.080102
0.080080
0.079276
0.079346
0.079354
0.078537
0.078154
0.077605
0.077845
0.077496
0.077188
0.076963
0.076786
0.075972
0.075943
0.075574
0.074973
0.075070
0.074696
0.074458
0.073939
0.073509
0.073246
0.072694
0.072900
0.072800
0.072040
0.071901
0.071750
0.071182
0.071393
0.070842
0.071150
0.070185
0.069782
0.069876
0.069215
0.069274
0.068738
0.068674
0.068449
0.067943
0.067709
0.067111
0.067031
0.066905
0.066714
0.066501
0.066100
0.066333
0.065621
0.065486
0.064734
0.064976
0.064842
0.064371
0.064321
0.064160
0.063575
0.063127
0.063273
0.062801
0.062309
0.062428
0.061661
0.061753
0.061898
0.061269
0.060931
0.060972
0.060475
0.060334
0.060083
0.060454
0.059576
0.059476
0.059106
0.058911
0.058605
0.058339
0.058490
0.058104
0.057778
0.057616
0.057295
0.056832
0.057146
0.057028
0.056411
0.056376
0.055862
0.055609
0.055589
0.055350
0.055426
0.054858
0.055107
0.054609
0.054084
0.053534
0.053719
0.053609
0.053110
0.053104
0.052990
0.053049
0.052478
0.052111
0.051900
0.051733
0.051826
0.051322
0.051315
0.051407
0.050589
0.050709
0.050283
0.050260
0.050286
0.050088
0.049702
0.049486
0.049726
0.048893
0.049225
0.049242
0.048609
0.048479
0.047956
0.047965
0.047804
0.047662
0.047281
0.047298
0.047271
0.046470
0.046773
0.046330
0.046450
0.046152
0.045989
0.045679
0.045361
0.045165
0.045327
0.045044
0.045093
0.044611
0.044718
0.044133
0.044019
0.044242
0.043639
0.043946
0.043380
0.043362
0.043023
0.042903
0.042926
0.042702
0.042399
0.042302
0.042036
0.041615
0.042137
0.041496
0.041627
0.041388
0.041261
0.041015
0.040783
0.040861
0.040406
0.040216
0.040553
0.039880
0.040073
0.039830
0.039365
0.039370
0.039554
0.039165
0.038866
0.038857
0.038420
0.038664
0.038362
0.038093
0.038094
0.038351
0.037463
0.037613
0.037163
0.037294
0.037005
0.037031
0.036501
0.037015
0.036592
0.036018
0.036086
0.036529
0.035812
0.035856
0.035543
0.035692
0.035472
0.035132
0.035072
0.035000
0.034521
0.034792
0.034677
0.034290
0.034321
0.034193
0.034293
0.034141
0.033698
0.033352
0.033310
0.033283
0.033202
0.033650
0.032754
0.032547
0.032520
0.032715
0.032834
0.032341
0.032114
0.031904
0.032059
0.031941
0.031627
0.031876
0.031294
0.031333
0.031487
0.031721
0.030963
0.031574
0.030911
0.030715
0.030752
0.030524
0.030267
0.030347
0.029885
0.029947
0.029955
0.029723
0.029732
0.029298
0.029520
0.029113
0.029317
0.029310
0.029109
0.028708
0.028694
0.028645
0.028444
0.028770
0.028340
0.028331
0.027824
0.028094
0.027845
0.027699
0.027627
0.027395
0.027481
0.027368
0.027524
0.027495
0.026658
0.027040
0.026744
0.026416
0.026419
0.026386
0.026619
0.026023
0.026296
0.026522
0.025821
0.025957
0.025411
0.025433
0.025596
0.025410
0.025155
0.025326
0.024959
0.025058
0.024737
0.024582
0.024582
0.025018
0.024585
0.024423
0.024335
0.024638
0.023989
0.023875
0.023850
0.023824
0.023889
0.023718
0.023761
0.023522
0.023593
0.023651
0.023360
0.022989
0.022915
0.022898
0.023187
0.022497
0.022764
0.022439
0.022446
0.022648
0.022745
0.022095
0.022265
0.021876
0.021976
0.022152
0.021975
0.021648
0.021611
0.021990
0.022008
0.021850
0.021336
0.021390
0.021395
0.021376
0.020903
0.020996
0.021034
0.020697
0.020696
0.020542
0.020545
0.020340
0.020471
0.020685
0.020139
0.020435
0.020680
0.020107
0.019956
0.019661
0.020118
0.019999
0.019920
0.019943
0.019974
0.019420
0.019606
0.019461
0.019109
0.019432
0.019273
0.019273
0.018979
0.018776
0.018736
0.018410
0.018822
0.018919
0.018406
0.018481
0.018544
0.018204
0.018620
0.018289
0.018770
0.018057
0.017869
0.018159
0.017727
0.017980
0.017670
0.017801
0.017779
0.017490
0.017459
0.017068
0.017191
0.017262
0.017270
0.017261
0.017056
0.017485
0.016974
0.017033
0.016492
0.016917
0.016968
0.016712
0.016856
0.016878
0.016482
0.016239
0.016558
0.016291
0.015992
0.016295
0.015732
0.016002
0.016308
0.015881
0.015726
0.015946
0.015638
0.015676
0.015606
0.016148
0.015462
0.015543
0.015352
0.015333
0.015209
0.015106
0.015434
0.015228
0.015073
0.015097
0.014938
0.014665
0.015136
0.015180
0.014745
0.014865
0.014528
0.014455
0.014580
0.014518
0.014755
0.014361
0.014772
0.014433
0.014079
0.013702
0.014038
0.014085
0.013755
0.013902
0.013949
0.014167
0.013756
0.013548
0.013493
0.013486
0.013728
0.013386
0.013530
0.013766
0.013115
0.013388
0.013111
0.013234
0.013409
0.013338
0.013119
0.013066
0.013431
0.012765
0.013234
0.013392
0.012908
0.012923
0.012552
0.012711
0.012689
0.012688
0.012450
0.012599
0.012714
0.012065
0.012496
0.012201
0.012454
0.012297
0.012276
0.012104
0.011925
0.011868
0.012158
0.012006
0.012190
0.011850
0.012083
0.011634
0.011650
0.011997
0.011533
0.011960
0.011537
0.011633
0.011432
0.011439
0.011585
0.011494
0.011321
0.011344
0.011214
0.010922
0.011545
0.011046
0.011288
0.011179
0.011178
0.011055
0.010948
0.011144
0.010808
0.010740
0.011181
0.010642
0.010950
0.010824
0.010488
0.010598
0.010892
0.010618
0.010452
0.010556
0.010238
0.010586
0.010407
0.010253
0.010362
0.010720
0.009964
0.010220
0.009882
0.010126
0.009952
0.010078
0.009670
0.010277
0.009967
0.009508
0.009680
0.010220
0.009619
0.009767
0.009566
0.009817
0.009701
0.009470
0.009516
0.009541
0.009174
0.009539
0.009528
0.009247
0.009377
0.009344
0.009547
0.009498
0.009161
0.008912
0.008972
0.009043
0.009054
0.009603
0.008807
0.008701
0.008768
0.009059
0.009269
0.008877
0.008742
0.008632
0.008881
0.008853
0.008641
0.008972
0.008492
0.008620
0.008864
0.009177
0.008526
0.009217
0.008651
0.008551
0.008677
0.008539
0.008375
0.008539
0.008167
0.008322
0.008415
0.008275
0.008363
0.008021
0.008320
0.008007
0.008300
0.008372
0.008253
0.007944
0.008016
0.008044
0.007932
0.008332
0.007990
0.008065
0.007642
0.007989
0.007826
0.007762
0.007773
0.007619
0.007785
0.007755
0.007992
0.008028
0.007285
0.007740
0.007526
0.007274
0.007357
0.007403
0.007705
0.007194
0.007535
0.007839
0.007221
0.007427
0.006959
0.007059
0.007291
0.007181
0.007001
0.007246
0.006953
0.007123
0.006880
0.006796
0.006866
0.007370
0.007016
0.006917
0.006905
0.007273
0.006702
0.006658
0.006703
0.006748
0.006880
0.006777
0.006891
0.006720
0.006856
0.006978
0.006760
0.006460
0.006452
0.006501
0.006853
0.006236
0.006566
0.006309
0.006383
0.006645
0.006807
0.006224
0.006458
0.006135
0.006297
0.006533
0.006423
0.006162
0.006188
0.006624
0.006707
0.006609
0.006161
0.006275
0.006336
0.006379
0.005975
0.006124
0.006228
0.005947
0.006007
0.005912
0.005974
0.005831
0.006018
0.006289
0.005805
0.006157
0.006459
0.005946
0.005851
0.005616
0.006126
0.006062
0.006042
0.006124
0.006207
0.005713
0.005952
0.005861
0.005568
0.005946
0.005839
0.005897
0.005658
0.005509
0.005522
0.005252
0.005715
0.005860
0.005406
0.005533
0.005648
0.005362
0.005829
0.005550
0.006068
0.005421
0.005286
0.005624
0.005247
0.005547
0.005292
0.005471
0.005497
0.005260
0.005278
0.004937
0.005110
0.005229
0.005285
0.005325
0.005168
0.005645
0.005183
0.005288
0.004798
0.005268
0.005365
0.005160
0.005351
0.005419
0.005068
0.004873
0.005235
0.005017
0.004766
0.005112
0.004598
0.004912
0.005258
0.004879
0.004770
0.005032
0.004770
0.004851
0.004826
0.005409
0.004769
0.004894
0.004746
0.004769
0.004690
0.004625
0.004999
0.004836
0.004721
0.004791
0.004672
0.004443
0.004954
0.005038
0.004646
0.004803
0.004509
0.004480
0.004637
0.004620
0.004895
0.004545
0.004996
0.004694
0.004382
0.004046
0.004420
0.004504
0.004215
0.004399
0.004485
0.004742
0.004370
0.004200
0.004183
0.004214
0.004494
0.004190
0.004371
0.004642
0.004030
0.004341
0.004100
0.004259
0.004470
0.004430
0.004252
0.004238
0.004634
0.004008
0.004510
0.004703
0.004254
0.004305
0.003970
0.004165
0.004177
0.004211
0.004007
0.004188
0.004338
0.003725
0.004187
0.003928
0.004213
0.004091
0.004103
0.003966
0.003820
0.003796
0.004118
0.003998
0.004214
0.003908
0.004173
0.003756
0.003804
0.004181
0.003751
0.004207
0.003817
0.003942
0.003775
0.003812
0.003988
0.003930
0.003789
0.003839
0.003743
0.003482
0.004129
0.003664
0.003934
0.003856
0.003886
0.003793
0.003715
0.003940
0.003633
0.003594
0.004061
0.003554
0.003889
0.003794
0.003487
0.003623
0.003944
0.003697
0.003565
0.003695
0.003407
0.003780
0.003630
0.003504
0.003640
0.004023
0.003298
0.003580
0.003269
0.003540
0.003394
0.003545
0.003166
0.003794
0.003512
0.003081
0.003279
0.003842
0.003269
0.003443
0.003268
0.003544
0.003454
0.003249
0.003321
0.003370
0.003029
0.003417
0.003431
0.003177
0.003330
0.003320
0.003549
0.003524
0.003213
0.002987
0.003072
0.003167
0.003200
0.003774
0.003001
0.002921
0.003011
0.003324
0.003557
0.003189
0.003077
0.002991
0.003262
0.003257
0.003068
0.003420
0.002964
0.003114
0.003380
0.003711
0.003087
0.003797
0.003254
0.003179
0.003326
0.003208
0.003068
0.003252
0.002903
0.003080
0.003193
0.003076
0.003183
0.002863
0.003180
0.002891
0.003205
0.003296
0.003198
0.002910
0.003003
0.003050
0.002959
0.003378
0.003057
0.003153
0.002749
0.003116
0.002973
0.002929
0.002960
0.002825
0.003011
0.003000
0.003257
0.003307
0.002589
0.003061
0.002867
0.002634
0.002736
0.002801
0.003119
0.002629
0.002987
0.003309
0.002712
0.002935
0.002486
0.002604
0.002853
0.002761
0.002600
0.002863
0.002587
0.002775
0.002551
0.002484
0.002571
0.003092
0.002757
0.002672
0.002679
0.003063
0.002511
0.002484
0.002547
0.002608
0.002757
0.002670
0.002802
0.002647
0.002799
0.002936
0.002735
0.002453
0.002460
0.002526
0.002893
0.002293
0.002639
0.002398
0.002489
0.002765
0.002943
0.002376
0.002626
0.002319
0.002496
0.002747
0.002653
0.002408
0.002448
0.002898
0.002998
0.002915
0.002482
0.002611
0.002686
0.002743
0.002355
0.002519
0.002638
0.002371
0.002446
0.002365
0.002441
0.002314
0.002513
0.002799
0.002330
0.002695
0.003012
0.002513
0.002431
0.002211
0.002733
0.002683
0.002678
0.002773
0.002869
0.002390
0.002642
0.002563
0.002286
0.002676
0.002582
0.002655
0.002429
0.002293
0.002319
0.002062
0.002537
0.002694
0.002254
0.002394
0.002522
0.002249
0.002729
0.002462
0.002987
0.002358
0.002236
0.002585
0.002222
0.002533
0.002291
0.002481
0.002519
0.002295
0.002325
0.001996
0.002181
0.002312
0.002380
0.002431
0.002286
0.002775
0.002325
0.002440
0.001963
0.002444
0.002552
0.002359
0.002561
0.002641
0.002301
0.002117
0.002489
0.002284
0.002045
0.002401
0.001898
0.002224
0.002579
0.002212
0.002114
0.002387
0.002135
0.002227
0.002213
0.002806
0.002177
0.002312
0.002175
0.002208
0.002139
0.002084
0.002469
0.002316
0.002212
0.002293
0.002183
0.001965
0.002486
0.002579
0.002197
0.002363
0.002080
0.002061
0.002226
0.002221
0.002504
0.002165
0.002626
0.002332
0.002031
0.001705
0.002088
0.002181
0.001902
0.002096
0.002190
0.002457
0.002094
0.001934
0.001926
0.001967
0.002255
0.001960
0.002151
0.002430
0.001828
0.002147
0.001915
0.002083
0.002302
0.002270
0.002102
0.002098
0.002502
0.001885
0.002394
0.002597
0.002156
0.002215
0.001889
0.002093
0.002113
0.002156
0.001960
0.002149
0.002308
0.001703
0.002172
0.001923
0.002215
0.002101
0.002122
0.001992
0.001855
0.001839
0.002169
0.002056
0.002280
0.001983
0.002255
0.001846
0.001902
0.002286
0.001864
0.002328
0.001946
0.002077
0.001918
0.001963
0.002146
0.002096
0.001962
0.002020
0.001932
0.001678
0.002331
0.001875
0.002151
0.002080
0.002118
0.002032
0.001962
0.002194
0.001893
0.001862
0.002335
0.001836
0.002178
0.002089
0.001790
0.001932
0.002259
0.002019
0.001895
0.002032
0.001750
0.002129
0.001987
0.001868
0.002010
0.002399
0.001682
0.001970
0.001665
0.001943
0.001804
0.001961
0.001589
0.002223
0.001948
0.001523
0.001727
0.002296
0.001729
0.001910
0.001742
0.002024
0.001939
0.001741
0.001818
0.001874
0.001540
0.001933
0.001953
0.001705
0.001864
0.001859
0.002094
0.002075
0.001770
0.001551
0.001641
0.001742
0.001780
0.002360
0.001594
0.001519
0.001615
0.001934
0.002172
0.001810
0.001703
0.001623
0.001899
0.001900
0.001717
0.002074
0.001624
0.001779
0.002050
0.002386
0.001768
0.002482
0.001946
0.001876
0.002028
0.001916
0.001782
0.001971
0.001627
0.001809
0.001926
0.001815
0.001927
0.001612
0.001934
0.001650
0.001970
0.002065
0.001972
0.001690
0.001787
0.001839
0.001753
0.002176
0.001860
0.001962
0.001563
0.001934
0.001796
0.001757
0.001793
0.001662
0.001853
0.001847
0.002109
0.002162
0.001450
0.001927
0.001738
0.001509
0.001616
0.001685
0.002008
0.001522
0.001885
0.002211
0.001619
0.001846
0.001401
0.001524
0.001778
0.001690
0.001533
0.001801
0.001529
0.001720
0.001501
0.001439
0.001530
0.002054
0.001724
0.001643
0.001655
0.002042
0.001494
0.001472
0.001539
0.001604
0.001757
0.001674
0.001810
0.001659
0.001815
0.001956
0.001760
0.001481
0.001493
0.001562
0.001933
0.001337
0.001687
0.001450
0.001545
0.001825
0.002007
0.001443
0.001696
0.001394
0.001575
0.001829
0.001738
0.001497
0.001542
0.001995
0.002099
0.002019
0.001590
0.001722
0.001801
0.001862
0.001478
0.001645
0.001768
0.001504
0.001583
0.001505
0.001585
0.001461
0.001664
0.001952
0.001487
0.001856
0.002176
0.001680
0.001602
0.001386
0.001911
0.001863
0.001862
0.001961
0.002059
0.001585
0.001839
0.001763
0.001490
0.001883
0.001793
0.001869
0.001646
0.001513
0.001542
0.001288
0.001767
0.001926
0.001490
0.001633
0.001764
0.001494
0.001977
0.001713
0.002239
0.001615
0.001496
0.001848
0.001488
0.001803
0.001563
0.001756
0.001797
0.001576
0.001609
0.001283
0.001471
0.001605
0.001675
0.001729
0.001588
0.002079
0.001631
0.001750
0.001275
0.001759
0.001871
0.001680
0.001885
0.001967
0.001630
0.001449
0.001824
0.001621
0.001385
0.001744
0.001244
0.001572
0.001930
0.001565
0.001470
0.001745
0.001497
0.001590
0.001579
0.002174
0.001549
0.001686
0.001552
0.001587
0.001521
0.001468
0.001855
0.001705
0.001603
0.001687
0.001579
0.001364
0.001887
0.001983
0.001604
0.001772
0.001491
0.001475
0.001641
0.001639
0.001925
0.001587
0.002051
0.001760
0.001461
0.001137
0.001523
0.001618
0.001341
0.001537
0.001634
0.001903
0.001542
0.001384
0.001378
0.001422
0.001712
0.001419
0.001612
0.001894
0.001294
0.001616
0.001385
0.001556
0.001777
0.001746
0.001581
0.001579
0.001985
0.001371
0.001881
0.002086
0.001647
0.001708
0.001384
0.001591
0.001613
0.001657
0.001463
0.001654
0.001815
0.001213
0.001683
0.001436
0.001731
0.001619
0.001642
0.001514
0.001379
0.001364
0.001696
0.001585
0.001812
0.001516
0.001790
0.001382
0.001441
0.001826
0.001407
0.001872
0.001492
0.001625
0.001468
0.001515
0.001699
0.001651
0.001520
0.001579
0.001492
0.001241
0.001896
0.001441
0.001719
0.001650
0.001690
0.001605
0.001537
0.001770
0.001471
0.001442
0.001916
0.001419
0.001762
0.001676
0.001379
0.001522
0.001851
0.001613
0.001490
0.001628
0.001349
0.001729
0.001589
0.001471
0.001615
0.002005
0.001290
0.001580
0.001276
0.001556
0.001419
0.001577
0.001207
0.001842
0.001568
0.001146
0.001350
0.001921
0.001356
0.001538
0.001372
0.001655
0.001572
0.001375
0.001454
0.001511
0.001179
0.001573
0.001595
0.001348
0.001508
0.001505
0.001742
0.001724
0.001421
0.001203
0.001294
0.001397
0.001436
0.002018
0.001252
0.001179
0.001276
0.001597
0.001836
0.001475
0.001370
0.001291
0.001569
0.001571
0.001389
0.001747
0.001299
0.001455
0.001727
0.002064
0.001448
0.002164
0.001629
0.001560
0.001714
0.001602
0.001470
0.001660
0.001317
0.001501
0.001619
0.001509
0.001622
0.001309
0.001631
0.001350
0.001670
0.001767
0.001674
0.001394
0.001493
0.001546
0.001461
0.001885
0.001570
0.001673
0.001275
0.001648
0.001511
0.001473
0.001510
0.001380
0.001572
0.001568
0.001831
0.001885
0.001174
0.001652
0.001464
0.001236
0.001344
0.001414
0.001738
0.001254
0.001617
0.001945
0.001354
0.001582
0.001138
0.001263
0.001517
0.001430
0.001275
0.001543
0.001272
0.001465
0.001247
0.001186
0.001278
0.001803
0.001474
0.001393
0.001407
0.001795
0.001248
0.001227
0.001294
0.001360
0.001514
0.001433
0.001570
0.001420
0.001576
0.001718
0.001523
0.001246
0.001258
0.001328
0.001700
0.001106
0.001456
0.001220
0.001316
0.001597
0.001779
0.001217
0.001471
0.001169
0.001352
0.001606
0.001517
0.001277
0.001322
0.001776
0.001881
0.001802
0.001374
0.001507
0.001586
0.001648
0.001265
0.001433
0.001557
0.001294
0.001374
0.001297
0.001377
0.001254
0.001458
0.001747
0.001283
0.001653
0.001973
0.001479
0.001401
0.001185
0.001712
0.001665
0.001664
0.001764
0.001863
0.001389
0.001645
0.001570
0.001297
0.001691
0.001601
0.001678
0.001456
0.001324
0.001354
0.001101
0.001580
0.001740
0.001305
0.001449
0.001580
0.001311
0.001795
0.001531
0.002058
0.001435
0.001317
0.001670
0.001310
0.001625
0.001387
0.001581
0.001622
0.001401
0.001436
0.001110
0.001298
0.001433
0.001505
0.001559
0.001418
0.001910
0.001463
0.001582
0.001109
0.001593
0.001705
0.001516
0.001721
0.001804
0.001467
0.001287
0.001662
0.001461
0.001225
0.001584
0.001085
0.001414
0.001772
0.001408
0.001313
0.001590
0.001342
0.001436
0.001425
0.002021
0.001396
0.001534
0.001400
0.001436
0.001371
0.001319
0.001707
0.001557
0.001455
0.001541
0.001433
0.001218
0.001742
0.001838
0.001460
0.001628
0.001348
0.001333
0.001499
0.001498
0.001784
0.001447
0.001912
0.001621
0.001322
0.001000
0.001386
0.001481
0.001205
0.001402
0.001499
0.001769
0.001409
0.001251
0.001246
0.001289
0.001581
0.001288
0.001482
0.001764
0.001164
0.001487
0.001257
0.001428
0.001649
0.001619
0.001454
0.001453
0.001859
0.001246
0.001757
0.001962
0.001524
0.001586
0.001262
0.001469
0.001492
0.001537
0.001343
0.001534
0.001696
0.001094
0.001565
0.001318
0.001613
0.001502
0.001525
0.001398
0.001263
0.001249
0.001581
0.001471
0.001698
0.001403
0.001678
0.001270
0.001329
0.001715
0.001296
0.001761
0.001382
0.001516
0.001359
0.001406
0.001591
0.001543
0.001412
0.001472
0.001386
0.001135
0.001790
0.001336
0.001614
0.001545
0.001586
0.001501
0.001434
0.001668
0.001369
0.001340
0.001815
0.001318
0.001662
0.001575
0.001279
0.001423
0.001751
0.001514
0.001392
0.001531
0.001251
0.001632
0.001492
0.001375
0.001519
0.001910
0.001195
0.001485
0.001182
0.001462
0.001325
0.001484
0.001114
0.001749
0.001476
0.001054
0.001259
0.001830
0.001265
0.001448
0.001282
0.001565
0.001483
0.001286
0.001366
0.001424
0.001091
0.001486
0.001508
0.001261
0.001422
0.001419
0.001656
0.001638
0.001336
0.001118
0.001210
0.001313
0.001353
0.001935
0.001170
0.001097
0.001194
0.001515
0.001755
0.001394
0.001289
0.001211
0.001489
0.001491
0.001310
0.001668
0.001220
0.001376
0.001649
0.001986
0.001371
0.002086
0.001552
0.001484
0.001638
0.001526
0.001394
0.001584
0.001242
0.001426
0.001545
0.001435
0.001549
0.001236
0.001558
0.001277
0.001598
0.001695
0.001602
0.001322
0.001421
0.001475
0.001390
0.001814
0.001500
0.001603
0.001206
0.001578
0.001442
0.001404
0.001442
0.001312
0.001504
0.001500
0.001763
0.001817
0.001107
0.001585
0.001397
0.001170
0.001278
0.001349
0.001672
0.001189
0.001552
0.001880
0.001289
0.001518
0.001074
0.001199
0.001454
0.001367
0.001212
0.001481
0.001210
0.001403
0.001185
0.001124
0.001216
0.001742
0.001413
0.001333
0.001346
0.001735
0.001188
0.001167
0.001235
0.001301
0.001456
0.001374
0.001512
0.001362
0.001519
0.001661
0.001466
0.001189
0.001201
0.001272
0.001644
0.001049
0.001400
0.001165
0.001261
0.001541
0.001724
0.001162
0.001417
0.001115
0.001297
0.001552
0.001463
0.001223
0.001269
0.001723
0.001828
0.001749
0.001322
0.001454
0.001534
0.001596
0.001214
0.001381
0.001505
0.001243
0.001323
0.001246
0.001327
0.001204
0.001408
0.001697
0.001234
0.001603
0.001924
0.001430
0.001352
0.001137
0.001663
0.001616
0.001616
0.001716
0.001815
0.001342
0.001598
0.001522
0.001250
0.001644
0.001555
0.001632
0.001410
0.001278
0.001308
0.001056
0.001534
0.001695
0.001260
0.001404
0.001536
0.001266
0.001750
0.001487
0.002014
0.001391
0.001273
0.001626
0.001267
0.001582
0.001344
0.001538
0.001580
0.001359
0.001394
0.001068
0.001257
0.001392
0.001463
0.001518
0.001377
0.001869
0.001423
0.001542
0.001068
0.001553
0.001665
0.001476
0.001681
0.001764
0.001428
0.001248
0.001623
0.001422
0.001186
0.001546
0.001047
0.001375
0.001734
0.001370
0.001276
0.001552
0.001304
0.001399
0.001388
0.001984
0.001359
0.001497
0.001364
0.001400
0.001335
0.001283
0.001671
0.001521
0.001420
0.001505
0.001397
0.001183
0.001707
0.001803
0.001425
0.001593
0.001314
0.001298
0.001465
0.001463
0.001750
0.001414
0.001878
0.001587
0.001289
0.000966
0.001352
0.001448
0.001172
0.001369
0.001466
0.001737
0.001376
0.001219
0.001214
0.001257
0.001549
0.001256
0.001450
0.001732
0.001133
0.001455
0.001226
0.001397
0.001618
0.001588
0.001424
0.001423
0.001829
0.001216
0.001727
0.001932
0.001494
0.001556
0.001233
0.001440
0.001462
0.001507
0.001314
0.001505
0.001667
0.001065
0.001536
0.001290
0.001585
0.001474
0.001497
0.001370
0.001235
0.001222
0.001554
0.001443
0.001670
0.001375
0.001650
0.001243
0.001302
0.001688
0.001269
0.001735
0.001355
0.001489
0.001333
0.001380
0.001565
0.001517
0.001386
0.001446
0.001360
0.001109
0.001764
0.001310
0.001589
0.001520
0.001560
0.001476
0.001409
0.001643
0.001344
0.001315
0.001790
0.001294
0.001637
0.001551
0.001255
0.001399
0.001727
0.001490
0.001368
0.001507
0.001228
0.001609
0.001469
0.001351
0.001496
0.001886
0.001172
0.001462
0.001159
0.001439
0.001303
0.001461
0.001092
0.001727
0.001454
0.001032
0.001237
0.001808
0.001243
0.001426
0.001260
0.001544
0.001461
0.001265
0.001345
0.001402
0.001070
0.001465
0.001487
0.001240
0.001401
0.001398
0.001635
0.001618
0.001315
0.001098
0.001190
0.001293
0.001332
0.001915
0.001150
0.001077
0.001174
0.001496
0.001735
0.001375
0.001270
0.001191
0.001469
0.001472
0.001291
0.001649
0.001201
0.001357
0.001630
0.001968
0.001352
0.002068
0.001533
0.001465
0.001619
0.001508
0.001376
0.001566
0.001224
0.001408
0.001527
0.001417
0.001531
0.001218
0.001540
0.001259
0.001580
0.001677
0.001585
0.001304
0.001404
0.001457
0.001373
0.001797
0.001483
0.001586
0.001189
0.001561
0.001425
0.001387
0.001425
0.001295
0.001488
0.001484
0.001747
0.001801
0.001091
0.001569
0.001381
0.001154
0.001262
0.001333
0.001657
0.001173
0.001537
0.001864
0.001274
0.001503
0.001059
0.001184
0.001438
0.001352
0.001197
0.001466
0.001195
0.001388
0.001170
0.001109
0.001202
0.001727
0.001398
0.001318
0.001332
0.001720
0.001174
0.001153
0.001221
0.001287
0.001441
0.001360
0.001498
0.001348
0.001504
0.001647
0.001452
0.001175
0.001187
0.001258
0.001630
0.001036
0.001386
0.001151
0.001247
0.001528
0.001711
0.001149
0.001403
0.001102
0.001284
0.001539
0.001450
0.001210
0.001256
0.001710
0.001815
0.001736
0.001309
0.001442
0.001521
0.001584
0.001201
0.001369
0.001493
0.001230
0.001311
0.001234
0.001315
0.001192
0.001396
0.001685
0.001222
0.001591
0.001912
0.001418
0.001340
0.001125
0.001651
0.001605
0.001605
0.001705
0.001804
0.001331
0.001586
0.001511
0.001239
0.001633
0.001544
0.001621
0.001399
0.001267
0.001297
0.001044
0.001523
0.001684
0.001249
0.001393
0.001525
0.001256
0.001740
0.001477
0.002003
0.001381
0.001263
0.001616
0.001257
0.001572
0.001334
0.001528
0.001569
0.001349
0.001384
0.001058
0.001247
0.001382
0.001453
0.001508
0.001367
0.001859
0.001413
0.001532
0.001058
0.001543
0.001655
0.001466
0.001672
0.001755
0.001418
0.001238
0.001614
0.001412
0.001177
0.001536
0.001038
0.001366
0.001725
0.001361
0.001266
0.001543
0.001295
0.001390
0.001379
0.001975
0.001350
0.001488
0.001355
0.001391
0.001326
0.001274
0.001662
0.001513
0.001411
0.001496
0.001389
0.001174
0.001698
0.001795
0.001416
0.001585
0.001305
0.001290
0.001457
0.001455
0.001742
0.001405
0.001870
0.001579
0.001281
0.000958
0.001344
0.001440
0.001164
0.001361
0.001458
0.001729
0.001368
0.001211
0.001206
0.001250
0.001541
0.001249
0.001442
0.001725
0.001125
0.001448
0.001218
0.001389
0.001611
0.001581
0.001416
0.001415
0.001822
0.001208
0.001719
0.001925
0.001486
0.001549
0.001225
0.001433
0.001455
0.001500
0.001307
0.001498
0.001660
0.001058
0.001529
0.001283
0.001578
0.001467
0.001490
0.001363
0.001228
0.001215
0.001547
0.001437
0.001664
0.001369
0.001644
0.001236
0.001296
0.001681
0.001262
0.001728
0.001349
0.001483
0.001326
0.001373
0.001558
0.001511
0.001380
0.001440
0.001354
0.001103
0.001758
0.001304
0.001582
0.001514
0.001554
0.001470
0.001403
0.001637
0.001338
0.001309
0.001784
0.001288
0.001631
0.001545
0.001249
0.001393
0.001722
0.001484
0.001363
0.001501
0.001222
0.001603
0.001463
0.001346
0.001490
0.001881
0.001167
0.001456
0.001154
0.001434
0.001297
0.001456
0.001086
0.001721
0.001449
0.001026
0.001232
0.001803
0.001238
0.001421
0.001255
0.001538
0.001456
0.001260
0.001339
0.001397
0.001065
0.001460
0.001481
0.001235
0.001396
0.001393
0.001630
0.001613
0.001310
0.001093
0.001185
0.001288
0.001328
0.001910
0.001145
0.001072
0.001170
0.001491
0.001730
0.001370
0.001265
0.001186
0.001465
0.001467
0.001286
0.001644
0.001196
0.001353
0.001626
0.001963
0.001347
0.002063
0.001528
0.001461
0.001615
0.001504
0.001371
0.001562
0.001220
0.001404
0.001522
0.001413
0.001526
0.001214
0.001536
0.001255
0.001576
0.001673
0.001580
0.001300
0.001400
0.001453
0.001369
0.001793
0.001479
0.001582
0.001185
0.001557
0.001421
0.001383
0.001421
0.001291
0.001484
0.001480
0.001743
0.001797
0.001087
0.001565
0.001377
0.001150
0.001259
0.001329
0.001653
0.001169
0.001533
0.001861
0.001270
0.001499
0.001055
0.001180
0.001435
0.001348
0.001193
0.001462
0.001191
0.001384
0.001167
0.001106
0.001198
0.001723
0.001395
0.001315
0.001328
0.001717
0.001170
0.001149
0.001217
0.001284
0.001438
0.001356
0.001494
0.001344
0.001501
0.001643
0.001448
0.001172
0.001184
0.001255
0.001627
0.001033
0.001383
0.001148
0.001244
0.001525
0.001708
0.001146
0.001400
0.001099
0.001281
0.001536
0.001447
0.001207
0.001253
0.001707
0.001812
0.001733
0.001306
0.001439
0.001518
0.001580
0.001198
0.001366
0.001490
0.001227
0.001308
0.001231
0.001312
0.001189
0.001393
0.001682
0.001219
0.001588
0.001909
0.001415
0.001337
0.001122
0.001649
0.001602
0.001602
0.001702
0.001801
0.001328
0.001583
0.001508
0.001236
0.001630
0.001541
0.001618
0.001397
0.001264
0.001294
0.001042
0.001521
0.001681
0.001247
0.001391
0.001522
0.001253
0.001737
0.001474
0.002000
0.001378
0.001260
0.001613
0.001254
0.001570
0.001331
0.001525
0.001567
0.001346
0.001381
0.001056
0.001244
0.001379
0.001451
0.001506
0.001365
0.001857
0.001410
0.001529
0.001056
0.001541
0.001653
0.001464
0.001669
0.001752
0.001416
0.001236
0.001611
0.001410
0.001174
0.001534
0.001035
0.001364
0.001723
0.001359
0.001264
0.001540
0.001293
0.001387
0.001377
0.001973
0.001348
0.001486
0.001353
0.001389
0.001324
0.001272
0.001660
0.001511
0.001409
0.001494
0.001387
0.001172
0.001696
0.001793
0.001414
0.001583
0.001303
0.001288
0.001455
0.001453
0.001740
0.001403
0.001868
0.001577
0.001279
0.000956
0.001342
0.001438
0.001162
0.001359
0.001457
0.001727
0.001366
0.001209
0.001204
0.001248
0.001539
0.001247
0.001440
0.001723
0.001123
0.001446
0.001217
0.001387
0.001609
0.001579
0.001414
0.001414
0.001820
0.001207
0.001718
0.001923
0.001485
0.001547
0.001224
0.001431
0.001454
0.001498
0.001305
0.001496
0.001658
0.001056
0.001527
0.001281
0.001576
0.001465
0.001489
0.001362
0.001227
0.001213
0.001545
0.001435
0.001662
0.001367
0.001642
0.001235
0.001294
0.001679
0.001261
0.001726
0.001347
0.001481
0.001325
0.001372
0.001557
0.001509
0.001378
0.001438
0.001352
0.001102
0.001756
0.001303
0.001581
0.001512
0.001553
0.001469
0.001401
0.001635
0.001337
0.001308
0.001783
0.001286
0.001630
0.001544
0.001247
0.001392
0.001720
0.001483
0.001361
0.001500
0.001221
0.001602
0.001462
0.001344
0.001489
0.001879
0.001165
0.001455
0.001152
0.001432
0.001296
0.001454
0.001085
0.001720
0.001447
0.001025
0.001230
0.001801
0.001237
0.001420
0.001254
0.001537
0.001455
0.001258
0.001338
0.001396
0.001064
0.001459
0.001480
0.001234
0.001395
0.001392
0.001629
0.001611
0.001309
0.001091
0.001184
0.001286
0.001326
0.001909
0.001144
0.001071
0.001168
0.001490
0.001729
0.001369
0.001264
0.001185
0.001464
0.001466
0.001285
0.001643
0.001195
0.001352
0.001624
0.001962
0.001346
0.002062
0.001527
0.001459
0.001613
0.001502
0.001370
0.001561
0.001218
0.001403
0.001521
0.001412
0.001525
0.001213
0.001535
0.001254
0.001575
0.001672
0.001579
0.001299
0.001399
0.001452
0.001368
0.001792
0.001478
0.001581
0.001184
0.001556
0.001420
0.001382
0.001420
0.001290
0.001483
0.001479
0.001742
0.001796
0.001086
0.001564
0.001376
0.001149
0.001258
0.001328
0.001652
0.001168
0.001532
0.001860
0.001269
0.001498
0.001054
0.001179
0.001434
0.001347
0.001192
0.001461
0.001190
0.001383
0.001166
0.001105
0.001197
0.001723
0.001394
0.001314
0.001327
0.001716
0.001169
0.001148
0.001217
0.001283
0.001437
0.001356
0.001493
0.001343
0.001500
0.001642
0.001448
0.001171
0.001183
0.001254
0.001626
0.001032
0.001382
0.001147
0.001243
0.001524
0.001707
0.001145
0.001399
0.001098
0.001280
0.001535
0.001446
0.001206
0.001252
0.001706
0.001811
0.001732
0.001305
0.001438
0.001518
0.001580
0.001197
0.001365
0.001489
0.001227
0.001307
0.001230
0.001311
0.001188
0.001392
0.001682
0.001218
0.001588
0.001908
0.001414
0.001337
0.001122
0.001648
0.001601
0.001601
0.001701
0.001800
0.001327
0.001583
0.001508
0.001235
0.001629
0.001540
0.001617
0.001396
0.001264
0.001294
0.001041
0.001520
0.001680
0.001246
0.001390
0.001522
0.001252
0.001736
0.001473
0.002000
0.001377
0.001260
0.001613
0.001254
0.001569
0.001331
0.001525
0.001566
0.001346
0.001381
0.001055
0.001244
0.001379
0.001450
0.001505
0.001364
0.001856
0.001410
0.001529
0.001055
0.001540
0.001652
0.001463
0.001669
0.001752
0.001415
0.001236
0.001611
0.001409
0.001174
0.001533
0.001035
0.001363
0.001722
0.001358
0.001264
0.001540
0.001292
0.001387
0.001376
0.001972
0.001348
0.001486
0.001352
0.001388
0.001323
0.001271
0.001659
0.001510
0.001408
0.001494
0.001386
0.001172
0.001696
0.001792
0.001414
0.001582
0.001303
0.001287
0.001454
0.001452
0.001739
0.001403
0.001867
0.001576
0.001278
0.000956
0.001342
0.001437
0.001162
0.001359
0.001456
0.001726
0.001366
0.001209
0.001203
0.001247
0.001539
0.001246
0.001440
0.001722
0.001123
0.001445
0.001216
0.001387
0.001609
0.001578
0.001414
0.001413
0.001819
0.001206
0.001717
0.001922
0.001484
0.001546
0.001223
0.001431
0.001453
0.001498
0.001305
0.001496
0.001658
0.001056
0.001527
0.001281
0.001576
0.001465
0.001488
0.001361
0.001226
0.001213
0.001545
0.001435
0.001662
0.001367
0.001642
0.001234
0.001294
0.001679
0.001260
0.001726
0.001347
0.001481
0.001325
0.001371
0.001556
0.001509
0.001378
0.001438
0.001352
0.001101
0.001756
0.001302
0.001580
0.001512
0.001552
0.001468
0.001401
0.001635
0.001336
0.001307
0.001782
0.001286
0.001630
0.001544
0.001247
0.001391
0.001720
0.001482
0.001361
0.001499
0.001220
0.001601
0.001461
0.001344
0.001488
0.001879
0.001165
0.001455
0.001152
0.001432
0.001296
0.001454
0.001085
0.001720
0.001447
0.001025
0.001230
0.001801
0.001236
0.001419
0.001253
0.001537
0.001454
0.001258
0.001338
0.001395
0.001063
0.001458
0.001480
0.001234
0.001395
0.001392
0.001629
0.001611
0.001309
0.001091
0.001183
0.001286
0.001326
0.001908
0.001143
0.001071
0.001168
0.001489
0.001729
0.001368
0.001263
0.001185
0.001463
0.001465
0.001285
0.001643
0.001195
0.001351
0.001624
0.001962
0.001346
0.002062
0.001527
0.001459
0.001613
0.001502
0.001370
0.001560
0.001218
0.001403
0.001521
0.001412
0.001525
0.001212
0.001535
0.001253
0.001575
0.001672
0.001579
0.001299
0.001399
0.001452
0.001367
0.001792
0.001478
0.001580
0.001183
0.001556
0.001419
0.001382
0.001420
0.001290
0.001483
0.001479
0.001742
0.001796
0.001086
0.001564
0.001376
0.001149
0.001257
0.001328
0.001652
0.001168
0.001532
0.001860
0.001269
0.001498
0.001054
0.001179
0.001433
0.001347
0.001192
0.001461
0.001190
0.001383
0.001166
0.001105
0.001197
0.001722
0.001393
0.001313
0.001327
0.001716
0.001169
0.001148
0.001216
0.001283
0.001437
0.001355
0.001493
0.001343
0.001500
0.001642
0.001447
0.001171
0.001183
0.001254
0.001626
0.001032
0.001382
0.001147
0.001243
0.001524
0.001707
0.001145
0.001399
0.001098
0.001280
0.001535
0.001446
0.001206
0.001252
0.001706
0.001811
0.001732
0.001305
0.001438
0.001517
0.001580
0.001197
0.001365
0.001489
0.001226
0.001307
0.001230
0.001311
0.001188
0.001392
0.001681
0.001218
0.001587
0.001908
0.001414
0.001336
0.001121
0.001648
0.001601
0.001601
0.001701
0.001800
0.001327
0.001583
0.001507
0.001235
0.001629
0.001540
0.001617
0.001396
0.001264
0.001294
0.001041
0.001520
0.001680
0.001246
0.001390
0.001521
0.001252
0.001736
0.001473
0.002000
0.001377
0.001259
0.001612
0.001253
0.001569
0.001331
0.001524
0.001566
0.001346
0.001380
0.001055
0.001243
0.001379
0.001450
0.001505
0.001364
0.001856
0.001410
0.001529
0.001055
0.001540
0.001652
0.001463
0.001669
0.001752
0.001415
0.001235
0.001611
0.001409
0.001174
0.001533
0.001035
0.001363
0.001722
0.001358
0.001264
0.001540
0.001292
0.001387
0.001376
0.001972
0.001347
0.001486
0.001352
0.001388
0.001323
0.001271
0.001659
0.001510
0.001408
0.001494
0.001386
0.001172
0.001696
0.001792
0.001414
0.001582
0.001302
0.001287
0.001454
0.001452
0.001739
0.001403
0.001867
0.001576
0.001278
0.000956
0.001342
0.001437
0.001162
0.001358
0.001456
0.001726
0.001366
0.001208
0.001203
0.001247
0.001539
0.001246
0.001440
0.001722
0.001123
0.001445
0.001216
0.001387
0.001609
0.001578
0.001414
0.001413
0.001819
0.001206
0.001717
0.001922
0.001484
0.001546
0.001223
0.001430
0.001453
0.001498
0.001305
0.001496
0.001658
0.001056
0.001527
0.001281
0.001576
0.001465
0.001488
0.001361
0.001226
0.001213
0.001545
0.001435
0.001661
0.001367
0.001642
0.001234
0.001293
0.001679
0.001260
0.001726
0.001347
0.001481
0.001324
0.001371
0.001556
0.001509
0.001378
0.001438
0.001352
0.001101
0.001756
0.001302
0.001580
0.001512
0.001552
0.001468
0.001401
0.001635
0.001336
0.001307
0.001782
0.001286
0.001630
0.001543
0.001247
0.001391
0.001720
0.001482
0.001361
0.001499
0.001220
0.001601
0.001461
0.001344
0.001488
0.001879
0.001165
0.001455
0.001152
0.001432
0.001295
0.001454
0.001085
0.001720
0.001447
0.001025
0.001230
0.001801
0.001236
0.001419
0.001253
0.001537
0.001454
0.001258
0.001338
0.001395
0.001063
0.001458
0.001480
0.001234
0.001394
0.001392
0.001629
0.001611
0.001309
0.001091
0.001183
0.001286
0.001326
0.001908
0.001143
0.001071
0.001168
0.001489
0.001729
0.001368
0.001263
0.001185
0.001463
0.001465
0.001285
0.001643
0.001195
0.001351
0.001624
0.001961
0.001346
0.002062
0.001527
0.001459
0.001613
0.001502
0.001370
0.001560
0.001218
0.001403
0.001521
0.001412
0.001525
0.001212
0.001534
0.001253
0.001574
0.001672
0.001579
0.001299
0.001398
0.001452
0.001367
0.001792
0.001478
0.001580
0.001183
0.001556
0.001419
0.001382
0.001420
0.001290
0.001483
0.001478
0.001742
0.001796
0.001086
0.001564
0.001376
0.001149
0.001257
0.001328
0.001651
0.001168
0.001532
0.001859
0.001269
0.001498
0.001054
0.001179
0.001433
0.001347
0.001192
0.001461
0.001190
0.001383
0.001166
0.001105
0.001197
0.001722
0.001393
0.001313
0.001327
0.001715
0.001169
0.001148
0.001216
0.001283
0.001437
0.001355
0.001493
0.001343
0.001500
0.001642
0.001447
0.001171
0.001183
0.001254
0.001626
0.001032
0.001382
0.001147
0.001243
0.001524
0.001707
0.001145
0.001399
0.001098
0.001280
0.001535
0.001446
0.001206
0.001252
0.001706
0.001811
0.001732
0.001305
0.001438
0.001517
0.001580
0.001197
0.001365
0.001489
0.001226
0.001307
0.001230
0.001311
0.001188
0.001392
0.001681
0.001218
0.001587
0.001908
0.001414
0.001336
0.001121
0.001648
0.001601
0.001601
0.001701
0.001800
0.001327
0.001583
0.001507
0.001235
0.001629
0.001540
0.001617
0.001396
0.001264
0.001294
0.001041
0.001520
0.001680
0.001246
0.001390
0.001521
0.001252
0.001736
0.001473
0.002000
0.001377
0.001259
0.001612
0.001253
0.001569
0.001331
0.001524
0.001566
0.001346
0.001380
0.001055
0.001243
0.001379
0.001450
0.001505
0.001364
0.001856
0.001410
0.001529
0.001055
0.001540
0.001652
0.001463
0.001669
0.001752
0.001415
0.001235
0.001611
0.001409
0.001174
0.001533
0.001035
0.001363
0.001722
0.001358
0.001263
0.001540
0.001292
0.001387
0.001376
0.001972
0.001347
0.001486
0.001352
0.001388
0.001323
0.001271
0.001659
0.001510
0.001408
0.001494
0.001386
0.001172
0.001696
0.001792
0.001414
0.001582
0.001302
0.001287
0.001454
0.001452
0.001739
0.001403
0.001867
0.001576
0.001278
0.000956
0.001342
0.001437
0.001162
0.001358
0.001456
0.001726
0.001366
0.001208
0.001203
0.001247
0.001539
0.001246
0.001440
0.001722
0.001123
0.001445
0.001216
0.001387
0.001609
0.001578
0.001414
0.001413
0.001819
0.001206
0.001717
0.001922
0.001484
0.001546
0.001223
0.001430
0.001453
0.001498
0.001305
0.001496
0.001658
0.001056
0.001527
0.001281
0.001576
0.001465
0.001488
0.001361
0.001226
0.001213
0.001545
0.001435
0.001661
0.001367
0.001642
0.001234
0.001293
0.001679
0.001260
0.001726
0.001347
0.001481
0.001324
0.001371
0.001556
0.001509
0.001378
0.001438
0.001352
0.001101
0.001756
0.001302
0.001580
0.001512
0.001552
0.001468
0.001401
0.001635
0.001336
0.001307
0.001782
0.001286
0.001630
0.001543
0.001247
0.001391
0.001720
0.001482
0.001361
0.001499
0.001220
0.001601
0.001461
0.001344
0.001488
0.001879
0.001165
0.001455
0.001152
0.001432
0.001295
0.001454
0.001085
0.001720
0.001447
0.001025
0.001230
0.001801
0.001236
0.001419
0.001253
0.001537
0.001454
0.001258
0.001338
0.001395
0.001063
0.001458
0.001480
0.001234
0.001394
0.001392
0.001629
0.001611
0.001309
0.001091
0.001183
0.001286
0.001326
0.001908
0.001143
0.001071
0.001168
0.001489
0.001729
0.001368
0.001263
0.001185
0.001463
0.001465
0.001285
0.001643
0.001195
0.001351
0.001624
0.001961
0.001346
0.002062
0.001527
0.001459
0.001613
0.001502
0.001370
0.001560
0.001218
0.001403
0.001521
0.001412
0.001525
0.001212
0.001534
0.001253
0.001574
0.001672
0.001579
0.001299
0.001398
0.001452
0.001367
0.001792
0.001478
0.001580
0.001183
0.001556
0.001419
0.001382
0.001420
0.001290
0.001483
0.001478
0.001742
0.001796
0.001086
0.001564
0.001376
0.001149
0.001257
0.001328
0.001651
0.001168
0.001532
0.001859
0.001269
0.001498
0.001054
0.001179
0.001433
0.001347
0.001192
0.001461
0.001190
0.001383
0.001166
0.001105
0.001197
0.001722
0.001393
0.001313
0.001327
0.001715
0.001169
0.001148
0.001216
0.001283
0.001437
0.001355
0.001493
0.001343
0.001500
0.001642
0.001447
0.001171
0.001183
0.001254
0.001626
0.001031
0.001382
0.001147
0.001243
0.001524
0.001707
0.001145
0.001399
0.001098
0.001280
0.001535
0.001446
0.001206
0.001252
0.001706
0.001811
0.001732
0.001305
0.001438
0.001517
0.001580
0.001197
0.001365
0.001489
0.001226
0.001307
0.001230
0.001311
0.001188
0.001392
0.001681
0.001218
0.001587
0.001908
0.001414
0.001336
0.001121
0.001648
0.001601
0.001601
0.001701
0.001800
0.001327
0.001583
0.001507
0.001235
0.001629
0.001540
0.001617
0.001396
0.001264
0.001294
0.001041
0.001520
0.001680
0.001246
0.001390
0.001521
0.001252
0.001736
0.001473
0.002000
0.001377
0.001259
0.001612
0.001253
0.001569
0.001331
0.001524
0.001566
0.001346
0.001380
0.001055
0.001243
0.001379
0.001450
0.001505
0.001364
0.001856
0.001410
0.001529
0.001055
0.001540
0.001652
0.001463
0.001669
0.001752
0.001415
0.001235
0.001611
0.001409
0.001174
0.001533
0.001035
0.001363
0.001722
0.001358
0.001263
0.001540
0.001292
0.001387
0.001376
0.001972
0.001347
0.001486
0.001352
0.001388
0.001323
0.001271
0.001659
0.001510
0.001408
0.001494
0.001386
0.001172
0.001696
0.001792
0.001414
0.001582
0.001302
0.001287
0.001454
0.001452
0.001739
0.001403
0.001867
0.001576
0.001278
0.000956
0.001342
0.001437
0.001162
0.001358
0.001456
0.001726
0.001366
0.001208
0.001203
0.001247
0.001539
0.001246
0.001440
0.001722
0.001123
0.001445
0.001216
0.001387
0.001609
0.001578
0.001414
0.001413
0.001819
0.001206
0.001717
0.001922
0.001484
0.001546
0.001223
0.001430
0.001453
0.001498
0.001305
0.001496
0.001658
0.001056
0.001527
0.001281
0.001576
0.001465
0.001488
0.001361
0.001226
0.001213
0.001545
0.001435
0.001661
0.001367
0.001642
0.001234
0.001293
0.001679
0.001260
0.001726
0.001347
0.001481
0.001324
0.001371
0.001556
0.001509
0.001378
0.001438
0.001352
0.001101
0.001756
0.001302
0.001580
0.001512
0.001552
0.001468
0.001401
0.001635
0.001336
0.001307
0.001782
0.001286
0.001630
0.001543
0.001247
0.001391
0.001720
0.001482
0.001361
0.001499
0.001220
0.001601
0.001461
0.001344
0.001488
0.001879
0.001165
0.001455
0.001152
0.001432
0.001295
0.001454
0.001085
0.001720
0.001447
0.001025
0.001230
0.001801
0.001236
0.001419
0.001253
0.001537
0.001454
0.001258
0.001338
0.001395
0.001063
0.001458
0.001480
0.001234
0.001394
0.001392
0.001629
0.001611
0.001309
0.001091
0.001183
0.001286
0.001326
0.001908
0.001143
0.001071
0.001168
0.001489
0.001729
0.001368
0.001263
0.001185
0.001463
0.001465
0.001285
0.001643
0.001195
0.001351
0.001624
0.001961
0.001346
0.002062
0.001527
0.001459
0.001613
0.001502
0.001370
0.001560
0.001218
0.001403
0.001521
0.001412
0.001525
0.001212
0.001534
0.001253
0.001574
0.001672
0.001579
0.001299
0.001398
0.001452
0.001367
0.001791
0.001478
0.001580
0.001183
0.001556
0.001419
0.001382
0.001420
0.001290
0.001483
0.001478
0.001742
0.001796
0.001086
0.001564
0.001376
0.001149
0.001257
0.001328
0.001651
0.001168
0.001532
0.001859
0.001269
0.001498
0.001054
0.001179
0.001433
0.001347
0.001192
0.001461
0.001190
0.001383
0.001166
0.001105
0.001197
0.001722
0.001393
0.001313
0.001327
0.001715
0.001169
0.001148
0.001216
0.001283
0.001437
0.001355
0.001493
0.001343
0.001500
0.001642
0.001447
0.001171
0.001183
0.001254
0.001626
0.001031
0.001382
0.001147
0.001243
0.001524
0.001707
0.001145
0.001399
0.001098
0.001280
0.001535
0.001446
0.001206
0.001252
0.001706
0.001811
0.001732
0.001305
0.001438
0.001517
0.001579
0.001197
0.001365
0.001489
0.001226
0.001307
0.001230
0.001311
0.001188
0.001392
0.001681
0.001218
0.001587
0.001908
0.001414
0.001336
0.001121
0.001648
0.001601
0.001601
0.001701
0.001800
0.001327
0.001583
0.001507
0.001235
0.001629
0.001540
0.001617
0.001396
0.001264
0.001294
0.001041
0.001520
0.001680
0.001246
0.001390
0.001521
0.001252
0.001736
0.001473
0.002000
0.001377
0.001259
0.001612
0.001253
0.001569
0.001331
0.001524
0.001566
0.001346
0.001380
0.001055
0.001243
0.001379
0.001450
0.001505
0.001364
0.001856
0.001410
0.001529
0.001055
0.001540
0.001652
0.001463
0.001669
0.001752
0.001415
0.001235
0.001611
0.001409
0.001174
0.001533
0.001035
0.001363
0.001722
0.001358
0.001263
0.001540
0.001292
0.001387
0.001376
0.001972
0.001347
0.001486
0.001352
0.001388
0.001323
0.001271
0.001659
0.001510
0.001408
0.001494
0.001386
0.001172
0.001696
0.001792
0.001414
0.001582
0.001302
0.001287
0.001454
0.001452
0.001739
0.001403
0.001867
0.001576
0.001278
0.000956
0.001342
0.001437
0.001162
0.001358
0.001456
0.001726
0.001366
0.001208
0.001203
0.001247
0.001539
0.001246
0.001440
0.001722
0.001123
0.001445
0.001216
0.001387
0.001609
0.001578
0.001414
0.001413
0.001819
0.001206
0.001717
0.001922
0.001484
0.001546
0.001223
0.001430
0.001453
0.001498
0.001305
0.001496
0.001658
0.001056
0.001527
0.001281
0.001576
0.001465
0.001488
0.001361
0.001226
0.001213
0.001545
0.001435
0.001661
0.001367
0.001642
0.001234
0.001293
0.001679
0.001260
0.001726
0.001347
0.001481
0.001324
0.001371
0.001556
0.001509
0.001378
0.001438
0.001352
0.001101
0.001756
0.001302
0.001580
0.001512
0.001552
0.001468
0.001401
0.001635
0.001336
0.001307
0.001782
0.001286
0.001630
0.001543
0.001247
0.001391
0.001720
0.001482
0.001361
0.001499
0.001220
0.001601
0.001461
0.001344
0.001488
0.001879
0.001165
0.001455
0.001152
0.001432
0.001295
0.001454
0.001085
0.001720
0.001447
0.001025
0.001230
0.001801
0.001236
0.001419
0.001253
0.001537
0.001454
0.001258
0.001338
0.001395
0.001063
0.001458
0.001480
0.001234
0.001394
0.001392
0.001629
0.001611
0.001309
0.001091
0.001183
0.001286
0.001326
0.001908
0.001143
0.001071
0.001168
0.001489
0.001729
0.001368
0.001263
0.001185
0.001463
0.001465
0.001285
0.001643
0.001195
0.001351
0.001624
0.001961
0.001346
0.002062
0.001527
0.001459
0.001613
0.001502
0.001370
0.001560
0.001218
0.001403
0.001521
0.001412
0.001525
0.001212
0.001534
0.001253
0.001574
0.001672
0.001579
0.001299
0.001398
0.001452
0.001367
0.001791
0.001478
0.001580
0.001183
0.001556
0.001419
0.001382
0.001420
0.001290
0.001483
0.001478
0.001742
0.001796
0.001086
0.001564
0.001376
0.001149
0.001257
0.001328
0.001651
0.001168
0.001532
0.001859
0.001269
0.001498
0.001054
0.001179
0.001433
0.001347
0.001192
0.001461
0.001190
0.001383
0.001166
0.001105
0.001197
0.001722
0.001393
0.001313
0.001327
0.001715
0.001169
0.001148
0.001216
0.001283
0.001437
0.001355
0.001493
0.001343
0.001500
0.001642
0.001447
0.001171
0.001183
0.001254
0.001626
0.001031
0.001382
0.001147
0.001243
0.001524
0.001707
0.001145
0.001399
0.001098
0.001280
0.001535
0.001446
0.001206
0.001252
0.001706
0.001811
0.001732
0.001305
0.001438
0.001517
0.001580
0.001197
0.001365
0.001489
0.001226
0.001307
0.001230
0.001311
0.001188
0.001392
0.001681
0.001218
0.001587
0.001908
0.001414
0.001336
0.001121
0.001648
0.001601
0.001601
0.001701
0.001800
0.001327
0.001583
0.001507
0.001235
0.001629
0.001540
0.001617
0.001396
0.001264
0.001294
0.001041
0.001520
0.001680
0.001246
0.001390
0.001521
0.001252
0.001736
0.001473
0.002000
0.001377
0.001259
0.001612
0.001253
0.001569
0.001331
0.001524
0.001566
0.001346
0.001380
0.001055
0.001243
0.001379
0.001450
0.001505
0.001364
0.001856
0.001410
0.001529
0.001055
0.001540
0.001652
0.001463
0.001669
0.001752
0.001415
0.001235
0.001611
0.001409
0.001174
0.001533
0.001035
0.001363
0.001722
0.001358
0.001263
0.001540
0.001292
0.001387
0.001376
0.001972
0.001347
0.001486
0.001352
0.001388
0.001323
0.001271
0.001659
0.001510
0.001408
0.001494
0.001386
0.001172
0.001696
0.001792
0.001414
0.001582
0.001302
0.001287
0.001454
0.001452
0.001739
0.001403
0.001867
0.001576
0.001278
0.000956
0.001342
0.001437
0.001162
0.001358
0.001456
0.001726
0.001366
0.001208
0.001203
0.001247
0.001539
0.001246
0.001440
0.001722
0.001123
0.001445
0.001216
0.001387
0.001609
0.001578
0.001414
0.001413
0.001819
0.001206
0.001717
0.001922
0.001484
0.001546
0.001223
0.001430
0.001453
0.001498
0.001305
0.001496
0.001658
0.001056
0.001527
0.001281
0.001576
0.001465
0.001488
0.001361
0.001226
0.001213
0.001545
0.001435
0.001661
0.001367
0.001642
0.001234
0.001293
0.001679
0.001260
0.001726
0.001347
0.001481
0.001324
0.001371
0.001556
0.001509
0.001378
0.001438
0.001352
0.001101
0.001756
0.001302
0.001580
0.001512
0.001552
0.001468
0.001401
0.001635
0.001336
0.001307
0.001782
0.001286
0.001630
0.001543
0.001247
0.001391
0.001720
0.001482
0.001361
0.001499
0.001220
0.001601
0.001461
0.001344
0.001488
0.001879
0.001165
0.001455
0.001152
0.001432
0.001295
0.001454
0.001085
0.001720
0.001447
0.001025
0.001230
0.001801
0.001236
0.001419
0.001253
0.001537
0.001454
0.001258
0.001338
0.001395
0.001063
0.001458
0.001480
0.001234
0.001394
0.001392
0.001629
0.001611
0.001309
0.001091
0.001183
0.001286
0.001326
0.001908
0.001143
0.001071
0.001168
0.001489
0.001729
0.001368
0.001263
0.001185
0.001463
0.001465
0.001285
0.001643
0.001195
0.001351
0.001624
0.001961
0.001346
0.002062
0.001527
0.001459
0.001613
0.001502
0.001370
0.001560
0.001218
0.001403
0.001521
0.001412
0.001525
0.001212
0.001534
0.001253
0.001574
0.001672
0.001579
0.001299
0.001398
0.001452
0.001367
0.001791
0.001478
0.001580
0.001183
0.001556
0.001419
0.001382
0.001420
0.001290
0.001483
0.001478
0.001742
0.001796
0.001086
0.001564
0.001376
0.001149
0.001257
0.001328
0.001651
0.001168
0.001532
0.001859
0.001269
0.001498
0.001054
0.001179
0.001433
0.001347
0.001192
0.001461
0.001190
0.001383
0.001166
0.001105
0.001197
0.001722
0.001393
0.001313
0.001327
0.001715
0.001169
0.001148
0.001216
0.001283
0.001437
0.001355
0.001493
0.001343
0.001500
0.001642
0.001447
0.001171
0.001183
0.001254
0.001626
0.001031
0.001382
0.001147
0.001243
0.001524
0.001707
0.001145
0.001399
0.001098
0.001280
0.001535
0.001446
0.001206
0.001252
0.001706
0.001811
0.001732
0.001305
0.001438
0.001517
0.001580
0.001197
0.001365
0.001489
0.001226
0.001307
0.001230
0.001311
0.001188
0.001392
0.001681
0.001218
0.001587
0.001908
0.001414
0.001336
0.001121
0.001648
0.001601
0.001601
0.001701
0.001800
0.001327
0.001583
0.001507
0.001235
0.001629
0.001540
0.001617
0.001396
0.001264
0.001294
0.001041
0.001520
0.001680
0.001246
0.001390
0.001521
0.001252
0.001736
0.001473
0.002000
0.001377
0.001259
0.001612
0.001253
0.001569
0.001331
0.001524
0.001566
0.001346
0.001380
0.001055
0.001243
0.001379
0.001450
0.001505
0.001364
0.001856
0.001410
0.001529
0.001055
0.001540
0.001652
0.001463
0.001669
0.001752
0.001415
0.001235
0.001611
0.001409
0.001174
0.001533
0.001035
0.001363
0.001722
0.001358
0.001263
0.001540
0.001292
0.001387
0.001376
0.001972
0.001347
0.001486
0.001352
0.001388
0.001323
0.001271
0.001659
0.001510
0.001408
0.001494
0.001386
0.001172
0.001696
0.001792
0.001414
0.001582
0.001302
0.001287
0.001454
0.001452
0.001739
0.001403
0.001867
0.001576
0.001278
0.000956
0.001342
0.001437
0.001162
0.001358
0.001456
0.001726
0.001366
0.001208
0.001203
0.001247
0.001539
0.001246
0.001440
0.001722
0.001123
0.001445
0.001216
0.001387
0.001609
0.001578
0.001414
0.001413
0.001819
0.001206
0.001717
0.001922
0.001484
0.001546
0.001223
0.001430
0.001453
0.001498
0.001305
0.001496
0.001658
0.001056
0.001527
0.001281
0.001576
0.001465
0.001488
0.001361
0.001226
0.001213
0.001545
0.001435
0.001661
0.001367
0.001642
0.001234
0.001293
0.001679
0.001260
0.001726
0.001347
0.001481
0.001324
0.001371
0.001556
0.001509
0.001378
0.001438
0.001352
0.001101
0.001756
0.001302
0.001580
0.001512
0.001552
0.001468
0.001401
0.001635
0.001336
0.001307
0.001782
0.001286
0.001630
0.001543
0.001247
0.001391
0.001720
0.001482
0.001361
0.001499
0.001220
0.001601
0.001461
0.001344
0.001488
0.001879
0.001165
0.001455
0.001152
0.001432
0.001295
0.001454
0.001085
0.001720
0.001447
0.001025
0.001230
0.001801
0.001236
0.001419
0.001253
0.001537
0.001454
0.001258
0.001338
0.001395
0.001063
0.001458
0.001480
0.001234
0.001394
0.001392
0.001629
0.001611
0.001309
0.001091
0.001183
0.001286
0.001326
0.001908
0.001143
0.001071
0.001168
0.001489
0.001729
0.001368
0.001263
0.001185
0.001463
0.001465
0.001285
0.001643
0.001195
0.001351
0.001624
0.001961
0.001346
0.002062
0.001527
0.001459
0.001613
0.001502
0.001370
0.001560
0.001218
0.001403
0.001521
0.001412
0.001525
0.001212
0.001534
0.001253
0.001574
0.001672
0.001579
0.001299
0.001398
0.001452
0.001367
0.001791
0.001478
0.001580
0.001183
0.001556
0.001419
0.001382
0.001420
0.001290
0.001483
0.001478
0.001742
0.001796
0.001086
0.001564
0.001376
0.001149
0.001257
0.001328
0.001651
0.001168
0.001532
0.001859
0.001269
0.001498
0.001054
0.001179
0.001433
0.001347
0.001192
0.001461
0.001190
0.001383
0.001166
0.001105
0.001197
0.001722
0.001393
0.001313
0.001327
0.001715
0.001169
0.001148
0.001216
0.001283
0.001437
0.001355
0.001493
0.001343
0.001500
0.001642
0.001447
0.001171
0.001183
0.001254
0.001626
0.001031
0.001382
0.001147
0.001243
0.001524
0.001707
0.001145
0.001399
0.001098
0.001280
0.001535
0.001446
0.001206
0.001252
0.001706
0.001811
0.001732
0.001305
0.001438
0.001517
0.001580
0.001197
0.001365
0.001489
0.001226
0.001307
0.001230
0.001311
0.001188
0.001392
0.001681
0.001218
0.001587
0.001908
0.001414
0.001336
0.001121
0.001648
0.001601
0.001601
0.001701
0.001800
0.001327
0.001583
0.001507
0.001235
0.001629
0.001540
0.001617
0.001396
0.001264
0.001294
0.001041
0.001520
0.001680
0.001246
0.001390
0.001521
0.001252
0.001736
0.001473
0.002000
0.001377
0.001259
0.001612
0.001253
0.001569
0.001331
0.001524
0.001566
0.001346
0.001380
0.001055
0.001243
0.001379
0.001450
0.001505
0.001364
0.001856
0.001410
0.001529
0.001055
0.001540
0.001652
0.001463
0.001669
0.001752
0.001415
0.001235
0.001611
0.001409
0.001174
0.001533
0.001035
0.001363
0.001722
0.001358
0.001263
0.001540
0.001292
0.001387
0.001376
0.001972
0.001347
0.001486
0.001352
0.001388
0.001323
0.001271
0.001659
0.001510
0.001408
0.001494
0.001386
0.001172
0.001696
0.001792
0.001414
0.001582
0.001302
0.001287
0.001454
0.001452
0.001739
0.001403
0.001867
0.001576
0.001278
0.000956
0.001342
0.001437
0.001162
0.001358
0.001456
0.001726
0.001366
0.001208
0.001203
0.001247
0.001539
0.001246
0.001440
0.001722
0.001123
0.001445
0.001216
0.001387
0.001609
0.001578
0.001414
0.001413
0.001819
0.001206
0.001717
0.001922
0.001484
0.001546
0.001223
0.001430
0.001453
0.001498
0.001305
0.001496
0.001658
0.001056
0.001527
0.001281
0.001576
0.001465
0.001488
0.001361
0.001226
0.001213
0.001545
0.001435
0.001661
0.001367
0.001642
0.001234
0.001293
0.001679
0.001260
0.001726
0.001347
0.001481
0.001324
0.001371
0.001556
0.001509
0.001378
0.001438
0.001352
0.001101
0.001756
0.001302
0.001580
0.001512
0.001552
0.001468
0.001401
0.001635
0.001336
0.001307
0.001782
0.001286
0.001630
0.001543
0.001247
0.001391
0.001720
0.001482
0.001361
0.001499
0.001220
0.001601
0.001461
0.001344
0.001488
0.001879
0.001165
0.001455
0.001152
0.001432
0.001295
0.001454
0.001085
0.001720
0.001447
0.001025
0.001230
0.001801
0.001236
0.001419
0.001253
0.001537
0.001454
0.001258
0.001338
0.001395
0.001063
0.001458
0.001480
0.001234
0.001394
0.001392
0.001629
0.001611
0.001309
0.001091
0.001183
0.001286
0.001326
0.001908
0.001143
0.001071
0.001168
0.001489
0.001729
0.001368
0.001263
0.001185
0.001463
0.001465
0.001285
0.001643
0.001195
0.001351
0.001624
0.001961
0.001346
0.002062
0.001527
0.001459
0.001613
0.001502
0.001370
0.001560
0.001218
0.001403
0.001521
0.001412
0.001525
0.001212
0.001534
0.001253
0.001574
0.001672
0.001579
0.001299
0.001398
0.001452
0.001367
0.001791
0.001478
0.001580
0.001183
0.001556
0.001419
0.001382
0.001420
0.001290
0.001483
0.001478
0.001742
0.001796
0.001086
0.001564
0.001376
0.001149
0.001257
0.001328
0.001651
0.001168
0.001532
0.001859
0.001269
0.001498
0.001054
0.001179
0.001433
0.001347
0.001192
0.001461
0.001190
0.001383
0.001166
0.001105
0.001197
0.001722
0.001393
0.001313
0.001327
0.001715
0.001169
0.001148
0.001216
0.001283
0.001437
0.001355
0.001493
0.001343
0.001500
0.001642
0.001447
0.001171
0.001183
0.001254
0.001626
0.001031
0.001382
0.001147
0.001243
0.001524
0.001707
0.001145
0.001399
0.001098
0.001280
0.001535
0.001446
0.001206
0.001252
0.001706
0.001811
0.001732
0.001305
0.001438
0.001517
0.001580
0.001197
0.001365
0.001489
0.001226
0.001307
0.001230
0.001311
0.001188
0.001392
0.001681
0.001218
0.001587
0.001908
0.001414
0.001336
0.001121
0.001648
0.001601
0.001601
0.001701
0.001800
0.001327
0.001583
0.001507
0.001235
0.001629
0.001540
0.001617
0.001396
0.001264
0.001294
0.001041
0.001520
0.001680
0.001246
0.001390
0.001521
0.001252
0.001736
0.001473
0.002000
0.001377
0.001259
0.001612
0.001253
0.001569
0.001331
0.001524
0.001566
0.001346
0.001380
0.001055
0.001243
0.001379
0.001450
0.001505
0.001364
0.001856
0.001410
0.001529
0.001055
0.001540
0.001652
0.001463
0.001669
0.001752
0.001415
0.001235
0.001611
0.001409
0.001174
0.001533
0.001035
0.001363
0.001722
0.001358
0.001263
0.001540
0.001292
0.001387
0.001376
0.001972
0.001347
0.001486
0.001352
0.001388
0.001323
0.001271
0.001659
0.001510
0.001408
0.001494
0.001386
0.001172
0.001696
0.001792
0.001414
0.001582
0.001302
0.001287
0.001454
0.001452
0.001739
0.001403
0.001867
0.001576
0.001278
0.000956
0.001342
0.001437
0.001162
0.001358
0.001456
0.001726
0.001366
0.001208
0.001203
0.001247
0.001539
0.001246
0.001440
0.001722
0.001123
0.001445
0.001216
0.001387
0.001609
0.001578
0.001414
0.001413
0.001819
0.001206
0.001717
0.001922
0.001484
0.001546
0.001223
0.001430
0.001453
0.001498
0.001305
0.001496
0.001658
0.001056
0.001527
0.001281
0.001576
0.001465
0.001488
0.001361
0.001226
0.001213
0.001545
0.001435
0.001661
0.001367
0.001642
0.001234
0.001293
0.001679
0.001260
0.001726
0.001347
0.001481
0.001324
0.001371
0.001556
0.001509
0.001378
0.001438
0.001352
0.001101
0.001756
0.001302
0.001580
0.001512
0.001552
0.001468
0.001401
0.001635
0.001336
0.001307
0.001782
0.001286
0.001630
0.001543
0.001247
0.001391
0.001720
0.001482
0.001361
0.001499
0.001220
0.001601
0.001461
0.001344
0.001488
0.001879
0.001165
0.001455
0.001152
0.001432
0.001295
0.001454
0.001085
0.001720
0.001447
0.001025
0.001230
0.001801
0.001236
0.001419
0.001253
0.001537
0.001454
0.001258
0.001338
0.001395
0.001063
0.001458
0.001480
0.001234
0.001394
0.001392
0.001629
0.001611
0.001309
0.001091
0.001183
0.001286
0.001326
0.001908
0.001143
0.001071
0.001168
0.001489
0.001729
0.001368
0.001263
0.001185
0.001463
0.001465
0.001285
0.001643
0.001195
0.001351
0.001624
0.001961
0.001346
0.002062
0.001527
0.001459
0.001613
0.001502
0.001370
0.001560
0.001218
0.001403
0.001521
0.001412
0.001525
0.001212
0.001534
0.001253
0.001574
0.001672
0.001579
0.001299
0.001398
0.001452
0.001367
0.001791
0.001478
0.001580
0.001183
0.001556
0.001419
0.001382
0.001420
0.001290
0.001483
0.001478
0.001742
0.001796
0.001086
0.001564
0.001376
0.001149
0.001257
0.001328
0.001651
0.001168
0.001532
0.001859
0.001269
0.001498
0.001054
0.001179
0.001433
0.001347
0.001192
0.001461
0.001190
0.001383
0.001166
0.001105
0.001197
0.001722
0.001393
0.001313
0.001327
0.001715
0.001169
0.001148
0.001216
0.001283
0.001437
0.001355
0.001493
0.001343
0.001500
0.001642
0.001447
0.001171
0.001183
0.001254
0.001626
0.001031
0.001382
0.001147
0.001243
0.001524
0.001707
0.001145
0.001399
0.001098
0.001280
0.001535
0.001446
0.001206
0.001252
0.001706
0.001811
0.001732
0.001305
0.001438
0.001517
0.001580
0.001197
0.001365
0.001489
0.001226
0.001307
0.001230
0.001311
0.001188
0.001392
0.001681
0.001218
0.001587
0.001908
0.001414
0.001336
0.001121
0.001648
0.001601
0.001601
0.001701
0.001800
0.001327
0.001583
0.001507
0.001235
0.001629
0.001540
0.001617
0.001396
0.001264
0.001294
0.001041
0.001520
0.001680
0.001246
0.001390
0.001521
0.001252
0.001736
0.001473
0.002000
0.001377
0.001259
0.001612
0.001253
0.001569
0.001331
0.001524
0.001566
0.001346
0.001380
0.001055
0.001243
0.001379
0.001450
0.001505
0.001364
0.001856
0.001410
0.001529
0.001055
0.001540
0.001652
0.001463
0.001669
0.001752
0.001415
0.001235
0.001611
0.001409
0.001174
0.001533
0.001035
0.001363
0.001722
0.001358
0.001263
0.001540
0.001292
0.001387
0.001376
0.001972
0.001347
0.001486
0.001352
0.001388
0.001323
0.001271
0.001659
0.001510
0.001408
0.001494
0.001386
0.001172
0.001696
0.001792
0.001414
0.001582
0.001302
0.001287
0.001454
0.001452
0.001739
0.001403
0.001867
0.001576
0.001278
0.000956
0.001342
0.001437
0.001162
0.001358
0.001456
0.001726
0.001366
0.001208
0.001203
0.001247
0.001539
0.001246
0.001440
0.001722
0.001123
0.001445
0.001216
0.001387
0.001609
0.001578
0.001414
0.001413
0.001819
0.001206
0.001717
0.001922
0.001484
0.001546
0.001223
0.001430
0.001453
0.001498
0.001305
0.001496
0.001658
0.001056
0.001527
0.001281
0.001576
0.001465
0.001488
0.001361
0.001226
0.001213
0.001545
0.001435
0.001661
0.001367
0.001642
0.001234
0.001293
0.001679
0.001260
0.001726
0.001347
0.001481
0.001324
0.001371
0.001556
0.001509
0.001378
0.001438
0.001352
0.001101
0.001756
0.001302
0.001580
0.001512
0.001552
0.001468
0.001401
0.001635
0.001336
0.001307
0.001782
0.001286
0.001630
0.001543
0.001247
0.001391
0.001720
0.001482
0.001361
0.001499
0.001220
0.001601
0.001461
0.001344
0.001488
0.001879
0.001165
0.001455
0.001152
0.001432
0.001295
0.001454
0.001085
0.001720
0.001447
0.001025
0.001230
0.001801
0.001236
0.001419
0.001253
0.001537
0.001454
0.001258
0.001338
0.001395
0.001063
0.001458
0.001480
0.001234
0.001394
0.001392
0.001629
0.001611
0.001309
0.001091
0.001183
0.001286
0.001326
0.001908
0.001143
0.001071
0.001168
0.001489
0.001729
0.001368
0.001263
0.001185
0.001463
0.001465
0.001285
0.001643
0.001195
0.001351
0.001624
0.001961
0.001346
0.002062
0.001527
0.001459
0.001613
0.001502
0.001370
0.001560
0.001218
0.001403
0.001521
0.001412
0.001525
0.001212
0.001534
0.001253
0.001574
0.001672
0.001579
0.001299
0.001398
0.001452
0.001367
0.001791
0.001478
0.001580
0.001183
0.001556
0.001419
0.001382
0.001420
0.001290
0.001483
0.001478
0.001742
0.001796
0.001086
0.001564
0.001376
0.001149
0.001257
0.001328
0.001651
0.001168
0.001532
0.001859
0.001269
0.001498
0.001054
0.001179
0.001433
0.001347
0.001192
0.001461
0.001190
0.001383
0.001166
0.001105
0.001197
0.001722
0.001393
0.001313
0.001327
0.001715
0.001169
0.001148
0.001216
0.001283
0.001437
0.001355
0.001493
0.001343
0.001500
0.001642
0.001447
0.001171
0.001183
0.001254
0.001626
0.001031
0.001382
0.001147
0.001243
0.001524
0.001707
0.001145
0.001399
0.001098
0.001280
0.001535
0.001446
0.001206
0.001252
0.001706
0.001811
0.001732
0.001305
0.001438
0.001517
0.001580
0.001197
0.001365
0.001489
0.001226
0.001307
0.001230
0.001311
0.001188
0.001392
0.001681
0.001218
0.001587
0.001908
0.001414
0.001336
0.001121
0.001648
0.001601
0.001601
0.001701
0.001800
0.001327
0.001583
0.001507
0.001235
0.001629
0.001540
0.001617
0.001396
0.001264
0.001294
0.001041
0.001520
0.001680
0.001246
0.001390
0.001521
0.001252
0.001736
0.001473
0.002000
0.001377
0.001259
0.001612
0.001253
0.001569
0.001331
0.001524
0.001566
0.001346
0.001380
0.001055
0.001243
0.001379
0.001450
0.001505
0.001364
0.001856
0.001410
0.001529
0.001055
0.001540
0.001652
0.001463
0.001669
0.001752
0.001415
0.001235
0.001611
0.001409
0.001174
0.001533
0.001035
0.001363
0.001722
0.001358
0.001263
0.001540
0.001292
0.001387
0.001376
0.001972
0.001347
0.001486
0.001352
0.001388
0.001323
0.001271
0.001659
0.001510
0.001408
0.001494
0.001386
0.001172
0.001696
0.001792
0.001414
0.001582
0.001302
0.001287
0.001454
0.001452
0.001739
0.001403
0.001867
0.001576
0.001278
0.000956
0.001342
0.001437
0.001162
0.001358
0.001456
0.001726
0.001366
0.001208
0.001203
0.001247
0.001539
0.001246
0.001440
0.001722
0.001123
0.001445
0.001216
0.001387
0.001609
0.001578
0.001414
0.001413
0.001819
0.001206
0.001717
0.001922
0.001484
0.001546
0.001223
0.001430
0.001453
0.001498
0.001305
0.001496
0.001658
0.001056
0.001527
0.001281
0.001576
0.001465
0.001488
0.001361
0.001226
0.001213
0.001545
0.001435
0.001661
0.001367
0.001642
0.001234
0.001293
0.001679
0.001260
0.001726
0.001347
0.001481
0.001324
0.001371
0.001556
0.001509
0.001378
0.001438
0.001352
0.001101
0.001756
0.001302
0.001580
0.001512
0.001552
0.001468
0.001401
0.001635
0.001336
0.001307
0.001782
0.001286
0.001630
0.001543
0.001247
0.001391
0.001720
0.001482
0.001361
0.001499
0.001220
0.001601
0.001461
0.001344
0.001488
0.001879
0.001165
0.001455
0.001152
0.001432
0.001295
0.001454
0.001085
0.001720
0.001447
0.001025
0.001230
0.001801
0.001236
0.001419
0.001253
0.001537
0.001454
0.001258
0.001338
0.001395
0.001063
0.001458
0.001480
0.001234
0.001394
0.001392
0.001629
0.001611
0.001309
0.001091
0.001183
0.001286
0.001326
0.001908
0.001143
0.001071
0.001168
0.001489
0.001729
0.001368
0.001263
0.001185
0.001463
0.001465
0.001285
0.001643
0.001195
0.001351
0.001624
0.001961
0.001346
0.002062
0.001527
0.001459
0.001613
0.001502
0.001370
0.001560
0.001218
0.001403
0.001521
0.001412
0.001525
0.001212
0.001534
0.001253
0.001574
0.001672
0.001579
0.001299
0.001398
0.001452
0.001367
0.001791
0.001478
0.001580
0.001183
0.001556
0.001419
0.001382
0.001420
0.001290
0.001483
0.001478
0.001742
0.001796
0.001086
0.001564
0.001376
0.001149
0.001257
0.001328
0.001651
0.001168
0.001532
0.001859
0.001269
0.001498
0.001054
0.001179
0.001433
0.001347
0.001192
0.001461
0.001190
0.001383
0.001166
0.001105
0.001197
0.001722
0.001393
0.001313
0.001327
0.001715
0.001169
0.001148
0.001216
0.001283
0.001437
0.001355
0.001493
0.001343
0.001500
0.001642
0.001447
0.001171
0.001183
0.001254
0.001626
0.001031
0.001382
0.001147
0.001243
0.001524
0.001707
0.001145
0.001399
0.001098
0.001280
0.001535
0.001446
0.001206
0.001252
0.001706
0.001811
0.001732
0.001305
0.001438
0.001517
0.001580
0.001197
0.001365
0.001489
0.001226
0.001307
0.001230
0.001311
0.001188
0.001392
0.001681
0.001218
0.001587
0.001908
0.001414
0.001336
0.001121
0.001648
0.001601
0.001601
0.001701
0.001800
0.001327
0.001583
0.001507
0.001235
0.001629
0.001540
0.001617
0.001396
0.001264
0.001294
0.001041
0.001520
0.001680
0.001246
0.001390
0.001521
0.001252
0.001736
0.001473
0.002000
0.001377
0.001259
0.001612
0.001253
0.001569
0.001331
0.001524
0.001566
0.001346
0.001380
0.001055
0.001243
0.001379
0.001450
0.001505
0.001364
0.001856
0.001410
0.001529
0.001055
0.001540
0.001652
0.001463
0.001669
0.001752
0.001415
0.001235
0.001611
0.001409
0.001174
0.001533
0.001035
0.001363
0.001722
0.001358
0.001263
0.001540
0.001292
0.001387
0.001376
0.001972
0.001347
0.001486
0.001352
0.001388
0.001323
0.001271
0.001659
0.001510
0.001408
0.001494
0.001386
0.001172
0.001696
0.001792
0.001414
0.001582
0.001302
0.001287
0.001454
0.001452
0.001739
0.001403
0.001867
0.001576
0.001278
0.000956
0.001342
0.001437
0.001162
0.001358
0.001456
0.001726
0.001366
0.001208
0.001203
0.001247
0.001539
0.001246
0.001440
0.001722
0.001123
0.001445
0.001216
0.001387
0.001609
0.001578
0.001414
0.001413
0.001819
0.001206
0.001717
0.001922
0.001484
0.001546
0.001223
0.001430
0.001453
0.001498
0.001305
0.001496
0.001658
0.001056
0.001527
0.001281
0.001576
0.001465
0.001488
0.001361
0.001226
0.001213
0.001545
0.001435
0.001661
0.001367
0.001642
0.001234
0.001293
0.001679
0.001260
0.001726
0.001347
0.001481
0.001324
0.001371
0.001556
0.001509
0.001378
0.001438
0.001352
0.001101
0.001756
0.001302
0.001580
0.001512
0.001552
0.001468
0.001401
0.001635
0.001336
0.001307
0.001782
0.001286
0.001630
0.001543
0.001247
0.001391
0.001720
0.001482
0.001361
0.001499
0.001220
0.001601
0.001461
0.001344
0.001488
0.001879
0.001165
0.001455
0.001152
0.001432
0.001295
0.001454
0.001085
0.001720
0.001447
0.001025
0.001230
0.001801
0.001236
0.001419
0.001253
0.001537
0.001454
0.001258
0.001338
0.001395
0.001063
0.001458
0.001480
0.001234
0.001394
0.001392
0.001629
0.001611
0.001309
0.001091
0.001183
0.001286
0.001326
0.001908
0.001143
0.001071
0.001168
0.001489
0.001729
0.001368
0.001263
0.001185
0.001463
0.001465
0.001285
0.001643
0.001195
0.001351
0.001624
0.001961
0.001346
0.002062
0.001527
0.001459
0.001613
0.001502
0.001370
0.001560
0.001218
0.001403
0.001521
0.001412
0.001525
0.001212
0.001534
0.001253
0.001574
0.001672
0.001579
0.001299
0.001398
0.001452
0.001367
0.001791
0.001478
0.001580
0.001183
0.001556
0.001419
0.001382
0.001420
0.001290
0.001483
0.001478
0.001742
0.001796
0.001086
0.001564
0.001376
0.001149
0.001257
0.001328
0.001651
0.001168
0.001532
0.001859
0.001269
0.001498
0.001054
0.001179
0.001433
0.001347
0.001192
0.001461
0.001190
0.001383
0.001166
0.001105
0.001197
0.001722
0.001393
0.001313
0.001327
0.001715
0.001169
0.001148
0.001216
0.001283
0.001437
0.001355
0.001493
0.001343
0.001500
0.001642
0.001447
0.001171
0.001183
0.001254
0.001626
0.001031
0.001382
0.001147
0.001243
0.001524
0.001707
0.001145
0.001399
0.001098
0.001280
0.001535
0.001446
0.001206
0.001252
0.001706
0.001811
0.001732
0.001305
0.001438
0.001517
0.001580
0.001197
0.001365
0.001489
0.001226
0.001307
0.001230
0.001311
0.001188
0.001392
0.001681
0.001218
0.001587
0.001908
0.001414
0.001336
0.001121
0.001648
0.001601
0.001601
0.001701
0.001800
0.001327
0.001583
0.001507
0.001235
0.001629
0.001540
0.001617
0.001396
0.001264
0.001294
0.001041
0.001520
0.001680
0.001246
0.001390
0.001521
0.001252
0.001736
0.001473
0.002000
0.001377
0.001259
0.001612
0.001253
0.001569
0.001331
0.001524
0.001566
0.001346
0.001380
0.001055
0.001243
0.001379
0.001450
0.001505
0.001364
0.001856
0.001410
0.001529
0.001055
0.001540
0.001652
0.001463
0.001669
0.001752
0.001415
0.001235
0.001611
0.001409
0.001174
0.001533
0.001035
0.001363
0.001722
0.001358
0.001263
0.001540
0.001292
0.001387
0.001376
0.001972
0.001347
0.001486
0.001352
0.001388
0.001323
0.001271
0.001659
0.001510
0.001408
0.001494
0.001386
0.001172
0.001696
0.001792
0.001414
0.001582
0.001302
0.001287
0.001454
0.001452
0.001739
0.001403
0.001867
0.001576
0.001278
0.000956
0.001342
0.001437
0.001162
0.001358
0.001456
0.001726
0.001366
0.001208
0.001203
0.001247
0.001539
0.001246
0.001440
0.001722
0.001123
0.001445
0.001216
0.001387
0.001609
0.001578
0.001414
0.001413
0.001819
0.001206
0.001717
0.001922
0.001484
0.001546
0.001223
0.001430
0.001453
0.001498
0.001305
0.001496
0.001658
0.001056
0.001527
0.001281
0.001576
0.001465
0.001488
0.001361
0.001226
0.001213
0.001545
0.001435
0.001661
0.001367
0.001642
0.001234
0.001293
0.001679
0.001260
0.001726
0.001347
0.001481
0.001324
0.001371
0.001556
0.001509
0.001378
0.001438
0.001352
0.001101
0.001756
0.001302
0.001580
0.001512
0.001552
0.001468
0.001401
0.001635
0.001336
0.001307
0.001782
0.001286
0.001630
0.001543
0.001247
0.001391
0.001720
0.001482
0.001361
0.001499
0.001220
0.001601
0.001461
0.001344
0.001488
0.001879
0.001165
0.001455
0.001152
0.001432
0.001295
0.001454
0.001085
0.001720
0.001447
0.001025
0.001230
0.001801
0.001236
0.001419
0.001253
0.001537
0.001454
0.001258
0.001338
0.001395
0.001063
0.001458
0.001480
0.001234
0.001394
0.001392
0.001629
0.001611
0.001309
0.001091
0.001183
0.001286
0.001326
0.001908
0.001143
0.001071
0.001168
0.001489
0.001729
0.001368
0.001263
0.001185
0.001463
0.001465
0.001285
0.001643
0.001195
0.001351
0.001624
0.001961
0.001346
0.002062
0.001527
0.001459
0.001613
0.001502
0.001370
0.001560
0.001218
0.001403
0.001521
0.001412
0.001525
0.001212
0.001534
0.001253
0.001574
0.001672
0.001579
0.001299
0.001398
0.001452
0.001367
0.001792
0.001478
0.001580
0.001183
0.001556
0.001419
0.001382
0.001420
0.001290
0.001483
0.001478
0.001742
0.001796
0.001086
0.001564
0.001376
0.001149
0.001257
0.001328
0.001651
0.001168
0.001532
0.001859
0.001269
0.001498
0.001054
0.001179
0.001433
0.001347
0.001192
0.001461
0.001190
0.001383
0.001166
0.001105
0.001197
0.001722
0.001393
0.001313
0.001327
0.001715
0.001169
0.001148
0.001216
0.001283
0.001437
0.001355
0.001493
0.001343
0.001500
0.001642
0.001447
0.001171
0.001183
0.001254
0.001626
0.001031
0.001382
0.001147
0.001243
0.001524
0.001707
0.001145
0.001399
0.001098
0.001280
0.001535
0.001446
0.001206
0.001252
0.001706
0.001811
0.001732
0.001305
0.001438
0.001517
0.001580
0.001197
0.001365
0.001489
0.001226
0.001307
0.001230
0.001311
0.001188
0.001392
0.001681
0.001218
0.001587
0.001908
0.001414
0.001336
0.001121
0.001648
0.001601
0.001601
0.001701
0.001800
0.001327
0.001583
0.001507
0.001235
0.001629
0.001540
0.001617
0.001396
0.001264
0.001294
0.001041
0.001520
0.001680
0.001246
0.001390
0.001521
0.001252
0.001736
0.001473
0.002000
0.001377
0.001259
0.001612
0.001253
0.001569
0.001331
0.001524
0.001566
0.001346
0.001380
0.001055
0.001243
0.001379
0.001450
0.001505
0.001364
0.001856
0.001410
0.001529
0.001055
0.001540
0.001652
0.001463
0.001669
0.001752
0.001415
0.001235
0.001611
0.001409
0.001174
0.001533
0.001035
0.001363
0.001722
0.001358
0.001263
0.001540
0.001292
0.001387
0.001376
0.001972
0.001347
0.001486
0.001352
0.001388
0.001323
0.001271
0.001659
0.001510
0.001408
0.001494
0.001386
0.001172
0.001696
0.001792
0.001414
0.001582
0.001302
0.001287
0.001454
0.001452
0.001739
0.001403
0.001867
0.001576
0.001278
0.000956
0.001342
0.001437
0.001162
0.001358
0.001456
0.001726
0.001366
0.001208
0.001203
0.001247
0.001539
0.001246
0.001440
0.001722
0.001123
0.001445
0.001216
0.001387
0.001609
0.001578
0.001414
0.001413
0.001819
0.001206
0.001717
0.001922
0.001484
0.001546
0.001223
0.001430
0.001453
0.001498
0.001305
0.001496
0.001658
0.001056
0.001527
0.001281
0.001576
0.001465
0.001488
0.001361
0.001226
0.001213
0.001545
0.001435
0.001661
0.001367
0.001642
0.001234
0.001293
0.001679
0.001260
0.001726
0.001347
0.001481
0.001324
0.001371
0.001556
0.001509
0.001378
0.001438
0.001352
0.001101
0.001756
0.001302
0.001580
0.001512
0.001552
0.001468
0.001401
0.001635
0.001336
0.001307
0.001782
0.001286
0.001630
0.001543
0.001247
0.001391
0.001720
0.001482
0.001361
0.001499
0.001220
0.001601
0.001461
0.001344
0.001488
0.001879
0.001165
0.001455
0.001152
0.001432
0.001295
0.001454
0.001085
0.001720
0.001447
0.001025
0.001230
0.001801
0.001236
0.001419
0.001253
0.001537
0.001454
0.001258
0.001338
0.001395
0.001063
0.001458
0.001480
0.001234
0.001394
0.001392
0.001629
0.001611
0.001309
0.001091
0.001183
0.001286
0.001326
0.001908
0.001143
0.001071
0.001168
0.001489
0.001729
0.001368
0.001263
0.001185
0.001463
0.001465
0.001285
0.001643
0.001195
0.001351
0.001624
0.001961
0.001346
0.002062
0.001527
0.001459
0.001613
0.001502
0.001370
0.001560
0.001218
0.001403
0.001521
0.001412
0.001525
0.001212
0.001534
0.001253
0.001574
0.001672
0.001579
0.001299
0.001398
0.001452
0.001367
0.001791
0.001478
0.001580
0.001183
0.001556
0.001419
0.001382
0.001420
0.001290
0.001483
0.001478
0.001742
0.001796
0.001086
0.001564
0.001376
0.001149
0.001257
0.001328
0.001651
0.001168
0.001532
0.001859
0.001269
0.001498
0.001054
0.001179
0.001433
0.001347
0.001192
0.001461
0.001190
0.001383
0.001166
0.001105
0.001197
0.001722
0.001393
0.001313
0.001327
0.001715
0.001169
0.001148
0.001216
0.001283
0.001437
0.001355
0.001493
0.001343
0.001500
0.001642
0.001447
0.001171
0.001183
0.001254
0.001626
0.001031
0.001382
0.001147
0.001243
0.001524
0.001707
0.001145
0.001399
0.001098
0.001280
0.001535
0.001446
0.001206
0.001252
0.001706
0.001811
0.001732
0.001305
0.001438
0.001517
0.001580
0.001197
0.001365
0.001489
0.001226
0.001307
0.001230
0.001311
0.001188
0.001392
0.001681
0.001218
0.001587
0.001908
0.001414
0.001336
0.001121
0.001648
0.001601
0.001601
0.001701
0.001800
0.001327
0.001583
0.001507
0.001235
0.001629
0.001540
0.001617
0.001396
0.001264
0.001294
0.001041
0.001520
0.001680
0.001246
0.001390
0.001521
0.001252
0.001736
0.001473
0.002000
0.001377
0.001259
0.001612
0.001253
0.001569
0.001331
0.001524
0.001566
0.001346
0.001380
0.001055
0.001243
0.001379
0.001450
0.001505
0.001364
0.001856
0.001410
0.001529
0.001055
0.001540
0.001652
0.001463
0.001669
0.001752
0.001415
0.001235
0.001611
0.001409
0.001174
0.001533
0.001035
0.001363
0.001722
0.001358
0.001263
0.001540
0.001292
0.001387
0.001376
0.001972
0.001347
0.001486
0.001352
0.001388
0.001323
0.001271
0.001659
0.001510
0.001408
0.001494
0.001386
0.001172
0.001696
0.001792
0.001414
0.001582
0.001302
0.001287
0.001454
0.001452
0.001739
0.001403
0.001867
0.001576
0.001278
0.000956
0.001342
0.001437
0.001162
0.001358
0.001456
0.001726
0.001366
0.001208
0.001203
0.001247
0.001539
0.001246
0.001440
0.001722
0.001123
0.001445
0.001216
0.001387
0.001609
0.001578
0.001414
0.001413
0.001819
0.001206
0.001717
0.001922
0.001484
0.001546
0.001223
0.001430
0.001453
0.001498
0.001305
0.001496
0.001658
0.001056
0.001527
0.001281
0.001576
0.001465
0.001488
0.001361
0.001226
0.001213
0.001545
0.001435
0.001661
0.001367
0.001642
0.001234
0.001293
0.001679
0.001260
0.001726
0.001347
0.001481
0.001324
0.001371
0.001556
0.001509
0.001378
0.001438
0.001352
0.001101
0.001756
0.001302
0.001580
0.001512
0.001552
0.001468
0.001401
0.001635
0.001336
0.001307
0.001782
0.001286
0.001630
0.001543
0.001247
0.001391
0.001720
0.001482
0.001361
0.001499
0.001220
0.001601
0.001461
0.001344
0.001488
0.001879
0.001165
0.001455
0.001152
0.001432
0.001295
0.001454
0.001085
0.001720
0.001447
0.001025
0.001230
0.001801
0.001236
0.001419
0.001253
0.001537
0.001454
0.001258
0.001338
0.001395
0.001063
0.001458
0.001480
0.001234
0.001394
0.001392
0.001629
0.001611
0.001309
0.001091
0.001183
0.001286
0.001326
0.001908
0.001143
0.001071
0.001168
0.001489
0.001729
0.001368
0.001263
0.001185
0.001463
0.001465
0.001285
0.001643
0.001195
0.001351
0.001624
0.001961
0.001346
0.002062
0.001527
0.001459
0.001613
0.001502
0.001370
0.001560
0.001218
0.001403
0.001521
0.001412
0.001525
0.001212
0.001534
0.001253
0.001574
0.001672
0.001579
0.001299
0.001398
0.001452
0.001367
0.001791
0.001478
0.001580
0.001183
0.001556
0.001419
0.001382
0.001420
0.001290
0.001483
0.001478
0.001742
0.001796
0.001086
0.001564
0.001376
0.001149
0.001257
0.001328
0.001651
0.001168
0.001532
0.001859
0.001269
0.001498
0.001054
0.001179
0.001433
0.001347
0.001192
0.001461
0.001190
0.001383
0.001166
0.001105
0.001197
0.001722
0.001393
0.001313
0.001327
0.001715
0.001169
0.001148
0.001216
0.001283
0.001437
0.001355
0.001493
0.001343
0.001500
0.001642
0.001447
0.001171
0.001183
0.001254
0.001626
0.001031
0.001382
0.001147
0.001243
0.001524
0.001707
0.001145
0.001399
0.001098
0.001280
0.001535
0.001446
0.001206
0.001252
0.001706
0.001811
0.001732
0.001305
0.001438
0.001517
0.001580
0.001197
0.001365
0.001489
0.001226
0.001307
0.001230
0.001311
0.001188
0.001392
0.001681
0.001218
0.001587
0.001908
0.001414
0.001336
0.001121
0.001648
0.001601
0.001601
0.001701
0.001800
0.001327
0.001583
0.001507
0.001235
0.001629
0.001540
0.001617
0.001396
0.001264
0.001294
0.001041
0.001520
0.001680
0.001246
0.001390
0.001521
0.001252
0.001736
0.001473
0.002000
0.001377
0.001259
0.001612
0.001253
0.001569
0.001331
0.001524
0.001566
0.001346
0.001380
0.001055
0.001243
0.001379
0.001450
0.001505
0.001364
0.001856
0.001410
0.001529
0.001055
0.001540
0.001652
0.001463
0.001669
0.001752
0.001415
0.001235
0.001611
0.001409
0.001174
0.001533
0.001035
0.001363
0.001722
0.001358
0.001263
0.001540
0.001292
0.001387
0.001376
0.001972
0.001347
0.001486
0.001352
0.001388
0.001323
0.001271
0.001659
0.001510
0.001408
0.001494
0.001386
0.001172
0.001696
0.001792
0.001414
0.001582
0.001302
0.001287
0.001454
0.001452
0.001739
0.001403
0.001867
0.001576
0.001278
0.000956
0.001342
0.001437
0.001162
0.001358
0.001456
0.001726
0.001366
0.001208
0.001203
0.001247
0.001539
0.001246
0.001440
0.001722
0.001123
0.001445
0.001216
0.001387
0.001609
0.001578
0.001414
0.001413
0.001819
0.001206
0.001717
0.001922
0.001484
0.001546
0.001223
0.001430
0.001453
0.001498
0.001305
0.001496
0.001658
0.001056
0.001527
0.001281
0.001576
0.001465
0.001488
0.001361
0.001226
0.001213
0.001545
0.001435
0.001661
0.001367
0.001642
0.001234
0.001293
0.001679
0.001260
0.001726
0.001347
0.001481
0.001324
0.001371
0.001556
0.001509
0.001378
0.001438
0.001352
0.001101
0.001756
0.001302
0.001580
0.001512
0.001552
0.001468
0.001401
0.001635
0.001336
0.001307
0.001782
0.001286
0.001630
0.001543
0.001247
0.001391
0.001720
0.001482
0.001361
0.001499
0.001220
0.001601
0.001461
0.001344
0.001488
0.001879
0.001165
0.001455
0.001152
0.001432
0.001295
0.001454
0.001085
0.001720
0.001447
0.001025
0.001230
0.001801
0.001236
0.001419
0.001253
0.001537
0.001454
0.001258
0.001338
0.001395
0.001063
0.001458
0.001480
0.001234
0.001394
0.001392
0.001629
0.001611
0.001309
0.001091
0.001183
0.001286
0.001326
0.001908
0.001143
0.001071
0.001168
0.001489
0.001729
0.001368
0.001263
0.001185
0.001463
0.001465
0.001285
0.001643
0.001195
0.001351
0.001624
0.001961
0.001346
0.002062
0.001527
0.001459
0.001613
0.001502
0.001370
0.001560
0.001218
0.001403
0.001521
0.001412
0.001525
0.001212
0.001534
0.001253
0.001574
0.001672
0.001579
0.001299
0.001398
0.001452
0.001367
0.001791
0.001478
0.001580
0.001183
0.001556
0.001419
0.001382
0.001420
0.001290
0.001483
0.001478
0.001742
0.001796
0.001086
0.001564
0.001376
0.001149
0.001257
0.001328
0.001651
0.001168
0.001532
0.001859
0.001269
0.001498
0.001054
0.001179
0.001433
0.001347
0.001192
0.001461
0.001190
0.001383
0.001166
0.001105
0.001197
0.001722
0.001393
0.001313
0.001327
0.001715
0.001169
0.001148
0.001216
0.001283
0.001437
0.001355
0.001493
0.001343
0.001500
0.001642
0.001447
0.001171
0.001183
0.001254
0.001626
0.001031
0.001382
0.001147
0.001243
0.001524
0.001707
0.001145
0.001399
0.001098
0.001280
0.001535
0.001446
0.001206
0.001252
0.001706
0.001811
0.001732
0.001305
0.001438
0.001517
0.001580
0.001197
0.001365
0.001489
0.001226
0.001307
0.001230
0.001311
0.001188
0.001392
0.001681
0.001218
0.001587
0.001908
0.001414
0.001336
0.001121
0.001648
0.001601
0.001601
0.001701
0.001800
0.001327
0.001583
0.001507
0.001235
0.001629
0.001540
0.001617
0.001396
0.001264
0.001294
0.001041
0.001520
0.001680
0.001246
0.001390
0.001521
0.001252
0.001736
0.001473
0.002000
0.001377
0.001259
0.001612
0.001253
0.001569
0.001331
0.001524
0.001566
0.001346
0.001380
0.001055
0.001243
0.001379
0.001450
0.001505
0.001364
0.001856
0.001410
0.001529
0.001055
0.001540
0.001652
0.001463
0.001669
0.001752
0.001415
0.001235
0.001611
0.001409
0.001174
0.001533
0.001035
0.001363
0.001722
0.001358
0.001263
0.001540
0.001292
0.001387
0.001376
0.001972
0.001347
0.001486
0.001352
0.001388
0.001323
0.001271
0.001659
0.001510
0.001408
0.001494
0.001386
0.001172
0.001696
0.001792
0.001414
0.001582
0.001302
0.001287
0.001454
0.001452
0.001739
0.001403
0.001867
0.001576
0.001278
0.000956
0.001342
0.001437
0.001162
0.001358
0.001456
0.001726
0.001366
0.001208
0.001203
0.001247
0.001539
0.001246
0.001440
0.001722
0.001123
0.001445
0.001216
0.001387
0.001609
0.001578
0.001414
0.001413
0.001819
0.001206
0.001717
0.001922
0.001484
0.001546
0.001223
0.001430
0.001453
0.001498
0.001305
0.001496
0.001658
0.001056
0.001527
0.001281
0.001576
0.001465
0.001488
0.001361
0.001226
0.001213
0.001545
0.001435
0.001661
0.001367
0.001642
0.001234
0.001293
0.001679
0.001260
0.001726
0.001347
0.001481
0.001324
0.001371
0.001556
0.001509
0.001378
0.001438
0.001352
0.001101
0.001756
0.001302
0.001580
0.001512
0.001552
0.001468
0.001401
0.001635
0.001336
0.001307
0.001782
0.001286
0.001630
0.001543
0.001247
0.001391
0.001720
0.001482
0.001361
0.001499
0.001220
0.001601
0.001461
0.001344
0.001488
0.001879
0.001165
0.001455
0.001152
0.001432
0.001295
0.001454
0.001085
0.001720
0.001447
0.001025
0.001230
0.001801
0.001236
0.001419
0.001253
0.001537
0.001454
0.001258
0.001338
0.001395
0.001063
0.001458
0.001480
0.001234
0.001394
0.001392
0.001629
0.001611
0.001309
0.001091
0.001183
0.001286
0.001326
0.001908
0.001143
0.001071
0.001168
0.001489
0.001729
0.001368
0.001263
0.001185
0.001463
0.001465
0.001285
0.001643
0.001195
0.001351
0.001624
0.001961
0.001346
0.002062
0.001527
0.001459
0.001613
0.001502
0.001370
0.001560
0.001218
0.001403
0.001521
0.001412
0.001525
0.001212
0.001534
0.001253
0.001574
0.001672
0.001579
0.001299
0.001398
0.001452
0.001367
0.001791
0.001478
0.001580
0.001183
0.001556
0.001419
0.001382
0.001420
0.001290
0.001483
0.001478
0.001742
0.001796
0.001086
0.001564
0.001376
0.001149
0.001257
0.001328
0.001651
0.001168
0.001532
0.001859
0.001269
0.001498
0.001054
0.001179
0.001433
0.001347
0.001192
0.001461
0.001190
0.001383
0.001166
0.001105
0.001197
0.001722
0.001393
0.001313
0.001327
0.001715
0.001169
0.001148
0.001216
0.001283
0.001437
0.001355
0.001493
0.001343
0.001500
0.001642
0.001447
0.001171
0.001183
0.001254
0.001626
0.001031
0.001382
0.001147
0.001243
0.001524
0.001707
0.001145
0.001399
0.001098
0.001280
0.001535
0.001446
0.001206
0.001252
0.001706
0.001811
0.001732
0.001305
0.001438
0.001517
0.001580
0.001197
0.001365
0.001489
0.001226
0.001307
0.001230
0.001311
0.001188
0.001392
0.001681
0.001218
0.001587
0.001908
0.001414
0.001336
0.001121
0.001648
0.001601
0.001601
0.001701
0.001800
0.001327
0.001583
0.001507
0.001235
0.001629
0.001540
0.001617
0.001396
0.001264
0.001294
0.001041
0.001520
0.001680
0.001246
0.001390
0.001521
0.001252
0.001736
0.001473
0.002000
0.001377
0.001259
0.001612
0.001253
0.001569
0.001331
0.001524
0.001566
0.001346
0.001380
0.001055
0.001243
0.001379
0.001450
0.001505
0.001364
0.001856
0.001410
0.001529
0.001055
0.001540
0.001652
0.001463
0.001669
0.001752
0.001415
0.001235
0.001611
0.001409
0.001174
0.001533
0.001035
0.001363
0.001722
0.001358
0.001263
0.001540
0.001292
0.001387
0.001376
0.001972
0.001347
0.001486
0.001352
0.001388
0.001323
0.001271
0.001659
0.001510
0.001408
0.001494
0.001386
0.001172
0.001696
0.001792
0.001414
0.001582
0.001302
0.001287
0.001454
0.001452
0.001739
0.001403
0.001867
0.001576
0.001278
0.000956
0.001342
0.001437
0.001162
0.001358
0.001456
0.001726
0.001366
0.001208
0.001203
0.001247
0.001539
0.001246
0.001440
0.001722
0.001123
0.001445
0.001216
0.001387
0.001609
0.001578
0.001414
0.001413
0.001819
0.001206
0.001717
0.001922
0.001484
0.001546
0.001223
0.001430
0.001453
0.001498
0.001305
0.001496
0.001658
0.001056
0.001527
0.001281
0.001576
0.001465
0.001488
0.001361
0.001226
0.001213
0.001545
0.001435
0.001661
0.001367
0.001642
0.001234
0.001293
0.001679
0.001260
0.001726
0.001347
0.001481
0.001324
0.001371
0.001556
0.001509
0.001378
0.001438
0.001352
0.001101
0.001756
0.001302
0.001580
0.001512
0.001552
0.001468
0.001401
0.001635
0.001336
0.001307
0.001782
0.001286
0.001630
0.001543
0.001247
0.001391
0.001720
0.001482
0.001361
0.001499
0.001220
0.001601
0.001461
0.001344
0.001488
0.001879
0.001165
0.001455
0.001152
0.001432
0.001295
0.001454
0.001085
0.001720
0.001447
0.001025
0.001230
0.001801
0.001236
0.001419
0.001253
0.001537
0.001454
0.001258
0.001338
0.001395
0.001063
0.001458
0.001480
0.001234
0.001394
0.001392
0.001629
0.001611
0.001309
0.001091
0.001183
0.001286
0.001326
0.001908
0.001143
0.001071
0.001168
0.001489
0.001729
0.001368
0.001263
0.001185
0.001463
0.001465
0.001285
0.001643
0.001195
0.001351
0.001624
0.001961
0.001346
0.002062
0.001527
0.001459
0.001613
0.001502
0.001370
0.001560
0.001218
0.001403
0.001521
0.001412
0.001525
0.001212
0.001534
0.001253
0.001574
0.001672
0.001579
0.001299
0.001398
0.001452
0.001367
0.001791
0.001478
0.001580
0.001183
0.001556
0.001419
0.001382
0.001420
0.001290
0.001483
0.001478
0.001742
0.001796
0.001086
0.001564
0.001376
0.001149
0.001257
0.001328
0.001651
0.001168
0.001532
0.001859
0.001269
0.001498
0.001054
0.001179
0.001433
0.001347
0.001192
0.001461
0.001190
0.001383
0.001166
0.001105
0.001197
0.001722
0.001393
0.001313
0.001327
0.001715
0.001169
0.001148
0.001216
0.001283
0.001437
0.001355
0.001493
0.001343
0.001500
0.001642
0.001447
0.001171
0.001183
0.001254
0.001626
0.001031
0.001382
0.001147
0.001243
0.001524
0.001707
0.001145
0.001399
0.001098
0.001280
0.001535
0.001446
0.001206
0.001252
0.001706
0.001811
0.001732
0.001305
0.001438
0.001517
0.001580
0.001197
0.001365
0.001489
0.001226
0.001307
0.001230
0.001311
0.001188
0.001392
0.001681
0.001218
0.001587
0.001908
0.001414
0.001336
0.001121
0.001648
0.001601
0.001601
0.001701
0.001800
0.001327
0.001583
0.001507
0.001235
0.001629
0.001540
0.001617
0.001396
0.001264
0.001294
0.001041
0.001520
0.001680
0.001246
0.001390
0.001521
0.001252
0.001736
0.001473
0.002000
0.001377
0.001259
0.001612
0.001253
0.001569
0.001331
0.001524
0.001566
0.001346
0.001380
0.001055
0.001243
0.001379
0.001450
0.001505
0.001364
0.001856
0.001410
0.001529
0.001055
0.001540
0.001652
0.001463
0.001669
0.001752
0.001415
0.001235
0.001611
0.001409
0.001174
0.001533
0.001035
0.001363
0.001722
0.001358
0.001263
0.001540
0.001292
0.001387
0.001376
0.001972
0.001347
0.001486
0.001352
0.001388
0.001323
0.001271
0.001659
0.001510
0.001408
0.001494
0.001386
0.001172
0.001696
0.001792
0.001414
0.001582
0.001302
0.001287
0.001454
0.001452
0.001739
0.001403
0.001867
0.001576
0.001278
0.000956
0.001342
0.001437
0.001162
0.001358
0.001456
0.001726
0.001366
0.001208
0.001203
0.001247
0.001539
0.001246
0.001440
0.001722
0.001123
0.001445
0.001216
0.001387
0.001609
0.001578
0.001414
0.001413
0.001819
0.001206
0.001717
0.001922
0.001484
0.001546
0.001223
0.001430
0.001453
0.001498
0.001305
0.001496
0.001658
0.001056
0.001527
0.001281
0.001576
0.001465
0.001488
0.001361
0.001226
0.001213
0.001545
0.001435
0.001661
0.001367
0.001642
0.001234
0.001293
0.001679
0.001260
0.001726
0.001347
0.001481
0.001324
0.001371
0.001556
0.001509
0.001378
0.001438
0.001352
0.001101
0.001756
0.001302
0.001580
0.001512
0.001552
0.001468
0.001401
0.001635
0.001336
0.001307
0.001782
0.001286
0.001630
0.001543
0.001247
0.001391
0.001720
0.001482
0.001361
0.001499
0.001220
0.001601
0.001461
0.001344
0.001488
0.001879
0.001165
0.001455
0.001152
0.001432
0.001295
0.001454
0.001085
0.001720
0.001447
0.001025
0.001230
0.001801
0.001236
0.001419
0.001253
0.001537
0.001454
0.001258
0.001338
0.001395
0.001063
0.001458
0.001480
0.001234
0.001394
0.001392
0.001629
0.001611
0.001309
0.001091
0.001183
0.001286
0.001326
0.001908
0.001143
0.001071
0.001168
0.001489
0.001729
0.001368
0.001263
0.001185
0.001463
0.001465
0.001285
0.001643
0.001195
0.001351
0.001624
0.001961
0.001346
0.002062
0.001527
0.001459
0.001613
0.001502
0.001370
0.001560
0.001218
0.001403
0.001521
0.001412
0.001525
0.001212
0.001534
0.001253
0.001574
0.001672
0.001579
0.001299
0.001398
0.001452
0.001367
0.001791
0.001478
0.001580
0.001183
0.001556
0.001419
0.001382
0.001420
0.001290
0.001483
0.001478
0.001742
0.001796
0.001086
0.001564
0.001376
0.001149
0.001257
0.001328
0.001651
0.001168
0.001532
0.001859
0.001269
0.001498
0.001054
0.001179
0.001433
0.001347
0.001192
0.001461
0.001190
0.001383
0.001166
0.001105
0.001197
0.001722
0.001393
0.001313
0.001327
0.001715
0.001169
0.001148
0.001216
0.001283
0.001437
0.001355
0.001493
0.001343
0.001500
0.001642
0.001447
0.001171
0.001183
0.001254
0.001626
0.001031
0.001382
0.001147
0.001243
0.001524
0.001707
0.001145
0.001399
0.001098
0.001280
0.001535
0.001446
0.001206
0.001252
0.001706
0.001811
0.001732
0.001305
0.001438
0.001517
0.001580
0.001197
0.001365
0.001489
0.001226
0.001307
0.001230
0.001311
0.001188
0.001392
0.001681
0.001218
0.001587
0.001908
0.001414
0.001336
0.001121
0.001648
0.001601
0.001601
0.001701
0.001800
0.001327
0.001583
0.001507
0.001235
0.001629
0.001540
0.001617
0.001396
0.001264
0.001294
0.001041
0.001520
0.001680
0.001246
0.001390
0.001521
0.001252
0.001736
0.001473
0.002000
0.001377
0.001259
0.001612
0.001253
0.001569
0.001331
0.001524
0.001566
0.001346
0.001380
0.001055
0.001243
0.001379
0.001450
0.001505
0.001364
0.001856
0.001410
0.001529
0.001055
0.001540
0.001652
0.001463
0.001669
0.001752
0.001415
0.001235
0.001611
0.001409
0.001174
0.001533
0.001035
0.001363
0.001722
0.001358
0.001263
0.001540
0.001292
0.001387
0.001376
0.001972
0.001347
0.001486
0.001352
0.001388
0.001323
0.001271
0.001659
0.001510
0.001408
0.001494
0.001386
0.001172
0.001696
0.001792
0.001414
0.001582
0.001302
0.001287
0.001454
0.001452
0.001739
0.001403
0.001867
0.001576
0.001278
0.000956
0.001342
0.001437
0.001162
0.001358
0.001456
0.001726
0.001366
0.001208
0.001203
0.001247
0.001539
0.001246
0.001440
0.001722
0.001123
0.001445
0.001216
0.001387
0.001609
0.001578
0.001414
0.001413
0.001819
0.001206
0.001717
0.001922
0.001484
0.001546
0.001223
0.001430
0.001453
0.001498
0.001305
0.001496
0.001658
0.001056
0.001527
0.001281
0.001576
0.001465
0.001488
0.001361
0.001226
0.001213
0.001545
0.001435
0.001661
0.001367
0.001642
0.001234
0.001293
0.001679
0.001260
0.001726
0.001347
0.001481
0.001324
0.001371
0.001556
0.001509
0.001378
0.001438
0.001352
0.001101
0.001756
0.001302
0.001580
0.001512
0.001552
0.001468
0.001401
0.001635
0.001336
0.001307
0.001782
0.001286
0.001630
0.001543
0.001247
0.001391
0.001720
0.001482
0.001361
0.001499
0.001220
0.001601
0.001461
0.001344
0.001488
0.001879
0.001165
0.001455
0.001152
0.001432
0.001295
0.001454
0.001085
0.001720
0.001447
0.001025
0.001230
0.001801
0.001236
0.001419
0.001253
0.001537
0.001454
0.001258
0.001338
0.001395
0.001063
0.001458
0.001480
0.001234
0.001394
0.001392
0.001629
0.001611
0.001309
0.001091
0.001183
0.001286
0.001326
0.001908
0.001143
0.001071
0.001168
0.001489
0.001729
0.001368
0.001263
0.001185
0.001463
0.001465
0.001285
0.001643
0.001195
0.001351
0.001624
0.001961
0.001346
0.002062
0.001527
0.001459
0.001613
0.001502
0.001370
0.001560
0.001218
0.001403
0.001521
0.001412
0.001525
0.001212
0.001534
0.001253
0.001574
0.001672
0.001579
0.001299
0.001398
0.001452
0.001367
0.001791
0.001478
0.001580
0.001183
0.001556
0.001419
0.001382
0.001420
0.001290
0.001483
0.001478
0.001742
0.001796
0.001086
0.001564
0.001376
0.001149
0.001257
0.001328
0.001651
0.001168
0.001532
0.001859
0.001269
0.001498
0.001054
